#!ascii label  , from subject sub-v1s3x0050819_ses-1 vox2ras=TkReg
679
61302  20.382  -14.551  -23.392 0.1428571492
61292  19.225  -14.933  -23.002 0.1428571492
62275  19.622  -13.636  -23.866 0.1428571492
60204  21.527  -15.156  -22.500 0.1428571492
62274  20.170  -13.834  -23.823 0.2857142985
129850  19.869  -14.277  -23.666 0.1428571492
62273  20.801  -13.754  -23.431 0.1428571492
63347  19.948  -12.603  -24.447 0.5714285970
63323  21.064  -12.896  -23.410 0.1428571492
64415  21.997  -11.859  -22.671 0.2857142985
129968  21.495  -12.220  -23.157 0.2857142985
64425  22.186  -11.024  -22.857 0.1428571492
67454  22.638  -8.969  -24.210 0.2857142985
66442  22.401  -9.615  -23.947 0.1428571492
65467  21.916  -10.180  -24.203 0.2857142985
68427  23.200  -7.543  -25.325 0.2857142985
67453  23.046  -8.207  -24.539 0.2857142985
69429  23.547  -6.796  -25.762 0.2857142985
68442  23.005  -7.437  -26.432 0.2857142985
70612  24.070  -5.572  -27.590 0.2857142985
72792  25.336  -3.842  -29.080 0.8571428657
71701  24.454  -4.909  -28.034 0.4285714328
70604  24.264  -5.510  -26.496 0.2857142985
73770  26.913  -3.158  -30.917 0.7142857313
73761  26.525  -2.665  -29.847 0.7142857313
73762  25.942  -3.252  -29.451 0.7142857313
71719  25.012  -5.055  -29.913 0.7142857313
74722  28.967  -2.136  -31.803 0.8571428657
74723  27.920  -1.988  -31.050 0.5714285970
74732  28.557  -2.875  -32.248 0.8571428657
72799  26.334  -3.674  -30.554 0.7142857313
72800  25.725  -4.398  -30.355 0.7142857313
76740  31.408  -0.947  -32.104 0.4285714328
75696  29.738  -2.079  -32.357 0.7142857313
74731  29.138  -2.606  -32.648 0.8571428657
78760  32.134  2.513  -32.419 0.2857142985
78769  31.420  2.668  -33.019 0.5714285970
75710  30.701  -1.160  -32.366 0.8571428657
149148  30.894  -0.233  -32.359 0.7142857313
75711  29.933  -1.373  -32.813 0.8571428657
80720  31.868  3.958  -32.481 0.1428571492
79740  32.374  3.267  -31.985 0.1428571492
79748  31.927  3.348  -32.881 0.4285714328
77762  30.669  0.892  -32.506 0.5714285970
76753  30.180  -0.055  -32.704 0.8571428657
82713  30.408  6.197  -32.534 0.1428571492
153660  31.495  4.563  -31.933 0.1428571492
80721  31.419  4.607  -32.709 0.1428571492
141629  31.579  4.004  -33.301 0.4285714328
131009  30.005  1.154  -32.836 0.8571428657
136715  29.256  8.020  -32.084 0.1428571492
83687  29.574  7.492  -31.697 0.1428571492
82714  29.897  6.935  -32.189 0.1428571492
81662  30.968  5.339  -32.670 0.1428571492
131092  30.777  5.587  -33.578 0.4285714328
130339  31.020  3.977  -33.986 0.5714285970
79761  30.594  3.353  -33.938 0.7142857313
78771  29.614  1.983  -33.404 0.8571428657
135334  29.222  8.187  -32.835 0.1428571492
84679  28.800  8.868  -33.080 0.1428571492
82722  29.982  6.856  -33.058 0.1428571492
82721  30.432  6.261  -33.562 0.5714285970
79762  30.162  3.769  -34.452 0.8571428657
78787  29.811  2.899  -34.064 0.8571428657
85676  27.855  9.863  -32.357 0.1428571492
155628  28.513  9.317  -33.238 0.2857142985
83700  29.688  7.591  -33.655 0.1428571492
84691  29.588  8.028  -34.596 0.8571428657
81672  30.828  5.139  -34.399 0.8571428657
80732  30.687  4.536  -34.532 0.7142857313
80751  30.452  5.164  -35.035 0.8571428657
87384  27.120  11.207  -33.317 0.1428571492
153153  26.696  11.782  -33.126 0.1428571492
85684  28.789  9.219  -34.013 0.4285714328
85691  29.226  8.715  -35.796 0.8571428657
130932  29.462  7.979  -35.582 0.8571428657
81690  30.108  5.851  -35.394 0.8571428657
81691  29.634  5.268  -35.383 0.8571428657
86549  27.773  10.525  -33.962 0.4285714328
83732  29.172  7.676  -36.126 0.8571428657
82764  29.633  6.468  -35.656 0.8571428657
82765  29.124  6.488  -35.850 0.8571428657
87390  26.731  11.914  -33.866 0.1428571492
88213  26.462  12.508  -34.498 0.2857142985
87389  27.419  11.223  -34.493 0.5714285970
86558  28.087  10.587  -35.141 0.8571428657
85692  28.998  9.319  -35.291 0.8571428657
84708  29.055  8.413  -36.301 0.8571428657
85698  28.859  9.174  -36.298 0.8571428657
83733  28.875  7.461  -36.158 0.8571428657
89066  26.152  13.104  -34.988 0.2857142985
87398  27.000  11.821  -35.005 0.5714285970
86569  28.402  9.783  -36.592 0.8571428657
85716  27.948  9.679  -36.899 0.8571428657
83744  28.543  8.179  -36.362 0.8571428657
88223  26.628  12.394  -35.508 0.8571428657
88233  26.693  12.236  -36.615 0.8571428657
86570  27.853  10.204  -36.998 0.8571428657
86585  26.960  10.527  -37.670 0.7142857313
86584  27.367  10.187  -37.258 0.7142857313
89075  26.294  12.958  -36.010 0.8571428657
145683  26.402  12.775  -36.994 0.8571428657
87421  27.263  10.567  -37.447 0.8571428657
145833  26.478  11.567  -38.182 0.8571428657
89084  26.186  12.947  -38.005 0.8571428657
87429  26.750  10.948  -37.948 0.7142857313
145780  25.426  14.616  -37.174 0.7142857313
145698  25.725  13.900  -37.475 0.8571428657
89945  25.451  14.364  -38.230 0.8571428657
89953  25.099  14.190  -39.314 0.8571428657
90830  24.713  15.120  -39.456 0.7142857313
87422  27.015  11.363  -37.426 0.8571428657
89094  25.576  13.517  -38.659 0.8571428657
94158  24.440  20.170  -37.142 0.1428571492
90820  25.165  14.815  -38.764 0.8571428657
90821  24.897  15.474  -38.639 0.7142857313
145193  24.450  16.551  -39.320 0.7142857313
94925  23.960  20.798  -38.462 0.1428571492
140715  24.347  17.655  -38.821 0.5714285970
93342  23.946  17.890  -39.540 0.5714285970
92530  23.195  17.691  -40.268 0.5714285970
93331  23.932  18.905  -38.884 0.1428571492
96520  23.502  21.943  -40.132 0.1428571492
93358  22.671  18.306  -40.383 0.5714285970
95719  22.541  21.404  -40.774 0.1428571492
96544  22.499  22.767  -42.545 0.1428571492
94940  22.680  19.677  -40.367 0.1428571492
96552  21.482  23.297  -43.553 0.1428571492
94182  23.128  19.238  -40.276 0.5714285970
96535  21.909  21.779  -41.703 0.1428571492
95729  21.085  21.261  -42.058 0.1428571492
97333  20.694  23.588  -43.422 0.1428571492
95730  20.703  21.715  -42.408 0.1428571492
147030  20.240  -15.371  -23.069 0.1428571492
60205  19.597  -15.483  -22.950 0.1428571492
141331  20.488  -13.279  -23.791 0.2857142985
62257  21.375  -13.465  -22.978 0.1428571492
63302  21.771  -12.764  -22.692 0.2857142985
66441  22.964  -9.217  -23.308 0.2857142985
65457  22.451  -10.151  -23.242 0.1428571492
70605  23.692  -6.156  -27.147 0.2857142985
69445  23.357  -6.798  -26.779 0.2857142985
71712  24.883  -4.381  -28.573 0.4285714328
75683  30.580  -1.625  -32.055 0.2857142985
77752  31.427  0.396  -32.175 0.1428571492
75712  29.041  -1.941  -33.103 0.8571428657
138045  30.586  1.893  -32.938 0.7142857313
84670  28.739  8.665  -32.102 0.1428571492
82732  30.194  6.741  -34.186 0.8571428657
82731  30.514  5.863  -34.583 0.8571428657
80752  29.978  4.497  -34.983 0.8571428657
81708  29.149  5.795  -35.612 0.8571428657
89937  25.523  14.361  -36.187 0.8571428657
90812  24.777  15.859  -37.288 0.8571428657
92512  24.491  17.129  -38.552 0.7142857313
93330  24.268  18.333  -38.357 0.2857142985
151742  23.191  19.583  -39.930 0.1428571492
95709  23.124  21.159  -39.920 0.1428571492
97331  22.024  23.872  -44.188 0.1428571492
59278  19.297  -16.033  -22.540 0.1428571492
63324  20.439  -12.704  -24.106 0.4285714328
64426  21.594  -11.559  -23.364 0.2857142985
64427  21.036  -12.139  -23.818 0.4285714328
64438  20.337  -11.965  -24.565 0.2857142985
65458  21.747  -10.821  -23.696 0.1428571492
134805  23.168  -8.561  -23.765 0.2857142985
68418  23.625  -7.463  -24.357 0.2857142985
67466  22.685  -8.239  -25.418 0.2857142985
131291  22.413  -8.859  -25.157 0.2857142985
71713  24.481  -5.150  -29.023 0.7142857313
82699  30.099  6.669  -31.266 0.1428571492
84654  28.632  8.983  -31.106 0.1428571492
86542  27.394  10.453  -31.992 0.1428571492
138428  27.538  10.450  -32.892 0.2857142985
145491  27.095  10.961  -32.433 0.1428571492
84692  29.329  8.664  -34.879 0.8571428657
79763  29.157  3.298  -34.415 1.0000000000
88205  26.300  12.635  -33.687 0.1428571492
89059  25.990  13.203  -34.025 0.1428571492
89067  25.674  13.844  -34.473 0.2857142985
85699  26.975  9.426  -36.569 0.8571428657
89076  25.813  13.688  -35.518 0.5714285970
142286  25.079  15.296  -36.422 0.5714285970
91692  24.654  16.392  -38.224 0.7142857313
141133  24.429  17.814  -37.862 0.4285714328
143989  24.553  18.028  -36.771 0.2857142985
93319  24.447  18.609  -37.276 0.2857142985
135145  24.265  19.223  -37.760 0.1428571492
94171  23.969  19.963  -38.317 0.1428571492
94926  23.517  20.194  -39.390 0.1428571492
94941  21.790  19.509  -40.871 0.2857142985
95701  23.619  20.932  -39.232 0.1428571492
95720  21.470  20.617  -41.317 0.1428571492
95721  20.836  20.870  -41.677 0.1428571492
96534  22.999  22.306  -41.108 0.1428571492
96554  20.265  22.978  -43.212 0.1428571492
151787  19.977  22.860  -42.979 0.1428571492
97319  21.070  24.130  -43.422 0.1428571492
90805  25.193  15.116  -35.340 0.4285714328
137493  24.918  15.797  -35.413 0.4285714328
91681  24.751  16.360  -36.012 0.4285714328
92499  24.659  17.399  -36.140 0.4285714328
91685  24.632  16.628  -36.984 0.5714285970
92505  24.556  17.218  -37.411 0.5714285970
61303  19.795  -14.859  -23.338 0.1428571492
62291  20.028  -13.200  -24.183 0.4285714328
145547  26.672  -3.812  -31.438 0.7142857313
75695  30.240  -1.717  -32.279 0.8571428657
74743  29.514  -2.220  -32.661 0.8571428657
77761  31.392  1.677  -32.467 0.5714285970
79749  31.261  3.396  -33.475 0.5714285970
81656  30.693  5.693  -31.677 0.1428571492
132856  31.166  4.723  -33.706 0.1428571492
84685  29.269  8.462  -33.827 0.5714285970
83712  29.848  7.315  -34.914 0.8571428657
86557  28.452  9.935  -34.590 0.8571428657
86563  28.215  10.484  -36.274 0.8571428657
86562  28.677  9.943  -35.815 0.8571428657
128490  28.253  9.181  -36.670 0.8571428657
87411  27.153  11.698  -36.182 0.8571428657
89085  26.007  13.462  -36.670 0.8571428657
93343  23.408  18.522  -39.921 0.5714285970
92529  23.661  16.990  -40.151 0.5714285970
96543  23.676  22.884  -41.664 0.1428571492
94191  22.231  18.821  -40.603 0.4285714328
94933  22.358  20.372  -40.674 0.1428571492
97318  22.613  23.509  -43.939 0.1428571492
155282  23.086  20.545  -39.900 0.1428571492
96545  21.301  22.178  -42.645 0.1428571492
132696  21.208  20.059  -41.060 0.1428571492
67467  22.228  -8.719  -26.075 0.5714285970
66489  21.098  -9.188  -26.715 0.5714285970
67468  20.328  -8.979  -26.183 0.2857142985
68443  22.426  -8.016  -27.133 0.5714285970
67495  21.391  -8.562  -27.145 0.5714285970
151395  20.310  -9.736  -25.763 0.4285714328
67484  22.143  -8.526  -26.841 0.5714285970
67486  20.739  -8.504  -26.826 0.4285714328
134957  23.142  -6.900  -27.910 0.4285714328
68455  22.210  -7.739  -27.804 0.5714285970
68456  21.697  -7.853  -27.687 0.5714285970
69454  21.555  -7.057  -28.017 0.4285714328
143789  23.154  -6.606  -28.780 0.5714285970
68463  22.155  -7.267  -28.279 0.4285714328
69461  23.513  -6.152  -29.455 0.4285714328
69460  23.923  -6.084  -29.748 0.4285714328
67496  21.052  -8.096  -27.314 0.4285714328
68444  20.496  -7.636  -26.823 0.2857142985
67487  20.038  -8.000  -26.257 0.2857142985
70613  23.575  -6.318  -28.327 0.7142857313
70633  24.654  -5.344  -30.552 0.7142857313
71729  23.890  -4.977  -30.550 0.4285714328
71737  25.204  -4.575  -31.335 0.7142857313
72819  24.518  -3.860  -31.044 0.5714285970
151488  25.144  -3.705  -31.434 0.7142857313
71727  25.400  -5.049  -30.991 0.5714285970
71728  25.054  -5.160  -31.098 0.7142857313
73789  26.496  -3.635  -32.173 0.7142857313
74733  25.638  -1.773  -31.737 0.7142857313
75714  26.723  -1.792  -32.686 0.7142857313
74734  24.571  -1.698  -31.028 0.4285714328
75698  25.542  -0.602  -31.562 0.4285714328
72808  27.341  -3.680  -31.920 0.5714285970
72817  26.395  -4.045  -31.757 0.5714285970
73778  28.012  -3.322  -32.472 0.5714285970
153240  27.718  -2.653  -33.078 0.5714285970
146491  27.044  0.066  -32.644 0.7142857313
77765  27.089  1.568  -32.751 0.7142857313
76756  26.379  0.466  -32.018 0.7142857313
146606  25.206  1.359  -31.573 0.5714285970
153554  26.472  2.106  -32.379 0.5714285970
151947  29.639  -0.267  -32.927 0.7142857313
75713  27.833  -1.768  -33.150 0.5714285970
155505  27.987  0.247  -32.915 0.7142857313
76755  27.849  -0.471  -32.963 0.7142857313
136306  27.705  1.829  -33.189 0.8571428657
76741  25.464  0.349  -31.475 0.4285714328
78789  27.840  2.584  -33.544 0.7142857313
79750  26.928  3.204  -32.895 0.7142857313
79764  27.601  3.538  -33.661 0.7142857313
78774  26.196  2.827  -32.321 0.5714285970
79765  26.766  4.061  -33.054 0.7142857313
76754  28.921  -0.328  -33.050 0.5714285970
143477  27.192  0.650  -32.682 0.7142857313
78788  28.878  2.529  -34.004 0.8571428657
154764  28.364  3.147  -34.060 0.8571428657
80734  27.435  4.415  -33.817 0.7142857313
81674  26.277  5.809  -33.395 0.2857142985
80733  28.388  3.922  -34.396 0.7142857313
82750  26.963  6.833  -34.510 0.7142857313
79779  29.354  3.973  -34.691 0.7142857313
80754  28.072  4.807  -34.600 0.8571428657
83734  28.226  7.677  -36.071 0.8571428657
81693  27.879  5.601  -34.820 0.8571428657
81694  27.102  6.066  -34.237 0.5714285970
82749  27.712  6.402  -35.059 0.8571428657
83713  27.564  7.202  -35.342 0.8571428657
83714  26.745  7.587  -34.822 0.7142857313
81692  28.674  5.283  -35.246 0.8571428657
82766  28.420  6.840  -35.770 0.8571428657
83735  27.414  8.004  -35.701 0.8571428657
84709  28.033  8.425  -36.437 0.8571428657
84726  27.812  9.188  -36.716 0.8571428657
84710  27.212  8.747  -36.113 0.7142857313
88249  26.075  11.830  -38.745 0.7142857313
87441  25.943  11.499  -38.615 0.7142857313
89093  25.726  12.616  -38.869 0.5714285970
87423  25.432  11.057  -37.499 0.7142857313
87442  25.324  12.055  -38.803 0.7142857313
151441  25.268  12.811  -39.136 0.7142857313
89110  24.938  13.341  -39.332 0.8571428657
89111  24.460  13.922  -39.330 0.7142857313
88243  24.737  12.646  -38.723 0.7142857313
142072  23.517  14.482  -37.980 0.7142857313
149931  23.279  15.119  -38.152 0.7142857313
89938  23.376  14.249  -36.922 0.5714285970
89960  24.285  14.670  -39.763 0.7142857313
89946  23.575  14.845  -38.980 0.7142857313
89939  23.195  14.982  -37.205 0.5714285970
90822  23.179  15.485  -38.780 0.4285714328
90823  23.021  15.530  -37.684 0.5714285970
90813  22.843  15.459  -36.613 0.5714285970
90839  23.917  15.228  -40.101 0.5714285970
136998  22.879  14.729  -36.118 0.5714285970
90832  22.954  15.919  -39.396 0.5714285970
144235  22.781  15.970  -38.270 0.5714285970
91686  22.730  16.059  -37.096 0.5714285970
90806  22.511  15.350  -35.680 0.4285714328
90798  22.138  15.309  -34.939 0.5714285970
89926  21.816  14.550  -34.730 0.4285714328
143770  22.284  15.875  -35.243 0.5714285970
149914  22.561  16.045  -36.008 0.5714285970
91693  22.607  16.542  -38.718 0.5714285970
90800  20.353  15.367  -34.199 0.4285714328
89070  20.326  13.831  -34.389 0.4285714328
139270  21.878  16.014  -34.704 0.5714285970
150796  20.696  16.865  -34.082 0.4285714328
73786  28.519  -2.792  -33.059 0.5714285970
92492  21.902  17.607  -34.676 0.2857142985
91667  20.000  16.289  -33.815 0.2857142985
140456  21.254  -9.565  -26.262 0.5714285970
66473  20.888  -10.066  -25.896 0.5714285970
68428  22.594  -8.049  -26.177 0.4285714328
68454  22.773  -7.409  -27.464 0.5714285970
68457  21.004  -7.360  -27.471 0.4285714328
69462  22.718  -6.552  -28.880 0.5714285970
68445  19.829  -7.171  -26.359 0.2857142985
69455  20.834  -6.482  -27.546 0.2857142985
70635  23.877  -5.691  -30.232 0.5714285970
74715  26.872  -1.864  -29.319 0.2857142985
71730  23.282  -4.111  -30.126 0.2857142985
73780  24.560  -2.772  -31.044 0.7142857313
80753  28.988  4.543  -35.025 0.8571428657
81673  27.251  5.278  -33.948 0.7142857313
86571  26.897  10.328  -37.554 0.7142857313
86572  26.109  10.492  -37.522 0.7142857313
86564  25.896  10.183  -36.552 0.7142857313
89096  23.809  13.712  -37.805 0.7142857313
89925  22.522  14.214  -35.255 0.5714285970
90799  21.415  15.328  -34.550 0.2857142985
147514  24.265  15.099  -40.016 0.5714285970
90840  23.421  15.970  -40.131 0.5714285970
138230  23.903  15.710  -40.225 0.5714285970
91708  23.024  16.767  -40.244 0.5714285970
154725  22.635  16.555  -37.615 0.5714285970
144208  22.571  16.883  -36.504 0.2857142985
69463  21.952  -6.590  -28.542 0.4285714328
73777  28.649  -3.024  -32.828 0.7142857313
72809  26.134  -4.366  -31.361 0.5714285970
77763  29.253  0.797  -32.972 0.7142857313
78772  28.549  1.780  -33.418 0.7142857313
81709  28.527  6.032  -35.477 0.7142857313
89959  24.735  14.049  -39.441 0.8571428657
70622  24.073  -5.911  -28.903 0.5714285970
71720  24.337  -5.753  -29.879 0.5714285970
146035  26.875  -3.953  -31.949 0.5714285970
67485  21.624  -8.934  -26.693 0.5714285970
151187  20.855  -9.613  -26.267 0.5714285970
67494  21.944  -8.356  -27.312 0.5714285970
69453  22.564  -7.119  -28.250 0.5714285970
70636  23.270  -5.930  -29.675 0.4285714328
70634  24.129  -5.779  -30.207 0.5714285970
70642  24.436  -5.345  -30.574 0.7142857313
72810  24.543  -4.823  -30.975 0.5714285970
71721  23.335  -5.096  -29.993 0.4285714328
71736  25.647  -4.606  -31.361 0.7142857313
72818  25.801  -4.095  -31.715 0.7142857313
73771  23.770  -3.838  -30.532 0.2857142985
73779  25.579  -2.996  -31.715 0.7142857313
73788  27.196  -3.384  -32.528 0.7142857313
74745  26.535  -2.831  -32.464 0.7142857313
75697  26.237  -0.381  -31.975 0.7142857313
77766  26.350  1.436  -32.131 0.7142857313
77764  28.068  0.949  -33.024 0.5714285970
78773  27.063  2.369  -32.836 0.7142857313
77767  25.589  2.227  -31.929 0.2857142985
80735  26.576  4.907  -33.181 0.5714285970
81663  25.606  5.215  -32.743 0.2857142985
88251  25.122  12.704  -39.140 0.7142857313
89104  24.662  13.342  -39.151 0.7142857313
89955  23.952  14.649  -39.721 0.8571428657
91673  22.237  16.695  -35.245 0.5714285970
91675  20.995  16.134  -34.319 0.4285714328
70625  21.417  -5.642  -28.328 0.4285714328
63325  19.355  -12.755  -24.117 0.4285714328
69418  23.811  -6.818  -24.849 0.1428571492
142887  24.051  -6.300  -25.324 0.1428571492
71689  24.608  -4.825  -26.953 0.1428571492
71700  25.069  -4.127  -27.464 0.1428571492
70592  24.498  -5.633  -25.430 0.1428571492
143339  25.298  -3.689  -28.181 0.1428571492
74714  27.530  -1.417  -29.878 0.2857142985
75684  29.253  -1.040  -31.291 0.1428571492
85717  27.364  9.868  -37.073 0.5714285970
97298  20.105  24.428  -41.169 0.1428571492
84711  26.315  9.128  -35.540 0.4285714328
98134  19.411  24.745  -40.756 0.1428571492
95731  20.379  21.578  -42.147 0.1428571492
85701  25.319  10.210  -35.518 0.4285714328
86573  25.266  10.722  -36.354 0.5714285970
87424  24.765  11.413  -36.583 0.4285714328
95702  20.935  21.038  -39.098 0.2857142985
94173  21.915  18.763  -38.955 0.2857142985
92520  22.467  17.249  -39.152 0.2857142985
94174  21.553  19.165  -39.840 0.2857142985
128888  22.896  10.752  -33.802 0.1428571492
88234  24.430  12.078  -36.970 0.5714285970
89095  24.327  13.317  -38.561 0.5714285970
94159  21.987  19.397  -37.752 0.2857142985
91701  22.797  16.575  -39.788 0.4285714328
88214  23.036  12.134  -34.475 0.4285714328
89077  23.409  13.235  -35.829 0.5714285970
148265  22.202  18.686  -37.914 0.2857142985
88216  22.074  12.412  -34.138 0.4285714328
89068  22.205  13.167  -34.440 0.2857142985
93303  22.386  18.441  -35.768 0.1428571492
92506  22.518  17.846  -36.523 0.1428571492
93311  22.435  18.513  -36.505 0.1428571492
89069  21.287  13.272  -34.200 0.1428571492
142735  21.132  13.994  -34.596 0.4285714328
93292  22.072  18.387  -34.951 0.1428571492
134932  22.330  19.119  -36.086 0.1428571492
94150  22.035  19.831  -36.589 0.1428571492
92493  21.074  17.651  -33.934 0.2857142985
92474  19.956  17.584  -32.585 0.1428571492
142680  21.547  18.414  -34.170 0.1428571492
94137  22.050  19.762  -35.566 0.1428571492
93278  21.016  18.527  -33.494 0.1428571492
93293  21.742  19.137  -34.428 0.1428571492
137713  21.270  19.255  -33.606 0.1428571492
64439  19.509  -12.002  -24.524 0.4285714328
65470  19.054  -11.150  -24.434 0.2857142985
71677  24.816  -4.909  -25.973 0.1428571492
73754  25.747  -3.026  -28.363 0.1428571492
92519  24.232  17.078  -39.582 0.4285714328
93345  22.005  18.551  -40.496 0.2857142985
94151  21.702  20.273  -37.490 0.2857142985
94915  21.661  20.813  -36.516 0.2857142985
134656  18.459  -11.029  -23.817 0.2857142985
65445  22.831  -10.555  -22.366 0.1428571492
130785  23.586  -7.989  -23.769 0.1428571492
75685  28.301  -1.099  -30.536 0.1428571492
73753  26.315  -2.425  -28.855 0.1428571492
88206  20.990  12.407  -33.766 0.1428571492
85693  25.502  9.558  -35.013 0.4285714328
87401  22.509  11.525  -34.015 0.2857142985
89932  23.176  13.928  -35.954 0.5714285970
147617  23.094  17.107  -40.302 0.4285714328
95694  21.144  21.362  -38.120 0.2857142985
94927  21.319  20.082  -39.394 0.2857142985
94183  21.771  18.935  -40.531 0.2857142985
94934  21.396  19.590  -40.541 0.2857142985
95711  20.624  21.053  -40.291 0.2857142985
96521  20.022  21.917  -40.488 0.1428571492
96510  19.387  22.651  -39.559 0.1428571492
96546  19.920  22.395  -42.411 0.1428571492
94906  21.885  20.358  -35.829 0.2857142985
129200  21.411  21.104  -37.423 0.2857142985
96536  19.915  22.032  -41.576 0.1428571492
96537  19.507  23.037  -41.771 0.1428571492
95722  20.484  21.116  -41.430 0.1428571492
75674  29.921  -0.441  -30.781 0.2857142985
93359  22.173  18.407  -40.449 0.4285714328
95703  20.695  21.882  -38.411 0.2857142985
94942  21.600  19.492  -40.725 0.2857142985
94935  20.981  20.183  -41.115 0.1428571492
73760  27.162  -2.237  -30.360 0.4285714328
91707  23.536  16.409  -40.218 0.4285714328
155715  22.757  17.456  -40.235 0.2857142985
94192  21.905  18.858  -40.613 0.2857142985
141278  24.818  12.047  -38.067 0.5714285970
137679  23.863  12.695  -36.354 0.5714285970
89086  23.603  13.442  -36.712 0.5714285970
92531  22.607  17.347  -40.028 0.2857142985
91674  21.501  16.834  -34.456 0.4285714328
92485  20.236  17.203  -33.511 0.2857142985
92500  22.355  17.657  -35.579 0.2857142985
85700  26.121  9.733  -36.074 0.5714285970
143633  21.978  13.793  -34.635 0.5714285970
92513  22.530  17.329  -37.700 0.2857142985
93320  22.431  18.215  -37.311 0.2857142985
132134  24.487  -6.224  -24.566 0.1428571492
72782  25.592  -3.377  -27.531 0.1428571492
128277  24.520  10.574  -34.674 0.2857142985
94921  21.386  20.620  -38.297 0.2857142985
94160  21.629  19.735  -38.586 0.2857142985
93332  22.322  18.021  -38.470 0.2857142985
130956  22.203  17.961  -39.664 0.2857142985
87400  23.247  11.481  -34.315 0.2857142985
88224  24.150  11.990  -35.871 0.4285714328
88215  22.753  12.770  -34.621 0.4285714328
142437  21.606  11.559  -33.747 0.2857142985
88225  23.428  12.596  -35.273 0.5714285970
89078  22.824  13.420  -35.088 0.5714285970
64440  18.850  -11.942  -24.080 0.2857142985
72781  25.986  -2.848  -27.571 0.1428571492
130858  24.818  9.468  -33.962 0.2857142985
95710  21.010  20.337  -40.162 0.2857142985
96522  19.314  22.838  -40.772 0.1428571492
80722  25.840  4.471  -32.574 0.2857142985
136115  21.275  23.035  -36.509 0.1428571492
97274  20.260  23.720  -37.490 0.1428571492
94899  21.667  20.968  -33.782 0.1428571492
97273  20.815  23.692  -36.719 0.1428571492
96488  20.835  22.938  -37.295 0.1428571492
151851  20.570  22.498  -37.967 0.1428571492
95679  21.775  21.765  -35.215 0.1428571492
95686  21.663  21.657  -36.111 0.1428571492
153909  21.395  23.593  -35.959 0.1428571492
98112  20.291  24.466  -36.920 0.1428571492
153095  21.430  21.547  -36.820 0.1428571492
96479  21.733  22.572  -35.835 0.1428571492
98092  21.742  24.545  -35.143 0.1428571492
98111  20.850  24.236  -36.242 0.1428571492
79751  25.991  3.660  -32.400 0.2857142985
96472  21.947  22.479  -34.860 0.1428571492
153192  20.941  25.547  -35.608 0.1428571492
98113  19.497  24.941  -37.518 0.1428571492
96497  21.096  21.980  -37.522 0.1428571492
96498  19.999  22.457  -38.606 0.1428571492
97280  19.552  23.679  -38.154 0.1428571492
98102  21.266  24.399  -35.709 0.1428571492
96471  22.311  23.094  -34.507 0.1428571492
65480  20.991  -10.489  -25.354 0.4285714328
66457  21.535  -10.192  -24.933 0.2857142985
66472  21.407  -9.929  -25.614 0.2857142985
66471  21.822  -9.350  -25.862 0.2857142985
65469  20.616  -11.097  -24.899 0.2857142985
66456  22.037  -9.610  -24.863 0.1428571492
65468  21.317  -10.721  -24.578 0.1428571492
87413  23.745  11.780  -34.942 0.2857142985
64451  19.817  -11.292  -24.931 0.2857142985
65482  19.431  -10.546  -24.886 0.2857142985
65481  20.265  -10.512  -25.378 0.2857142985
70624  22.258  -5.720  -29.003 0.2857142985
133167  22.724  -5.173  -29.542 0.2857142985
147028  23.738  -1.772  -30.704 0.1428571492
75699  24.397  -0.556  -31.038 0.2857142985
80723  24.973  4.682  -32.485 0.1428571492
81675  25.263  5.897  -32.882 0.1428571492
83701  26.202  7.218  -33.962 0.1428571492
82734  25.539  6.687  -33.299 0.1428571492
83715  25.893  7.970  -34.204 0.1428571492
84686  24.912  8.208  -33.393 0.1428571492
127991  24.081  9.818  -33.899 0.1428571492
87412  24.466  11.198  -35.435 0.1428571492
127992  23.593  10.434  -33.763 0.1428571492
89927  20.750  14.555  -34.453 0.1428571492
89061  19.498  13.594  -33.967 0.1428571492
90793  19.500  15.388  -33.652 0.1428571492
90794  18.949  15.469  -33.049 0.1428571492
84693  26.493  8.361  -35.164 0.2857142985
87399  23.847  11.113  -34.430 0.1428571492
63326  18.719  -12.432  -23.677 0.2857142985
71722  22.007  -4.506  -29.110 0.2857142985
143779  23.246  -0.850  -30.919 0.1428571492
78761  24.328  2.178  -31.923 0.1428571492
78775  24.927  3.089  -32.068 0.1428571492
80724  24.095  4.295  -32.680 0.1428571492
81664  24.447  5.217  -32.789 0.1428571492
129915  23.640  5.450  -33.176 0.1428571492
82735  24.335  6.267  -33.067 0.1428571492
84694  25.501  8.814  -34.413 0.1428571492
127994  22.665  9.728  -33.701 0.1428571492
89919  19.673  14.479  -34.067 0.1428571492
133144  21.407  -4.791  -28.557 0.2857142985
145161  24.729  0.134  -31.213 0.1428571492
82733  26.437  6.530  -33.835 0.1428571492
148145  21.308  -6.259  -28.034 0.1428571492
128601  24.920  10.009  -34.507 0.1428571492
83703  24.637  7.291  -33.215 0.1428571492
80736  23.444  4.632  -33.109 0.1428571492
64428  18.454  -11.748  -23.469 0.1428571492
64416  18.141  -11.121  -22.332 0.1428571492
130791  19.553  -9.863  -25.257 0.1428571492
75694  31.018  -1.398  -32.065 0.1428571492
75673  31.340  -1.205  -31.538 0.1428571492
90797  25.138  15.779  -34.601 0.1428571492
62276  18.789  -13.196  -23.426 0.1428571492
65471  18.330  -10.172  -24.041 0.1428571492
66458  18.711  -9.771  -24.558 0.1428571492
153807  18.919  -10.434  -24.489 0.1428571492
67469  19.544  -8.311  -25.663 0.1428571492
144424  25.277  15.122  -34.491 0.1428571492
145126  24.857  17.182  -35.207 0.1428571492
89924  25.433  14.662  -34.033 0.1428571492
66474  19.611  -9.142  -25.535 0.1428571492
69446  20.326  -6.809  -26.901 0.1428571492
63303  18.310  -12.321  -22.983 0.1428571492
145466  18.169  -10.780  -23.305 0.1428571492
66475  19.031  -9.273  -25.042 0.1428571492
70623  23.638  -6.253  -29.170 0.4285714328
72816  26.973  -3.788  -32.208 0.7142857313
73769  27.641  -2.916  -31.533 0.8571428657
73787  27.951  -3.244  -32.844 0.5714285970
74744  27.293  -2.881  -32.836 0.5714285970
78770  30.562  2.691  -33.527 0.7142857313
80707  31.167  5.068  -31.985 0.1428571492
81707  29.555  5.976  -35.624 0.8571428657
82748  30.070  6.530  -35.176 0.8571428657
83694  29.577  7.504  -32.546 0.1428571492
83702  25.442  7.504  -33.556 0.1428571492
83743  28.775  8.255  -36.369 0.8571428657
84724  28.607  8.846  -36.512 0.8571428657
84725  28.392  8.742  -36.536 0.8571428657
85675  28.366  9.323  -32.628 0.1428571492
85685  28.163  9.807  -33.361 0.4285714328
85715  28.399  9.305  -36.619 0.8571428657
85718  26.647  10.010  -36.982 0.5714285970
86586  26.460  10.867  -38.023 0.7142857313
87397  27.691  11.185  -35.671 0.8571428657
87410  27.646  10.894  -36.802 0.8571428657
87430  25.922  11.000  -38.162 0.7142857313
87431  25.446  11.483  -38.247 0.7142857313
87440  26.289  11.302  -38.304 0.7142857313
88235  24.210  12.841  -37.605 0.5714285970
88242  26.247  12.168  -38.468 0.8571428657
88250  25.577  12.243  -38.902 0.5714285970
89053  25.691  14.068  -33.449 0.1428571492
89103  25.199  13.347  -39.244 0.8571428657
89105  24.015  14.000  -39.009 0.7142857313
89931  25.462  14.457  -34.990 0.4285714328
89954  24.562  14.638  -39.633 0.8571428657
90811  25.192  15.083  -37.744 0.8571428657
90831  23.510  15.344  -39.728 0.7142857313
91680  24.958  16.520  -34.858 0.1428571492
91700  24.464  15.765  -39.639 0.7142857313
91706  24.059  16.344  -40.144 0.4285714328
92538  22.631  17.835  -40.295 0.5714285970
93333  21.855  18.496  -40.176 0.2857142985
93344  22.129  17.808  -40.270 0.2857142985
94124  22.125  19.097  -35.224 0.1428571492
94172  23.555  19.387  -39.479 0.1428571492
94902  21.683  21.079  -34.677 0.1428571492
95740  20.340  22.304  -42.759 0.1428571492
96478  21.946  23.243  -35.257 0.1428571492
96487  21.353  22.267  -36.656 0.1428571492
96553  20.715  22.613  -43.160 0.1428571492
97264  22.105  23.855  -34.832 0.1428571492
97265  21.744  23.912  -35.392 0.1428571492
97322  19.444  23.794  -41.990 0.1428571492
97339  22.303  24.422  -44.244 0.1428571492
98103  20.694  24.957  -36.074 0.1428571492
129223  29.583  7.105  -35.678 0.8571428657
129571  26.972  -0.624  -32.693 0.7142857313
130257  29.280  7.022  -35.929 0.8571428657
133540  22.275  18.983  -37.029 0.2857142985
141150  26.531  12.156  -37.678 0.8571428657
142248  26.009  13.197  -33.146 0.1428571492
144172  21.283  25.093  -35.417 0.1428571492
144189  22.420  14.795  -35.296 0.4285714328
144400  20.079  23.076  -38.041 0.1428571492
145058  24.955  11.539  -37.557 0.5714285970
145553  26.388  12.378  -32.940 0.1428571492
147175  23.812  -5.993  -29.963 0.5714285970
147759  29.044  -2.702  -32.875 0.8571428657
148271  27.426  -3.560  -32.348 0.5714285970
152686  23.222  -3.467  -30.186 0.2857142985
153274  24.888  10.667  -35.486 0.2857142985
