#!ascii label  , from subject sub-v1s3x0050823_ses-1 vox2ras=TkReg
1665
3099  -17.817  -78.247  -24.375 0.5000000000
3098  -17.067  -77.820  -24.861 0.6000000238
4527  -22.510  -74.750  -19.977 0.3000000119
3582  -16.388  -77.047  -25.591 0.5000000000
3074  -23.238  -77.591  -21.946 0.4000000060
125777  -23.583  -77.074  -21.585 0.4000000060
3543  -24.197  -76.426  -21.194 0.4000000060
3999  -23.004  -75.336  -20.622 0.3000000119
3075  -24.083  -77.500  -21.943 0.4000000060
4552  -18.111  -74.405  -24.144 0.5000000000
4035  -18.534  -75.468  -23.637 0.5000000000
3088  -18.062  -77.631  -23.728 0.5000000000
4551  -17.288  -73.794  -23.881 0.6000000238
4034  -17.732  -74.868  -22.957 0.5000000000
3087  -17.170  -77.331  -23.659 0.6000000238
4509  -22.028  -74.340  -19.178 0.3000000119
3561  -16.344  -76.736  -23.353 0.5000000000
3092  -22.226  -77.465  -22.427 0.5000000000
3081  -21.620  -77.643  -22.304 0.5000000000
4510  -22.958  -74.344  -19.294 0.3000000119
3549  -16.412  -76.071  -22.507 0.6000000238
3573  -16.497  -77.176  -24.220 0.5000000000
3552  -24.143  -77.239  -22.280 0.5000000000
3083  -23.692  -77.565  -22.018 0.4000000060
3530  -25.037  -76.726  -21.190 0.4000000060
4001  -24.696  -75.766  -20.769 0.3000000119
4529  -24.252  -74.868  -20.192 0.3000000119
4037  -24.086  -75.844  -22.917 0.4000000060
3553  -25.024  -77.318  -22.131 0.4000000060
3545  -25.756  -77.069  -21.367 0.4000000060
4027  -25.439  -76.569  -22.457 0.4000000060
5756  -20.030  -72.563  -25.788 0.6999999881
5766  -19.579  -72.711  -26.237 0.6999999881
5133  -18.924  -73.058  -26.345 0.6999999881
3089  -19.050  -77.751  -24.108 0.5000000000
5123  -20.017  -73.108  -23.844 0.6999999881
5746  -19.265  -72.634  -24.985 0.6999999881
5131  -17.857  -72.752  -25.554 0.8000000119
4560  -17.546  -73.328  -25.030 0.5000000000
5122  -16.872  -72.852  -24.717 0.6999999881
3101  -19.365  -78.517  -24.057 0.5000000000
119842  -17.295  -72.261  -24.675 0.6999999881
3575  -20.355  -76.949  -24.155 0.4000000060
3566  -21.720  -76.929  -23.223 0.5000000000
4490  -22.674  -73.928  -18.610 0.3000000119
5112  -15.932  -73.068  -23.550 0.6000000238
3576  -20.994  -76.231  -23.899 0.5000000000
3567  -22.570  -76.674  -22.807 0.5000000000
4491  -23.446  -73.936  -18.775 0.3000000119
4543  -16.119  -74.149  -22.236 0.5000000000
122891  -23.008  -75.540  -23.205 0.5000000000
4052  -25.313  -74.858  -24.174 0.4000000060
4051  -24.573  -75.157  -23.812 0.4000000060
141233  -26.453  -76.835  -21.549 0.4000000060
3532  -26.825  -76.901  -20.827 0.4000000060
4002  -25.758  -76.365  -20.778 0.4000000060
4553  -26.046  -74.705  -23.939 0.3000000119
4039  -25.629  -75.480  -23.037 0.4000000060
5709  -22.728  -72.449  -21.351 0.5000000000
128712  -22.091  -72.763  -21.887 0.6000000238
5727  -22.931  -72.528  -22.301 0.6000000238
5737  -22.003  -72.654  -23.837 0.6000000238
5747  -20.273  -72.787  -24.789 0.6000000238
6393  -23.847  -71.760  -20.036 0.5000000000
5693  -23.266  -72.157  -20.735 0.5000000000
5692  -22.424  -72.308  -20.613 0.6000000238
5726  -21.733  -72.912  -22.873 0.6000000238
5725  -20.673  -73.224  -22.888 0.6999999881
4046  -18.921  -74.913  -24.705 0.6000000238
5609  -20.583  -72.533  -15.220 0.3000000119
120405  -22.068  -71.402  -18.684 0.6999999881
5679  -22.054  -72.078  -19.939 0.6000000238
5678  -21.252  -72.135  -19.843 0.6000000238
137438  -21.552  -72.788  -21.335 0.6000000238
5708  -21.205  -73.104  -21.973 0.6999999881
140545  -18.996  -72.786  -22.930 0.6999999881
128275  -19.790  -74.351  -25.932 0.6000000238
132137  -19.698  -75.179  -24.955 0.6000000238
121289  -19.874  -77.642  -24.183 0.5000000000
7019  -22.351  -70.946  -18.051 0.6999999881
138891  -21.417  -71.473  -18.750 0.6000000238
132321  -20.993  -71.732  -19.183 0.6000000238
5690  -20.672  -72.488  -20.402 0.6000000238
124571  -18.919  -72.493  -21.332 0.6999999881
5723  -17.594  -71.977  -22.907 0.6999999881
131253  -22.489  -73.540  -17.937 0.3000000119
138506  -21.799  -70.621  -17.395 0.6999999881
6334  -20.898  -70.895  -17.682 0.6000000238
6351  -20.697  -71.334  -18.477 0.6999999881
5689  -19.224  -72.217  -20.397 0.6000000238
5688  -18.360  -71.941  -20.761 0.6000000238
5733  -16.232  -72.063  -24.244 0.6999999881
4564  -21.293  -74.743  -24.947 0.5000000000
4565  -22.285  -74.526  -24.848 0.5000000000
133067  -19.731  -71.406  -18.675 0.6000000238
6391  -18.610  -71.707  -19.828 0.6000000238
5705  -17.228  -71.730  -22.170 0.6000000238
6422  -15.706  -71.847  -23.480 0.6000000238
5120  -15.674  -72.126  -23.682 0.6000000238
4581  -22.918  -74.071  -25.909 0.5000000000
4512  -24.734  -74.366  -19.648 0.3000000119
7009  -19.665  -70.755  -17.107 0.6999999881
139542  -19.125  -70.965  -17.578 0.6000000238
6372  -18.853  -71.447  -18.967 0.6000000238
6370  -17.633  -71.614  -20.303 0.5000000000
119772  -16.931  -71.612  -21.353 0.5000000000
119896  -14.800  -72.197  -22.868 0.5000000000
4542  -15.248  -73.885  -21.944 0.5000000000
4567  -24.457  -74.615  -24.842 0.5000000000
5124  -27.852  -73.551  -24.263 0.3000000119
4555  -27.133  -74.042  -23.989 0.3000000119
4545  -26.821  -74.782  -22.667 0.3000000119
4029  -27.284  -75.931  -21.515 0.4000000060
4018  -27.052  -76.822  -21.188 0.4000000060
5101  -14.444  -73.021  -22.447 0.5000000000
4570  -27.381  -73.657  -24.967 0.3000000119
4569  -26.668  -74.082  -24.694 0.3000000119
4028  -26.670  -76.157  -21.950 0.4000000060
6378  -25.271  -71.385  -19.810 0.5000000000
6394  -24.719  -71.709  -20.392 0.5000000000
6410  -24.996  -71.949  -21.269 0.5000000000
5711  -24.402  -72.230  -21.857 0.5000000000
120293  -25.150  -70.690  -18.645 0.5000000000
7031  -24.871  -71.156  -19.173 0.5000000000
141494  -24.550  -71.479  -19.723 0.5000000000
5694  -24.136  -72.077  -20.948 0.5000000000
5728  -23.838  -72.381  -22.534 0.5000000000
5738  -23.643  -72.353  -24.389 0.6000000238
120539  -22.705  -72.439  -24.367 0.6000000238
7021  -24.436  -70.830  -18.607 0.5000000000
5749  -22.320  -72.353  -25.535 0.6000000238
5139  -20.618  -72.804  -26.413 0.8000000119
5598  -21.236  -72.108  -13.616 0.3000000119
6999  -23.571  -70.096  -17.246 0.6000000238
7020  -23.173  -70.727  -17.998 0.6000000238
6354  -23.630  -71.039  -18.631 0.6000000238
5759  -22.703  -72.348  -26.041 0.4000000060
6296  -21.057  -72.231  -14.439 0.3000000119
120235  -22.355  -70.216  -16.835 0.6999999881
5141  -22.014  -73.182  -26.489 0.5000000000
131562  -19.989  -73.702  -26.403 0.6000000238
5628  -22.869  -72.696  -16.758 0.3000000119
5050  -23.089  -73.180  -17.504 0.3000000119
139092  -21.815  -69.612  -15.760 0.6999999881
5142  -23.573  -72.993  -26.489 0.4000000060
5051  -23.916  -73.202  -17.838 0.3000000119
6976  -21.026  -70.121  -15.991 0.6000000238
6996  -20.305  -70.496  -16.573 0.6999999881
4594  -23.700  -73.635  -26.260 0.4000000060
4530  -25.234  -75.146  -20.362 0.3000000119
7591  -20.644  -69.661  -15.215 0.6000000238
6975  -20.149  -70.204  -15.756 0.6999999881
6350  -19.023  -71.204  -18.197 0.6000000238
139818  -16.868  -71.434  -18.846 0.5000000000
6369  -16.417  -71.461  -19.367 0.5000000000
141191  -14.618  -71.825  -22.550 0.6000000238
4595  -24.529  -73.810  -26.165 0.4000000060
4583  -24.750  -74.222  -25.716 0.4000000060
5753  -29.548  -72.476  -24.607 0.3000000119
142468  -28.494  -73.215  -24.537 0.3000000119
5741  -29.857  -72.554  -23.849 0.3000000119
5116  -28.427  -73.305  -23.470 0.3000000119
4546  -27.378  -74.621  -22.014 0.4000000060
4531  -26.351  -75.780  -20.419 0.3000000119
6312  -18.013  -71.075  -17.129 0.6000000238
127459  -16.885  -71.379  -18.168 0.5000000000
6349  -16.334  -71.445  -18.614 0.5000000000
125229  -16.521  -71.516  -20.409 0.5000000000
6406  -14.189  -71.754  -21.945 0.5000000000
5704  -13.207  -71.947  -22.139 0.6000000238
5109  -13.070  -72.263  -22.290 0.5000000000
4584  -25.990  -73.881  -25.765 0.3000000119
5129  -28.054  -73.297  -25.170 0.3000000119
6332  -17.583  -71.265  -17.752 0.5000000000
6368  -15.024  -71.538  -19.361 0.5000000000
6388  -14.090  -71.565  -20.860 0.5000000000
134482  -13.214  -71.650  -19.719 0.5000000000
7642  -28.057  -69.862  -18.951 0.5000000000
7033  -26.601  -70.823  -19.416 0.5000000000
6396  -26.468  -71.440  -20.762 0.5000000000
137733  -27.464  -71.089  -21.619 0.5000000000
6411  -25.921  -71.773  -21.645 0.5000000000
5712  -25.182  -72.113  -22.163 0.5000000000
135565  -25.754  -69.758  -17.774 0.5000000000
6379  -26.134  -71.268  -19.938 0.5000000000
125335  -25.964  -71.923  -23.322 0.4000000060
7012  -24.977  -70.173  -17.971 0.5000000000
5740  -25.387  -72.146  -24.076 0.4000000060
4978  -21.209  -73.144  -12.690 0.3000000119
6265  -21.779  -71.759  -13.333 0.3000000119
7620  -24.469  -69.654  -17.231 0.6000000238
5739  -24.501  -72.288  -24.366 0.4000000060
5750  -23.146  -72.297  -25.359 0.4000000060
122033  -23.155  -69.063  -15.965 0.6000000238
6998  -23.049  -69.798  -16.661 0.6000000238
5611  -22.379  -72.343  -15.939 0.3000000119
5612  -23.120  -72.249  -16.223 0.3000000119
7593  -22.468  -69.001  -15.542 0.6000000238
5771  -23.918  -72.592  -26.249 0.4000000060
8140  -21.054  -68.456  -14.575 0.6000000238
5762  -25.929  -72.533  -26.137 0.4000000060
5772  -25.569  -72.793  -26.324 0.4000000060
5070  -24.500  -73.439  -18.415 0.3000000119
122628  -21.070  -69.147  -14.845 0.6999999881
5135  -26.670  -73.419  -25.991 0.3000000119
5137  -28.010  -72.881  -25.635 0.3000000119
7041  -27.783  -70.698  -20.231 0.5000000000
7040  -27.005  -71.094  -20.052 0.5000000000
6413  -27.919  -70.733  -21.138 0.5000000000
7051  -27.919  -70.723  -22.025 0.4000000060
7022  -25.792  -70.299  -18.334 0.5000000000
6426  -27.320  -71.200  -22.351 0.4000000060
6425  -26.532  -71.600  -22.622 0.4000000060
7632  -26.469  -69.741  -17.965 0.6000000238
125283  -26.118  -71.873  -24.149 0.4000000060
6437  -25.927  -72.011  -25.001 0.4000000060
6279  -22.431  -71.430  -14.554 0.3000000119
6278  -21.682  -71.689  -14.082 0.3000000119
8155  -22.286  -68.318  -15.236 0.6000000238
5752  -25.021  -72.217  -25.292 0.4000000060
137390  -24.385  -72.305  -25.961 0.4000000060
6444  -26.536  -72.280  -25.831 0.4000000060
140727  -27.880  -72.400  -25.691 0.4000000060
5763  -27.267  -72.756  -25.966 0.3000000119
5764  -28.522  -72.348  -25.489 0.3000000119
8139  -20.224  -68.264  -14.137 0.6000000238
7034  -28.276  -70.151  -19.643 0.5000000000
130747  -28.989  -69.711  -20.920 0.5000000000
7658  -29.390  -68.967  -21.531 0.4000000060
7657  -28.901  -69.676  -21.870 0.4000000060
7634  -28.247  -69.219  -18.594 0.5000000000
7644  -29.083  -69.073  -19.515 0.5000000000
130171  -28.549  -69.654  -23.558 0.4000000060
121311  -25.341  -69.339  -17.319 0.6000000238
7622  -26.962  -69.014  -17.658 0.6000000238
8191  -28.558  -68.353  -18.549 0.6000000238
7058  -28.222  -70.246  -23.639 0.4000000060
7609  -24.836  -68.779  -16.796 0.6000000238
8177  -26.451  -68.420  -17.521 0.6000000238
7060  -28.293  -70.285  -24.522 0.4000000060
6439  -27.536  -71.336  -25.026 0.4000000060
7594  -23.622  -68.322  -16.056 0.6000000238
6438  -26.724  -71.666  -24.862 0.4000000060
139145  -28.613  -71.008  -25.331 0.4000000060
135456  -28.205  -71.681  -25.508 0.4000000060
7066  -29.155  -70.644  -25.338 0.4000000060
5629  -23.557  -72.382  -16.622 0.3000000119
6313  -23.744  -71.854  -16.145 0.3000000119
130397  -22.423  -67.541  -15.692 0.6000000238
6445  -28.971  -71.617  -25.464 0.4000000060
5071  -25.251  -73.212  -18.387 0.3000000119
5645  -24.438  -72.693  -17.452 0.3000000119
8693  -22.036  -67.784  -15.133 0.6000000238
139450  -20.739  -67.949  -14.384 0.6000000238
9311  -21.182  -66.959  -15.667 0.6999999881
9345  -21.961  -67.057  -17.266 0.6999999881
8704  -20.867  -67.140  -14.973 0.6000000238
122494  -21.047  -66.826  -17.292 0.6999999881
127529  -21.486  -67.037  -18.146 0.6999999881
9330  -19.677  -66.538  -16.228 0.6000000238
8738  -22.597  -67.490  -19.718 0.6999999881
8758  -23.829  -67.322  -20.593 0.6000000238
121732  -20.071  -66.625  -17.315 0.6999999881
8757  -21.588  -67.367  -19.750 0.6999999881
7651  -29.311  -69.111  -20.358 0.5000000000
127185  -29.660  -67.849  -21.728 0.5000000000
8202  -29.134  -68.453  -19.102 0.5000000000
9401  -29.675  -66.556  -20.447 0.5000000000
8772  -29.685  -67.645  -20.319 0.5000000000
128189  -29.476  -66.751  -22.583 0.5000000000
8213  -29.321  -68.382  -22.667 0.4000000060
7666  -28.980  -69.207  -22.932 0.4000000060
8178  -27.190  -68.218  -17.784 0.6000000238
8745  -28.653  -67.561  -18.577 0.6000000238
139298  -29.199  -66.584  -19.145 0.6000000238
126220  -29.331  -65.982  -19.686 0.6000000238
7672  -28.609  -68.883  -24.227 0.4000000060
8167  -25.016  -67.977  -16.932 0.6000000238
117483  -28.435  -66.847  -18.567 0.6000000238
9366  -28.822  -66.047  -18.957 0.6000000238
7671  -28.504  -69.585  -24.338 0.4000000060
8718  -23.949  -67.792  -16.502 0.6000000238
8728  -26.020  -67.803  -17.638 0.6000000238
121721  -26.607  -67.239  -18.277 0.6000000238
137864  -27.402  -65.879  -18.502 0.6000000238
9365  -28.061  -65.836  -18.618 0.6000000238
7065  -28.567  -70.337  -25.043 0.4000000060
8234  -30.730  -68.209  -24.701 0.4000000060
8717  -23.850  -67.469  -17.058 0.6000000238
8727  -25.373  -67.507  -17.854 0.6000000238
9364  -26.976  -66.551  -18.414 0.6000000238
122244  -26.747  -65.689  -18.453 0.6000000238
11288  -27.726  -63.774  -18.298 0.6000000238
7677  -29.329  -69.756  -25.236 0.4000000060
139696  -31.230  -69.054  -24.566 0.4000000060
136487  -23.129  -67.516  -16.337 0.6000000238
8726  -24.647  -67.438  -17.967 0.5000000000
9363  -25.916  -66.594  -18.739 0.6000000238
139245  -26.063  -65.594  -18.480 0.6000000238
10595  -27.164  -63.962  -17.827 0.6000000238
10596  -27.829  -63.898  -17.455 0.6999999881
9312  -21.833  -67.188  -15.831 0.6999999881
134401  -22.928  -67.263  -17.148 0.6000000238
8760  -25.141  -67.022  -19.496 0.6000000238
9920  -25.483  -65.812  -18.736 0.6000000238
132874  -27.380  -64.181  -16.887 0.6000000238
10572  -28.162  -64.315  -16.340 0.6000000238
10548  -30.449  -64.454  -15.556 0.6000000238
128358  -25.112  -65.338  -18.254 0.6000000238
126966  -25.977  -64.573  -17.361 0.6000000238
134549  -27.604  -64.361  -16.197 0.6000000238
10546  -28.741  -64.468  -15.396 0.6000000238
8759  -24.604  -67.183  -19.965 0.6000000238
9383  -25.123  -66.589  -19.394 0.6000000238
10593  -25.100  -64.958  -17.464 0.5000000000
10544  -26.217  -64.557  -15.750 0.6000000238
127974  -27.806  -64.446  -15.467 0.6000000238
9919  -24.831  -65.740  -18.903 0.5000000000
135118  -21.061  -67.080  -18.919 0.6999999881
124229  -22.658  -67.491  -21.325 0.6999999881
9400  -23.802  -66.697  -20.948 0.5000000000
9918  -24.025  -65.526  -18.881 0.6000000238
9907  -24.478  -65.305  -18.108 0.5000000000
10543  -25.563  -64.688  -15.523 0.5000000000
9906  -23.734  -65.295  -17.951 0.6000000238
12646  -16.422  -60.949  -21.022 0.6000000238
11988  -17.166  -61.658  -21.645 0.6000000238
137072  -17.034  -61.982  -21.925 0.6000000238
8791  -29.773  -66.966  -21.295 0.5000000000
9417  -29.569  -65.902  -21.795 0.5000000000
8812  -28.608  -67.143  -24.680 0.5000000000
8220  -28.692  -68.170  -23.991 0.4000000060
9921  -28.123  -64.827  -18.991 0.5000000000
11325  -29.379  -62.788  -20.527 0.5000000000
8814  -28.617  -67.160  -24.981 0.4000000060
9443  -29.694  -66.577  -24.883 0.4000000060
10662  -28.573  -63.443  -20.081 0.5000000000
11302  -29.538  -63.156  -19.600 0.5000000000
7675  -28.628  -69.586  -24.850 0.4000000060
8816  -29.866  -67.396  -24.983 0.4000000060
8813  -30.757  -67.367  -24.478 0.4000000060
138835  -28.328  -63.546  -18.754 0.5000000000
10621  -29.835  -63.673  -18.685 0.5000000000
11300  -28.447  -63.456  -19.384 0.5000000000
8235  -29.268  -68.878  -25.245 0.4000000060
10597  -29.224  -64.062  -17.493 0.6000000238
134446  -29.785  -64.084  -17.909 0.6000000238
10573  -29.729  -64.491  -16.422 0.6000000238
10598  -30.248  -64.433  -17.181 0.5000000000
10522  -30.134  -64.312  -14.755 0.4000000060
10549  -31.266  -64.268  -15.694 0.4000000060
10550  -31.999  -63.989  -15.838 0.4000000060
127561  -27.975  -64.298  -13.888 0.6000000238
10521  -29.295  -64.379  -14.630 0.6000000238
11249  -30.518  -63.809  -14.299 0.5000000000
11250  -31.267  -63.486  -14.577 0.4000000060
138726  -32.553  -62.850  -15.163 0.4000000060
11931  -32.257  -62.373  -14.732 0.4000000060
138492  -19.941  -66.693  -18.167 0.6999999881
10545  -26.900  -64.498  -15.044 0.6000000238
10496  -28.875  -64.195  -13.893 0.5000000000
11930  -31.549  -62.777  -14.364 0.4000000060
9971  -23.151  -66.329  -21.374 0.6000000238
10569  -24.680  -64.924  -16.424 0.5000000000
127224  -25.929  -64.600  -14.833 0.5000000000
11229  -28.326  -63.905  -13.218 0.5000000000
11913  -29.739  -62.979  -13.011 0.5000000000
11231  -30.116  -63.470  -13.624 0.4000000060
12606  -31.449  -61.446  -14.149 0.4000000060
9934  -23.868  -65.784  -19.913 0.6000000238
10495  -26.407  -64.322  -13.292 0.5000000000
14037  -16.176  -59.287  -20.052 0.6999999881
13334  -16.764  -59.519  -20.450 0.6000000238
14038  -16.782  -58.727  -20.197 0.6999999881
139842  -16.921  -60.417  -20.742 0.6000000238
132194  -19.318  -58.917  -19.840 0.6000000238
11981  -17.615  -61.974  -21.632 0.6000000238
13325  -18.041  -59.809  -19.599 0.6000000238
14028  -18.723  -59.525  -19.497 0.6000000238
14041  -20.185  -59.185  -19.957 0.6000000238
121586  -21.740  -59.798  -19.536 0.6000000238
11989  -17.544  -62.269  -22.006 0.5000000000
11974  -17.851  -61.898  -20.346 0.6000000238
12637  -18.137  -60.881  -19.002 0.6000000238
13314  -18.795  -60.751  -18.515 0.6000000238
13327  -20.068  -60.352  -18.554 0.6000000238
129245  -28.688  -66.409  -24.192 0.5000000000
130628  -18.297  -63.196  -22.400 0.5000000000
11323  -18.219  -62.676  -22.093 0.5000000000
12630  -19.267  -61.453  -17.418 0.5000000000
13316  -20.659  -60.504  -17.933 0.5000000000
9952  -29.450  -65.594  -20.723 0.4000000060
123522  -28.994  -64.386  -21.830 0.5000000000
9441  -28.795  -65.682  -24.580 0.5000000000
130658  -28.665  -66.352  -24.754 0.4000000060
10659  -18.809  -63.384  -21.401 0.5000000000
11299  -18.289  -62.928  -19.301 0.5000000000
11959  -19.133  -62.317  -16.793 0.5000000000
12631  -19.995  -61.060  -17.089 0.5000000000
125930  -28.824  -63.310  -21.684 0.5000000000
9442  -29.050  -65.826  -24.864 0.4000000060
131026  -30.173  -65.589  -24.520 0.4000000060
123338  -31.657  -65.493  -22.479 0.4000000060
10674  -18.993  -63.504  -22.536 0.5000000000
10638  -18.602  -63.490  -20.067 0.5000000000
118442  -18.420  -62.579  -18.198 0.6000000238
11950  -18.971  -62.931  -16.676 0.6000000238
121091  -30.984  -66.606  -24.114 0.4000000060
10660  -19.585  -64.074  -21.703 0.6000000238
10639  -19.261  -64.243  -20.067 0.6000000238
11286  -18.608  -63.413  -18.059 0.6999999881
10644  -30.524  -63.623  -19.253 0.4000000060
10622  -31.060  -64.158  -18.628 0.5000000000
9397  -18.539  -66.959  -21.001 0.6000000238
126945  -31.187  -64.487  -17.105 0.5000000000
11290  -32.751  -63.877  -16.831 0.4000000060
122925  -19.275  -66.892  -20.294 0.6000000238
136650  -32.238  -64.090  -16.420 0.4000000060
9399  -20.290  -67.277  -20.733 0.6000000238
8787  -21.182  -67.529  -21.844 0.6000000238
11266  -33.101  -62.978  -15.671 0.4000000060
9970  -22.640  -66.615  -22.106 0.6000000238
8756  -21.332  -67.498  -20.698 0.6999999881
9905  -23.073  -65.294  -17.958 0.6000000238
10568  -22.686  -65.085  -16.224 0.6000000238
138110  -23.712  -65.054  -16.103 0.5000000000
132534  -25.204  -64.675  -14.147 0.5000000000
14813  -17.075  -58.247  -20.073 0.6999999881
14040  -18.575  -58.152  -20.303 0.6999999881
14829  -19.984  -58.034  -20.612 0.6000000238
14050  -20.614  -58.546  -20.621 0.6000000238
14051  -21.550  -58.904  -21.197 0.6000000238
129336  -21.889  -59.454  -20.585 0.6000000238
14043  -22.544  -59.623  -20.021 0.6999999881
14031  -22.381  -59.833  -18.723 0.6000000238
13328  -21.573  -60.160  -18.438 0.6000000238
136068  -29.285  -62.898  -23.065 0.5000000000
9990  -28.693  -64.119  -23.581 0.5000000000
9433  -29.105  -65.850  -23.282 0.5000000000
9994  -28.771  -64.508  -24.266 0.5000000000
13317  -21.415  -60.369  -17.523 0.6000000238
14019  -22.879  -59.689  -17.773 0.5000000000
10687  -28.781  -63.773  -23.949 0.5000000000
9995  -29.981  -64.584  -24.335 0.5000000000
9991  -31.016  -64.986  -23.617 0.4000000060
12614  -20.205  -62.226  -15.352 0.6000000238
12623  -20.266  -61.479  -16.103 0.6000000238
130834  -22.610  -59.928  -16.877 0.5000000000
133114  -30.145  -62.567  -20.955 0.5000000000
9430  -20.068  -67.252  -23.840 0.6000000238
136519  -20.686  -65.772  -23.971 0.4000000060
10676  -20.671  -64.568  -23.053 0.6000000238
11287  -19.248  -64.058  -17.213 0.6000000238
11275  -19.314  -63.515  -16.426 0.6000000238
12615  -20.944  -61.505  -15.224 0.6000000238
10645  -31.452  -63.826  -19.367 0.4000000060
11314  -31.840  -63.454  -20.235 0.4000000060
9438  -21.179  -66.485  -23.957 0.5000000000
9988  -21.154  -65.192  -23.460 0.5000000000
10640  -20.328  -64.780  -20.640 0.6000000238
121791  -19.988  -64.698  -19.526 0.6999999881
10589  -19.719  -64.489  -17.961 0.6000000238
10537  -19.755  -63.955  -16.002 0.6000000238
11941  -20.253  -62.789  -14.961 0.6000000238
10623  -32.059  -64.188  -18.652 0.5000000000
9413  -19.755  -67.377  -22.787 0.6000000238
136859  -21.065  -65.101  -21.419 0.6000000238
10616  -20.311  -64.770  -18.753 0.6000000238
10566  -20.379  -64.483  -16.274 0.6000000238
11263  -20.274  -63.387  -15.059 0.6000000238
11928  -21.183  -62.653  -14.167 0.6000000238
10600  -32.652  -64.094  -17.784 0.4000000060
141258  -21.492  -67.143  -23.393 0.5000000000
119403  -21.736  -65.597  -23.254 0.6000000238
10617  -21.234  -65.094  -18.783 0.6000000238
126565  -20.812  -64.460  -15.567 0.6000000238
10515  -21.420  -64.070  -14.390 0.6000000238
9414  -20.327  -67.381  -21.947 0.6000000238
8805  -21.915  -67.329  -22.785 0.6000000238
9989  -22.136  -66.239  -23.035 0.6000000238
9916  -22.112  -65.260  -18.834 0.6000000238
128007  -20.998  -64.910  -17.182 0.6000000238
9904  -22.374  -65.235  -18.069 0.6000000238
9933  -23.114  -65.589  -20.158 0.6000000238
10541  -23.717  -64.977  -15.045 0.5000000000
10493  -24.501  -64.545  -13.486 0.5000000000
14797  -17.485  -58.146  -19.447 0.6999999881
14823  -18.326  -57.725  -20.136 0.6999999881
14002  -17.562  -59.578  -17.037 0.6999999881
14798  -18.296  -58.036  -18.742 0.6999999881
15527  -18.647  -57.560  -19.930 0.6999999881
15541  -19.555  -57.713  -20.264 0.6999999881
14831  -21.769  -58.445  -21.399 0.6000000238
14057  -23.293  -59.087  -22.162 0.6000000238
14053  -24.475  -59.030  -22.023 0.5000000000
14044  -23.407  -59.461  -20.559 0.6999999881
138454  -24.546  -58.772  -20.140 0.5000000000
122598  -23.966  -59.185  -19.669 0.5000000000
14020  -23.540  -59.362  -17.606 0.5000000000
12001  -30.132  -62.555  -23.177 0.4000000060
11352  -30.922  -63.162  -23.434 0.5000000000
11344  -33.064  -62.869  -23.510 0.5000000000
10696  -30.778  -64.019  -23.584 0.5000000000
10690  -33.218  -63.359  -23.228 0.4000000060
11326  -31.170  -62.827  -21.045 0.4000000060
12002  -31.648  -62.349  -23.129 0.4000000060
13293  -21.678  -60.742  -15.610 0.6000000238
12604  -21.354  -61.879  -14.387 0.6000000238
13281  -21.785  -61.116  -14.778 0.6000000238
11911  -21.651  -63.045  -13.625 0.6000000238
12605  -22.057  -61.444  -13.985 0.6000000238
10540  -22.113  -64.938  -15.392 0.6000000238
10490  -22.045  -64.113  -13.869 0.6000000238
12591  -22.423  -61.863  -13.302 0.6000000238
129278  -21.826  -65.124  -17.373 0.6000000238
11227  -22.312  -63.578  -13.391 0.5000000000
128384  -22.932  -65.003  -15.203 0.6000000238
10491  -22.718  -64.322  -13.658 0.5000000000
140625  -23.898  -64.694  -13.820 0.5000000000
13291  -17.471  -60.254  -16.152 0.6999999881
14784  -18.731  -58.657  -17.470 0.6999999881
131648  -19.909  -57.945  -18.481 0.6999999881
15528  -19.454  -57.625  -19.690 0.6999999881
126617  -21.567  -57.707  -19.710 0.6000000238
135487  -21.119  -58.002  -20.896 0.6999999881
15554  -23.008  -58.221  -22.007 0.4000000060
13292  -18.066  -60.349  -15.156 0.6999999881
14004  -19.055  -59.083  -16.363 0.6999999881
14785  -19.636  -58.587  -16.815 0.6000000238
15529  -20.848  -57.810  -18.820 0.6000000238
14059  -24.533  -58.727  -22.296 0.5000000000
12588  -16.775  -61.815  -12.719 0.6999999881
13279  -17.893  -60.872  -14.042 0.6999999881
14834  -25.573  -58.080  -22.088 0.5000000000
12572  -16.244  -61.719  -11.905 0.6999999881
15545  -25.096  -58.216  -19.963 0.5000000000
12550  -15.426  -61.431  -11.509 0.6000000238
140921  -15.172  -60.904  -11.367 0.6000000238
13207  -14.057  -60.771  -11.481 0.6000000238
13920  -12.996  -59.695  -12.634 0.5000000000
13940  -13.236  -59.012  -12.983 0.5000000000
12009  -33.160  -62.213  -23.428 0.4000000060
11890  -22.881  -62.332  -12.730 0.6000000238
15544  -23.234  -57.340  -20.183 0.5000000000
129512  -22.745  -57.843  -21.450 0.5000000000
132201  -18.670  -59.848  -14.985 0.6000000238
124835  -19.836  -58.758  -15.771 0.6000000238
15515  -20.787  -57.967  -17.705 0.6000000238
15530  -21.967  -57.579  -18.413 0.6000000238
15550  -23.568  -57.652  -21.660 0.5000000000
15555  -23.937  -58.178  -22.328 0.5000000000
15557  -25.897  -57.372  -22.177 0.5000000000
13255  -17.815  -60.896  -12.877 0.6999999881
13967  -19.147  -59.655  -14.230 0.6000000238
14767  -20.012  -58.823  -14.778 0.6000000238
14786  -20.437  -58.329  -16.234 0.6000000238
15509  -21.874  -57.281  -16.741 0.6000000238
15552  -26.248  -57.368  -21.935 0.5000000000
13232  -17.482  -60.679  -12.088 0.6999999881
13941  -18.957  -59.810  -13.272 0.6000000238
13925  -19.178  -59.202  -12.611 0.6000000238
14747  -20.491  -58.278  -14.235 0.6000000238
15494  -21.469  -57.270  -15.227 0.6000000238
13210  -16.555  -60.355  -11.488 0.6000000238
13923  -17.891  -60.106  -11.927 0.6000000238
14714  -18.674  -59.002  -11.918 0.6000000238
14732  -20.310  -58.156  -13.309 0.6000000238
13209  -15.723  -60.424  -11.376 0.6000000238
128281  -16.772  -58.755  -11.411 0.6000000238
14697  -18.046  -58.698  -11.557 0.6000000238
14698  -19.304  -57.708  -12.047 0.6000000238
13899  -15.070  -59.804  -11.435 0.5000000000
13922  -14.505  -59.189  -11.831 0.5000000000
14694  -15.277  -59.037  -11.567 0.5000000000
15432  -17.020  -57.979  -11.510 0.6000000238
15434  -18.748  -57.537  -11.791 0.6000000238
11346  -34.266  -62.529  -23.263 0.4000000060
13965  -11.529  -59.358  -14.929 0.5000000000
14713  -14.825  -58.352  -12.131 0.5000000000
14695  -16.224  -58.206  -11.590 0.6000000238
140036  -17.875  -56.988  -11.787 0.6000000238
14744  -12.322  -58.539  -14.834 0.5000000000
15458  -13.782  -57.638  -13.707 0.5000000000
14730  -14.209  -57.962  -12.893 0.4000000060
15442  -15.537  -57.693  -12.136 0.5000000000
139081  -17.414  -56.547  -12.147 0.6000000238
16282  -24.930  -56.838  -21.740 0.5000000000
15556  -24.927  -57.813  -22.367 0.5000000000
141618  -23.050  -57.034  -19.021 0.6000000238
16276  -24.248  -56.454  -20.439 0.5000000000
15553  -26.566  -56.841  -22.078 0.5000000000
16251  -22.374  -56.727  -17.216 0.6999999881
16963  -22.798  -56.068  -17.678 0.6999999881
122587  -20.823  -57.617  -13.742 0.6000000238
16244  -21.880  -56.844  -15.831 0.6999999881
15444  -20.494  -57.438  -12.922 0.6000000238
16212  -21.762  -56.394  -14.860 0.6999999881
131231  -19.891  -57.170  -12.374 0.6000000238
16203  -21.467  -56.273  -13.752 0.6999999881
16184  -19.789  -56.308  -12.337 0.6000000238
16202  -21.071  -56.095  -12.942 0.6999999881
130190  -11.057  -58.220  -16.898 0.5000000000
15473  -13.409  -57.330  -14.577 0.5000000000
15460  -15.151  -57.046  -12.870 0.4000000060
16180  -15.906  -56.890  -12.497 0.6000000238
16183  -18.932  -56.374  -12.114 0.6000000238
15472  -12.690  -57.705  -15.122 0.5000000000
15459  -14.474  -57.317  -13.297 0.4000000060
16200  -15.587  -56.297  -13.304 0.5000000000
16997  -26.493  -55.911  -22.255 0.5000000000
16993  -25.647  -55.959  -21.885 0.5000000000
16263  -23.171  -56.371  -18.515 0.6000000238
17760  -23.840  -54.801  -19.527 0.5000000000
130686  -24.751  -53.922  -21.203 0.5000000000
16958  -22.520  -55.786  -16.930 0.6999999881
141369  -22.399  -55.649  -16.269 0.6999999881
16943  -22.368  -55.158  -15.698 0.6000000238
16912  -20.782  -55.340  -12.790 0.6999999881
129967  -21.960  -55.033  -14.158 0.6000000238
16893  -17.655  -55.903  -12.483 0.6000000238
16895  -19.239  -55.635  -12.390 0.6000000238
15492  -13.080  -57.008  -15.447 0.5000000000
16199  -14.784  -56.643  -13.685 0.4000000060
16892  -16.896  -56.049  -12.641 0.6000000238
16228  -14.078  -55.993  -15.461 0.4000000060
16210  -14.430  -56.335  -14.574 0.4000000060
16909  -15.718  -55.678  -13.966 0.5000000000
16910  -16.359  -55.657  -13.393 0.5000000000
17745  -23.384  -54.467  -18.760 0.6000000238
17764  -24.172  -54.234  -20.358 0.5000000000
17744  -23.015  -54.190  -18.033 0.6000000238
18505  -23.537  -53.680  -19.477 0.5000000000
17736  -22.729  -54.232  -17.313 0.6000000238
17714  -22.470  -54.247  -15.726 0.6000000238
18483  -22.878  -53.568  -17.614 0.5000000000
16925  -22.283  -54.672  -14.895 0.6000000238
17684  -21.081  -54.627  -13.060 0.6999999881
17697  -22.024  -54.247  -14.088 0.5000000000
17667  -18.557  -55.069  -12.678 0.6000000238
17682  -17.744  -54.699  -13.340 0.5000000000
16923  -15.485  -55.374  -14.721 0.4000000060
17681  -16.847  -54.893  -13.835 0.5000000000
18441  -12.954  -52.945  -14.232 0.4000000060
18442  -13.810  -52.668  -14.443 0.3000000119
19186  -12.788  -51.909  -14.611 0.4000000060
122381  -23.553  -52.810  -19.726 0.5000000000
19185  -10.901  -51.220  -14.713 0.3000000119
19895  -11.689  -50.705  -14.840 0.4000000060
19231  -22.916  -52.801  -17.216 0.5000000000
138654  -23.274  -52.794  -18.794 0.5000000000
19202  -11.349  -51.799  -15.683 0.3000000119
19914  -11.920  -50.299  -15.551 0.4000000060
18460  -22.520  -53.341  -15.609 0.5000000000
18457  -11.973  -52.808  -15.944 0.3000000119
17685  -21.419  -53.997  -13.461 0.6000000238
139075  -19.512  -54.084  -12.945 0.6999999881
18431  -21.081  -53.264  -13.428 0.6000000238
17695  -16.554  -54.501  -14.761 0.5000000000
18428  -18.808  -53.601  -13.443 0.5000000000
18427  -17.983  -53.880  -13.849 0.4000000060
19172  -18.995  -52.917  -13.735 0.4000000060
18425  -15.017  -53.490  -13.486 0.3000000119
19168  -14.603  -53.021  -14.183 0.3000000119
19188  -14.563  -52.066  -14.588 0.3000000119
19897  -13.720  -50.759  -14.825 0.3000000119
20620  -12.994  -50.023  -15.232 0.4000000060
141138  -23.136  -52.523  -17.978 0.5000000000
19928  -11.883  -50.750  -15.938 0.4000000060
20634  -12.550  -50.019  -15.640 0.4000000060
19944  -23.123  -51.937  -17.445 0.5000000000
19216  -12.007  -51.707  -16.089 0.4000000060
131198  -13.495  -50.538  -16.423 0.4000000060
18446  -22.328  -52.944  -14.779 0.5000000000
19221  -22.846  -51.997  -16.529 0.5000000000
18470  -12.983  -52.940  -16.420 0.4000000060
19193  -21.919  -52.427  -14.213 0.5000000000
18429  -19.593  -53.408  -13.297 0.5000000000
19175  -21.321  -52.607  -13.714 0.5000000000
17711  -15.659  -54.447  -15.929 0.3000000119
17713  -16.901  -53.894  -15.227 0.4000000060
18444  -18.266  -53.208  -14.255 0.4000000060
19886  -20.735  -51.812  -13.814 0.4000000060
18411  -16.227  -53.278  -12.459 0.3000000119
19189  -15.611  -51.810  -14.326 0.3000000119
20622  -14.757  -49.619  -14.784 0.4000000060
20621  -13.866  -49.816  -14.965 0.4000000060
20691  -24.120  -50.783  -20.442 0.4000000060
21354  -13.481  -49.629  -15.458 0.4000000060
127609  -24.294  -49.912  -20.474 0.4000000060
20645  -12.515  -50.314  -16.099 0.4000000060
21376  -13.666  -49.490  -15.865 0.4000000060
19951  -23.434  -51.156  -18.770 0.4000000060
20647  -14.036  -49.858  -16.324 0.4000000060
19205  -22.599  -52.012  -15.625 0.5000000000
19929  -14.156  -51.525  -16.687 0.4000000060
19218  -15.700  -52.808  -17.312 0.3000000119
19903  -22.359  -51.353  -14.973 0.5000000000
18459  -17.202  -53.235  -15.686 0.3000000119
19170  -16.187  -52.474  -13.632 0.3000000119
141040  -16.801  -50.965  -13.886 0.3000000119
19899  -15.876  -50.679  -14.390 0.3000000119
20623  -15.702  -49.455  -14.517 0.4000000060
21356  -14.920  -48.781  -14.945 0.4000000060
22103  -15.218  -48.098  -15.148 0.3000000119
21366  -14.837  -48.617  -15.433 0.4000000060
20692  -25.361  -49.958  -21.035 0.4000000060
131663  -25.755  -48.804  -20.239 0.4000000060
22115  -14.568  -48.918  -15.853 0.4000000060
20679  -23.653  -50.345  -19.567 0.4000000060
19934  -23.335  -51.027  -17.750 0.4000000060
19930  -14.625  -50.995  -16.696 0.3000000119
130045  -23.080  -51.195  -16.744 0.4000000060
140402  -15.017  -52.866  -17.230 0.3000000119
19931  -15.613  -51.397  -17.126 0.3000000119
19220  -17.028  -52.372  -16.967 0.3000000119
19885  -19.868  -51.840  -13.888 0.4000000060
19876  -17.926  -51.654  -12.192 0.3000000119
20606  -16.655  -50.137  -14.143 0.4000000060
129661  -16.862  -48.778  -14.192 0.4000000060
22104  -15.778  -48.501  -14.589 0.4000000060
22136  -25.527  -48.053  -17.970 0.4000000060
126542  -25.434  -48.509  -20.540 0.4000000060
22842  -15.413  -47.387  -15.448 0.4000000060
21415  -24.948  -49.118  -20.784 0.4000000060
21378  -14.932  -49.058  -16.232 0.4000000060
20672  -23.480  -50.303  -18.476 0.4000000060
128532  -23.885  -48.828  -19.666 0.4000000060
20649  -15.772  -49.961  -16.699 0.3000000119
21389  -23.517  -49.517  -18.118 0.4000000060
20662  -17.083  -50.533  -17.346 0.3000000119
20652  -22.935  -50.484  -16.036 0.5000000000
19229  -16.089  -52.109  -17.434 0.3000000119
19943  -17.241  -51.157  -17.207 0.3000000119
20637  -22.490  -50.545  -15.217 0.5000000000
19204  -18.201  -52.041  -15.298 0.3000000119
19901  -21.169  -51.270  -14.170 0.4000000060
19190  -17.835  -52.812  -15.113 0.4000000060
20608  -17.982  -50.286  -13.207 0.3000000119
23617  -15.685  -46.824  -15.155 0.3000000119
22143  -25.610  -48.430  -19.196 0.4000000060
22851  -15.527  -47.330  -15.990 0.3000000119
141289  -25.206  -47.950  -20.567 0.4000000060
22872  -25.574  -47.589  -19.205 0.3000000119
119639  -15.907  -48.195  -16.345 0.3000000119
123070  -24.041  -48.103  -19.744 0.4000000060
22160  -25.115  -47.492  -20.581 0.4000000060
120356  -17.431  -49.315  -17.068 0.3000000119
21380  -17.709  -49.737  -16.920 0.3000000119
21382  -23.150  -49.838  -16.255 0.4000000060
19933  -18.098  -50.855  -16.077 0.3000000119
20636  -19.217  -50.353  -15.129 0.3000000119
20624  -20.069  -50.342  -14.614 0.3000000119
21359  -21.530  -49.765  -14.659 0.3000000119
23625  -15.524  -46.490  -15.837 0.3000000119
129002  -15.451  -45.552  -15.907 0.3000000119
22852  -16.272  -47.479  -16.417 0.3000000119
22881  -25.468  -46.900  -20.027 0.3000000119
22149  -24.568  -47.653  -20.342 0.4000000060
136923  -25.187  -46.509  -20.437 0.4000000060
135928  -18.195  -47.992  -16.916 0.3000000119
22142  -23.690  -48.671  -18.781 0.4000000060
22879  -24.183  -47.233  -19.824 0.4000000060
21381  -18.289  -49.574  -16.380 0.3000000119
20635  -18.489  -50.282  -15.792 0.3000000119
21370  -23.199  -49.107  -16.077 0.3000000119
22106  -21.293  -48.916  -14.752 0.3000000119
23641  -18.276  -46.368  -16.666 0.3000000119
22117  -18.713  -48.707  -16.164 0.3000000119
125750  -23.875  -47.039  -18.887 0.3000000119
23659  -24.782  -45.176  -20.291 0.3000000119
22118  -19.515  -48.166  -15.612 0.3000000119
22130  -23.437  -48.597  -16.873 0.3000000119
21358  -20.486  -49.511  -14.765 0.3000000119
123775  -22.716  -48.725  -15.384 0.3000000119
124308  -18.651  -45.744  -16.466 0.3000000119
134441  -19.010  -44.171  -16.506 0.3000000119
22843  -19.485  -47.237  -15.832 0.3000000119
23651  -23.946  -45.989  -18.539 0.3000000119
23627  -19.892  -46.392  -15.679 0.3000000119
24456  -19.556  -44.634  -16.138 0.3000000119
19192  -18.950  -51.776  -14.543 0.4000000060
19203  -17.456  -52.401  -16.105 0.3000000119
19915  -17.854  -51.529  -16.043 0.3000000119
4562  -19.084  -74.283  -25.765 0.6000000238
4036  -19.315  -75.981  -24.158 0.5000000000
3562  -17.712  -76.686  -23.162 0.5000000000
123935  -16.979  -76.610  -22.874 0.5000000000
3564  -19.407  -76.952  -24.070 0.5000000000
3091  -21.384  -77.881  -22.932 0.5000000000
141769  -18.407  -72.581  -25.491 0.6999999881
5757  -20.850  -72.441  -26.027 0.6999999881
5735  -18.077  -72.219  -23.705 0.6999999881
5126  -16.874  -72.380  -24.663 0.6999999881
3090  -20.697  -78.226  -23.390 0.4000000060
133384  -17.121  -71.887  -23.953 0.6999999881
4048  -21.865  -75.373  -23.697 0.5000000000
5083  -25.241  -73.789  -19.124 0.3000000119
4050  -23.746  -74.997  -23.908 0.5000000000
127059  -25.337  -74.321  -25.316 0.3000000119
129020  -24.127  -72.364  -23.477 0.6000000238
126650  -22.536  -72.620  -23.182 0.6000000238
5729  -24.617  -72.292  -22.744 0.5000000000
6376  -23.291  -71.500  -19.314 0.6000000238
5707  -20.290  -73.239  -21.939 0.6999999881
5627  -21.901  -72.752  -16.443 0.3000000119
5677  -20.472  -72.058  -19.676 0.6000000238
118389  -19.901  -72.800  -21.012 0.6000000238
5724  -18.526  -72.473  -22.385 0.6999999881
4580  -21.817  -74.155  -25.866 0.5000000000
124407  -20.919  -75.392  -24.457 0.6000000238
3574  -19.888  -76.475  -24.387 0.5000000000
6409  -17.665  -71.761  -21.232 0.6000000238
118024  -16.323  -71.617  -22.486 0.6999999881
127026  -18.228  -71.312  -18.399 0.5000000000
6408  -16.000  -71.544  -21.663 0.5000000000
5084  -26.390  -74.162  -19.498 0.3000000119
130429  -18.870  -70.610  -16.106 0.6000000238
6390  -15.518  -71.517  -20.934 0.5000000000
5115  -27.487  -73.897  -23.063 0.3000000119
5769  -22.154  -72.667  -26.322 0.5000000000
4514  -26.915  -75.301  -20.003 0.3000000119
6367  -14.043  -71.568  -19.745 0.5000000000
6433  -27.197  -71.265  -23.279 0.4000000060
6298  -22.931  -71.787  -15.515 0.3000000119
134708  -26.731  -67.839  -17.761 0.6000000238
9332  -21.508  -66.946  -16.451 0.6999999881
8725  -23.722  -67.376  -18.057 0.6000000238
8771  -24.227  -67.000  -20.570 0.6000000238
123993  -27.719  -66.714  -18.404 0.6000000238
10663  -28.696  -63.605  -20.806 0.5000000000
8227  -28.618  -68.789  -24.853 0.4000000060
124242  -27.402  -64.790  -18.575 0.6000000238
10619  -27.845  -63.823  -18.887 0.5000000000
10594  -26.588  -64.340  -17.933 0.6000000238
10574  -30.779  -64.511  -16.364 0.4000000060
137658  -20.710  -67.169  -19.724 0.6000000238
8789  -22.539  -67.266  -22.031 0.6999999881
11980  -17.264  -61.105  -21.057 0.6000000238
11313  -30.571  -63.166  -20.101 0.4000000060
10576  -32.674  -63.664  -16.065 0.4000000060
10519  -27.011  -64.411  -14.053 0.4000000060
9359  -19.474  -66.651  -18.687 0.6000000238
14039  -17.271  -58.954  -20.326 0.6000000238
11966  -18.255  -61.735  -18.731 0.6000000238
10695  -29.883  -63.797  -24.052 0.5000000000
12624  -21.065  -60.934  -16.046 0.6000000238
10675  -19.974  -63.951  -22.958 0.4000000060
125713  -22.325  -65.420  -20.405 0.5000000000
10646  -32.431  -63.819  -19.452 0.5000000000
10590  -20.655  -64.841  -17.977 0.6000000238
9948  -21.962  -65.467  -21.519 0.5000000000
12549  -14.629  -61.781  -11.495 0.6000000238
14728  -12.776  -58.713  -13.838 0.5000000000
15517  -22.088  -57.329  -17.573 0.5000000000
13942  -19.497  -59.243  -13.476 0.6000000238
14768  -20.502  -58.337  -15.243 0.6000000238
16262  -22.577  -57.020  -18.174 0.6000000238
121590  -17.348  -59.191  -11.459 0.6000000238
14766  -12.001  -58.134  -15.821 0.5000000000
139106  -24.345  -55.172  -20.280 0.5000000000
132546  -21.590  -54.650  -13.566 0.6000000238
15474  -14.103  -56.987  -14.119 0.5000000000
17669  -20.290  -54.581  -12.788 0.6000000238
19167  -11.810  -52.016  -14.456 0.3000000119
18489  -23.100  -53.447  -18.235 0.5000000000
17694  -15.891  -54.760  -15.151 0.3000000119
19966  -23.744  -51.627  -20.126 0.4000000060
19238  -23.387  -51.895  -19.022 0.4000000060
18443  -17.548  -53.534  -14.765 0.4000000060
18458  -16.561  -53.621  -16.058 0.3000000119
19902  -21.844  -51.619  -14.376 0.5000000000
19884  -17.365  -51.588  -13.169 0.3000000119
20660  -15.936  -50.816  -17.068 0.3000000119
21383  -23.392  -49.506  -17.053 0.4000000060
19900  -20.426  -51.136  -14.215 0.3000000119
22127  -16.853  -48.856  -16.937 0.3000000119
20627  -22.211  -49.949  -14.879 0.4000000060
21334  -18.950  -49.774  -12.465 0.3000000119
22128  -17.589  -48.525  -17.015 0.3000000119
22863  -23.624  -47.985  -17.939 0.4000000060
22855  -18.581  -47.162  -16.562 0.3000000119
4456  -12.581  -74.608  -16.762 0.5000000000
4469  -12.779  -74.390  -17.574 0.5000000000
5063  -13.141  -73.092  -18.407 0.5000000000
5659  -12.770  -72.450  -19.187 0.4000000060
3936  -12.300  -74.851  -15.235 0.5000000000
5024  -13.193  -73.967  -16.004 0.5000000000
120109  -13.062  -74.071  -16.847 0.5000000000
5044  -13.654  -72.692  -17.616 0.5000000000
5661  -13.972  -72.010  -18.167 0.5000000000
6346  -13.572  -71.734  -19.007 0.4000000060
4997  -13.059  -74.060  -14.002 0.4000000060
5009  -13.407  -73.596  -15.028 0.5000000000
5623  -13.993  -72.564  -16.630 0.5000000000
6348  -15.199  -71.556  -18.547 0.4000000060
5594  -13.600  -73.148  -14.173 0.5000000000
5607  -13.880  -72.798  -15.103 0.5000000000
127106  -13.698  -73.079  -15.889 0.5000000000
6276  -14.553  -71.867  -15.083 0.5000000000
5624  -14.544  -72.005  -16.481 0.5000000000
6293  -15.245  -71.462  -15.553 0.5000000000
6309  -15.608  -71.434  -16.422 0.5000000000
6330  -15.910  -71.408  -17.203 0.4000000060
5583  -14.403  -71.831  -14.050 0.5000000000
6277  -15.872  -71.034  -14.838 0.5000000000
6294  -16.133  -71.193  -15.771 0.5000000000
6310  -16.438  -71.276  -16.628 0.5000000000
8100  -15.189  -68.324  -11.880 0.5000000000
6263  -14.692  -71.314  -13.685 0.5000000000
6921  -14.964  -70.330  -12.724 0.5000000000
6950  -15.647  -70.720  -13.995 0.5000000000
6934  -16.210  -70.230  -13.428 0.5000000000
6951  -16.485  -70.571  -14.199 0.5000000000
6935  -17.086  -70.069  -13.555 0.5000000000
6971  -16.776  -70.862  -15.058 0.5000000000
6295  -17.061  -71.089  -15.993 0.5000000000
7530  -15.596  -69.059  -12.139 0.5000000000
8659  -16.515  -67.627  -12.481 0.5000000000
9289  -17.282  -66.605  -14.115 0.5000000000
7531  -16.417  -69.064  -12.448 0.5000000000
8660  -17.356  -67.848  -12.717 0.5000000000
9273  -17.998  -66.989  -13.779 0.5000000000
7548  -17.541  -69.406  -13.105 0.5000000000
8110  -17.735  -68.596  -12.873 0.5000000000
8111  -17.980  -67.940  -13.016 0.5000000000
7570  -17.962  -69.894  -13.706 0.5000000000
7571  -18.761  -69.632  -13.960 0.5000000000
6952  -17.405  -70.435  -14.342 0.5000000000
6972  -17.701  -70.689  -15.252 0.5000000000
6994  -18.782  -70.837  -16.925 0.5000000000
9342  -17.799  -66.423  -17.752 0.5000000000
119719  -18.596  -66.429  -17.397 0.6000000238
127691  -18.005  -66.683  -14.415 0.5000000000
8676  -18.347  -67.581  -13.432 0.5000000000
119499  -18.929  -66.523  -15.604 0.5000000000
8677  -19.067  -67.727  -13.641 0.5000000000
8691  -19.357  -67.336  -14.093 0.5000000000
6954  -19.111  -70.041  -14.703 0.5000000000
7572  -19.524  -69.387  -14.232 0.5000000000
6973  -18.586  -70.493  -15.382 0.5000000000
9379  -18.099  -66.565  -19.324 0.5000000000
9380  -18.961  -66.641  -19.350 0.5000000000
134291  -19.271  -66.484  -17.060 0.6000000238
10613  -16.380  -64.145  -18.952 0.5000000000
121011  -16.423  -62.636  -20.828 0.6000000238
136982  -16.415  -63.705  -18.219 0.5000000000
139392  -16.366  -62.301  -19.132 0.5000000000
121278  -15.838  -61.057  -20.177 0.6000000238
11964  -16.206  -61.376  -19.040 0.6000000238
130672  -16.457  -62.660  -18.383 0.5000000000
130097  -16.303  -60.971  -17.890 0.6000000238
12622  -16.469  -61.613  -16.829 0.5000000000
13312  -16.316  -59.563  -18.992 0.6000000238
13313  -16.421  -60.209  -17.985 0.6000000238
11939  -16.479  -62.219  -16.004 0.5000000000
13303  -16.891  -60.167  -17.081 0.6000000238
14018  -17.740  -58.757  -18.056 0.6000000238
126806  -16.592  -62.137  -15.356 0.5000000000
13290  -16.925  -60.736  -16.311 0.5000000000
11910  -16.325  -62.485  -13.307 0.5000000000
11889  -16.056  -62.328  -12.421 0.6000000238
11860  -12.639  -62.491  -11.751 0.6000000238
11176  -13.690  -62.953  -11.782 0.5000000000
12602  -17.299  -61.424  -14.272 0.6000000238
12612  -17.307  -60.988  -15.285 0.5000000000
11863  -14.970  -62.239  -11.658 0.5000000000
13206  -13.214  -60.998  -11.693 0.6000000238
12548  -13.862  -61.636  -11.487 0.6000000238
13231  -13.485  -60.201  -11.886 0.6000000238
4515  -27.941  -76.074  -19.834 0.3000000119
139886  -29.318  -75.510  -19.142 0.3000000119
4539  -28.008  -75.501  -21.004 0.3000000119
123209  -30.758  -72.214  -19.934 0.3000000119
5103  -28.373  -74.211  -21.073 0.3000000119
4004  -27.537  -76.247  -20.433 0.3000000119
3986  -27.306  -76.389  -20.494 0.3000000119
121084  -15.479  -71.540  -17.843 0.4000000060
7550  -19.113  -68.948  -13.672 0.5000000000
9309  -19.657  -66.682  -15.245 0.5000000000
141982  -16.598  -61.945  -21.547 0.5000000000
5643  -14.298  -72.097  -17.295 0.4000000060
6329  -15.065  -71.670  -17.056 0.5000000000
6264  -15.032  -71.266  -14.455 0.5000000000
6910  -14.505  -69.857  -12.005 0.5000000000
7529  -15.124  -69.641  -12.289 0.5000000000
8658  -15.098  -67.580  -12.159 0.5000000000
9259  -16.416  -66.947  -12.957 0.5000000000
8109  -16.918  -68.422  -12.483 0.5000000000
9290  -18.759  -66.888  -14.324 0.5000000000
3987  -28.462  -75.729  -19.743 0.3000000119
5104  -28.938  -73.277  -21.166 0.3000000119
129422  -29.993  -73.299  -19.551 0.3000000119
5092  -28.541  -75.568  -20.269 0.3000000119
5093  -29.047  -74.826  -20.084 0.3000000119
5696  -30.234  -72.442  -20.671 0.3000000119
23670  -24.960  -45.673  -20.494 0.3000000119
2672  -20.798  -78.339  -22.843 0.5000000000
2692  -20.053  -78.475  -23.798 0.4000000060
3073  -22.370  -77.644  -22.003 0.4000000060
3076  -25.146  -77.313  -21.776 0.4000000060
3082  -22.818  -77.603  -22.009 0.5000000000
3084  -24.484  -77.500  -22.003 0.4000000060
3106  -16.875  -77.966  -26.356 0.5000000000
3531  -26.135  -77.042  -21.111 0.4000000060
3533  -27.086  -76.761  -20.749 0.3000000119
3544  -25.264  -77.207  -21.564 0.4000000060
3550  -17.302  -75.654  -22.574 0.5000000000
3551  -23.188  -77.424  -22.268 0.5000000000
3554  -25.910  -77.059  -21.856 0.4000000060
3555  -26.529  -77.026  -21.100 0.4000000060
3563  -18.615  -76.651  -23.604 0.5000000000
3565  -20.958  -77.416  -23.619 0.4000000060
3568  -23.405  -76.604  -22.653 0.5000000000
4000  -23.805  -75.455  -20.645 0.3000000119
4003  -26.762  -76.796  -20.759 0.3000000119
4005  -28.230  -76.087  -20.219 0.3000000119
4017  -23.463  -76.024  -21.092 0.4000000060
4019  -27.515  -76.435  -20.698 0.3000000119
4026  -24.791  -76.647  -22.552 0.4000000060
4038  -24.997  -75.684  -23.097 0.4000000060
4040  -26.216  -75.284  -22.877 0.3000000119
4047  -20.307  -75.844  -24.523 0.5000000000
4049  -22.778  -74.856  -23.958 0.5000000000
4445  -12.522  -74.633  -15.980 0.5000000000
4492  -24.234  -73.883  -18.933 0.3000000119
4511  -23.810  -74.336  -19.436 0.3000000119
4513  -25.810  -74.618  -19.929 0.3000000119
4528  -23.372  -74.768  -20.040 0.3000000119
4532  -28.770  -75.638  -19.619 0.3000000119
4544  -16.883  -74.064  -22.917 0.6000000238
4547  -27.846  -73.874  -22.039 0.4000000060
4554  -26.533  -74.516  -23.676 0.3000000119
4561  -18.342  -73.854  -25.361 0.6000000238
4563  -20.374  -74.934  -25.181 0.6000000238
4566  -23.356  -74.543  -24.886 0.5000000000
4568  -26.005  -74.293  -24.953 0.3000000119
4577  -18.591  -73.396  -26.074 0.6999999881
4578  -19.300  -73.631  -26.299 0.6000000238
4579  -20.721  -74.175  -26.047 0.5000000000
4582  -23.986  -74.221  -25.754 0.4000000060
4585  -26.951  -73.645  -25.437 0.3000000119
4590  -19.735  -72.969  -26.495 0.8000000119
4591  -20.622  -73.292  -26.494 0.6000000238
4592  -21.466  -73.574  -26.343 0.5000000000
4593  -22.828  -73.265  -26.424 0.4000000060
4596  -25.296  -73.907  -26.035 0.4000000060
5008  -12.831  -74.321  -15.124 0.5000000000
5025  -13.493  -73.331  -16.761 0.5000000000
5031  -22.260  -73.175  -17.217 0.3000000119
5043  -13.208  -73.626  -17.622 0.5000000000
5069  -23.241  -73.560  -18.164 0.3000000119
5086  -29.649  -74.893  -19.259 0.3000000119
5100  -13.803  -73.456  -21.952 0.5000000000
5102  -19.405  -73.021  -22.046 0.6999999881
5110  -13.877  -72.269  -22.328 0.5000000000
5111  -15.191  -72.894  -22.985 0.5000000000
5113  -16.509  -73.208  -23.995 0.6999999881
5114  -19.759  -73.204  -22.869 0.6999999881
5117  -29.278  -72.832  -23.237 0.3000000119
5121  -16.311  -72.470  -24.251 0.6000000238
5125  -29.091  -72.893  -24.200 0.3000000119
5127  -17.416  -72.714  -25.207 0.8000000119
5128  -17.884  -73.013  -25.763 0.8000000119
5130  -28.731  -72.817  -25.085 0.3000000119
5132  -18.363  -72.891  -26.026 0.6999999881
5134  -25.885  -73.386  -26.251 0.3000000119
5136  -27.379  -73.258  -25.737 0.3000000119
5138  -18.941  -72.822  -26.195 0.6999999881
5140  -21.337  -72.871  -26.468 0.5000000000
5143  -24.257  -73.144  -26.451 0.4000000060
5144  -25.060  -73.303  -26.384 0.4000000060
5145  -26.479  -72.914  -26.259 0.3000000119
5146  -27.013  -73.117  -26.136 0.3000000119
5586  -21.294  -72.410  -12.984 0.3000000119
5595  -14.071  -72.406  -14.484 0.5000000000
5610  -21.480  -72.415  -15.556 0.3000000119
5626  -21.010  -72.758  -16.134 0.3000000119
5644  -23.687  -72.724  -17.177 0.3000000119
5660  -13.339  -72.267  -18.625 0.4000000060
5675  -12.898  -71.867  -19.393 0.5000000000
5676  -19.584  -71.813  -19.523 0.6000000238
5691  -21.551  -72.504  -20.619 0.6000000238
5695  -29.437  -73.359  -20.301 0.3000000119
5706  -18.052  -72.054  -21.750 0.6000000238
5710  -23.557  -72.326  -21.587 0.5000000000
5721  -14.315  -72.014  -22.548 0.5000000000
5722  -15.991  -71.920  -24.029 0.6000000238
5734  -16.524  -71.997  -24.334 0.6999999881
5736  -19.071  -72.720  -23.847 0.6999999881
5744  -17.460  -72.575  -25.108 0.6999999881
5745  -17.827  -72.559  -25.331 0.6999999881
5748  -20.958  -72.554  -25.307 0.6000000238
5751  -24.024  -72.264  -25.308 0.4000000060
5755  -19.020  -72.618  -25.894 0.6999999881
5758  -21.996  -72.385  -26.073 0.6999999881
5760  -23.532  -72.309  -25.969 0.4000000060
5761  -25.218  -72.374  -26.056 0.4000000060
5767  -20.340  -72.671  -26.277 0.8000000119
5768  -21.252  -72.567  -26.224 0.6999999881
5770  -23.117  -72.620  -26.267 0.5000000000
6253  -14.548  -71.052  -12.938 0.5000000000
6262  -14.258  -71.743  -13.160 0.5000000000
6292  -14.712  -71.836  -15.852 0.5000000000
6297  -21.938  -71.938  -15.035 0.3000000119
6308  -15.013  -71.676  -16.274 0.5000000000
6311  -17.302  -71.178  -16.885 0.6000000238
6314  -24.438  -71.652  -16.291 0.3000000119
6331  -16.726  -71.332  -17.412 0.5000000000
6333  -19.922  -71.034  -17.857 0.6999999881
6347  -14.393  -71.629  -18.760 0.4000000060
6352  -21.545  -71.134  -18.161 0.6999999881
6353  -22.830  -71.233  -18.665 0.6000000238
6371  -18.014  -71.460  -19.237 0.5000000000
6373  -20.306  -71.648  -19.100 0.6000000238
6374  -21.719  -71.743  -19.290 0.6000000238
6375  -22.478  -71.646  -19.319 0.6000000238
6377  -24.093  -71.326  -19.241 0.6000000238
6387  -13.233  -71.556  -20.479 0.5000000000
6389  -14.896  -71.532  -20.317 0.5000000000
6392  -22.893  -71.926  -19.986 0.6000000238
6395  -25.581  -71.614  -20.612 0.5000000000
6397  -27.271  -71.153  -20.894 0.5000000000
6407  -15.053  -71.639  -22.108 0.6000000238
6412  -26.845  -71.428  -21.639 0.5000000000
6421  -15.047  -71.932  -23.021 0.6000000238
6423  -16.574  -71.747  -23.427 0.6999999881
6424  -25.778  -71.932  -22.535 0.5000000000
6432  -26.602  -71.579  -23.698 0.4000000060
6443  -25.734  -72.235  -25.723 0.4000000060
6922  -15.802  -69.795  -12.712 0.5000000000
6933  -15.055  -70.850  -13.567 0.5000000000
6953  -18.295  -70.264  -14.498 0.5000000000
6974  -19.378  -70.317  -15.528 0.6999999881
6993  -18.030  -70.860  -16.279 0.5000000000
6995  -19.532  -70.541  -16.346 0.6000000238
6997  -21.753  -70.188  -16.528 0.6999999881
7010  -20.368  -70.732  -17.245 0.6999999881
7011  -22.710  -70.448  -17.373 0.6000000238
7023  -26.606  -70.373  -18.688 0.5000000000
7024  -27.440  -70.444  -19.283 0.5000000000
7032  -25.774  -70.891  -19.133 0.5000000000
7042  -28.451  -70.253  -20.537 0.5000000000
7046  -28.484  -70.235  -21.486 0.5000000000
7057  -27.791  -70.745  -22.972 0.4000000060
7059  -27.687  -70.832  -24.109 0.4000000060
7064  -28.112  -70.861  -25.024 0.4000000060
7517  -14.814  -69.103  -11.882 0.5000000000
7532  -17.118  -69.035  -12.678 0.5000000000
7547  -16.730  -69.603  -12.928 0.5000000000
7549  -18.341  -69.155  -13.341 0.5000000000
7573  -20.364  -69.107  -14.458 0.6999999881
7590  -19.887  -69.819  -14.947 0.6000000238
7592  -21.727  -68.894  -15.082 0.6000000238
7607  -22.447  -69.672  -16.212 0.6000000238
7608  -23.932  -69.135  -16.480 0.6000000238
7610  -25.642  -68.557  -17.227 0.6000000238
7621  -26.146  -69.158  -17.479 0.6000000238
7633  -27.403  -69.669  -18.366 0.5000000000
7643  -28.583  -69.517  -19.232 0.5000000000
7650  -28.863  -69.693  -19.986 0.5000000000
7665  -28.459  -70.133  -22.602 0.4000000060
7676  -28.831  -69.828  -25.122 0.4000000060
7678  -30.181  -69.707  -25.105 0.4000000060
8099  -14.438  -68.646  -11.756 0.5000000000
8108  -16.106  -68.358  -12.170 0.5000000000
8121  -18.605  -68.333  -13.325 0.5000000000
8122  -19.440  -68.312  -13.724 0.5000000000
8123  -19.706  -67.791  -13.925 0.5000000000
8138  -19.756  -68.803  -13.984 0.6000000238
8141  -21.730  -68.197  -14.851 0.6000000238
8156  -22.932  -68.363  -15.617 0.6000000238
8190  -27.749  -68.705  -18.076 0.6000000238
8192  -29.122  -67.750  -18.876 0.5000000000
8201  -28.783  -68.959  -18.927 0.5000000000
8207  -29.566  -68.450  -20.688 0.5000000000
8228  -28.596  -67.968  -24.822 0.4000000060
8231  -28.752  -69.093  -25.081 0.4000000060
8232  -28.666  -68.228  -25.031 0.4000000060
8233  -29.313  -67.917  -25.195 0.4000000060
8674  -17.029  -67.285  -12.902 0.5000000000
8675  -17.642  -67.401  -13.195 0.5000000000
8690  -18.721  -67.267  -13.824 0.5000000000
8692  -21.247  -67.709  -14.712 0.6000000238
8705  -21.619  -67.385  -15.279 0.6999999881
8706  -23.156  -67.786  -15.856 0.6000000238
8739  -23.673  -67.505  -19.464 0.6000000238
8740  -24.543  -67.458  -19.063 0.6000000238
8741  -25.239  -67.269  -19.151 0.5000000000
8742  -25.832  -67.120  -18.728 0.6000000238
8743  -27.240  -67.409  -18.151 0.6000000238
8744  -27.960  -67.709  -18.234 0.6000000238
8770  -22.229  -67.574  -20.661 0.6999999881
8786  -20.922  -67.370  -23.092 0.5000000000
8788  -22.076  -67.588  -21.646 0.6999999881
8790  -23.169  -67.244  -21.319 0.6999999881
8806  -22.326  -66.914  -22.698 0.6000000238
8807  -29.113  -67.461  -23.431 0.4000000060
8815  -29.043  -67.040  -25.183 0.4000000060
9258  -15.742  -67.223  -12.559 0.5000000000
9272  -17.121  -66.905  -13.403 0.5000000000
9288  -16.316  -66.572  -13.738 0.5000000000
9291  -19.568  -66.976  -14.609 0.5000000000
9292  -20.187  -66.956  -14.881 0.5000000000
9310  -20.395  -66.765  -15.512 0.6999999881
9329  -18.730  -66.438  -16.492 0.6000000238
9331  -20.655  -66.717  -16.404 0.6000000238
9333  -22.314  -67.217  -16.393 0.6999999881
9343  -19.309  -66.536  -17.840 0.6999999881
9344  -20.638  -66.826  -18.128 0.6999999881
9360  -20.272  -66.861  -18.861 0.6999999881
9361  -21.820  -67.234  -18.958 0.6999999881
9362  -22.567  -67.282  -18.341 0.6999999881
9367  -29.040  -67.006  -18.825 0.6000000238
9381  -19.830  -66.889  -19.576 0.6000000238
9382  -24.632  -66.884  -20.029 0.6000000238
9384  -29.430  -67.086  -19.428 0.5000000000
9398  -19.484  -67.178  -21.454 0.6000000238
9415  -22.781  -67.007  -21.949 0.6999999881
9416  -23.271  -66.873  -21.450 0.6000000238
9431  -21.037  -67.031  -23.793 0.5000000000
9432  -21.783  -66.775  -23.515 0.5000000000
9437  -20.327  -66.803  -24.118 0.4000000060
9439  -21.597  -65.964  -23.732 0.5000000000
9440  -28.665  -65.361  -24.257 0.5000000000
9899  -23.319  -65.189  -17.106 0.5000000000
9900  -24.174  -65.111  -17.208 0.6000000238
9908  -25.808  -64.976  -18.097 0.6000000238
9909  -26.612  -64.786  -18.288 0.6000000238
9917  -23.090  -65.376  -18.994 0.6000000238
9931  -21.386  -65.187  -20.495 0.5000000000
9932  -21.763  -65.234  -19.593 0.6000000238
9935  -24.562  -66.202  -19.696 0.6000000238
9936  -28.653  -64.907  -19.549 0.5000000000
9949  -22.885  -65.739  -21.087 0.6000000238
9950  -23.620  -66.046  -20.721 0.6000000238
9951  -24.188  -66.482  -20.391 0.5000000000
9968  -21.323  -65.146  -22.564 0.5000000000
9969  -22.019  -65.659  -22.572 0.6000000238
9996  -29.109  -65.037  -24.637 0.5000000000
10494  -25.471  -64.456  -13.354 0.5000000000
10497  -29.736  -64.057  -14.024 0.5000000000
10514  -20.770  -64.079  -14.977 0.6000000238
10516  -22.231  -64.647  -14.480 0.5000000000
10517  -23.306  -64.810  -14.199 0.5000000000
10518  -24.281  -64.829  -14.407 0.5000000000
10520  -28.422  -64.418  -14.616 0.6000000238
10523  -30.919  -64.106  -14.972 0.4000000060
10538  -20.212  -63.993  -15.520 0.6000000238
10539  -21.425  -64.604  -15.110 0.6000000238
10542  -24.423  -64.923  -15.455 0.5000000000
10547  -29.602  -64.497  -15.419 0.6000000238
10565  -19.680  -64.154  -16.553 0.6000000238
10567  -21.581  -64.917  -16.289 0.6000000238
10570  -25.552  -64.680  -16.434 0.5000000000
10571  -26.282  -64.471  -16.593 0.6000000238
10575  -31.611  -64.338  -16.390 0.4000000060
10588  -19.012  -64.078  -18.057 0.6000000238
10591  -21.570  -65.118  -18.045 0.6000000238
10592  -22.490  -65.190  -17.191 0.6000000238
10599  -31.636  -64.398  -17.856 0.4000000060
10614  -18.760  -63.857  -18.973 0.6000000238
10615  -19.436  -64.384  -18.834 0.6999999881
10618  -27.192  -64.078  -18.327 0.6000000238
10620  -28.957  -63.547  -18.337 0.5000000000
10641  -20.835  -65.021  -19.595 0.6000000238
10642  -28.215  -63.899  -19.534 0.5000000000
10643  -28.439  -64.014  -20.095 0.5000000000
10661  -20.465  -64.629  -22.074 0.6000000238
10677  -28.842  -63.534  -22.589 0.5000000000
10685  -19.370  -64.124  -23.113 0.5000000000
10686  -20.345  -64.670  -23.369 0.6000000238
10689  -32.022  -63.365  -23.249 0.5000000000
10694  -29.107  -63.736  -24.142 0.5000000000
11175  -12.880  -63.031  -11.821 0.5000000000
11201  -22.869  -63.188  -12.792 0.5000000000
11226  -21.720  -63.648  -13.839 0.6000000238
11230  -29.211  -63.617  -13.273 0.5000000000
11247  -20.836  -63.592  -14.605 0.6000000238
11248  -21.209  -63.354  -14.169 0.6000000238
11251  -31.991  -63.149  -14.845 0.4000000060
11262  -19.722  -63.421  -15.695 0.6000000238
11264  -31.645  -63.758  -15.207 0.4000000060
11265  -32.352  -63.416  -15.439 0.4000000060
11274  -18.804  -63.324  -17.191 0.6999999881
11276  -33.321  -63.340  -16.434 0.4000000060
11289  -28.359  -63.665  -17.940 0.6000000238
11301  -28.851  -63.247  -19.128 0.5000000000
11311  -18.249  -62.541  -21.075 0.5000000000
11312  -28.822  -63.148  -19.938 0.5000000000
11322  -16.826  -62.568  -21.848 0.5000000000
11324  -28.832  -62.965  -20.962 0.5000000000
11333  -17.386  -62.654  -22.165 0.6000000238
11335  -29.532  -62.597  -21.644 0.5000000000
11343  -29.273  -63.308  -23.614 0.5000000000
11345  -33.999  -62.773  -23.503 0.4000000060
11351  -29.944  -63.160  -23.674 0.5000000000
11353  -33.587  -62.208  -23.428 0.4000000060
11861  -13.364  -62.417  -11.641 0.6000000238
11862  -14.176  -62.335  -11.592 0.6000000238
11887  -14.507  -62.843  -11.862 0.5000000000
11888  -15.307  -62.727  -12.200 0.6000000238
11912  -22.266  -62.695  -13.197 0.6000000238
11914  -30.438  -62.736  -13.440 0.4000000060
11915  -31.129  -62.271  -13.821 0.4000000060
11927  -20.643  -63.034  -14.533 0.6000000238
11929  -30.879  -63.150  -13.962 0.4000000060
11940  -19.799  -62.841  -15.435 0.6000000238
11943  -33.644  -62.229  -15.724 0.4000000060
11951  -19.360  -62.877  -16.090 0.6000000238
11958  -18.713  -62.690  -17.304 0.6000000238
11965  -17.774  -61.258  -19.656 0.6000000238
11973  -16.156  -61.915  -20.004 0.5000000000
11979  -16.171  -61.445  -20.872 0.6000000238
11987  -16.699  -61.473  -21.468 0.6000000238
11995  -33.571  -62.202  -23.398 0.4000000060
12003  -32.842  -62.204  -23.291 0.4000000060
12004  -33.387  -62.161  -23.426 0.4000000060
12007  -30.963  -62.666  -23.259 0.4000000060
12008  -32.265  -62.478  -23.288 0.4000000060
12547  -12.911  -61.816  -11.663 0.6000000238
12551  -16.322  -60.999  -11.579 0.6000000238
12552  -16.925  -60.675  -11.701 0.6999999881
12573  -16.888  -61.229  -12.026 0.6999999881
12589  -17.372  -61.401  -13.347 0.6999999881
12590  -21.753  -62.269  -13.701 0.6000000238
12601  -16.862  -61.925  -13.829 0.6000000238
12603  -20.697  -62.355  -14.717 0.6000000238
12611  -16.868  -61.758  -14.901 0.5000000000
12613  -19.642  -62.265  -15.986 0.6000000238
12616  -32.670  -61.737  -14.938 0.4000000060
12629  -18.639  -61.832  -17.904 0.6000000238
12635  -15.775  -60.431  -19.887 0.6000000238
12636  -17.372  -60.073  -20.158 0.6000000238
12641  -15.943  -60.665  -20.505 0.6000000238
12649  -16.825  -60.992  -21.189 0.6000000238
13208  -14.844  -60.536  -11.395 0.6000000238
13230  -12.346  -61.127  -12.097 0.6000000238
13233  -18.038  -60.390  -12.417 0.6000000238
13256  -18.393  -60.409  -13.134 0.6999999881
13280  -18.576  -60.209  -14.142 0.6999999881
13302  -16.561  -60.830  -16.993 0.6000000238
13304  -20.825  -60.736  -16.845 0.6000000238
13305  -21.750  -60.385  -16.647 0.5000000000
13315  -19.676  -60.782  -17.961 0.5000000000
13318  -22.122  -60.049  -17.669 0.5000000000
13324  -15.929  -59.744  -19.745 0.6999999881
13326  -19.349  -60.326  -18.689 0.6000000238
13333  -15.890  -59.911  -20.222 0.6000000238
13338  -16.460  -60.360  -20.647 0.6000000238
13340  -16.571  -60.803  -20.994 0.6000000238
13898  -14.282  -59.992  -11.614 0.5000000000
13900  -15.743  -59.588  -11.374 0.6000000238
13901  -16.500  -59.622  -11.384 0.6000000238
13902  -17.266  -60.033  -11.576 0.6000000238
13903  -17.968  -59.475  -11.700 0.6000000238
13921  -13.741  -59.443  -12.197 0.5000000000
13924  -18.485  -59.791  -12.349 0.6000000238
13966  -12.153  -59.170  -14.343 0.5000000000
13968  -19.631  -59.203  -14.295 0.6000000238
13989  -18.307  -59.657  -15.977 0.6999999881
13990  -19.285  -59.346  -15.226 0.6000000238
14003  -18.305  -59.204  -16.965 0.6999999881
14017  -16.902  -59.351  -18.140 0.6000000238
14026  -16.745  -58.724  -19.420 0.6000000238
14027  -17.871  -58.700  -20.168 0.6999999881
14029  -19.739  -59.775  -19.239 0.6000000238
14030  -20.776  -60.013  -19.139 0.6000000238
14032  -23.282  -59.508  -18.938 0.6000000238
14042  -21.101  -59.402  -20.260 0.6000000238
14045  -24.223  -59.198  -20.997 0.5000000000
14048  -16.349  -59.385  -20.222 0.6000000238
14049  -19.676  -58.240  -20.393 0.6999999881
14052  -23.694  -59.265  -21.793 0.6000000238
14058  -23.996  -59.013  -22.363 0.5000000000
14696  -17.446  -58.492  -11.474 0.6000000238
14712  -13.988  -58.686  -12.523 0.5000000000
14715  -19.292  -58.472  -12.244 0.6000000238
14716  -19.901  -57.961  -12.572 0.6000000238
14729  -13.504  -58.324  -13.345 0.5000000000
14731  -19.747  -58.657  -12.945 0.6000000238
14745  -13.070  -58.029  -14.212 0.5000000000
14746  -19.991  -58.748  -13.806 0.6000000238
14799  -19.279  -58.236  -18.021 0.6999999881
14800  -20.262  -58.254  -17.282 0.6000000238
14812  -16.554  -58.775  -20.041 0.6999999881
14814  -18.112  -57.635  -19.798 0.6999999881
14815  -18.842  -57.685  -19.231 0.6999999881
14822  -16.434  -58.973  -20.105 0.6999999881
14824  -19.204  -57.855  -20.348 0.6999999881
14825  -25.761  -57.848  -21.105 0.5000000000
14830  -20.858  -58.270  -20.874 0.6000000238
14832  -22.588  -58.656  -21.949 0.6000000238
14833  -24.953  -58.589  -22.183 0.5000000000
14835  -23.499  -58.643  -22.298 0.4000000060
14836  -24.294  -58.525  -22.370 0.5000000000
14837  -25.016  -58.307  -22.319 0.5000000000
15433  -17.977  -57.765  -11.567 0.6000000238
15441  -14.819  -57.648  -12.624 0.4000000060
15443  -16.415  -57.436  -11.891 0.6000000238
15461  -21.051  -56.879  -13.276 0.6000000238
15462  -21.344  -57.069  -14.204 0.6000000238
15475  -20.977  -57.759  -14.728 0.6000000238
15493  -21.021  -57.874  -15.706 0.6000000238
15508  -21.108  -57.910  -16.725 0.6000000238
15516  -21.493  -57.659  -17.591 0.5000000000
15540  -19.039  -57.649  -20.187 0.6999999881
15542  -20.276  -57.718  -20.145 0.6999999881
15543  -22.207  -57.729  -20.661 0.5000000000
15547  -19.504  -57.861  -20.417 0.6999999881
15548  -20.074  -57.961  -20.584 0.6999999881
15549  -22.185  -58.185  -21.547 0.4000000060
15551  -24.374  -57.643  -22.083 0.5000000000
16169  -17.236  -57.231  -11.767 0.6000000238
16170  -18.510  -57.026  -11.821 0.6000000238
16171  -19.215  -57.011  -11.997 0.6000000238
16181  -16.670  -56.729  -12.263 0.6000000238
16182  -18.151  -56.430  -12.092 0.6000000238
16185  -20.515  -56.643  -12.683 0.6000000238
16201  -16.253  -56.293  -12.776 0.5000000000
16209  -13.711  -56.631  -14.970 0.5000000000
16211  -15.124  -56.009  -14.208 0.4000000060
16229  -22.172  -56.016  -15.680 0.6999999881
16245  -22.256  -56.425  -16.424 0.6999999881
16275  -23.611  -56.580  -19.573 0.5000000000
16277  -26.320  -57.018  -20.907 0.5000000000
16281  -24.064  -57.085  -20.829 0.5000000000
16283  -26.646  -56.817  -21.936 0.5000000000
16284  -26.846  -56.315  -22.137 0.5000000000
16288  -25.928  -56.802  -22.261 0.5000000000
16289  -26.612  -56.486  -22.169 0.5000000000
16894  -18.418  -55.786  -12.393 0.6000000238
16896  -20.053  -55.442  -12.533 0.6999999881
16911  -17.216  -55.403  -13.061 0.6000000238
16913  -21.446  -55.390  -13.410 0.6000000238
16922  -14.785  -55.671  -15.063 0.4000000060
16924  -16.154  -55.146  -14.337 0.5000000000
16942  -22.103  -55.508  -14.939 0.6000000238
16973  -23.171  -55.254  -18.160 0.6000000238
16974  -23.568  -55.593  -18.970 0.5000000000
16986  -24.112  -55.812  -19.788 0.5000000000
16987  -24.673  -55.874  -20.865 0.5000000000
17666  -17.900  -55.338  -12.740 0.6000000238
17668  -19.428  -54.846  -12.640 0.6000000238
17683  -18.653  -54.328  -13.074 0.6999999881
17696  -17.253  -54.229  -14.339 0.5000000000
17712  -16.292  -54.212  -15.592 0.3000000119
17729  -16.035  -53.963  -16.259 0.3000000119
17730  -22.540  -54.813  -16.596 0.6000000238
18410  -15.494  -53.720  -12.508 0.3000000119
18426  -15.884  -53.188  -13.198 0.3000000119
18430  -20.313  -53.274  -13.284 0.5000000000
18445  -21.902  -53.323  -13.987 0.6000000238
18473  -15.244  -53.431  -17.083 0.3000000119
18475  -16.831  -52.981  -16.596 0.3000000119
18476  -22.649  -53.679  -16.640 0.5000000000
18490  -23.239  -53.676  -18.656 0.5000000000
19169  -15.377  -52.756  -14.002 0.3000000119
19171  -16.842  -52.244  -13.224 0.3000000119
19173  -19.198  -52.314  -13.999 0.4000000060
19174  -20.560  -52.516  -13.548 0.4000000060
19187  -13.577  -51.736  -14.708 0.3000000119
19191  -18.549  -52.499  -14.482 0.4000000060
19194  -22.317  -52.157  -14.855 0.5000000000
19201  -10.800  -51.276  -15.259 0.3000000119
19215  -11.314  -50.983  -15.591 0.4000000060
19217  -14.325  -52.397  -16.842 0.3000000119
19219  -16.453  -52.607  -17.176 0.3000000119
19230  -16.834  -51.848  -17.328 0.3000000119
19232  -23.291  -51.916  -18.305 0.5000000000
19237  -23.034  -53.045  -18.005 0.5000000000
19248  -23.506  -52.134  -19.595 0.4000000060
19887  -21.323  -51.960  -13.890 0.5000000000
19894  -11.222  -50.654  -15.108 0.3000000119
19896  -12.707  -50.698  -14.849 0.4000000060
19898  -14.741  -50.762  -14.678 0.4000000060
19913  -11.416  -50.556  -15.399 0.4000000060
19916  -18.585  -51.121  -15.322 0.3000000119
19917  -19.524  -51.068  -14.570 0.3000000119
19918  -22.728  -51.253  -15.832 0.5000000000
19932  -17.659  -51.018  -16.656 0.3000000119
19941  -16.393  -51.397  -17.346 0.3000000119
19942  -16.889  -51.158  -17.410 0.3000000119
19957  -23.559  -51.344  -19.579 0.4000000060
20596  -18.022  -50.980  -12.824 0.3000000119
20618  -11.578  -50.397  -15.119 0.4000000060
20619  -12.125  -50.315  -15.191 0.4000000060
20625  -20.928  -50.424  -14.437 0.3000000119
20626  -21.817  -50.686  -14.588 0.4000000060
20646  -13.057  -49.818  -16.067 0.4000000060
20648  -15.160  -50.467  -16.662 0.3000000119
20650  -17.485  -50.451  -17.013 0.3000000119
20651  -17.953  -50.311  -16.528 0.3000000119
20653  -23.259  -50.383  -16.901 0.4000000060
20661  -16.572  -50.656  -17.241 0.3000000119
20663  -23.407  -50.161  -17.650 0.4000000060
21355  -14.211  -49.252  -15.415 0.4000000060
21357  -16.505  -49.314  -14.278 0.4000000060
21360  -22.156  -49.125  -14.872 0.3000000119
21365  -13.080  -49.763  -15.705 0.4000000060
21367  -18.959  -49.596  -15.599 0.3000000119
21369  -22.712  -49.671  -15.462 0.3000000119
21377  -14.260  -49.274  -16.114 0.4000000060
21379  -16.798  -49.779  -17.138 0.3000000119
21396  -23.639  -49.520  -19.109 0.4000000060
21404  -24.028  -49.352  -20.096 0.4000000060
21416  -25.707  -49.187  -20.744 0.4000000060
21417  -25.941  -49.348  -20.761 0.4000000060
22083  -18.804  -49.064  -13.055 0.3000000119
22105  -16.466  -47.985  -14.398 0.4000000060
22116  -15.240  -48.117  -15.729 0.4000000060
22126  -15.152  -48.505  -16.112 0.4000000060
22129  -18.867  -47.842  -16.294 0.3000000119
22135  -23.528  -48.866  -17.734 0.4000000060
22150  -25.575  -47.966  -20.074 0.3000000119
22159  -24.495  -48.454  -20.371 0.4000000060
22161  -25.246  -47.414  -20.469 0.3000000119
22834  -15.655  -47.622  -14.830 0.3000000119
22856  -23.453  -47.761  -16.748 0.3000000119
22871  -23.855  -47.813  -19.096 0.4000000060
22880  -24.731  -46.747  -20.422 0.4000000060
22892  -25.086  -46.553  -20.516 0.4000000060
23642  -19.057  -46.422  -16.278 0.3000000119
23669  -24.361  -46.122  -19.890 0.3000000119
23671  -25.322  -46.021  -20.091 0.4000000060
23683  -25.062  -45.742  -20.456 0.3000000119
24436  -15.417  -44.960  -15.885 0.3000000119
24437  -19.465  -45.559  -16.032 0.3000000119
24451  -15.363  -44.894  -15.908 0.3000000119
24455  -18.629  -44.881  -16.501 0.3000000119
24489  -25.052  -44.878  -20.454 0.3000000119
24490  -25.152  -45.044  -20.342 0.3000000119
118691  -22.775  -55.015  -17.455 0.6000000238
119025  -24.040  -70.470  -17.924 0.5000000000
119496  -21.035  -70.524  -16.917 0.6999999881
119971  -24.594  -67.670  -17.147 0.6000000238
120353  -20.861  -72.886  -21.179 0.6000000238
120779  -20.667  -72.543  -13.552 0.3000000119
120884  -21.085  -72.894  -24.038 0.6000000238
120981  -25.061  -64.823  -15.766 0.5000000000
121023  -18.002  -48.965  -16.961 0.3000000119
121073  -30.314  -68.883  -25.017 0.4000000060
121215  -21.794  -55.721  -14.231 0.6000000238
121220  -16.110  -60.342  -18.969 0.6000000238
121386  -18.184  -72.389  -24.822 0.6999999881
121837  -21.798  -72.490  -24.842 0.6000000238
122241  -27.390  -71.986  -25.648 0.4000000060
122636  -18.437  -71.122  -17.675 0.6000000238
122730  -32.055  -64.337  -17.048 0.5000000000
122820  -26.101  -76.414  -22.299 0.4000000060
123003  -13.804  -52.799  -16.689 0.4000000060
123390  -16.713  -61.437  -15.975 0.5000000000
123469  -28.940  -63.424  -23.288 0.5000000000
123922  -26.485  -73.844  -25.441 0.3000000119
124271  -14.251  -72.332  -15.763 0.5000000000
124363  -23.852  -73.595  -18.400 0.3000000119
124566  -14.778  -71.554  -21.243 0.5000000000
124581  -19.597  -61.728  -16.603 0.6000000238
124736  -28.720  -66.428  -24.956 0.4000000060
124774  -15.774  -62.838  -12.866 0.5000000000
124958  -22.526  -66.005  -22.025 0.6000000238
125014  -14.717  -71.717  -17.936 0.4000000060
125020  -22.426  -60.227  -15.993 0.6000000238
125060  -23.046  -67.553  -20.711 0.6000000238
125223  -18.549  -66.493  -18.407 0.5000000000
125230  -23.317  -72.456  -23.358 0.6000000238
125343  -24.539  -77.224  -21.630 0.4000000060
125481  -22.677  -52.746  -16.194 0.5000000000
125558  -17.523  -58.118  -20.194 0.6999999881
125809  -22.605  -59.300  -21.477 0.6000000238
125832  -15.516  -70.417  -13.290 0.5000000000
125842  -15.723  -71.488  -19.885 0.5000000000
126448  -14.669  -61.187  -11.397 0.6000000238
126450  -28.704  -64.192  -16.967 0.6999999881
126577  -15.928  -49.075  -16.541 0.3000000119
126961  -29.428  -68.480  -19.830 0.5000000000
127239  -14.772  -49.633  -16.387 0.4000000060
127301  -20.737  -53.930  -13.113 0.6000000238
127452  -22.510  -65.373  -19.586 0.5000000000
127471  -16.207  -71.426  -17.910 0.5000000000
127774  -29.062  -65.033  -23.048 0.5000000000
127853  -25.068  -64.794  -14.988 0.5000000000
127964  -27.136  -71.335  -24.166 0.4000000060
128061  -19.737  -52.688  -13.563 0.4000000060
128091  -17.179  -71.475  -19.460 0.5000000000
128208  -17.628  -57.840  -20.102 0.6999999881
129105  -24.731  -72.647  -26.277 0.4000000060
129159  -18.102  -62.117  -19.182 0.6000000238
129194  -18.329  -72.727  -25.788 0.8000000119
129589  -18.394  -66.570  -14.996 0.5000000000
129674  -20.063  -64.531  -17.159 0.6000000238
129980  -16.516  -46.761  -16.473 0.3000000119
130028  -16.477  -63.147  -19.297 0.5000000000
130156  -27.119  -76.677  -20.677 0.3000000119
130209  -15.763  -67.764  -12.160 0.5000000000
130248  -31.717  -62.103  -14.306 0.4000000060
130287  -25.262  -48.327  -20.616 0.4000000060
130395  -18.110  -75.793  -23.005 0.5000000000
130561  -28.999  -64.744  -20.385 0.5000000000
130629  -15.123  -52.091  -17.136 0.3000000119
130790  -25.951  -73.471  -18.882 0.3000000119
130865  -21.488  -57.458  -16.044 0.6000000238
131175  -25.044  -58.621  -21.317 0.5000000000
131229  -20.254  -67.487  -14.444 0.6000000238
131326  -30.652  -64.339  -17.890 0.6000000238
131457  -26.696  -64.284  -17.217 0.6000000238
131590  -15.733  -46.751  -16.130 0.3000000119
131704  -26.080  -64.513  -14.015 0.5000000000
131935  -22.360  -53.799  -14.815 0.5000000000
132017  -22.507  -52.634  -15.418 0.5000000000
132491  -18.701  -58.198  -11.758 0.6000000238
132704  -23.613  -71.396  -15.489 0.3000000119
132767  -22.621  -67.888  -15.440 0.6000000238
132937  -15.559  -71.667  -22.669 0.6000000238
134248  -18.512  -66.708  -20.008 0.5000000000
134473  -16.022  -58.946  -11.386 0.5000000000
134498  -15.765  -71.474  -19.022 0.5000000000
134611  -19.083  -66.680  -14.910 0.5000000000
134629  -25.292  -72.156  -23.034 0.5000000000
134851  -29.002  -64.442  -16.088 0.6000000238
135112  -24.293  -68.312  -16.486 0.6000000238
135312  -19.660  -49.753  -15.056 0.3000000119
135635  -21.552  -72.388  -25.821 0.6000000238
135647  -16.173  -64.249  -18.230 0.5000000000
135668  -24.793  -72.290  -23.523 0.6000000238
136169  -27.652  -64.439  -14.601 0.6000000238
136209  -19.974  -72.340  -20.168 0.6000000238
136250  -11.263  -58.587  -16.498 0.5000000000
136275  -17.482  -71.388  -18.621 0.5000000000
136473  -24.717  -77.407  -21.827 0.4000000060
136576  -16.494  -51.668  -13.834 0.3000000119
136756  -22.222  -73.693  -26.244 0.4000000060
136780  -29.412  -67.912  -19.428 0.5000000000
136920  -17.297  -61.227  -12.569 0.6999999881
137504  -15.639  -62.128  -11.857 0.5000000000
137586  -18.876  -63.745  -17.590 0.6999999881
137588  -20.978  -52.201  -13.672 0.5000000000
137972  -22.071  -72.601  -21.134 0.6000000238
138103  -22.263  -71.283  -13.760 0.3000000119
138197  -22.278  -60.552  -15.217 0.6000000238
138458  -16.310  -59.189  -19.740 0.6999999881
138584  -26.994  -64.397  -16.155 0.6000000238
138866  -17.321  -49.965  -17.168 0.3000000119
139034  -11.911  -59.007  -14.919 0.5000000000
139170  -20.402  -77.812  -23.907 0.4000000060
139276  -12.840  -74.327  -16.390 0.5000000000
139363  -21.282  -69.515  -15.359 0.6999999881
139702  -20.127  -53.851  -13.015 0.6000000238
139876  -22.344  -72.703  -22.506 0.6000000238
140235  -12.370  -59.909  -13.077 0.5000000000
140379  -17.151  -58.662  -18.766 0.6999999881
140391  -24.873  -47.948  -20.598 0.4000000060
140548  -13.073  -51.540  -16.480 0.4000000060
140617  -26.504  -64.501  -14.488 0.6000000238
140763  -23.773  -67.069  -21.029 0.5000000000
140764  -23.323  -67.546  -20.158 0.6000000238
140915  -17.360  -51.760  -16.837 0.3000000119
140929  -23.459  -65.376  -18.440 0.6000000238
141060  -18.571  -63.020  -17.603 0.6000000238
141224  -22.116  -58.825  -21.673 0.6000000238
141400  -20.493  -55.961  -12.606 0.6999999881
141476  -22.535  -57.416  -19.236 0.6000000238
141543  -15.803  -71.485  -18.386 0.5000000000
141551  -15.568  -58.434  -11.697 0.5000000000
141722  -29.262  -64.305  -24.401 0.5000000000
142037  -14.211  -72.327  -15.144 0.5000000000
