#!ascii label  , from subject sub-v1s3x0050823_ses-1 vox2ras=TkReg
709
125005  -39.357  -71.440  -4.034 0.0000000000
11164  -31.893  -63.992  -10.659 0.0000000000
9151  -33.137  -66.867  -1.956 0.0000000000
8068  -35.734  -68.457  -7.563 0.0000000000
132911  -29.383  -61.545  -4.710 0.0000000000
9095  -37.793  -66.923  1.979 0.0000000000
12399  -35.019  -61.097  1.450 0.0000000000
17504  -37.717  -54.277  -0.605 0.0000000000
12433  -30.380  -61.709  -0.568 0.0000000000
9782  -31.492  -65.496  -3.732 0.0000000000
13111  -27.896  -60.095  -2.491 0.0000000000
11051  -36.844  -63.441  0.644 0.0000000000
13073  -38.876  -60.216  0.346 0.0000000000
126394  -36.427  -49.081  -0.596 0.0000000000
17502  -35.154  -54.269  -0.506 0.0000000000
4935  -35.262  -73.463  -7.837 0.0000000000
124589  -33.474  -66.070  -8.438 0.0000000000
7479  -30.627  -69.132  -7.515 0.0000000000
141099  -30.722  -67.466  -11.405 0.0000000000
6821  -37.080  -69.981  -3.790 0.0000000000
6883  -39.265  -70.153  -7.335 0.0000000000
9808  -34.964  -65.255  -5.544 0.0000000000
11823  -32.360  -62.102  -6.507 0.0000000000
8535  -35.398  -67.904  -0.164 0.0000000000
11071  -33.303  -63.879  -0.043 0.0000000000
13759  -31.466  -59.371  1.564 0.0000000000
14621  -39.352  -58.831  -2.427 0.0000000000
15330  -35.898  -58.085  -1.488 0.0000000000
15306  -33.468  -57.264  1.556 0.0000000000
16749  -30.885  -55.140  0.148 0.0000000000
121688  -32.748  -71.704  -7.539 0.0000000000
14704  -31.954  -58.886  -11.856 0.0000000000
11849  -34.934  -62.077  -9.674 0.0000000000
10478  -36.861  -64.630  -12.784 0.0000000000
13798  -29.013  -59.837  -0.240 0.0000000000
13096  -28.839  -60.915  -1.315 0.0000000000
121663  -37.464  -71.842  -5.327 0.0000000000
9836  -32.260  -65.263  -9.673 0.0000000000
9224  -30.938  -66.626  -9.588 0.0000000000
138814  -31.368  -65.875  -11.591 0.0000000000
9274  -31.302  -66.678  -13.473 0.0000000000
10474  -32.005  -64.717  -12.906 0.0000000000
7431  -34.596  -69.213  -3.219 0.0000000000
8036  -33.608  -68.273  -3.882 0.0000000000
10399  -30.675  -63.725  -4.147 0.0000000000
9793  -32.577  -65.065  -4.857 0.0000000000
11129  -33.048  -63.251  -4.834 0.0000000000
10418  -33.893  -64.147  -5.475 0.0000000000
12488  -31.432  -61.824  -5.806 0.0000000000
7377  -37.695  -69.747  -0.298 0.0000000000
134918  -36.477  -67.422  0.953 0.0000000000
11712  -36.061  -62.081  1.117 0.0000000000
125049  -34.823  -64.197  0.481 0.0000000000
120424  -34.029  -62.645  0.751 0.0000000000
12418  -32.123  -61.628  0.476 0.0000000000
12397  -33.332  -60.943  1.319 0.0000000000
16770  -38.596  -55.858  -0.977 0.0000000000
14604  -37.407  -58.427  -1.798 0.0000000000
16063  -36.514  -56.617  -1.196 0.0000000000
18270  -33.900  -53.073  -1.204 0.0000000000
16753  -34.009  -56.662  -1.329 0.0000000000
16059  -32.819  -56.230  -0.894 0.0000000000
16033  -31.458  -56.464  1.592 0.0000000000
7489  -38.032  -69.881  -8.158 0.0000000000
6224  -37.041  -71.368  -8.303 0.0000000000
6879  -34.708  -70.338  -7.622 0.0000000000
7477  -28.985  -69.705  -7.660 0.0000000000
15449  -32.669  -57.478  -12.578 0.0000000000
13217  -33.437  -60.385  -11.117 0.0000000000
11852  -37.378  -61.826  -9.740 0.0000000000
10361  -31.707  -64.404  -1.478 0.0000000000
9149  -31.962  -66.125  -3.208 0.0000000000
11087  -30.574  -63.624  -1.932 0.0000000000
11776  -29.463  -62.486  -2.810 0.0000000000
13127  -28.402  -60.840  -3.636 0.0000000000
9735  -37.452  -65.535  0.851 0.0000000000
128580  -37.758  -61.961  0.686 0.0000000000
13053  -37.151  -60.480  1.152 0.0000000000
130779  -37.825  -51.381  -0.780 0.0000000000
133567  -36.633  -54.807  -0.516 0.0000000000
18988  -35.822  -52.388  -0.686 0.0000000000
19750  -34.202  -51.095  -1.955 0.0000000000
20470  -33.586  -50.532  -3.043 0.0000000000
8606  -34.105  -67.595  -7.490 0.0000000000
123078  -33.025  -69.449  -7.332 0.0000000000
137893  -32.081  -67.655  -7.567 0.0000000000
8620  -29.658  -67.587  -8.927 0.0000000000
8101  -29.832  -68.745  -11.120 0.0000000000
8113  -31.321  -68.685  -12.898 0.0000000000
8694  -31.645  -67.830  -14.685 0.0000000000
134409  -33.839  -66.530  -15.211 0.0000000000
136847  -40.637  -69.574  -3.883 0.0000000000
6189  -39.722  -70.740  -5.688 0.0000000000
8059  -38.722  -69.074  -6.341 0.0000000000
8610  -37.828  -67.548  -6.811 0.0000000000
9171  -33.151  -66.716  -4.868 0.0000000000
8592  -36.169  -66.654  -5.549 0.0000000000
8608  -36.293  -66.861  -7.354 0.0000000000
135791  -34.737  -65.663  -7.209 0.0000000000
10427  -33.242  -64.969  -7.861 0.0000000000
11147  -32.150  -63.362  -8.648 0.0000000000
6794  -38.427  -69.643  -1.820 0.0000000000
7394  -35.901  -69.603  -1.818 0.0000000000
8546  -34.234  -67.727  -1.353 0.0000000000
117674  -35.797  -66.266  0.488 0.0000000000
9128  -34.495  -66.422  -0.380 0.0000000000
9748  -33.432  -65.303  -0.615 0.0000000000
11752  -32.149  -62.907  -0.228 0.0000000000
13069  -30.603  -60.559  0.368 0.0000000000
13757  -29.388  -58.729  0.798 0.0000000000
126950  -39.356  -59.421  -1.196 0.0000000000
142446  -37.822  -59.057  0.410 0.0000000000
14567  -35.963  -58.663  1.279 0.0000000000
16062  -35.524  -57.009  -1.410 0.0000000000
15317  -35.187  -57.631  -0.059 0.0000000000
126759  -34.066  -58.824  1.916 0.0000000000
14543  -32.330  -57.873  2.167 0.0000000000
15303  -30.121  -57.440  1.697 0.0000000000
5519  -37.306  -71.807  -7.486 0.0000000000
5547  -35.020  -72.819  -8.335 0.0000000000
119380  -32.096  -70.478  -7.408 0.0000000000
5530  -30.128  -72.020  -7.472 0.0000000000
12507  -29.973  -61.258  -7.123 0.0000000000
140160  -32.038  -61.369  -7.424 0.0000000000
11837  -32.868  -62.229  -8.245 0.0000000000
12525  -34.518  -60.955  -8.360 0.0000000000
124950  -33.144  -62.989  -11.407 0.0000000000
11210  -33.682  -63.496  -12.718 0.0000000000
10499  -34.968  -64.494  -13.661 0.0000000000
14590  -28.237  -58.374  -0.099 0.0000000000
13797  -28.325  -59.334  -0.640 0.0000000000
5490  -37.106  -72.061  -4.249 0.0000000000
138480  -38.180  -71.669  -4.389 0.0000000000
10444  -31.938  -64.710  -10.245 0.0000000000
9846  -31.702  -65.486  -10.617 0.0000000000
133304  -31.640  -64.891  -11.547 0.0000000000
9859  -31.573  -65.307  -12.591 0.0000000000
10458  -31.889  -64.298  -11.489 0.0000000000
8026  -34.167  -68.677  -2.692 0.0000000000
8037  -34.060  -68.745  -3.604 0.0000000000
8025  -33.632  -68.204  -3.072 0.0000000000
127695  -30.135  -62.384  -4.246 0.0000000000
11120  -31.522  -62.896  -4.621 0.0000000000
11796  -30.936  -62.337  -4.760 0.0000000000
11128  -32.468  -62.684  -4.918 0.0000000000
11806  -31.207  -61.977  -5.176 0.0000000000
8481  -38.041  -68.565  2.386 0.0000000000
7959  -37.668  -68.951  1.807 0.0000000000
8502  -36.839  -68.471  1.193 0.0000000000
139781  -36.859  -67.667  1.367 0.0000000000
11711  -35.266  -61.903  1.224 0.0000000000
135266  -34.573  -61.647  1.282 0.0000000000
12420  -33.856  -61.842  1.089 0.0000000000
12398  -34.194  -60.974  1.445 0.0000000000
18246  -38.326  -52.994  -0.786 0.0000000000
18247  -39.457  -52.518  -0.797 0.0000000000
17505  -38.869  -53.744  -0.846 0.0000000000
16758  -39.273  -54.635  -0.909 0.0000000000
16757  -38.173  -55.055  -0.714 0.0000000000
16064  -37.555  -56.184  -1.015 0.0000000000
16756  -37.119  -55.477  -0.693 0.0000000000
19012  -33.484  -52.862  -1.822 0.0000000000
17500  -33.300  -55.286  -1.464 0.0000000000
16751  -32.395  -55.871  -1.020 0.0000000000
17521  -32.926  -54.866  -1.738 0.0000000000
137876  -37.273  -69.315  -7.915 0.0000000000
6881  -36.953  -70.111  -8.200 0.0000000000
7480  -35.194  -69.423  -7.561 0.0000000000
135877  -34.911  -60.454  -11.630 0.0000000000
13197  -36.575  -60.928  -9.648 0.0000000000
12537  -36.986  -61.318  -9.770 0.0000000000
11765  -30.979  -63.135  -1.101 0.0000000000
135403  -31.134  -64.194  -1.875 0.0000000000
11764  -30.233  -62.805  -1.544 0.0000000000
13095  -28.251  -60.364  -1.812 0.0000000000
12443  -28.634  -61.178  -2.125 0.0000000000
13112  -28.288  -60.665  -2.707 0.0000000000
12466  -29.203  -61.884  -3.256 0.0000000000
13126  -27.861  -60.202  -3.228 0.0000000000
12402  -37.440  -61.223  0.909 0.0000000000
13072  -37.915  -60.357  0.778 0.0000000000
19730  -37.439  -50.513  -0.671 0.0000000000
20463  -36.979  -49.728  -0.590 0.0000000000
19729  -36.690  -51.388  -0.899 0.0000000000
19744  -36.387  -50.601  -1.095 0.0000000000
20471  -34.034  -50.342  -2.435 0.0000000000
4375  -34.138  -74.314  -8.149 0.0000000000
9208  -33.730  -66.631  -7.841 0.0000000000
8605  -32.980  -67.590  -7.492 0.0000000000
9207  -32.405  -66.743  -8.045 0.0000000000
134452  -31.016  -66.594  -10.354 0.0000000000
8632  -30.293  -67.103  -9.251 0.0000000000
8638  -30.403  -67.121  -10.122 0.0000000000
8661  -30.701  -67.947  -11.705 0.0000000000
8112  -30.893  -68.805  -12.048 0.0000000000
9882  -32.059  -65.662  -14.133 0.0000000000
131294  -31.453  -67.106  -14.245 0.0000000000
9294  -32.259  -66.238  -14.744 0.0000000000
8708  -32.644  -67.490  -15.479 0.0000000000
142632  -33.502  -65.810  -14.814 0.0000000000
6822  -38.551  -69.650  -3.489 0.0000000000
7449  -40.634  -69.663  -4.601 0.0000000000
8062  -38.048  -67.993  -6.569 0.0000000000
8593  -37.221  -66.959  -5.869 0.0000000000
8578  -32.752  -67.220  -4.116 0.0000000000
9170  -32.461  -66.474  -4.436 0.0000000000
9186  -34.047  -65.536  -5.150 0.0000000000
9187  -35.073  -65.593  -5.428 0.0000000000
9197  -36.662  -66.184  -5.995 0.0000000000
9816  -36.038  -65.741  -6.022 0.0000000000
9820  -35.499  -65.887  -6.853 0.0000000000
10417  -33.053  -63.435  -5.815 0.0000000000
126863  -33.244  -64.259  -6.607 0.0000000000
10426  -32.532  -63.930  -7.199 0.0000000000
10436  -32.231  -64.226  -8.383 0.0000000000
130826  -32.290  -63.348  -7.588 0.0000000000
7995  -36.469  -69.389  -0.209 0.0000000000
7376  -36.870  -69.687  -1.018 0.0000000000
136531  -35.920  -69.406  -0.984 0.0000000000
8013  -35.211  -69.042  -1.326 0.0000000000
7993  -34.846  -68.262  -0.937 0.0000000000
120607  -36.970  -64.936  0.661 0.0000000000
9734  -36.537  -65.675  0.734 0.0000000000
10330  -36.212  -64.953  0.602 0.0000000000
10327  -34.075  -63.978  0.324 0.0000000000
118312  -34.955  -65.021  0.353 0.0000000000
9749  -34.257  -65.435  -0.154 0.0000000000
9127  -33.765  -66.103  -0.737 0.0000000000
11070  -32.467  -63.761  -0.471 0.0000000000
11047  -32.896  -63.119  0.128 0.0000000000
13071  -32.442  -60.923  1.015 0.0000000000
13070  -31.515  -60.891  0.614 0.0000000000
13784  -31.056  -60.036  1.001 0.0000000000
13783  -30.257  -59.802  0.681 0.0000000000
13758  -30.619  -59.268  1.288 0.0000000000
13827  -38.947  -59.075  -2.334 0.0000000000
14603  -36.604  -58.253  -1.649 0.0000000000
14592  -37.168  -58.528  -1.358 0.0000000000
14581  -37.276  -58.645  0.242 0.0000000000
13785  -36.783  -58.970  1.139 0.0000000000
14580  -36.372  -58.379  0.557 0.0000000000
17503  -35.610  -55.187  -0.605 0.0000000000
16755  -36.083  -55.910  -0.797 0.0000000000
16754  -35.012  -56.376  -1.174 0.0000000000
16046  -33.720  -56.741  -0.074 0.0000000000
15316  -34.478  -57.276  -0.564 0.0000000000
15315  -34.029  -57.073  0.913 0.0000000000
15307  -34.805  -57.557  0.882 0.0000000000
14545  -34.074  -57.790  1.673 0.0000000000
14565  -33.480  -58.427  2.030 0.0000000000
15305  -32.753  -57.211  1.865 0.0000000000
16735  -31.451  -55.731  0.730 0.0000000000
117675  -30.978  -57.194  2.049 0.0000000000
16032  -30.433  -56.644  1.661 0.0000000000
16031  -29.467  -56.763  1.377 0.0000000000
6199  -40.029  -70.133  -6.138 0.0000000000
6197  -38.050  -71.428  -6.956 0.0000000000
6215  -38.206  -71.124  -7.669 0.0000000000
6222  -35.188  -71.942  -8.192 0.0000000000
5548  -35.755  -72.363  -8.270 0.0000000000
5534  -34.324  -72.222  -7.965 0.0000000000
4934  -33.272  -73.338  -8.049 0.0000000000
5532  -32.583  -72.521  -7.670 0.0000000000
133414  -31.461  -69.028  -7.435 0.0000000000
136726  -32.711  -70.147  -7.383 0.0000000000
122079  -31.272  -70.008  -7.412 0.0000000000
6874  -28.730  -70.562  -7.552 0.0000000000
6209  -30.153  -71.207  -7.457 0.0000000000
13156  -28.990  -60.916  -6.868 0.0000000000
140999  -28.796  -60.532  -7.400 0.0000000000
13170  -32.494  -60.864  -8.338 0.0000000000
11831  -33.194  -61.424  -7.911 0.0000000000
13171  -33.406  -60.907  -8.074 0.0000000000
13183  -35.324  -60.841  -8.889 0.0000000000
13194  -34.032  -60.545  -10.030 0.0000000000
12526  -35.119  -60.937  -8.623 0.0000000000
11848  -33.931  -62.188  -9.469 0.0000000000
11871  -33.864  -62.590  -10.788 0.0000000000
11180  -33.791  -63.014  -11.892 0.0000000000
11181  -34.664  -62.654  -11.310 0.0000000000
11213  -36.443  -63.739  -12.414 0.0000000000
11212  -35.502  -63.439  -12.497 0.0000000000
10477  -35.909  -64.266  -13.161 0.0000000000
13084  -29.268  -60.598  -0.581 0.0000000000
12432  -29.548  -61.351  -0.896 0.0000000000
13083  -28.554  -60.190  -0.939 0.0000000000
13811  -28.120  -59.765  -1.309 0.0000000000
120025  -27.472  -58.757  -1.584 0.0000000000
21210  -35.481  -49.108  -1.379 0.0000000000
126891  -34.557  -47.530  -1.706 0.0000000000
5508  -36.421  -72.387  -6.144 0.0000000000
9219  -32.724  -65.829  -9.000 0.0000000000
128920  -31.772  -66.297  -9.094 0.0000000000
9225  -31.554  -66.088  -10.084 0.0000000000
9238  -31.319  -66.182  -10.965 0.0000000000
9247  -31.161  -66.458  -11.700 0.0000000000
128915  -31.082  -67.221  -12.807 0.0000000000
137299  -31.376  -65.925  -13.007 0.0000000000
9869  -31.792  -65.378  -13.368 0.0000000000
9870  -32.492  -64.910  -13.704 0.0000000000
7413  -36.275  -69.817  -2.909 0.0000000000
131930  -36.046  -69.953  -3.969 0.0000000000
7447  -35.560  -69.460  -4.561 0.0000000000
8045  -34.901  -68.725  -4.827 0.0000000000
10400  -31.104  -64.662  -4.190 0.0000000000
9792  -31.770  -65.339  -4.459 0.0000000000
131010  -31.333  -63.891  -4.533 0.0000000000
10401  -32.064  -64.281  -4.757 0.0000000000
10410  -34.090  -64.253  -4.972 0.0000000000
10411  -34.541  -64.791  -5.430 0.0000000000
11130  -33.502  -63.669  -4.898 0.0000000000
135447  -32.423  -62.500  -5.318 0.0000000000
11815  -32.108  -62.081  -5.990 0.0000000000
7973  -36.630  -69.021  0.554 0.0000000000
8521  -36.128  -68.171  0.479 0.0000000000
11735  -36.433  -62.717  0.836 0.0000000000
126599  -36.322  -64.177  0.609 0.0000000000
11734  -35.489  -62.779  0.894 0.0000000000
11049  -34.592  -63.274  0.653 0.0000000000
11048  -33.703  -63.236  0.432 0.0000000000
11732  -33.337  -62.482  0.588 0.0000000000
13047  -31.927  -60.153  1.304 0.0000000000
16080  -39.976  -56.319  -1.371 0.0000000000
16079  -38.945  -56.787  -1.431 0.0000000000
14606  -38.693  -58.653  -2.253 0.0000000000
139134  -38.175  -57.551  -1.730 0.0000000000
16078  -36.970  -57.286  -1.500 0.0000000000
16077  -36.030  -57.670  -1.560 0.0000000000
119418  -34.455  -53.900  -0.681 0.0000000000
132581  -34.570  -55.566  -0.966 0.0000000000
138131  -33.688  -55.930  -1.376 0.0000000000
16060  -33.393  -56.559  -1.013 0.0000000000
16045  -33.000  -56.309  0.054 0.0000000000
142275  -32.339  -56.690  1.584 0.0000000000
16736  -32.332  -55.893  -0.047 0.0000000000
16750  -31.729  -55.469  -0.361 0.0000000000
6890  -38.808  -70.115  -7.765 0.0000000000
6225  -37.869  -71.061  -8.103 0.0000000000
6889  -37.523  -70.718  -8.279 0.0000000000
6214  -35.278  -71.107  -7.969 0.0000000000
6213  -34.419  -71.246  -7.739 0.0000000000
7478  -29.779  -69.421  -7.592 0.0000000000
125811  -33.503  -58.919  -12.829 0.0000000000
13931  -32.804  -59.093  -12.384 0.0000000000
13912  -33.040  -59.932  -11.883 0.0000000000
13218  -34.369  -60.473  -11.068 0.0000000000
13196  -35.816  -60.811  -9.380 0.0000000000
11850  -35.770  -61.379  -9.234 0.0000000000
132544  -35.718  -62.325  -10.497 0.0000000000
11872  -36.665  -62.402  -10.564 0.0000000000
11183  -36.993  -63.215  -11.586 0.0000000000
132170  -32.643  -65.677  -1.561 0.0000000000
9150  -32.630  -66.681  -2.613 0.0000000000
9771  -32.309  -65.905  -2.235 0.0000000000
9770  -31.623  -65.465  -2.742 0.0000000000
10388  -31.023  -64.911  -3.226 0.0000000000
12444  -29.192  -61.635  -1.659 0.0000000000
11777  -29.891  -63.078  -2.369 0.0000000000
11101  -29.855  -63.125  -3.194 0.0000000000
11786  -29.678  -62.466  -3.569 0.0000000000
11795  -29.475  -61.807  -4.071 0.0000000000
12475  -28.868  -61.286  -4.287 0.0000000000
9114  -37.877  -66.075  1.269 0.0000000000
131544  -37.798  -63.462  0.526 0.0000000000
11737  -38.194  -62.711  0.493 0.0000000000
11736  -37.308  -62.696  0.678 0.0000000000
12401  -36.879  -61.957  0.961 0.0000000000
134332  -36.398  -61.667  1.155 0.0000000000
13052  -36.400  -60.497  1.357 0.0000000000
18990  -38.619  -51.947  -0.775 0.0000000000
18989  -37.596  -52.461  -0.738 0.0000000000
120899  -37.130  -53.649  -0.550 0.0000000000
18245  -36.261  -53.171  -0.523 0.0000000000
20462  -36.002  -49.815  -1.230 0.0000000000
19743  -35.167  -50.875  -1.451 0.0000000000
18987  -34.745  -52.617  -0.852 0.0000000000
19013  -34.261  -51.992  -1.413 0.0000000000
19742  -33.679  -51.925  -2.056 0.0000000000
19749  -33.641  -51.297  -2.594 0.0000000000
129374  -34.588  -68.515  -7.434 0.0000000000
128374  -34.059  -69.448  -7.408 0.0000000000
128821  -33.477  -68.541  -7.346 0.0000000000
127546  -32.336  -68.571  -7.375 0.0000000000
140868  -31.020  -68.662  -7.538 0.0000000000
8076  -30.074  -67.894  -8.227 0.0000000000
8094  -29.269  -68.405  -10.466 0.0000000000
8678  -31.263  -67.725  -13.543 0.0000000000
8124  -31.571  -68.642  -13.927 0.0000000000
7578  -31.952  -69.343  -14.054 0.0000000000
8157  -32.266  -68.140  -15.316 0.0000000000
8158  -33.013  -68.207  -15.664 0.0000000000
6148  -40.840  -70.300  -4.000 0.0000000000
6170  -40.337  -70.728  -4.661 0.0000000000
6171  -40.814  -69.959  -4.813 0.0000000000
6862  -40.519  -69.734  -5.630 0.0000000000
7473  -40.360  -69.739  -6.273 0.0000000000
127398  -39.985  -69.854  -6.247 0.0000000000
7472  -39.687  -69.762  -6.661 0.0000000000
140314  -39.276  -69.255  -7.040 0.0000000000
7482  -37.991  -68.835  -7.648 0.0000000000
8070  -37.791  -67.978  -7.289 0.0000000000
8567  -33.182  -67.751  -3.574 0.0000000000
8579  -33.517  -67.664  -4.538 0.0000000000
9185  -32.881  -65.815  -4.981 0.0000000000
8590  -34.156  -66.701  -5.234 0.0000000000
9190  -37.239  -66.741  -6.045 0.0000000000
9212  -37.246  -66.838  -6.641 0.0000000000
130413  -36.292  -67.648  -7.517 0.0000000000
8607  -35.297  -67.488  -7.555 0.0000000000
9209  -34.685  -66.692  -7.656 0.0000000000
130447  -34.221  -66.077  -7.978 0.0000000000
9814  -34.179  -64.935  -6.598 0.0000000000
9819  -34.008  -65.569  -7.734 0.0000000000
9220  -33.485  -65.794  -8.442 0.0000000000
132984  -32.685  -65.218  -8.948 0.0000000000
10445  -32.029  -64.349  -9.401 0.0000000000
11156  -31.985  -63.731  -9.772 0.0000000000
6824  -40.906  -70.092  -3.453 0.0000000000
6823  -40.050  -69.500  -3.198 0.0000000000
6804  -37.689  -69.756  -2.687 0.0000000000
7396  -38.450  -69.777  -0.955 0.0000000000
7395  -37.171  -69.719  -1.860 0.0000000000
7412  -35.215  -69.513  -2.639 0.0000000000
7411  -34.647  -69.094  -2.439 0.0000000000
8545  -33.621  -67.273  -1.691 0.0000000000
139582  -37.064  -66.087  1.083 0.0000000000
9113  -36.476  -66.538  0.854 0.0000000000
121362  -35.876  -67.175  0.462 0.0000000000
9733  -35.692  -65.414  0.492 0.0000000000
9111  -35.053  -65.906  0.194 0.0000000000
9112  -35.194  -66.829  0.029 0.0000000000
8534  -34.669  -67.340  -0.617 0.0000000000
9141  -34.009  -66.918  -0.985 0.0000000000
9762  -33.157  -65.846  -1.173 0.0000000000
10362  -32.329  -64.505  -1.017 0.0000000000
11069  -31.697  -63.390  -0.717 0.0000000000
11751  -31.414  -62.681  -0.510 0.0000000000
11731  -32.532  -62.354  0.311 0.0000000000
138109  -31.507  -61.626  0.152 0.0000000000
13085  -30.100  -60.976  -0.274 0.0000000000
13068  -29.769  -60.235  0.087 0.0000000000
13782  -29.517  -59.490  0.414 0.0000000000
14605  -38.210  -58.885  -2.101 0.0000000000
13799  -38.691  -59.183  -0.904 0.0000000000
132435  -38.200  -59.518  0.442 0.0000000000
13786  -37.467  -59.531  0.875 0.0000000000
13765  -36.829  -59.802  1.283 0.0000000000
13763  -35.383  -59.354  1.601 0.0000000000
15343  -35.388  -57.673  -1.357 0.0000000000
16061  -34.689  -57.252  -1.290 0.0000000000
15329  -35.146  -57.719  -1.156 0.0000000000
15318  -35.736  -58.036  -0.559 0.0000000000
14579  -35.606  -57.976  0.826 0.0000000000
14566  -34.992  -58.385  1.515 0.0000000000
13762  -34.610  -59.344  1.760 0.0000000000
13049  -33.827  -59.979  1.708 0.0000000000
13760  -32.333  -59.379  1.790 0.0000000000
14563  -31.901  -58.624  2.034 0.0000000000
15304  -31.880  -57.157  2.064 0.0000000000
126749  -31.460  -57.857  2.130 0.0000000000
14562  -31.024  -58.594  1.782 0.0000000000
14561  -30.103  -58.437  1.450 0.0000000000
14578  -29.238  -57.796  1.169 0.0000000000
6188  -38.443  -71.415  -6.059 0.0000000000
5509  -37.320  -71.883  -6.555 0.0000000000
5518  -36.518  -72.425  -7.209 0.0000000000
5537  -37.289  -71.652  -8.050 0.0000000000
136816  -36.087  -72.576  -8.139 0.0000000000
4949  -35.486  -72.992  -8.199 0.0000000000
4948  -33.798  -74.137  -8.316 0.0000000000
6878  -33.583  -70.409  -7.460 0.0000000000
136369  -32.214  -71.186  -7.459 0.0000000000
6876  -30.650  -70.712  -7.445 0.0000000000
136824  -31.489  -71.095  -7.440 0.0000000000
6211  -32.018  -71.816  -7.493 0.0000000000
138959  -27.390  -58.147  -1.183 0.0000000000
13844  -27.446  -59.636  -3.692 0.0000000000
13134  -27.831  -60.241  -4.087 0.0000000000
13135  -28.322  -60.737  -4.590 0.0000000000
12486  -29.574  -61.476  -5.407 0.0000000000
12498  -29.727  -61.372  -6.270 0.0000000000
12499  -30.740  -61.536  -6.443 0.0000000000
12500  -31.637  -61.677  -6.465 0.0000000000
13162  -30.245  -61.058  -7.927 0.0000000000
12508  -31.212  -61.410  -7.219 0.0000000000
12509  -32.203  -61.686  -6.946 0.0000000000
11830  -32.583  -62.379  -7.574 0.0000000000
11165  -32.257  -63.288  -10.137 0.0000000000
13216  -32.506  -60.239  -11.077 0.0000000000
13193  -32.674  -60.521  -9.919 0.0000000000
13181  -33.138  -60.685  -8.695 0.0000000000
11838  -33.882  -61.541  -8.464 0.0000000000
11870  -32.955  -62.745  -10.482 0.0000000000
120693  -32.415  -63.522  -11.269 0.0000000000
11209  -33.003  -63.404  -12.168 0.0000000000
10476  -32.994  -63.814  -12.934 0.0000000000
9871  -33.195  -64.824  -14.038 0.0000000000
11232  -34.277  -63.831  -13.242 0.0000000000
9884  -33.697  -65.195  -14.377 0.0000000000
9296  -34.295  -65.784  -14.658 0.0000000000
5533  -33.445  -72.419  -7.791 0.0000000000
5535  -35.922  -72.833  -7.809 0.0000000000
5536  -36.587  -72.265  -7.889 0.0000000000
5546  -34.206  -73.217  -8.237 0.0000000000
6147  -40.295  -71.030  -3.764 0.0000000000
6169  -38.934  -71.353  -5.003 0.0000000000
6190  -40.473  -70.186  -5.366 0.0000000000
6198  -39.082  -70.789  -6.773 0.0000000000
6210  -30.804  -71.551  -7.459 0.0000000000
6212  -33.537  -71.466  -7.610 0.0000000000
6216  -38.964  -70.508  -7.373 0.0000000000
6223  -36.091  -71.505  -8.328 0.0000000000
6805  -39.198  -69.537  -2.418 0.0000000000
6841  -39.796  -69.469  -4.083 0.0000000000
6867  -39.649  -70.155  -6.860 0.0000000000
6868  -39.757  -69.865  -6.670 0.0000000000
6875  -29.726  -70.398  -7.480 0.0000000000
6877  -32.795  -70.876  -7.458 0.0000000000
6880  -35.892  -70.408  -7.983 0.0000000000
6882  -38.544  -70.579  -7.766 0.0000000000
6888  -36.718  -70.886  -8.352 0.0000000000
7393  -35.006  -69.281  -1.970 0.0000000000
7414  -40.708  -69.819  -3.327 0.0000000000
7432  -35.290  -69.631  -3.588 0.0000000000
7433  -40.903  -69.763  -4.184 0.0000000000
7446  -34.634  -69.174  -4.088 0.0000000000
7450  -40.666  -69.800  -5.032 0.0000000000
7470  -40.703  -69.664  -5.777 0.0000000000
7481  -36.302  -69.340  -7.788 0.0000000000
7483  -38.808  -69.384  -7.510 0.0000000000
7484  -39.403  -69.738  -7.184 0.0000000000
7972  -35.905  -68.751  0.057 0.0000000000
7994  -35.553  -68.811  -0.594 0.0000000000
8011  -33.847  -68.023  -2.158 0.0000000000
8012  -34.513  -68.609  -1.806 0.0000000000
8044  -34.154  -68.455  -4.429 0.0000000000
8056  -35.834  -68.656  -5.278 0.0000000000
8058  -37.918  -68.113  -6.218 0.0000000000
8066  -29.878  -68.598  -7.825 0.0000000000
8067  -31.386  -68.157  -7.560 0.0000000000
8069  -36.968  -68.335  -7.641 0.0000000000
8071  -38.580  -68.438  -7.069 0.0000000000
8093  -28.664  -68.401  -9.819 0.0000000000
8102  -30.357  -68.473  -11.391 0.0000000000
8142  -32.023  -68.771  -14.798 0.0000000000
8503  -37.386  -67.880  1.817 0.0000000000
8558  -32.759  -67.218  -3.315 0.0000000000
8559  -33.236  -67.453  -2.577 0.0000000000
8591  -35.286  -66.588  -5.386 0.0000000000
8594  -37.536  -67.149  -6.206 0.0000000000
8597  -37.595  -67.224  -6.323 0.0000000000
8609  -37.144  -67.315  -7.227 0.0000000000
8631  -29.826  -67.462  -9.586 0.0000000000
8647  -30.405  -67.706  -10.959 0.0000000000
8662  -30.941  -67.228  -11.938 0.0000000000
8695  -33.457  -67.441  -15.554 0.0000000000
8707  -32.056  -67.451  -15.202 0.0000000000
9094  -37.074  -66.864  1.406 0.0000000000
9139  -32.858  -66.282  -1.766 0.0000000000
9140  -33.433  -66.545  -1.374 0.0000000000
9159  -31.912  -66.095  -4.074 0.0000000000
9160  -32.358  -66.683  -3.635 0.0000000000
9188  -35.936  -65.990  -5.580 0.0000000000
9189  -36.646  -66.372  -5.820 0.0000000000
9210  -36.198  -66.230  -6.717 0.0000000000
9211  -36.899  -66.633  -6.654 0.0000000000
9226  -32.120  -65.826  -9.628 0.0000000000
9237  -30.871  -66.968  -11.045 0.0000000000
9275  -35.033  -65.693  -14.420 0.0000000000
9293  -31.673  -66.405  -14.255 0.0000000000
9295  -32.934  -66.230  -15.140 0.0000000000
9313  -31.798  -66.966  -14.847 0.0000000000
9314  -32.397  -66.852  -15.237 0.0000000000
9315  -33.003  -66.856  -15.457 0.0000000000
9747  -32.762  -65.185  -1.066 0.0000000000
9761  -32.092  -65.154  -1.714 0.0000000000
9809  -36.198  -65.964  -5.772 0.0000000000
9835  -31.937  -65.523  -10.087 0.0000000000
9851  -31.485  -65.339  -11.881 0.0000000000
9885  -34.533  -65.079  -14.228 0.0000000000
10328  -34.361  -64.654  0.208 0.0000000000
10329  -35.565  -64.570  0.542 0.0000000000
10331  -37.347  -64.214  0.573 0.0000000000
10347  -32.990  -64.551  -0.537 0.0000000000
10348  -33.732  -64.633  -0.139 0.0000000000
10374  -30.728  -64.299  -2.615 0.0000000000
10375  -31.383  -64.757  -2.244 0.0000000000
10387  -30.570  -64.219  -3.515 0.0000000000
10409  -33.537  -63.868  -4.824 0.0000000000
10451  -31.727  -64.777  -10.978 0.0000000000
10457  -31.749  -64.719  -12.137 0.0000000000
10475  -32.322  -64.059  -12.318 0.0000000000
10498  -33.114  -64.329  -13.522 0.0000000000
10524  -33.897  -64.472  -13.807 0.0000000000
11050  -36.072  -63.371  0.715 0.0000000000
11088  -31.351  -63.777  -1.325 0.0000000000
11089  -31.903  -63.983  -0.956 0.0000000000
11102  -30.221  -63.715  -2.893 0.0000000000
11113  -30.196  -63.044  -3.818 0.0000000000
11119  -30.591  -62.907  -4.315 0.0000000000
11121  -32.306  -63.156  -4.671 0.0000000000
11134  -32.974  -62.917  -5.041 0.0000000000
11140  -32.431  -63.036  -6.611 0.0000000000
11233  -35.025  -63.795  -13.071 0.0000000000
11730  -31.818  -62.202  -0.026 0.0000000000
11733  -34.628  -62.361  1.004 0.0000000000
11750  -30.661  -62.431  -0.827 0.0000000000
11763  -29.501  -62.384  -1.976 0.0000000000
11807  -31.970  -62.215  -5.275 0.0000000000
11839  -34.717  -61.404  -8.761 0.0000000000
11840  -35.324  -61.269  -8.859 0.0000000000
11847  -32.911  -62.472  -9.305 0.0000000000
11873  -37.460  -62.688  -10.721 0.0000000000
12400  -35.912  -61.301  1.320 0.0000000000
12417  -30.896  -61.319  0.001 0.0000000000
12419  -32.946  -61.696  0.800 0.0000000000
12434  -31.151  -61.986  -0.317 0.0000000000
12445  -29.879  -62.091  -1.210 0.0000000000
12456  -29.089  -61.816  -2.458 0.0000000000
12465  -28.716  -61.328  -2.950 0.0000000000
12476  -30.201  -61.850  -4.852 0.0000000000
12485  -28.842  -61.196  -5.077 0.0000000000
12487  -30.490  -61.666  -5.649 0.0000000000
12510  -32.535  -61.757  -7.246 0.0000000000
12516  -31.480  -61.139  -8.083 0.0000000000
12517  -32.674  -61.370  -7.711 0.0000000000
12518  -33.893  -60.884  -8.317 0.0000000000
12527  -35.637  -60.927  -8.878 0.0000000000
13048  -32.824  -60.135  1.579 0.0000000000
13050  -34.762  -60.202  1.627 0.0000000000
13051  -35.604  -60.358  1.507 0.0000000000
13161  -29.319  -60.754  -7.630 0.0000000000
13182  -33.986  -60.807  -8.400 0.0000000000
13195  -34.968  -60.635  -9.696 0.0000000000
13239  -33.739  -60.212  -11.843 0.0000000000
13761  -33.208  -59.236  1.922 0.0000000000
13764  -36.187  -59.576  1.440 0.0000000000
13781  -28.838  -59.059  0.162 0.0000000000
13787  -38.081  -58.893  -0.290 0.0000000000
13788  -38.701  -59.364  0.001 0.0000000000
13796  -27.850  -59.259  -1.251 0.0000000000
13810  -27.707  -59.567  -1.935 0.0000000000
13812  -38.635  -59.136  -2.137 0.0000000000
13911  -32.353  -59.565  -11.734 0.0000000000
14544  -33.184  -57.807  2.015 0.0000000000
14564  -32.749  -58.567  2.085 0.0000000000
14591  -36.367  -58.364  -0.993 0.0000000000
14593  -37.944  -58.834  -1.831 0.0000000000
14720  -33.170  -58.159  -12.802 0.0000000000
15302  -28.763  -57.077  0.956 0.0000000000
15344  -36.600  -58.144  -1.754 0.0000000000
15345  -37.399  -57.922  -1.886 0.0000000000
15346  -38.662  -57.804  -1.909 0.0000000000
16034  -33.168  -56.655  1.094 0.0000000000
16047  -34.003  -57.047  -1.079 0.0000000000
16720  -30.737  -56.042  1.352 0.0000000000
16734  -30.416  -55.542  0.871 0.0000000000
16752  -32.988  -56.172  -1.377 0.0000000000
16769  -32.560  -55.564  -1.564 0.0000000000
17501  -34.129  -54.789  -0.915 0.0000000000
18242  -33.726  -54.097  -1.131 0.0000000000
18243  -34.345  -53.350  -0.819 0.0000000000
18244  -35.077  -53.261  -0.573 0.0000000000
19014  -35.481  -51.663  -1.035 0.0000000000
118617  -34.602  -60.754  -8.820 0.0000000000
121968  -35.530  -66.507  -7.410 0.0000000000
122549  -32.142  -69.609  -7.370 0.0000000000
123051  -33.627  -60.597  -9.274 0.0000000000
123152  -37.937  -56.905  -1.415 0.0000000000
123976  -31.574  -65.965  -13.697 0.0000000000
124957  -32.329  -56.212  0.924 0.0000000000
126564  -31.330  -65.901  -12.216 0.0000000000
127281  -39.652  -55.532  -1.119 0.0000000000
127875  -31.555  -67.401  -7.819 0.0000000000
128323  -31.179  -66.560  -12.525 0.0000000000
129134  -33.217  -60.485  -10.323 0.0000000000
129156  -35.308  -60.578  -10.620 0.0000000000
130904  -35.592  -65.636  -5.687 0.0000000000
131302  -34.673  -73.613  -8.165 0.0000000000
132553  -30.611  -68.316  -7.712 0.0000000000
132791  -36.707  -61.228  1.179 0.0000000000
133000  -31.758  -72.530  -7.597 0.0000000000
133247  -37.927  -67.708  2.360 0.0000000000
133382  -28.917  -61.438  -3.630 0.0000000000
134143  -31.742  -62.337  -4.922 0.0000000000
135377  -32.509  -62.646  -5.778 0.0000000000
135685  -32.557  -64.310  -13.113 0.0000000000
135866  -33.583  -63.937  -13.291 0.0000000000
136327  -30.284  -63.584  -3.559 0.0000000000
136372  -36.151  -54.230  -0.455 0.0000000000
136525  -34.612  -68.223  -4.951 0.0000000000
136857  -32.248  -65.822  -4.617 0.0000000000
136992  -29.952  -68.217  -10.839 0.0000000000
137236  -32.442  -62.490  -7.006 0.0000000000
137241  -36.863  -52.134  -0.744 0.0000000000
137682  -32.228  -63.060  -9.250 0.0000000000
137760  -35.453  -63.724  0.643 0.0000000000
137985  -38.219  -70.548  -8.064 0.0000000000
138233  -39.173  -69.174  -6.818 0.0000000000
138309  -30.411  -69.934  -7.459 0.0000000000
138466  -37.992  -58.375  -2.047 0.0000000000
138538  -36.501  -72.029  -8.246 0.0000000000
138916  -31.542  -65.433  -11.254 0.0000000000
139612  -29.952  -59.169  0.958 0.0000000000
139661  -30.705  -57.896  1.919 0.0000000000
140380  -40.092  -69.838  -6.293 0.0000000000
141445  -33.485  -56.383  -1.282 0.0000000000
141703  -34.943  -66.165  -7.533 0.0000000000
142486  -31.402  -71.868  -7.479 0.0000000000
