#!ascii label  , from subject sub-v1s3x0050823_ses-1 vox2ras=TkReg
1563
4186  25.005  -69.134  -15.214 0.6999999881
134764  24.542  -68.908  -15.938 0.8000000119
4656  24.147  -68.761  -16.291 0.8000000119
4665  23.261  -69.058  -17.068 0.6999999881
3225  24.808  -70.963  -15.461 0.6000000238
3700  24.895  -69.638  -15.647 0.6000000238
4194  24.057  -68.983  -17.000 0.6000000238
124210  24.744  -71.806  -15.379 0.6000000238
4646  24.371  -68.566  -15.407 0.8000000119
4647  23.830  -68.451  -15.739 0.6999999881
4648  23.148  -68.764  -15.764 0.6999999881
4188  22.025  -69.953  -16.318 0.6999999881
3699  25.320  -70.146  -15.048 0.6000000238
4658  22.862  -69.077  -16.423 0.6999999881
2800  24.997  -72.345  -15.338 0.6000000238
2807  26.478  -72.654  -15.900 0.6000000238
2801  24.430  -72.522  -15.568 0.6000000238
1977  24.701  -74.201  -16.288 0.6000000238
2368  23.556  -73.773  -16.175 0.6000000238
4627  23.718  -67.695  -13.880 0.8000000119
119733  22.959  -68.742  -14.127 0.6999999881
4176  22.412  -69.619  -13.865 0.6999999881
3684  21.133  -70.944  -13.944 0.6999999881
4636  24.733  -68.113  -14.419 0.8000000119
4638  23.422  -68.474  -15.035 0.6999999881
3682  22.206  -70.072  -14.669 0.6999999881
4637  24.009  -68.067  -14.839 0.8000000119
4175  22.779  -69.196  -14.864 0.6999999881
4174  25.282  -68.811  -14.578 0.6999999881
3210  25.395  -71.159  -15.054 0.6999999881
2798  26.469  -72.191  -15.528 0.6000000238
3224  25.944  -71.760  -15.128 0.6000000238
2382  25.523  -73.966  -16.652 0.6000000238
127526  25.122  -73.632  -15.904 0.6000000238
1989  25.112  -74.765  -17.214 0.6000000238
132740  24.142  -76.922  -17.835 0.6999999881
1660  23.839  -76.003  -17.265 0.6000000238
1055  24.584  -77.702  -17.601 0.5000000000
1335  23.997  -77.541  -17.752 0.6000000238
790  24.246  -78.551  -16.993 0.5000000000
5117  23.184  -67.508  -12.934 0.8999999762
4628  23.072  -68.166  -13.461 0.8000000119
4158  22.492  -68.956  -13.129 0.6999999881
5130  24.381  -67.564  -13.931 0.6999999881
5116  23.886  -67.068  -13.352 0.8999999762
4159  21.799  -69.724  -12.964 0.6999999881
4635  25.677  -68.262  -13.949 0.8000000119
5129  25.246  -67.484  -13.713 0.8000000119
121368  26.188  -68.944  -14.185 0.8000000119
3679  27.306  -70.105  -14.747 0.6999999881
4173  25.879  -69.478  -14.479 0.6999999881
3698  27.287  -70.844  -15.130 0.8000000119
3244  27.639  -71.470  -15.864 0.8000000119
2815  26.745  -72.886  -16.707 0.6999999881
2366  25.934  -73.262  -16.048 0.6999999881
138030  25.788  -74.369  -17.852 0.6000000238
1659  25.085  -75.729  -18.135 0.6999999881
1061  25.207  -77.094  -17.983 0.6999999881
5639  23.882  -66.389  -12.897 0.8999999762
5102  22.525  -67.065  -12.329 0.8000000119
4143  21.341  -69.202  -12.461 0.6999999881
5114  25.840  -66.667  -13.458 0.8000000119
5115  24.735  -66.635  -13.382 0.8000000119
132489  26.211  -67.552  -13.623 0.6999999881
4170  28.288  -69.128  -14.990 0.6999999881
135391  27.346  -68.086  -14.117 0.6000000238
4172  26.640  -69.661  -14.491 0.8000000119
3697  28.056  -70.821  -15.725 0.8000000119
3262  27.827  -71.776  -16.788 0.8000000119
2814  27.409  -72.440  -17.269 0.6999999881
2398  26.363  -74.002  -18.641 0.8000000119
2381  26.269  -73.601  -17.236 0.6999999881
2416  26.598  -74.672  -19.914 0.8000000119
136749  26.161  -76.238  -18.920 0.6999999881
136935  26.063  -75.910  -19.316 0.6999999881
2002  26.039  -74.850  -19.138 0.6999999881
132527  26.142  -76.514  -18.411 0.6999999881
135403  25.660  -76.467  -18.529 0.6999999881
6175  18.093  -64.752  -11.378 0.6000000238
6786  19.245  -63.970  -11.951 0.6000000238
6789  17.538  -63.819  -11.725 0.6000000238
7486  18.153  -63.225  -11.547 0.6999999881
5620  23.130  -66.309  -12.494 0.8999999762
5103  21.687  -67.571  -12.137 0.6999999881
5113  26.763  -66.757  -13.619 0.6000000238
5144  28.470  -67.640  -14.825 0.6000000238
5127  27.892  -67.671  -14.409 0.6000000238
143119  28.183  -69.996  -15.267 0.6999999881
3722  28.755  -70.645  -17.100 0.6999999881
3715  28.596  -70.399  -16.159 0.6999999881
5658  19.415  -67.788  -14.301 0.6999999881
5131  19.807  -67.968  -13.261 0.6999999881
3261  28.323  -71.345  -17.500 0.8000000119
3243  28.254  -71.111  -16.478 0.8000000119
5672  19.259  -67.500  -15.279 0.6000000238
5132  18.900  -68.023  -13.913 0.6000000238
5119  19.356  -68.055  -12.884 0.6999999881
3280  27.905  -71.959  -17.762 0.6999999881
5133  18.372  -67.827  -14.384 0.5000000000
5120  18.726  -67.805  -13.472 0.6999999881
2397  26.940  -73.627  -19.564 0.8000000119
2821  27.500  -72.576  -18.641 0.8000000119
5145  18.478  -67.972  -14.902 0.5000000000
5134  17.957  -67.908  -15.224 0.5000000000
1674  26.856  -75.276  -19.974 0.6999999881
5674  17.583  -67.711  -15.878 0.5000000000
5685  17.014  -67.342  -16.578 0.6000000238
6221  17.409  -67.088  -15.874 0.5000000000
6208  18.197  -66.753  -14.278 0.6000000238
6195  18.754  -66.060  -13.303 0.6999999881
6174  18.449  -65.932  -11.543 0.6999999881
6220  18.072  -66.142  -15.314 0.5000000000
6855  18.764  -65.100  -14.739 0.6000000238
6805  19.396  -64.366  -12.452 0.6000000238
6236  16.972  -66.626  -16.594 0.6000000238
6854  18.926  -65.329  -13.950 0.6000000238
7526  19.314  -64.157  -14.050 0.6000000238
6235  17.747  -65.496  -16.131 0.5000000000
6875  18.444  -64.706  -15.532 0.5000000000
8153  19.320  -63.221  -13.632 0.6000000238
7485  18.818  -63.429  -11.749 0.6000000238
8139  18.561  -62.643  -11.766 0.6999999881
7471  17.562  -62.575  -11.129 0.6000000238
7488  16.518  -63.413  -11.588 0.6999999881
7527  18.933  -63.926  -14.989 0.6000000238
121300  19.118  -63.339  -14.440 0.6000000238
8144  19.350  -63.118  -12.729 0.6000000238
8145  18.848  -62.531  -12.372 0.6999999881
8140  17.969  -62.115  -11.289 0.5000000000
5621  22.339  -66.272  -12.229 0.8999999762
5637  26.272  -65.961  -13.506 0.6000000238
5638  25.327  -65.840  -13.325 0.6999999881
128694  21.817  -66.840  -12.104 0.8000000119
3654  21.078  -69.857  -12.600 0.6999999881
127671  21.254  -67.232  -12.220 0.6999999881
137827  21.536  -65.923  -12.503 0.8000000119
4645  28.633  -68.421  -15.190 0.6999999881
5640  20.408  -66.861  -13.586 0.8000000119
132633  20.130  -66.653  -14.667 0.6999999881
6219  19.485  -66.612  -15.922 0.6000000238
2827  27.720  -72.511  -19.932 0.8000000119
3295  28.210  -71.831  -20.330 0.8000000119
2828  27.498  -73.539  -20.772 0.8000000119
5684  18.694  -67.529  -15.949 0.5000000000
2415  27.199  -74.504  -20.641 0.8000000119
134493  17.727  -67.858  -15.932 0.5000000000
5166  16.873  -67.493  -17.390 0.5000000000
5686  16.473  -67.198  -17.286 0.6000000238
5156  16.925  -67.567  -16.915 0.6000000238
6252  16.440  -66.130  -17.300 0.6000000238
121971  17.195  -65.443  -16.797 0.6000000238
8133  16.998  -62.210  -10.457 0.5000000000
6896  18.136  -64.317  -16.089 0.5000000000
8705  17.291  -61.883  -10.708 0.5000000000
7472  16.768  -62.840  -10.537 0.6000000238
8172  18.230  -63.017  -15.896 0.6000000238
8154  18.819  -62.673  -14.194 0.6999999881
8724  18.288  -62.039  -13.798 0.6999999881
8709  18.309  -61.941  -11.882 0.6999999881
7548  17.387  -63.630  -17.047 0.6000000238
8715  18.382  -61.926  -12.802 0.6000000238
8173  17.634  -62.788  -16.541 0.6999999881
8155  18.126  -62.257  -14.736 0.6000000238
8732  17.540  -61.653  -14.346 0.5000000000
135567  24.410  -65.752  -12.970 0.6999999881
6180  23.893  -65.175  -12.785 0.6999999881
6181  23.008  -65.524  -12.511 0.6999999881
6182  22.121  -65.667  -12.360 0.8000000119
6194  21.606  -64.952  -13.382 0.6999999881
6207  20.851  -65.583  -13.926 0.6999999881
141331  16.311  -61.717  -9.937 0.5000000000
5706  15.444  -67.090  -18.507 0.5000000000
137767  15.579  -66.843  -18.075 0.6000000238
8700  16.140  -62.513  -9.521 0.5000000000
6267  14.876  -66.731  -19.048 0.5000000000
6287  14.217  -66.184  -20.021 0.5000000000
6916  15.899  -65.451  -17.957 0.6000000238
6897  17.618  -64.460  -16.616 0.6000000238
8716  17.689  -61.432  -12.392 0.5000000000
6932  14.314  -65.784  -19.567 0.5000000000
141590  15.043  -66.091  -18.661 0.6000000238
7563  16.455  -63.790  -17.903 0.6000000238
6826  23.998  -64.676  -13.149 0.6999999881
6827  23.454  -64.492  -13.364 0.6999999881
137643  22.207  -64.731  -13.066 0.6999999881
8174  16.949  -62.220  -17.105 0.5000000000
6288  13.829  -65.478  -20.721 0.5000000000
123832  16.786  -61.356  -14.841 0.5000000000
7577  15.139  -64.754  -18.733 0.5000000000
8185  16.342  -62.589  -17.882 0.5000000000
8184  17.089  -62.911  -17.362 0.5000000000
8756  17.298  -62.002  -16.176 0.5000000000
8758  15.518  -61.142  -17.057 0.5000000000
9373  14.858  -60.706  -16.417 0.5000000000
8194  13.996  -62.733  -19.223 0.5000000000
8764  14.686  -61.447  -17.963 0.5000000000
8744  16.736  -61.485  -15.694 0.5000000000
7578  13.923  -64.197  -19.667 0.5000000000
8186  15.115  -62.250  -18.344 0.5000000000
8763  16.040  -61.779  -17.580 0.5000000000
6946  13.726  -65.271  -20.413 0.5000000000
8193  15.210  -63.313  -18.635 0.5000000000
8771  13.867  -61.909  -18.736 0.5000000000
124531  15.409  -62.309  -8.188 0.6000000238
8108  15.327  -62.850  -8.294 0.6000000238
122248  15.542  -61.506  -8.405 0.5000000000
8682  15.650  -61.784  -7.461 0.6999999881
7434  14.798  -63.167  -8.008 0.6000000238
142933  14.312  -63.556  -8.265 0.6000000238
119819  13.118  -63.737  -7.887 0.6999999881
8077  15.313  -62.281  -6.863 0.6000000238
8093  14.882  -62.747  -7.226 0.6999999881
121777  13.983  -63.494  -7.812 0.6999999881
7446  13.768  -63.810  -8.440 0.6999999881
7427  12.749  -63.375  -6.169 0.8000000119
9275  16.167  -60.762  -6.510 0.5000000000
8662  16.190  -61.071  -7.016 0.5000000000
7435  13.413  -63.434  -7.106 0.8000000119
8078  14.657  -62.622  -6.453 0.6000000238
8080  11.285  -63.162  -6.109 0.6999999881
9888  16.458  -59.367  -6.804 0.5000000000
9284  16.426  -60.253  -7.119 0.5000000000
7417  12.669  -62.890  -5.603 0.6999999881
7428  11.682  -63.603  -6.511 0.6999999881
7416  13.402  -62.830  -5.691 0.6999999881
8642  15.232  -61.531  -5.746 0.6999999881
8081  10.572  -62.538  -6.273 0.6999999881
125242  12.213  -62.355  -5.510 0.6999999881
9276  15.747  -60.800  -5.884 0.6000000238
8071  13.947  -62.240  -5.424 0.8000000119
12664  9.788  -56.901  -9.794 0.6999999881
11280  9.806  -58.443  -9.303 0.8000000119
11263  15.940  -56.967  -7.390 0.4000000060
137623  10.969  -61.608  -5.833 0.6999999881
11262  16.280  -57.936  -6.954 0.5000000000
8073  11.413  -62.455  -5.759 0.6999999881
9874  16.014  -59.285  -6.094 0.6000000238
141902  15.501  -59.407  -5.745 0.6000000238
8072  13.058  -62.282  -5.359 0.6999999881
9254  15.050  -60.835  -5.503 0.8000000119
9255  14.115  -60.780  -5.398 0.8000000119
124951  7.880  -49.201  -8.774 0.5000000000
17244  8.191  -48.641  -9.230 0.5000000000
122319  9.367  -49.063  -9.271 0.5000000000
14063  8.776  -53.302  -12.074 0.5000000000
14043  9.614  -54.105  -11.222 0.6000000238
125329  9.227  -53.663  -11.792 0.6000000238
14797  8.617  -53.205  -11.337 0.6000000238
15580  10.589  -50.836  -9.949 0.6000000238
13361  9.097  -54.796  -10.971 0.6999999881
13374  8.989  -54.225  -11.446 0.6999999881
12684  9.375  -56.064  -10.110 0.6999999881
12685  9.243  -56.105  -10.048 0.6999999881
9258  11.491  -59.824  -6.111 0.6999999881
10560  11.289  -59.077  -7.503 0.6999999881
10570  11.144  -58.990  -8.156 0.8000000119
11251  15.729  -57.373  -6.593 0.5000000000
8647  11.309  -60.707  -5.838 0.6999999881
11243  15.395  -58.160  -5.979 0.6000000238
9257  12.023  -60.454  -5.820 0.8000000119
131788  14.677  -60.195  -5.479 0.6999999881
9877  12.465  -59.766  -5.896 0.8000000119
9256  13.034  -60.640  -5.569 0.8000000119
18063  7.673  -48.233  -9.093 0.5000000000
18889  8.271  -47.710  -9.517 0.6000000238
18888  8.766  -47.222  -9.667 0.5000000000
18075  8.469  -48.137  -9.741 0.6000000238
17259  9.453  -48.690  -10.177 0.6000000238
17258  10.540  -49.401  -9.630 0.6000000238
124989  9.844  -48.703  -10.909 0.6000000238
131657  10.306  -49.435  -10.504 0.5000000000
14807  9.532  -52.957  -12.163 0.5000000000
14817  8.798  -52.908  -12.236 0.5000000000
14795  10.042  -53.345  -11.554 0.6000000238
15615  8.695  -52.454  -12.147 0.6000000238
14796  8.860  -52.462  -10.864 0.6999999881
16439  11.023  -49.855  -9.657 0.6000000238
14030  10.121  -54.516  -10.639 0.6000000238
13349  9.698  -55.327  -10.455 0.6999999881
13362  9.011  -54.800  -10.991 0.6999999881
14044  8.789  -54.079  -11.269 0.6999999881
14784  8.768  -53.191  -10.518 0.8000000119
15581  9.616  -51.857  -10.297 0.6999999881
13348  10.572  -54.820  -9.852 0.6999999881
12683  10.125  -55.960  -9.920 0.6999999881
11942  10.127  -57.820  -9.543 0.8000000119
11928  11.008  -57.375  -8.848 0.8000000119
11279  10.469  -58.312  -9.133 0.8000000119
11252  14.895  -57.432  -5.980 0.5000000000
11909  13.198  -56.852  -6.425 0.6000000238
10569  11.695  -58.777  -7.474 0.8000000119
10545  14.708  -58.730  -5.700 0.6000000238
10558  14.203  -58.248  -5.837 0.6999999881
9891  12.079  -59.088  -6.679 0.8000000119
10546  13.831  -59.002  -5.750 0.6999999881
9890  12.919  -59.226  -5.920 0.6999999881
9876  13.654  -59.857  -5.599 0.8000000119
19675  7.978  -47.063  -8.606 0.4000000060
19690  8.525  -47.012  -9.195 0.5000000000
18906  9.285  -47.426  -10.334 0.4000000060
18083  9.272  -48.052  -10.474 0.5000000000
122965  9.941  -48.678  -11.298 0.5000000000
14806  10.464  -52.497  -11.871 0.5000000000
15631  9.106  -52.159  -12.476 0.6000000238
123584  9.294  -51.165  -12.363 0.6000000238
16460  10.312  -50.073  -10.768 0.6000000238
14794  10.903  -52.696  -10.904 0.6000000238
15596  9.329  -51.362  -11.171 0.6999999881
14029  10.942  -53.836  -9.906 0.6000000238
128272  10.577  -56.680  -9.364 0.8000000119
120241  12.561  -58.131  -6.819 0.6999999881
11264  11.769  -58.406  -7.680 0.8000000119
11927  11.886  -56.782  -7.729 0.8000000119
10559  13.116  -58.542  -6.101 0.6999999881
126967  8.892  -46.881  -8.837 0.4000000060
19659  8.676  -47.035  -7.698 0.4000000060
19660  7.701  -47.042  -7.827 0.4000000060
19688  10.050  -46.732  -9.942 0.5000000000
19689  9.219  -46.900  -9.540 0.4000000060
19650  8.081  -46.985  -6.572 0.5000000000
18923  9.811  -47.878  -11.109 0.5000000000
18113  10.190  -48.962  -12.114 0.5000000000
17286  9.829  -49.563  -11.870 0.5000000000
18129  11.867  -48.997  -13.159 0.5000000000
16461  9.423  -50.545  -11.712 0.6999999881
14014  11.355  -54.059  -9.024 0.6000000238
12643  11.521  -56.024  -8.216 0.8000000119
12620  12.862  -55.396  -6.564 0.6000000238
11910  12.647  -56.252  -6.789 0.6000000238
13325  11.969  -54.874  -7.629 0.6999999881
125308  12.277  -57.451  -7.271 0.6999999881
19641  8.018  -46.609  -5.417 0.3000000119
18887  10.781  -47.026  -9.390 0.4000000060
19673  9.839  -46.931  -9.095 0.3000000119
19674  9.709  -47.164  -8.066 0.4000000060
18850  9.730  -47.333  -7.079 0.4000000060
18838  9.275  -47.176  -6.429 0.4000000060
18830  8.929  -46.938  -5.773 0.5000000000
19700  10.349  -46.773  -10.644 0.4000000060
18905  9.921  -47.095  -10.854 0.4000000060
17301  10.375  -49.929  -12.725 0.5000000000
18097  10.231  -48.111  -11.677 0.4000000060
16501  11.369  -50.941  -13.818 0.6000000238
18921  11.055  -46.977  -11.677 0.4000000060
17320  12.115  -49.872  -13.914 0.4000000060
18112  10.806  -47.876  -12.061 0.5000000000
12663  11.132  -55.188  -8.886 0.6999999881
19651  6.812  -46.926  -6.399 0.4000000060
18829  9.755  -46.996  -5.744 0.4000000060
19639  10.015  -46.467  -5.506 0.3000000119
19687  10.940  -46.763  -10.299 0.3000000119
18937  11.550  -47.271  -12.137 0.4000000060
18128  12.649  -48.831  -13.614 0.4000000060
135140  12.346  -48.263  -12.926 0.4000000060
18868  10.858  -47.391  -8.220 0.3000000119
18849  10.563  -47.470  -7.163 0.3000000119
18837  10.234  -47.313  -6.359 0.4000000060
144315  11.499  -47.337  -8.844 0.3000000119
19699  11.234  -46.690  -11.146 0.3000000119
18936  12.335  -47.464  -12.424 0.3000000119
19710  11.826  -46.875  -11.835 0.3000000119
18110  12.898  -48.140  -13.045 0.3000000119
18836  11.124  -47.345  -6.413 0.3000000119
19649  11.474  -46.941  -5.987 0.3000000119
18848  11.523  -47.565  -7.177 0.3000000119
18835  12.002  -47.317  -6.498 0.3000000119
123589  12.887  -47.083  -11.356 0.3000000119
18919  13.351  -47.364  -11.771 0.3000000119
18934  13.907  -47.967  -12.211 0.3000000119
19640  9.139  -46.550  -5.349 0.3000000119
18867  11.924  -47.577  -8.012 0.3000000119
18847  12.438  -47.545  -7.166 0.3000000119
18902  13.573  -47.322  -10.942 0.3000000119
122339  18.377  -67.617  -13.903 0.6000000238
6196  18.316  -67.201  -13.564 0.6999999881
5624  18.411  -67.010  -11.802 0.6999999881
6184  18.663  -66.410  -12.357 0.6999999881
18098  10.039  -48.638  -11.582 0.4000000060
135264  9.520  -50.356  -12.185 0.6000000238
19638  10.881  -46.356  -5.684 0.3000000119
141014  24.629  -69.804  -17.204 0.6999999881
3701  21.739  -70.458  -15.421 0.6999999881
3680  26.621  -70.427  -14.712 0.8000000119
144567  25.552  -75.102  -18.465 0.6999999881
144283  26.919  -67.642  -13.734 0.6000000238
4616  21.537  -68.423  -12.276 0.6999999881
2012  26.493  -75.263  -19.820 0.6999999881
129326  26.936  -75.041  -20.405 0.8000000119
130009  18.129  -62.628  -11.457 0.6999999881
5673  17.831  -67.554  -15.174 0.5000000000
6830  19.340  -64.764  -13.239 0.6000000238
7473  15.983  -63.461  -10.418 0.6000000238
8160  17.924  -62.474  -15.630 0.6999999881
5623  20.906  -66.826  -12.560 0.8000000119
5694  18.419  -67.139  -16.755 0.5000000000
5695  17.672  -67.532  -17.009 0.6000000238
9878  11.844  -59.590  -6.262 0.8000000119
1304  20.987  -76.358  -13.257 0.4000000060
1298  20.826  -76.237  -12.149 0.4000000060
120185  22.047  -76.858  -14.491 0.3000000119
1310  20.813  -76.922  -13.970 0.4000000060
135767  20.517  -76.921  -13.214 0.4000000060
1299  20.617  -77.030  -11.559 0.4000000060
1617  24.959  -75.375  -13.974 0.4000000060
128925  24.293  -74.390  -13.384 0.5000000000
1937  22.660  -74.425  -12.934 0.5000000000
1631  24.382  -76.073  -14.302 0.3000000119
1618  23.841  -75.180  -13.797 0.4000000060
1609  21.959  -74.969  -13.122 0.4000000060
1319  23.920  -76.813  -14.399 0.3000000119
1308  22.185  -76.095  -14.239 0.3000000119
1620  21.661  -75.784  -13.606 0.3000000119
139744  23.589  -77.482  -14.454 0.3000000119
1946  25.461  -74.622  -13.623 0.4000000060
2337  25.001  -73.839  -13.202 0.5000000000
1616  26.137  -75.663  -14.185 0.3000000119
1318  25.007  -77.169  -14.419 0.3000000119
126492  24.696  -78.753  -14.666 0.4000000060
1039  25.266  -78.074  -14.640 0.3000000119
783  25.265  -78.416  -15.585 0.4000000060
770  24.637  -79.248  -14.881 0.4000000060
785  23.921  -79.418  -16.338 0.4000000060
1945  26.395  -74.796  -13.806 0.4000000060
1956  27.817  -75.320  -14.490 0.4000000060
1629  26.823  -76.230  -14.598 0.4000000060
1627  28.043  -75.431  -14.926 0.4000000060
1964  29.391  -74.177  -15.352 0.5000000000
1316  26.528  -76.885  -14.822 0.4000000060
1649  27.649  -75.756  -16.140 0.4000000060
769  25.227  -78.557  -14.846 0.4000000060
1047  25.641  -78.129  -15.130 0.5000000000
126460  27.175  -76.311  -15.838 0.4000000060
789  24.967  -78.165  -16.594 0.4000000060
1336  22.963  -76.644  -17.388 0.6000000238
120575  23.874  -78.164  -17.647 0.4000000060
2365  29.635  -73.846  -16.032 0.6000000238
1975  29.327  -74.138  -17.312 0.6000000238
1648  28.212  -75.243  -16.740 0.6000000238
125101  28.831  -74.596  -17.112 0.6000000238
1658  27.611  -75.619  -17.901 0.6000000238
1665  27.917  -75.186  -18.910 0.6999999881
1334  26.378  -76.647  -17.517 0.5000000000
138098  26.685  -76.156  -18.470 0.6000000238
1673  27.463  -75.059  -20.046 0.6999999881
2395  29.928  -73.270  -18.550 0.6999999881
139248  29.323  -73.702  -20.041 0.6999999881
2379  29.586  -73.739  -17.833 0.6000000238
142946  29.287  -73.932  -18.891 0.6999999881
2842  28.279  -72.962  -21.743 0.6999999881
123410  27.919  -72.750  -21.264 0.6999999881
3279  28.208  -71.707  -18.808 0.6999999881
2396  28.649  -74.395  -19.838 0.6999999881
2428  28.106  -73.872  -21.624 0.6999999881
2011  27.888  -74.665  -20.614 0.6999999881
3305  30.291  -71.882  -21.496 0.5000000000
3315  29.147  -71.490  -21.891 0.6000000238
2427  28.716  -73.596  -21.328 0.6999999881
3316  28.595  -72.087  -21.764 0.6000000238
3743  28.588  -71.286  -20.736 0.6999999881
3742  29.154  -70.602  -20.127 0.6999999881
2414  28.308  -74.209  -20.991 0.6999999881
124818  28.675  -71.066  -19.513 0.6999999881
3730  28.752  -70.866  -18.228 0.6000000238
3758  28.850  -71.172  -21.428 0.6000000238
4226  29.489  -70.384  -21.171 0.6000000238
3729  29.227  -70.393  -18.775 0.6000000238
129498  29.781  -69.967  -20.035 0.6000000238
5656  28.109  -66.806  -14.493 0.5000000000
132331  21.460  -70.507  -16.215 0.6000000238
4195  22.382  -69.423  -16.996 0.6000000238
4211  29.784  -69.701  -18.083 0.6000000238
4201  29.676  -69.466  -17.152 0.6000000238
4655  29.648  -68.320  -16.349 0.5000000000
5143  29.036  -67.617  -15.450 0.5000000000
3227  20.203  -71.304  -16.032 0.6000000238
3702  21.043  -70.995  -15.710 0.6000000238
3718  20.903  -70.780  -16.567 0.6000000238
4220  29.759  -69.865  -19.104 0.6000000238
4664  29.994  -68.665  -16.858 0.5000000000
4185  29.368  -69.138  -16.296 0.5000000000
3214  18.480  -71.503  -14.208 0.6000000238
144517  20.058  -71.366  -13.694 0.6000000238
3213  19.481  -71.496  -14.078 0.6000000238
3228  19.184  -71.478  -15.851 0.6000000238
126271  20.550  -71.292  -15.178 0.6000000238
3668  21.043  -70.512  -13.072 0.6000000238
3212  20.417  -71.339  -14.293 0.6000000238
6825  25.283  -64.688  -13.851 0.6000000238
4200  30.315  -68.941  -17.583 0.6000000238
3198  18.844  -71.375  -13.344 0.6000000238
4146  19.074  -69.744  -11.998 0.6000000238
124078  20.294  -70.756  -12.867 0.6000000238
144954  20.308  -69.014  -12.345 0.6000000238
3656  19.631  -70.467  -12.482 0.6000000238
5118  20.351  -68.128  -12.571 0.5000000000
4617  20.890  -68.750  -12.274 0.6000000238
3215  17.629  -71.458  -14.407 0.6999999881
3199  17.926  -71.354  -13.538 0.6000000238
3184  19.065  -71.029  -12.723 0.6000000238
127395  19.630  -68.857  -12.223 0.6000000238
5104  19.480  -68.551  -12.420 0.6000000238
4133  15.430  -69.081  -12.022 0.6000000238
3185  18.278  -71.040  -12.773 0.6000000238
3657  18.724  -70.465  -12.303 0.6000000238
4600  19.038  -69.009  -11.807 0.5000000000
134304  17.767  -70.374  -12.232 0.6000000238
131949  17.229  -69.126  -11.420 0.6000000238
4132  16.365  -69.167  -11.697 0.6000000238
126123  15.788  -68.591  -11.369 0.6000000238
3186  17.360  -70.975  -12.981 0.6000000238
4618  18.806  -68.300  -11.707 0.6000000238
4131  17.844  -69.620  -11.635 0.6000000238
4601  18.311  -68.448  -11.291 0.5000000000
5090  17.784  -67.739  -10.802 0.6000000238
4603  16.572  -68.538  -11.123 0.5000000000
4593  15.754  -67.805  -10.747 0.5000000000
5641  18.590  -67.382  -12.940 0.6000000238
5070  17.913  -67.150  -10.818 0.6000000238
5071  17.279  -67.129  -10.616 0.6000000238
5591  16.846  -66.454  -10.684 0.6999999881
5074  15.162  -66.603  -11.015 0.6999999881
6186  15.123  -66.092  -11.843 0.6999999881
139572  14.808  -65.904  -12.865 0.6999999881
5603  18.164  -66.795  -11.116 0.6000000238
5590  17.693  -66.506  -10.840 0.6999999881
6165  17.372  -65.588  -11.061 0.6999999881
6166  16.508  -65.885  -10.971 0.6999999881
5605  15.903  -65.688  -11.550 0.6999999881
6185  16.427  -64.510  -12.577 0.6000000238
6806  19.050  -64.949  -11.886 0.6000000238
6204  28.408  -66.084  -15.043 0.5000000000
6205  27.737  -65.940  -14.470 0.5000000000
6217  26.986  -65.203  -15.176 0.5000000000
6206  27.148  -65.492  -14.493 0.5000000000
6848  26.454  -65.044  -14.503 0.6000000238
6232  25.364  -64.935  -16.881 0.6000000238
139437  26.125  -65.160  -16.788 0.6000000238
6869  26.188  -64.789  -15.212 0.6000000238
6849  25.680  -64.650  -14.487 0.6000000238
6850  24.870  -64.388  -14.454 0.6000000238
6908  24.484  -64.698  -16.891 0.5000000000
6891  24.070  -64.312  -16.048 0.6000000238
128850  23.959  -64.204  -14.446 0.6000000238
6909  22.770  -64.526  -17.063 0.6000000238
6893  22.186  -64.354  -16.454 0.5000000000
6872  23.125  -64.148  -14.951 0.6000000238
6851  23.141  -64.235  -13.973 0.6000000238
6910  21.910  -64.506  -17.337 0.5000000000
128906  22.315  -64.240  -15.539 0.6000000238
6218  20.022  -66.060  -15.506 0.5000000000
6895  20.066  -64.942  -16.678 0.5000000000
6853  20.712  -65.262  -14.922 0.6000000238
6873  21.496  -64.489  -15.220 0.6000000238
1054  25.753  -76.893  -17.880 0.6000000238
1666  27.117  -75.631  -19.311 0.6999999881
6190  27.204  -65.806  -14.027 0.5000000000
126014  18.422  -67.543  -11.447 0.6000000238
5604  18.116  -65.775  -11.241 0.6999999881
6824  25.979  -64.901  -13.994 0.6000000238
6852  21.501  -64.670  -14.269 0.6000000238
6874  20.611  -64.892  -15.905 0.6000000238
1632  23.152  -75.831  -14.215 0.3000000119
141502  22.303  -75.486  -13.795 0.4000000060
1040  24.471  -77.887  -14.463 0.3000000119
138694  26.297  -76.615  -14.563 0.4000000060
1037  26.161  -77.518  -14.943 0.4000000060
1955  28.459  -74.775  -14.512 0.4000000060
1315  27.031  -76.437  -14.878 0.3000000119
1639  28.170  -75.315  -15.610 0.5000000000
1976  28.878  -74.560  -16.052 0.6000000238
1324  26.750  -76.799  -15.190 0.5000000000
1329  27.162  -76.171  -16.990 0.5000000000
1050  25.965  -77.176  -16.755 0.5000000000
1988  28.784  -74.493  -18.387 0.6000000238
2856  28.668  -72.555  -21.784 0.6999999881
3643  18.419  -69.926  -11.858 0.6000000238
6198  15.122  -64.998  -13.893 0.6000000238
6890  24.931  -64.505  -16.035 0.6000000238
143579  23.282  -64.803  -17.611 0.5000000000
6870  25.337  -64.479  -15.199 0.6000000238
129340  23.752  -64.203  -15.302 0.6000000238
129278  23.618  -64.559  -16.898 0.5000000000
6892  23.125  -64.243  -16.015 0.6000000238
6928  22.539  -64.829  -18.061 0.5000000000
6894  21.487  -64.413  -16.101 0.5000000000
128914  20.808  -64.524  -16.737 0.5000000000
1511  19.510  -75.158  -2.315 0.4000000060
1828  20.196  -74.863  -1.846 0.4000000060
1838  19.883  -74.491  -2.745 0.5000000000
937  17.023  -77.297  -1.392 0.5000000000
938  16.166  -77.508  -1.478 0.5000000000
122013  14.531  -77.683  -1.382 0.5000000000
1204  18.100  -76.251  -1.877 0.5000000000
1837  20.492  -73.971  -2.098 0.4000000060
125773  20.720  -72.772  -1.684 0.4000000060
2223  20.651  -73.083  -2.612 0.5000000000
1020  22.835  -78.410  -10.136 0.3000000119
755  23.813  -79.407  -10.483 0.3000000119
759  21.605  -79.116  -10.817 0.3000000119
757  21.088  -78.311  -10.780 0.3000000119
923  18.656  -77.323  -0.550 0.4000000060
925  16.790  -77.883  -0.782 0.5000000000
926  15.988  -77.964  -0.806 0.5000000000
1198  19.025  -76.584  -1.102 0.4000000060
124314  19.681  -76.057  -1.157 0.4000000060
1827  20.431  -74.506  -1.404 0.3000000119
122726  20.425  -75.313  -0.377 0.3000000119
3107  21.703  -71.892  -4.128 0.4000000060
2644  20.685  -72.631  -0.695 0.3000000119
2651  20.998  -72.002  -1.835 0.4000000060
2660  20.968  -72.409  -3.037 0.5000000000
124618  20.953  -71.973  -1.135 0.3000000119
1019  24.028  -78.486  -10.327 0.3000000119
544  24.275  -79.773  -10.306 0.3000000119
1021  21.769  -78.128  -10.315 0.3000000119
1291  21.502  -77.027  -10.083 0.3000000119
1026  20.584  -77.881  -11.253 0.3000000119
681  17.427  -78.232  -0.153 0.4000000060
1197  19.864  -76.437  -0.544 0.3000000119
2636  20.772  -72.422  0.189 0.3000000119
3076  22.401  -71.399  -2.449 0.4000000060
3094  21.992  -71.549  -3.614 0.4000000060
127878  21.804  -71.430  -2.227 0.4000000060
3058  21.609  -71.605  -0.222 0.3000000119
134319  25.612  -76.882  -10.030 0.4000000060
1006  25.328  -77.601  -10.298 0.4000000060
1017  26.060  -78.231  -10.400 0.4000000060
747  26.273  -78.697  -10.053 0.4000000060
119702  26.482  -77.967  -9.281 0.4000000060
999  25.302  -77.835  -8.416 0.5000000000
1282  23.380  -76.644  -9.388 0.3000000119
1008  23.024  -77.494  -9.699 0.3000000119
1009  22.133  -77.300  -9.763 0.3000000119
131148  21.004  -76.427  -10.938 0.3000000119
1610  21.347  -75.600  -12.715 0.3000000119
913  19.408  -77.714  0.218 0.3000000119
2650  23.563  -72.219  -1.327 0.3000000119
3075  23.087  -71.560  -2.640 0.3000000119
3092  23.911  -71.930  -3.882 0.4000000060
2697  23.729  -72.626  -5.069 0.4000000060
140557  21.548  -71.943  0.978 0.3000000119
3056  22.612  -71.546  -1.061 0.3000000119
3057  22.243  -71.552  -0.248 0.3000000119
122124  21.885  -71.380  -0.904 0.3000000119
1246  25.868  -77.120  -5.363 0.5000000000
1547  25.705  -76.109  -5.126 0.5000000000
123092  27.304  -74.825  -8.975 0.3000000119
1577  27.235  -75.723  -9.623 0.3000000119
121973  26.145  -74.877  -8.715 0.3000000119
1591  27.025  -76.483  -10.058 0.3000000119
140573  26.183  -77.569  -10.406 0.4000000060
137856  27.537  -76.683  -7.800 0.5000000000
981  26.611  -77.299  -6.470 0.5000000000
1592  25.968  -76.222  -9.717 0.3000000119
1016  27.148  -77.653  -10.194 0.4000000060
998  27.135  -77.791  -9.775 0.4000000060
126418  26.910  -77.415  -8.828 0.5000000000
991  25.929  -77.178  -7.825 0.5000000000
1283  22.452  -76.549  -9.436 0.3000000119
1284  21.826  -76.393  -9.641 0.3000000119
134817  21.389  -76.172  -10.079 0.3000000119
1605  21.214  -75.532  -11.663 0.3000000119
1938  21.623  -74.873  -12.193 0.4000000060
2657  24.252  -72.608  -1.970 0.3000000119
2672  25.411  -72.925  -3.755 0.4000000060
2629  21.476  -72.269  1.656 0.3000000119
2635  22.605  -71.971  0.423 0.3000000119
2643  23.075  -72.051  -0.401 0.3000000119
2684  25.027  -72.705  -4.304 0.4000000060
2628  22.186  -71.982  1.261 0.3000000119
1856  25.615  -74.170  -5.085 0.4000000060
1546  26.137  -75.245  -5.069 0.5000000000
1533  27.363  -76.208  -4.306 0.4000000060
1534  26.894  -75.596  -4.629 0.5000000000
2283  28.547  -73.884  -8.610 0.3000000119
1245  26.886  -77.465  -5.316 0.5000000000
1230  27.204  -76.970  -4.731 0.5000000000
1908  28.172  -75.696  -9.676 0.3000000119
979  27.957  -77.633  -5.612 0.4000000060
974  27.954  -78.011  -4.964 0.5000000000
1590  27.920  -76.548  -10.011 0.4000000060
1277  28.474  -76.278  -9.670 0.4000000060
1253  27.936  -76.645  -7.041 0.5000000000
123519  27.385  -77.595  -5.483 0.5000000000
1593  24.899  -76.002  -9.292 0.3000000119
1279  27.414  -77.249  -10.209 0.4000000060
997  27.496  -77.501  -10.017 0.5000000000
1262  27.545  -77.201  -9.248 0.5000000000
128778  22.961  -75.248  -8.724 0.3000000119
1595  22.250  -75.056  -9.063 0.4000000060
1910  21.803  -74.439  -9.568 0.3000000119
1596  21.633  -75.435  -9.701 0.4000000060
1927  21.489  -74.767  -11.244 0.4000000060
2417  23.121  -73.590  -19.454 0.5000000000
140393  22.109  -74.452  -12.451 0.3000000119
2607  22.768  -73.230  3.052 0.3000000119
2627  23.074  -72.560  1.019 0.3000000119
2221  25.672  -73.367  -3.150 0.3000000119
124425  22.735  -72.544  1.689 0.3000000119
1846  26.898  -74.512  -3.634 0.3000000119
1854  27.043  -74.968  -4.272 0.5000000000
130406  27.958  -78.099  -3.850 0.4000000060
1523  27.700  -77.134  -3.865 0.3000000119
2738  28.838  -72.871  -8.254 0.3000000119
964  28.045  -78.042  -4.332 0.5000000000
1895  28.354  -74.793  -9.233 0.3000000119
1252  28.314  -76.776  -6.393 0.4000000060
973  28.113  -77.976  -4.930 0.4000000060
1588  28.979  -75.877  -9.476 0.4000000060
1276  29.034  -75.965  -9.437 0.4000000060
1261  28.717  -76.229  -7.993 0.4000000060
1251  28.840  -76.077  -7.098 0.4000000060
1896  24.911  -74.515  -8.208 0.3000000119
1897  24.032  -74.503  -8.208 0.3000000119
1270  28.705  -76.294  -9.326 0.4000000060
126779  28.196  -76.595  -8.738 0.5000000000
1909  22.318  -74.131  -8.940 0.3000000119
2297  22.141  -73.550  -9.558 0.4000000060
2304  22.096  -73.494  -10.474 0.4000000060
122590  23.472  -72.722  -19.108 0.5000000000
1926  21.889  -74.230  -11.738 0.4000000060
2313  22.269  -73.629  -11.330 0.5000000000
2400  22.561  -74.157  -18.475 0.5000000000
2189  23.498  -73.369  1.591 0.3000000119
1219  28.461  -77.755  -3.780 0.3000000119
954  28.052  -77.975  -3.363 0.3000000119
3248  19.416  -71.327  -16.763 0.5000000000
138808  18.100  -71.416  -17.304 0.6000000238
3134  28.649  -71.821  -7.899 0.3000000119
2282  29.698  -73.905  -8.843 0.3000000119
2721  27.813  -72.341  -7.740 0.3000000119
1894  29.255  -74.758  -9.236 0.3000000119
1587  30.150  -74.879  -8.994 0.3000000119
1242  28.775  -76.818  -5.126 0.4000000060
1228  28.426  -77.688  -4.628 0.4000000060
130310  15.795  -71.579  -17.120 0.5000000000
1576  29.551  -75.472  -9.132 0.3000000119
135245  29.839  -75.446  -8.671 0.3000000119
1558  29.479  -75.538  -6.950 0.3000000119
1545  29.531  -75.294  -5.628 0.3000000119
4203  23.759  -69.292  -17.681 0.5000000000
1884  24.078  -73.776  -7.800 0.3000000119
1898  23.398  -74.142  -8.259 0.3000000119
3723  24.614  -70.043  -17.903 0.5000000000
2288  22.612  -73.372  -8.746 0.3000000119
3282  24.219  -71.405  -18.527 0.5000000000
2748  22.587  -72.769  -9.221 0.4000000060
2822  23.452  -72.431  -18.129 0.6000000238
2747  22.919  -72.213  -9.681 0.4000000060
2766  23.340  -72.665  -11.363 0.5000000000
2383  22.868  -73.342  -17.197 0.5000000000
134593  23.978  -72.487  -11.712 0.4000000060
2312  22.947  -73.255  -11.706 0.3000000119
2328  22.596  -73.874  -12.212 0.4000000060
2384  22.534  -74.327  -17.412 0.6000000238
3182  26.525  -71.430  -12.429 0.3000000119
2772  26.226  -72.192  -12.581 0.4000000060
2326  25.168  -73.173  -12.716 0.4000000060
1936  23.372  -73.979  -12.848 0.3000000119
1980  22.834  -75.003  -16.762 0.6000000238
2004  22.225  -74.988  -18.192 0.5000000000
3195  28.116  -71.810  -13.228 0.3000000119
2780  27.591  -72.481  -13.253 0.5000000000
2781  26.761  -72.841  -13.151 0.4000000060
2336  26.070  -73.758  -13.324 0.4000000060
1991  22.404  -75.402  -17.368 0.6000000238
3194  28.962  -71.396  -13.407 0.3000000119
123349  28.360  -72.754  -13.482 0.5000000000
135240  27.630  -73.215  -13.468 0.4000000060
132485  27.056  -74.448  -13.738 0.4000000060
2779  29.122  -72.252  -13.522 0.4000000060
2334  28.470  -73.637  -13.713 0.5000000000
136466  28.377  -74.326  -13.974 0.4000000060
1943  29.148  -73.998  -14.200 0.5000000000
3229  18.299  -71.515  -15.653 0.6000000238
3250  17.600  -71.491  -16.872 0.6000000238
120166  29.193  -71.225  -7.867 0.3000000119
2737  29.991  -73.063  -8.549 0.3000000119
2281  30.881  -73.425  -8.560 0.3000000119
1893  30.527  -74.223  -8.761 0.3000000119
3230  17.442  -71.514  -15.369 0.6000000238
139714  17.046  -71.516  -16.260 0.6000000238
3135  27.787  -71.494  -7.636 0.3000000119
1882  31.101  -74.455  -8.150 0.3000000119
1872  31.063  -74.407  -7.101 0.3000000119
3232  15.487  -71.358  -15.680 0.6000000238
3609  26.284  -70.632  -7.426 0.3000000119
1575  30.345  -74.970  -8.680 0.3000000119
1568  30.348  -75.141  -7.965 0.3000000119
2272  23.891  -72.974  -7.652 0.3000000119
3687  14.555  -70.502  -14.659 0.6000000238
3704  14.452  -70.962  -15.405 0.6000000238
3688  13.789  -70.267  -14.674 0.6000000238
4177  13.048  -70.079  -14.397 0.5000000000
3174  24.629  -71.526  -11.363 0.4000000060
2773  25.315  -72.354  -12.297 0.4000000060
2333  30.005  -72.572  -13.768 0.4000000060
132071  29.997  -73.309  -14.186 0.5000000000
3607  28.629  -70.455  -7.601 0.3000000119
3606  29.493  -70.750  -7.608 0.3000000119
3147  29.720  -72.082  -8.231 0.3000000119
3146  30.672  -72.066  -8.160 0.3000000119
2280  31.566  -73.478  -8.231 0.3000000119
1871  31.740  -73.863  -7.362 0.3000000119
124803  31.984  -74.042  -6.408 0.3000000119
133725  18.134  -71.526  -14.925 0.5000000000
123049  27.804  -70.727  -7.611 0.3000000119
120729  27.016  -71.117  -7.488 0.3000000119
3216  16.792  -71.397  -14.669 0.5000000000
3231  16.490  -71.470  -15.533 0.6000000238
3608  27.121  -70.412  -7.515 0.3000000119
1863  30.978  -74.439  -5.758 0.3000000119
3217  15.918  -71.259  -14.880 0.6000000238
122808  26.650  -69.727  -7.495 0.3000000119
3686  15.393  -70.736  -14.397 0.6000000238
3166  24.131  -71.249  -10.674 0.3000000119
3167  23.460  -71.692  -10.198 0.3000000119
3672  14.261  -69.979  -14.087 0.6000000238
4151  12.167  -68.866  -12.893 0.6000000238
3685  16.231  -71.051  -14.133 0.6000000238
3669  16.508  -70.704  -13.386 0.5000000000
3659  15.972  -70.055  -13.059 0.6000000238
4161  14.605  -69.683  -13.473 0.6000000238
134262  14.005  -69.581  -13.528 0.6000000238
4162  13.558  -69.819  -13.922 0.6000000238
132618  12.791  -68.474  -12.412 0.6000000238
4150  13.275  -69.215  -13.008 0.6000000238
4621  12.213  -68.025  -12.365 0.5000000000
3200  17.064  -71.249  -13.817 0.5000000000
3658  16.779  -70.278  -12.645 0.5000000000
122623  14.906  -69.373  -12.759 0.5000000000
4620  13.548  -68.535  -12.197 0.6000000238
5644  12.964  -66.497  -14.172 0.5000000000
6199  14.443  -64.907  -14.340 0.6000000238
5643  13.773  -65.749  -14.285 0.6000000238
5660  13.292  -65.682  -14.707 0.5000000000
6210  12.958  -65.066  -14.967 0.6000000238
122527  16.168  -69.635  -12.379 0.5000000000
4605  13.909  -67.754  -11.508 0.5000000000
5092  13.366  -67.286  -11.835 0.5000000000
4606  12.981  -67.878  -11.948 0.6000000238
5606  14.162  -66.806  -11.604 0.6000000238
5625  13.365  -66.911  -12.049 0.5000000000
5121  12.323  -67.003  -13.067 0.5000000000
134862  13.908  -66.527  -12.456 0.6000000238
6176  17.128  -64.479  -11.773 0.6000000238
5642  14.362  -65.827  -13.672 0.6000000238
6209  13.710  -64.945  -14.686 0.5000000000
8684  8.658  -61.773  -7.439 0.5000000000
4147  17.021  -69.743  -11.964 0.5000000000
4619  14.449  -68.721  -12.025 0.5000000000
5091  14.787  -67.304  -10.932 0.6000000238
9279  7.882  -59.911  -6.634 0.5000000000
9896  7.688  -59.179  -6.477 0.6000000238
9278  8.381  -60.434  -6.586 0.6000000238
8666  8.890  -61.117  -6.582 0.6000000238
9287  7.719  -60.439  -7.268 0.5000000000
7440  9.142  -63.134  -7.848 0.5000000000
6811  12.711  -64.223  -13.696 0.5000000000
6834  13.210  -64.362  -14.374 0.5000000000
10571  10.488  -58.767  -8.728 0.6000000238
11266  10.200  -58.718  -8.566 0.6999999881
10547  10.654  -59.078  -6.636 0.6000000238
11254  10.465  -58.633  -7.109 0.6999999881
11244  9.946  -57.855  -6.293 0.6000000238
10549  9.157  -58.261  -5.749 0.6000000238
9880  10.167  -59.309  -5.980 0.6000000238
10548  10.033  -58.509  -6.076 0.6000000238
10561  10.818  -59.083  -7.944 0.6000000238
9879  10.822  -59.547  -6.279 0.6000000238
9894  9.586  -59.660  -5.913 0.6000000238
9881  9.427  -58.995  -5.851 0.5000000000
10563  7.827  -58.492  -6.173 0.6000000238
138953  11.201  -59.531  -6.411 0.6000000238
9260  10.189  -60.141  -5.873 0.6000000238
9895  8.649  -59.621  -6.133 0.5000000000
10562  8.504  -58.801  -5.942 0.6000000238
9277  9.242  -60.358  -6.116 0.6000000238
8664  10.347  -61.636  -6.081 0.6000000238
8665  9.772  -61.151  -6.131 0.6000000238
8683  9.348  -61.858  -6.764 0.6000000238
8082  9.811  -62.575  -6.822 0.5000000000
6758  8.880  -64.303  -8.721 0.5000000000
6757  9.580  -64.381  -8.433 0.5000000000
6767  10.025  -64.598  -8.937 0.5000000000
121936  10.716  -64.424  -9.848 0.5000000000
11255  10.022  -58.188  -7.440 0.6000000238
11894  9.932  -57.093  -6.314 0.6999999881
9259  10.986  -60.096  -5.998 0.5000000000
124790  9.944  -61.953  -6.400 0.6000000238
7430  10.251  -63.175  -6.804 0.6000000238
7439  9.731  -63.357  -7.372 0.5000000000
6745  9.970  -64.147  -7.684 0.6000000238
6756  10.375  -64.372  -8.197 0.5000000000
139796  11.319  -64.151  -8.160 0.6000000238
6766  11.041  -64.299  -8.963 0.6000000238
14767  12.437  -52.619  -8.557 0.4000000060
121424  8.956  -55.722  -8.850 0.6999999881
14002  9.549  -54.290  -8.036 0.5000000000
13326  10.016  -54.447  -7.141 0.5000000000
13338  11.788  -54.232  -8.179 0.6000000238
13327  9.336  -55.106  -7.928 0.6000000238
12621  10.016  -56.263  -6.422 0.5000000000
14000  12.531  -53.862  -7.298 0.5000000000
12665  9.067  -56.739  -9.466 0.6000000238
12644  9.246  -56.359  -7.938 0.8000000119
11281  9.358  -58.046  -9.400 0.6999999881
11911  9.651  -57.451  -7.561 0.8000000119
11895  9.792  -56.732  -5.812 0.6999999881
7429  10.875  -63.466  -6.578 0.6000000238
6744  10.737  -64.102  -7.518 0.6000000238
14001  10.194  -53.620  -7.578 0.5000000000
14028  11.698  -53.170  -9.183 0.5000000000
140331  8.749  -54.836  -9.921 0.6999999881
144670  10.332  -54.650  -6.278 0.5000000000
14749  13.553  -52.401  -7.146 0.4000000060
14750  12.817  -52.896  -7.595 0.4000000060
13988  13.272  -53.964  -6.559 0.4000000060
13304  13.488  -54.803  -6.360 0.5000000000
123636  13.910  -56.132  -6.166 0.4000000060
14016  9.490  -53.737  -8.605 0.5000000000
132521  10.733  -53.179  -6.886 0.5000000000
14780  12.101  -52.378  -9.422 0.3000000119
14781  11.336  -52.947  -10.032 0.3000000119
13339  9.024  -54.720  -8.978 0.6000000238
13987  13.789  -53.412  -6.521 0.4000000060
125837  14.393  -54.530  -6.419 0.4000000060
123258  14.270  -56.769  -6.094 0.4000000060
13350  8.912  -53.805  -9.758 0.6000000238
12618  14.149  -55.338  -6.275 0.4000000060
14769  9.648  -52.950  -9.065 0.5000000000
14015  10.112  -53.105  -8.309 0.5000000000
16436  13.944  -50.377  -9.838 0.3000000119
15579  12.487  -51.586  -9.726 0.3000000119
14793  11.732  -52.132  -10.261 0.3000000119
15595  11.350  -51.891  -11.223 0.4000000060
120925  14.918  -54.913  -6.581 0.3000000119
121723  15.209  -56.693  -6.345 0.4000000060
11907  15.647  -56.147  -6.965 0.4000000060
15611  11.881  -51.173  -11.585 0.4000000060
14783  9.241  -52.739  -9.970 0.6000000238
14768  10.463  -52.298  -8.568 0.4000000060
15612  11.019  -51.739  -12.461 0.4000000060
16457  14.967  -50.211  -10.118 0.3000000119
137258  14.335  -50.246  -10.798 0.3000000119
14782  10.159  -51.997  -9.468 0.5000000000
15613  9.969  -52.317  -12.752 0.4000000060
15630  9.955  -52.131  -12.850 0.4000000060
16502  10.517  -50.952  -13.243 0.5000000000
15629  10.947  -51.559  -13.262 0.4000000060
15648  10.859  -51.561  -13.182 0.4000000060
17332  14.004  -50.968  -15.147 0.3000000119
17318  13.741  -49.821  -14.560 0.3000000119
17333  13.199  -50.927  -14.830 0.3000000119
17319  12.855  -49.753  -14.344 0.3000000119
18127  13.267  -48.856  -13.791 0.3000000119
19676  7.307  -47.329  -8.149 0.4000000060
130542  14.560  -49.682  -14.234 0.3000000119
1531  30.556  -74.827  -4.546 0.3000000119
3175  23.850  -71.985  -11.132 0.4000000060
15665  12.025  -51.588  -14.092 0.3000000119
7436  12.441  -63.707  -7.166 0.6000000238
18839  6.195  -47.698  -7.165 0.4000000060
13305  12.689  -54.714  -6.774 0.5000000000
17334  12.404  -50.904  -14.453 0.3000000119
2325  25.901  -72.869  -12.779 0.4000000060
4149  14.136  -69.215  -12.819 0.5000000000
1488  20.358  -75.145  -1.129 0.4000000060
1203  19.046  -75.819  -1.861 0.5000000000
132611  15.221  -77.896  -0.755 0.5000000000
133774  20.954  -72.489  -3.981 0.5000000000
753  25.460  -78.851  -10.305 0.4000000060
1489  20.179  -75.807  -0.816 0.4000000060
3077  21.881  -71.477  -2.936 0.4000000060
2687  22.242  -72.168  -4.734 0.4000000060
1007  24.230  -77.595  -9.987 0.4000000060
543  25.426  -79.019  -10.240 0.4000000060
535  25.323  -79.259  -9.876 0.4000000060
674  17.204  -78.725  0.443 0.3000000119
124930  20.957  -72.363  1.070 0.3000000119
3064  22.148  -71.332  -1.671 0.3000000119
2674  23.649  -71.832  -3.269 0.4000000060
2686  23.173  -72.030  -4.637 0.4000000060
1281  24.485  -76.734  -9.616 0.3000000119
1594  23.731  -75.802  -8.918 0.4000000060
132451  24.206  -72.303  -2.798 0.4000000060
2247  24.919  -73.561  -5.147 0.4000000060
980  27.340  -77.191  -6.512 0.5000000000
3296  24.277  -71.565  -19.597 0.5000000000
132569  22.108  -75.842  -9.329 0.4000000060
2634  23.458  -72.687  0.222 0.3000000119
2231  26.171  -73.591  -3.871 0.4000000060
2237  26.038  -73.746  -4.483 0.4000000060
1855  26.426  -74.566  -4.637 0.5000000000
1229  27.765  -77.889  -4.566 0.5000000000
1906  29.470  -75.284  -9.245 0.3000000119
2286  25.592  -74.125  -7.967 0.3000000119
1579  24.389  -75.175  -8.613 0.3000000119
1581  22.823  -74.548  -8.612 0.3000000119
2399  22.839  -73.388  -18.258 0.6000000238
1845  27.419  -75.604  -3.825 0.3000000119
134127  26.553  -74.210  -4.229 0.4000000060
124195  28.756  -76.424  -6.093 0.3000000119
3281  24.490  -70.770  -18.023 0.5000000000
2757  22.483  -72.852  -10.067 0.4000000060
946  28.567  -77.587  -2.885 0.3000000119
3183  25.733  -71.641  -12.145 0.4000000060
2774  24.469  -72.739  -12.225 0.4000000060
2327  24.175  -73.491  -12.684 0.4000000060
3180  28.245  -70.904  -13.017 0.3000000119
2720  31.984  -72.966  -7.805 0.3000000119
3670  15.724  -70.429  -13.732 0.6000000238
2764  25.129  -71.782  -11.833 0.3000000119
2258  32.252  -73.548  -6.719 0.3000000119
1870  32.781  -73.918  -5.976 0.3000000119
4108  26.521  -68.782  -7.495 0.3000000119
5106  12.721  -67.341  -12.358 0.5000000000
5626  13.269  -66.613  -12.974 0.6000000238
11267  9.558  -58.276  -8.863 0.6999999881
11929  9.174  -57.651  -8.896 0.6999999881
15578  13.262  -51.047  -9.256 0.3000000119
16437  12.923  -50.813  -10.193 0.3000000119
3226  24.214  -71.931  -15.687 0.5000000000
3245  24.317  -71.225  -15.967 0.5000000000
131719  30.246  -72.762  -19.427 0.6000000238
5073  15.494  -66.996  -10.608 0.5000000000
6808  16.080  -64.070  -13.500 0.5000000000
6831  15.581  -64.294  -13.858 0.5000000000
6833  14.116  -64.319  -14.322 0.5000000000
6809  14.858  -63.916  -13.947 0.5000000000
6788  18.579  -64.001  -11.645 0.5000000000
6810  13.849  -63.993  -13.937 0.4000000060
6807  16.555  -63.919  -12.717 0.5000000000
7516  15.584  -63.956  -13.814 0.5000000000
131758  13.189  -64.112  -12.921 0.5000000000
7504  16.632  -63.755  -12.386 0.6000000238
7506  15.417  -63.709  -13.423 0.5000000000
6790  14.411  -63.736  -13.187 0.5000000000
6778  11.511  -64.397  -10.267 0.5000000000
135734  15.961  -63.578  -12.698 0.6000000238
6793  11.522  -64.426  -11.686 0.5000000000
127495  11.969  -64.431  -10.912 0.5000000000
137408  15.061  -63.606  -12.562 0.6000000238
6791  13.640  -64.171  -12.029 0.6000000238
6792  12.574  -64.381  -11.800 0.5000000000
7487  17.401  -63.360  -11.500 0.6000000238
7489  15.570  -63.618  -11.573 0.6000000238
142868  14.338  -63.857  -12.280 0.6000000238
123327  14.394  -64.092  -11.366 0.6000000238
6777  12.288  -64.403  -10.153 0.5000000000
121536  11.659  -64.328  -9.584 0.5000000000
126982  13.139  -64.396  -10.888 0.6000000238
11246  8.638  -57.622  -5.672 0.5000000000
11245  9.557  -57.610  -5.806 0.5000000000
7447  12.191  -63.920  -8.046 0.6000000238
6775  15.035  -64.012  -10.353 0.6000000238
6765  12.558  -64.288  -9.390 0.6000000238
6776  14.018  -64.307  -10.199 0.6000000238
142313  13.139  -64.387  -9.963 0.6000000238
6763  14.584  -64.080  -9.587 0.6000000238
16477  11.425  -51.587  -13.201 0.3000000119
18052  6.928  -48.576  -8.342 0.3000000119
2343  29.743  -73.778  -14.791 0.4000000060
123570  29.865  -73.610  -16.804 0.5000000000
1661  22.331  -76.285  -17.527 0.5000000000
1651  23.113  -75.478  -16.814 0.5000000000
2378  30.293  -73.141  -17.410 0.4000000060
1650  23.655  -75.085  -16.657 0.4000000060
2839  30.880  -71.692  -20.878 0.4000000060
3264  24.080  -71.440  -16.701 0.4000000060
133580  23.263  -73.203  -16.464 0.4000000060
2808  23.591  -72.369  -16.443 0.4000000060
2369  22.954  -74.084  -16.599 0.4000000060
1979  23.318  -74.626  -16.539 0.4000000060
3773  31.855  -70.036  -22.585 0.4000000060
3789  31.070  -70.203  -22.736 0.4000000060
3790  29.641  -70.783  -22.162 0.4000000060
3716  24.722  -70.090  -16.380 0.4000000060
3774  31.545  -70.640  -22.062 0.4000000060
3314  30.058  -71.479  -22.038 0.4000000060
131469  30.342  -69.597  -21.694 0.4000000060
4219  30.415  -69.368  -19.354 0.5000000000
126277  15.357  -63.669  -9.505 0.5000000000
7457  15.972  -63.120  -9.511 0.5000000000
8124  15.646  -62.825  -8.822 0.5000000000
7445  14.622  -63.729  -8.804 0.5000000000
139711  15.593  -62.225  -8.706 0.5000000000
12596  10.056  -55.987  -5.873 0.4000000060
13306  10.201  -55.256  -5.931 0.4000000060
7458  15.402  -63.251  -8.791 0.5000000000
6764  13.666  -64.184  -9.258 0.5000000000
2413  29.620  -73.000  -20.786 0.5000000000
3304  31.101  -71.300  -21.590 0.4000000060
4230  30.510  -69.777  -22.477 0.4000000060
1207  15.676  -77.209  -2.218 0.4000000060
949  14.979  -77.379  -2.703 0.4000000060
321  17.057  -80.995  -3.247 0.4000000060
1206  16.362  -76.890  -2.170 0.4000000060
1215  15.862  -76.782  -2.917 0.4000000060
960  15.424  -77.355  -3.416 0.4000000060
494  18.652  -79.977  -3.528 0.4000000060
495  17.660  -80.212  -3.701 0.4000000060
496  16.600  -79.947  -3.801 0.4000000060
1212  18.121  -75.747  -2.468 0.5000000000
1214  16.665  -76.357  -2.770 0.5000000000
1514  17.079  -75.982  -3.294 0.4000000060
1225  16.517  -76.434  -3.276 0.4000000060
506  17.065  -79.171  -4.232 0.4000000060
1512  18.567  -75.325  -2.818 0.5000000000
1839  19.030  -74.800  -3.295 0.5000000000
1524  18.281  -75.180  -3.669 0.5000000000
1224  16.952  -76.230  -3.772 0.4000000060
971  16.213  -77.232  -4.019 0.4000000060
1541  18.376  -75.183  -4.151 0.4000000060
1525  17.617  -75.671  -3.859 0.4000000060
1236  19.958  -76.825  -5.038 0.4000000060
708  19.380  -78.277  -4.291 0.4000000060
139158  18.366  -78.365  -4.441 0.4000000060
709  17.435  -78.313  -4.421 0.4000000060
710  16.529  -78.145  -4.302 0.4000000060
504  18.930  -79.127  -3.967 0.4000000060
505  18.021  -79.246  -4.233 0.4000000060
136622  18.781  -75.543  -4.711 0.5000000000
1238  18.074  -75.782  -4.365 0.4000000060
1239  17.441  -76.260  -4.249 0.4000000060
138122  16.925  -77.545  -4.357 0.4000000060
1248  20.105  -76.064  -5.296 0.5000000000
1237  19.348  -76.201  -5.079 0.4000000060
129070  18.225  -76.696  -4.621 0.4000000060
969  17.662  -77.343  -4.515 0.4000000060
1223  21.980  -76.846  -4.121 0.3000000119
1222  22.879  -77.278  -3.418 0.3000000119
1234  22.717  -76.433  -4.199 0.4000000060
1247  20.898  -75.911  -5.246 0.3000000119
1550  22.552  -74.900  -5.201 0.4000000060
132138  21.999  -75.212  -5.163 0.4000000060
120121  23.682  -78.050  -3.975 0.3000000119
1221  23.199  -77.605  -3.343 0.4000000060
1538  22.652  -75.622  -4.730 0.4000000060
966  23.629  -77.366  -3.917 0.4000000060
1537  23.286  -76.102  -4.404 0.4000000060
1549  23.404  -75.233  -4.963 0.4000000060
1864  24.730  -74.225  -5.284 0.3000000119
1235  20.815  -76.744  -4.786 0.3000000119
2249  22.548  -73.345  -5.366 0.3000000119
129020  21.716  -74.526  -5.401 0.4000000060
127122  23.089  -74.534  -5.265 0.3000000119
1536  24.007  -75.906  -4.652 0.4000000060
1535  24.840  -75.929  -4.984 0.4000000060
1548  24.396  -75.060  -5.166 0.4000000060
1552  20.336  -75.184  -5.416 0.4000000060
1551  21.202  -75.134  -5.433 0.4000000060
125144  23.491  -79.325  -4.412 0.4000000060
2248  24.086  -73.468  -5.300 0.3000000119
977  24.248  -77.796  -5.363 0.4000000060
705  23.773  -78.442  -4.729 0.4000000060
976  25.201  -77.440  -5.723 0.4000000060
138394  24.851  -77.264  -5.219 0.4000000060
1232  24.180  -76.690  -4.544 0.4000000060
1868  19.872  -74.463  -5.187 0.4000000060
2252  20.425  -73.877  -5.207 0.4000000060
2699  21.966  -72.863  -5.215 0.3000000119
2251  20.912  -73.635  -5.308 0.4000000060
2698  22.833  -72.626  -5.156 0.3000000119
983  24.427  -77.731  -6.516 0.4000000060
992  24.346  -78.017  -7.644 0.4000000060
135110  24.959  -77.461  -7.453 0.4000000060
975  26.355  -77.476  -5.778 0.4000000060
1231  24.964  -76.811  -4.960 0.4000000060
1847  19.502  -74.231  -3.650 0.4000000060
2688  21.422  -72.568  -4.705 0.3000000119
2224  20.222  -73.720  -3.185 0.4000000060
1540  19.081  -74.833  -4.605 0.4000000060
2232  20.312  -73.266  -4.028 0.4000000060
2242  20.022  -73.757  -4.667 0.4000000060
2241  20.709  -73.215  -4.804 0.4000000060
4210  30.454  -69.180  -18.409 0.4000000060
965  24.148  -77.458  -4.600 0.4000000060
706  23.552  -78.808  -3.780 0.3000000119
737  26.660  -78.263  -9.966 0.4000000060
738  25.863  -78.656  -9.637 0.4000000060
746  26.622  -78.111  -10.235 0.4000000060
752  25.939  -78.566  -10.237 0.4000000060
754  24.788  -79.183  -10.419 0.4000000060
776  25.170  -78.737  -15.061 0.4000000060
784  24.672  -78.946  -15.720 0.4000000060
922  19.455  -77.020  -0.361 0.3000000119
924  17.679  -77.634  -0.698 0.5000000000
936  17.934  -76.939  -1.251 0.5000000000
939  15.297  -77.607  -1.625 0.5000000000
955  23.368  -78.324  -3.141 0.3000000119
959  16.076  -76.813  -3.437 0.4000000060
968  19.231  -77.171  -4.808 0.4000000060
970  16.873  -76.798  -4.199 0.4000000060
982  25.539  -77.344  -6.546 0.4000000060
990  26.857  -76.880  -7.791 0.5000000000
1004  27.483  -77.372  -10.104 0.5000000000
1005  27.132  -77.780  -10.153 0.4000000060
1018  24.800  -78.350  -10.533 0.4000000060
1038  25.657  -77.986  -14.850 0.4000000060
1041  22.829  -77.571  -14.526 0.3000000119
1051  25.582  -77.808  -16.111 0.4000000060
1205  17.217  -76.600  -2.015 0.5000000000
1213  17.419  -76.015  -2.611 0.5000000000
1220  27.895  -77.785  -3.134 0.3000000119
1227  28.919  -77.105  -4.035 0.4000000060
1233  23.225  -76.862  -3.845 0.4000000060
1243  28.321  -77.471  -5.376 0.4000000060
1244  27.553  -77.844  -5.122 0.5000000000
1269  29.326  -75.913  -8.944 0.4000000060
1271  28.038  -76.959  -9.834 0.5000000000
1278  28.001  -76.848  -9.981 0.4000000060
1280  26.622  -77.097  -10.343 0.3000000119
1290  26.811  -77.748  -10.305 0.4000000060
1292  21.006  -77.509  -10.693 0.3000000119
1305  20.530  -76.856  -12.480 0.4000000060
1309  21.483  -76.488  -14.099 0.3000000119
1317  25.885  -77.365  -14.672 0.4000000060
1320  22.918  -76.702  -14.427 0.3000000119
1330  26.630  -76.745  -16.222 0.4000000060
1341  24.860  -77.049  -18.058 0.6999999881
1346  26.031  -76.024  -19.209 0.6999999881
1500  19.908  -75.505  -1.492 0.4000000060
1513  17.742  -75.587  -3.196 0.5000000000
1539  21.867  -75.913  -4.808 0.4000000060
1553  19.538  -75.350  -5.178 0.4000000060
1557  30.221  -74.846  -6.738 0.3000000119
1569  29.478  -75.755  -8.030 0.3000000119
1578  25.403  -75.386  -8.941 0.3000000119
1580  23.536  -74.900  -8.513 0.3000000119
1589  28.461  -76.234  -9.688 0.4000000060
1601  21.325  -75.485  -10.628 0.3000000119
1615  27.117  -75.368  -14.202 0.4000000060
1619  22.842  -74.994  -13.579 0.4000000060
1628  27.406  -75.864  -14.732 0.4000000060
1630  25.517  -76.405  -14.365 0.4000000060
1640  27.460  -76.016  -15.211 0.3000000119
1652  22.777  -75.718  -17.048 0.5000000000
1667  26.452  -75.830  -19.297 0.6999999881
1668  25.771  -76.072  -18.975 0.6999999881
1669  24.973  -76.467  -18.226 0.6999999881
1675  26.305  -75.700  -19.469 0.6999999881
1857  19.472  -74.237  -4.365 0.4000000060
1858  18.833  -74.648  -4.020 0.5000000000
1865  23.824  -74.379  -5.306 0.3000000119
1866  22.436  -74.127  -5.394 0.4000000060
1867  20.787  -74.318  -5.438 0.4000000060
1881  31.505  -73.946  -8.225 0.3000000119
1883  24.941  -73.795  -7.718 0.3000000119
1892  30.811  -74.353  -8.520 0.3000000119
1899  22.832  -73.886  -8.505 0.3000000119
1907  28.885  -75.574  -9.487 0.3000000119
1918  21.528  -74.658  -10.332 0.4000000060
1944  27.809  -74.785  -14.048 0.4000000060
1947  23.376  -74.539  -13.336 0.5000000000
1965  28.694  -74.807  -15.163 0.5000000000
1978  23.946  -74.370  -16.265 0.6000000238
1990  24.322  -75.052  -16.786 0.4000000060
2001  28.120  -74.833  -19.664 0.6999999881
2003  25.938  -75.593  -19.214 0.6999999881
2016  27.450  -74.657  -20.626 0.8000000119
2190  22.806  -72.863  2.339 0.3000000119
2220  26.252  -73.937  -2.905 0.3000000119
2233  19.804  -73.757  -4.016 0.4000000060
2238  25.346  -73.318  -4.717 0.4000000060
2239  24.611  -72.872  -4.925 0.4000000060
2240  21.298  -73.173  -5.178 0.4000000060
2250  21.612  -73.676  -5.385 0.4000000060
2267  31.880  -73.440  -7.679 0.3000000119
2271  24.612  -73.122  -7.522 0.3000000119
2287  23.293  -73.314  -8.139 0.3000000119
2298  21.710  -73.991  -10.130 0.3000000119
2314  21.729  -74.085  -10.865 0.4000000060
2335  27.019  -73.640  -13.473 0.4000000060
2353  30.102  -73.538  -15.406 0.4000000060
2354  25.063  -73.001  -15.522 0.6000000238
2355  23.802  -72.757  -15.884 0.4000000060
2367  24.300  -73.467  -15.795 0.6000000238
2380  26.923  -73.168  -17.936 0.8000000119
2429  27.770  -74.226  -21.242 0.8000000119
2438  28.444  -73.281  -21.723 0.6999999881
2619  22.106  -72.324  2.112 0.3000000119
2658  23.653  -71.983  -2.293 0.3000000119
2659  21.356  -71.788  -2.476 0.4000000060
2673  24.500  -72.327  -3.647 0.4000000060
2675  21.477  -71.866  -3.388 0.4000000060
2685  24.095  -72.221  -4.377 0.4000000060
2725  23.564  -72.458  -7.907 0.3000000119
2735  31.349  -72.800  -8.262 0.3000000119
2736  30.555  -72.641  -8.399 0.3000000119
2756  23.074  -72.373  -10.576 0.5000000000
2765  24.581  -72.145  -11.755 0.4000000060
2767  22.653  -73.014  -10.929 0.5000000000
2775  23.670  -72.973  -12.046 0.3000000119
2789  30.656  -72.640  -14.310 0.4000000060
2799  25.743  -72.464  -15.460 0.6000000238
2806  27.159  -72.234  -16.106 0.6000000238
2816  23.787  -71.829  -17.461 0.4000000060
2826  30.563  -72.211  -20.228 0.4000000060
2840  29.992  -72.428  -21.222 0.5000000000
2841  29.112  -72.968  -21.590 0.6999999881
2843  27.926  -73.589  -21.597 0.8000000119
2855  29.484  -72.190  -21.745 0.6999999881
3050  21.872  -71.650  0.484 0.3000000119
3051  21.295  -71.897  0.382 0.3000000119
3059  21.043  -71.900  -0.351 0.3000000119
3063  22.920  -71.540  -1.892 0.3000000119
3065  21.487  -71.585  -1.566 0.4000000060
3093  22.685  -71.502  -3.319 0.4000000060
3105  23.377  -71.699  -3.992 0.4000000060
3106  22.530  -71.641  -4.111 0.4000000060
3133  29.988  -71.408  -7.919 0.3000000119
3181  27.425  -71.194  -12.705 0.3000000119
3196  20.474  -71.091  -13.444 0.6000000238
3197  19.736  -71.220  -13.131 0.6000000238
3211  21.131  -71.038  -14.829 0.6000000238
3223  26.810  -71.638  -15.362 0.8000000119
3246  23.884  -72.002  -15.934 0.5000000000
3249  18.443  -71.463  -16.581 0.6000000238
3263  24.575  -70.442  -17.088 0.4000000060
3306  28.442  -71.945  -21.532 0.6000000238
3313  30.661  -70.805  -22.350 0.4000000060
3321  29.922  -70.772  -22.310 0.4000000060
3605  30.144  -71.003  -7.512 0.3000000119
3636  23.758  -70.949  -9.840 0.3000000119
3650  28.354  -70.103  -12.887 0.3000000119
3655  20.452  -70.141  -12.539 0.6999999881
3671  14.979  -70.122  -14.006 0.6000000238
3681  25.918  -70.266  -14.683 0.6000000238
3683  21.765  -70.350  -13.797 0.6999999881
3703  15.115  -71.049  -14.967 0.6000000238
3714  29.146  -69.967  -16.677 0.6000000238
3717  21.539  -70.121  -17.050 0.6000000238
3721  29.259  -70.198  -17.643 0.6000000238
3775  29.212  -71.010  -21.881 0.6000000238
3776  28.815  -71.546  -21.750 0.6000000238
4130  18.489  -69.272  -11.601 0.6000000238
4142  21.961  -68.938  -12.569 0.6999999881
4144  20.658  -69.409  -12.403 0.6999999881
4145  19.835  -69.495  -12.286 0.6000000238
4148  15.532  -69.599  -12.738 0.5000000000
4160  15.278  -69.854  -13.335 0.6000000238
4171  27.623  -69.405  -14.656 0.6999999881
4187  22.463  -69.557  -15.704 0.6999999881
4193  24.488  -69.275  -16.649 0.6999999881
4225  30.261  -69.578  -20.572 0.4000000060
4229  32.589  -69.764  -22.129 0.4000000060
4231  29.852  -70.329  -22.067 0.4000000060
4236  30.193  -70.303  -22.397 0.4000000060
4592  16.881  -67.817  -10.655 0.6000000238
4602  17.502  -68.453  -11.004 0.6000000238
4604  14.950  -68.201  -11.300 0.5000000000
4615  22.365  -68.128  -12.529 0.8000000119
4626  26.590  -68.299  -13.886 0.8000000119
4633  27.947  -68.491  -14.592 0.6000000238
4634  27.085  -68.859  -14.260 0.6000000238
4644  29.217  -68.406  -15.778 0.5000000000
4657  23.576  -68.758  -16.420 0.6999999881
5072  16.332  -67.109  -10.519 0.6000000238
5089  18.266  -67.625  -11.095 0.6000000238
5105  18.845  -67.816  -12.233 0.6999999881
5128  27.459  -67.246  -14.008 0.6000000238
5153  18.117  -68.010  -15.585 0.5000000000
5154  18.138  -67.840  -16.160 0.6000000238
5155  17.383  -67.602  -16.350 0.6000000238
5165  17.409  -67.622  -16.566 0.6000000238
5167  16.505  -67.374  -17.514 0.6000000238
5592  15.960  -66.446  -10.738 0.6999999881
5619  23.691  -65.802  -12.662 0.8999999762
5622  21.636  -66.393  -12.264 0.8000000119
5636  26.909  -66.015  -13.707 0.5000000000
5657  27.423  -66.399  -13.991 0.6000000238
5659  18.149  -67.642  -14.450 0.6000000238
5696  15.899  -67.355  -17.936 0.6000000238
5720  14.999  -66.906  -19.164 0.5000000000
6183  19.165  -65.276  -12.547 0.6000000238
6191  26.579  -65.465  -13.898 0.5000000000
6192  25.743  -65.241  -13.581 0.6000000238
6193  24.764  -65.014  -13.228 0.6999999881
6197  15.725  -65.007  -13.112 0.6000000238
6216  27.732  -65.570  -15.108 0.5000000000
6231  26.720  -65.161  -16.079 0.6000000238
6233  19.902  -65.611  -16.131 0.5000000000
6249  23.467  -65.274  -18.302 0.5000000000
6755  12.855  -64.049  -8.640 0.6999999881
6787  19.027  -64.264  -11.761 0.6000000238
6802  23.341  -64.839  -12.824 0.6999999881
6803  22.562  -65.006  -12.668 0.6999999881
6804  21.837  -65.256  -12.727 0.8000000119
6828  22.846  -64.546  -13.221 0.6999999881
6829  22.285  -64.443  -13.717 0.6999999881
6832  15.055  -64.229  -14.184 0.5000000000
6856  13.332  -64.566  -14.597 0.5000000000
6871  24.481  -64.286  -15.215 0.6000000238
6889  25.808  -64.792  -16.026 0.6000000238
6915  16.933  -64.731  -17.297 0.6000000238
7418  12.000  -63.172  -5.783 0.6999999881
7425  14.294  -63.124  -7.156 0.6999999881
7426  13.780  -63.083  -6.337 0.8000000119
7437  11.531  -63.947  -7.339 0.6000000238
7438  10.439  -63.761  -7.129 0.6000000238
7448  9.328  -63.883  -8.051 0.5000000000
7449  8.756  -63.466  -8.398 0.5000000000
7503  19.159  -63.230  -12.069 0.6000000238
7505  16.050  -63.840  -13.297 0.5000000000
7515  19.528  -63.831  -13.084 0.6000000238
7538  18.457  -63.673  -15.684 0.6000000238
7547  17.978  -63.572  -16.326 0.6000000238
8069  15.215  -62.092  -6.160 0.6000000238
8070  14.689  -62.175  -5.727 0.6000000238
8079  14.140  -62.624  -5.827 0.6000000238
8092  15.212  -62.525  -7.663 0.6000000238
8094  9.226  -62.515  -7.406 0.5000000000
8095  8.712  -62.584  -8.016 0.5000000000
8149  18.933  -62.520  -13.245 0.6000000238
8159  18.670  -62.966  -15.160 0.6000000238
8643  14.483  -61.551  -5.446 0.8000000119
8644  13.540  -61.521  -5.349 0.8000000119
8645  12.574  -61.459  -5.480 0.8000000119
8646  11.714  -61.482  -5.654 0.6999999881
8648  10.601  -60.892  -5.891 0.6000000238
8663  15.732  -61.508  -6.476 0.5000000000
8725  17.623  -61.507  -13.391 0.6000000238
8743  17.449  -61.827  -15.253 0.5000000000
8745  15.897  -61.118  -16.032 0.5000000000
8757  16.520  -61.582  -16.645 0.5000000000
9286  8.302  -61.029  -7.138 0.5000000000
9293  16.297  -60.069  -7.847 0.5000000000
9875  14.800  -59.439  -5.582 0.6000000238
9889  16.204  -60.086  -6.247 0.5000000000
9892  11.483  -59.269  -6.729 0.6999999881
9893  11.116  -59.199  -7.042 0.6000000238
9902  7.411  -59.717  -7.049 0.6000000238
10544  15.449  -58.920  -5.817 0.6000000238
10550  8.329  -58.206  -5.838 0.6000000238
10556  16.288  -58.651  -6.637 0.6000000238
10557  15.922  -58.618  -6.190 0.6000000238
11250  16.022  -58.152  -6.489 0.5000000000
11253  13.634  -57.670  -6.110 0.6999999881
11265  11.299  -58.203  -8.384 0.8000000119
11896  9.057  -56.892  -5.540 0.5000000000
11908  14.873  -55.828  -6.424 0.4000000060
11943  9.470  -57.795  -9.567 0.6999999881
11944  9.258  -57.607  -9.543 0.6999999881
11960  9.298  -57.049  -9.830 0.6000000238
12619  13.302  -55.785  -6.343 0.6000000238
12642  12.297  -55.615  -7.185 0.6000000238
12666  8.880  -55.641  -9.721 0.6999999881
12686  8.954  -55.315  -10.452 0.6999999881
12693  9.252  -55.289  -10.613 0.6999999881
12694  9.195  -55.374  -10.540 0.6999999881
13307  9.923  -55.319  -6.822 0.5000000000
13351  8.763  -54.493  -10.558 0.6999999881
13360  9.336  -54.779  -10.897 0.6000000238
13373  9.080  -54.285  -11.418 0.6999999881
13999  13.311  -53.188  -6.837 0.4000000060
14013  12.114  -53.448  -8.316 0.4000000060
14031  8.685  -53.756  -10.703 0.6999999881
14042  10.508  -53.602  -10.736 0.6000000238
14053  8.904  -53.693  -11.816 0.5000000000
14054  8.809  -53.574  -11.815 0.5000000000
14808  8.931  -53.268  -12.196 0.5000000000
14809  8.596  -53.000  -12.031 0.6000000238
14816  9.257  -52.666  -12.403 0.5000000000
15594  12.169  -51.384  -10.605 0.3000000119
15597  8.635  -52.330  -11.714 0.6000000238
15614  8.855  -51.484  -12.054 0.6000000238
15628  11.615  -51.543  -13.885 0.4000000060
15647  11.483  -51.631  -13.882 0.3000000119
15649  9.841  -51.542  -12.880 0.5000000000
16478  9.331  -50.458  -12.001 0.6999999881
16491  12.141  -51.682  -13.908 0.3000000119
16492  9.812  -50.656  -12.646 0.6000000238
17245  7.301  -48.907  -8.858 0.5000000000
17302  9.860  -49.893  -12.265 0.6000000238
17317  15.359  -49.977  -14.491 0.3000000119
17321  11.245  -50.132  -13.429 0.5000000000
17335  11.744  -50.864  -14.086 0.3000000119
18084  8.704  -47.684  -9.915 0.6000000238
18111  11.668  -48.100  -12.558 0.4000000060
18828  10.629  -46.993  -5.810 0.3000000119
18869  8.076  -47.441  -9.111 0.5000000000
18870  7.375  -47.720  -8.561 0.4000000060
18920  12.586  -47.062  -11.940 0.3000000119
18922  10.354  -47.396  -11.448 0.4000000060
18935  13.068  -47.582  -12.456 0.3000000119
19698  12.168  -46.830  -11.326 0.3000000119
19701  9.544  -46.902  -10.203 0.4000000060
19711  10.565  -46.840  -11.190 0.4000000060
120161  25.318  -75.043  -5.200 0.5000000000
121429  20.896  -72.380  -2.331 0.4000000060
122753  28.778  -69.161  -15.559 0.6999999881
122996  27.736  -74.038  -13.691 0.4000000060
123438  19.809  -71.486  -15.064 0.6000000238
123537  22.338  -64.256  -14.596 0.6000000238
123563  27.731  -69.974  -7.542 0.3000000119
124097  26.509  -76.505  -4.985 0.5000000000
124280  22.753  -75.851  -9.062 0.3000000119
124456  30.949  -68.752  -18.779 0.4000000060
124866  9.712  -64.687  -9.618 0.5000000000
124986  20.608  -73.005  -3.357 0.5000000000
127232  23.215  -73.828  -5.377 0.3000000119
127829  25.308  -71.911  -15.223 0.6000000238
128107  15.521  -60.014  -5.676 0.6000000238
128260  29.263  -73.151  -13.729 0.5000000000
128693  21.611  -70.621  -14.520 0.6999999881
128938  18.896  -71.540  -14.968 0.5000000000
129497  14.635  -50.387  -14.821 0.3000000119
129735  26.180  -77.412  -15.552 0.5000000000
130311  17.760  -71.510  -16.156 0.6000000238
130371  17.951  -69.015  -11.280 0.6000000238
130380  18.647  -64.939  -11.606 0.6000000238
130426  11.033  -63.904  -6.918 0.6000000238
130689  14.004  -53.948  -6.366 0.4000000060
130840  23.498  -68.166  -14.351 0.8000000119
131193  28.434  -71.102  -7.730 0.3000000119
131585  23.657  -76.591  -4.280 0.4000000060
131603  11.004  -48.985  -12.655 0.5000000000
131817  25.299  -77.488  -17.259 0.6000000238
132877  21.015  -68.065  -12.145 0.6000000238
133037  25.016  -79.297  -10.284 0.3000000119
134087  16.673  -65.216  -11.531 0.6999999881
134413  24.465  -64.458  -13.759 0.6999999881
134567  9.866  -49.554  -11.491 0.6000000238
135301  23.298  -73.134  -5.332 0.3000000119
135381  23.824  -64.352  -13.713 0.6999999881
136502  27.867  -74.362  -21.167 0.6999999881
136527  29.123  -74.363  -14.790 0.5000000000
137134  16.492  -76.650  -3.755 0.4000000060
137232  14.566  -77.601  -2.082 0.5000000000
137446  18.598  -77.634  -4.617 0.4000000060
137638  23.346  -66.877  -12.743 0.8999999762
137857  23.324  -73.483  -12.317 0.3000000119
137898  25.640  -73.208  -4.222 0.4000000060
138137  25.559  -69.572  -14.728 0.6999999881
138160  31.188  -73.947  -8.491 0.3000000119
138421  29.344  -74.165  -16.637 0.6000000238
138709  28.309  -75.035  -17.776 0.6000000238
138834  11.927  -64.158  -8.820 0.5000000000
139055  20.392  -68.620  -12.429 0.6000000238
139139  30.453  -70.291  -22.523 0.4000000060
139213  21.178  -65.799  -12.966 0.8000000119
139513  23.248  -72.655  -17.065 0.5000000000
139618  26.237  -71.066  -14.835 0.6999999881
139643  19.399  -63.655  -12.401 0.6000000238
139833  28.863  -69.759  -15.956 0.6999999881
140096  27.134  -71.983  -12.843 0.5000000000
140462  17.639  -62.179  -10.983 0.6000000238
140541  21.389  -71.648  -0.814 0.3000000119
141236  16.203  -71.531  -16.384 0.5000000000
141860  32.196  -73.773  -6.601 0.3000000119
142022  27.688  -75.682  -16.909 0.5000000000
142529  22.450  -69.467  -16.401 0.6999999881
142697  28.803  -77.066  -4.573 0.4000000060
142996  18.533  -67.880  -15.416 0.6000000238
143979  29.917  -69.983  -21.453 0.4000000060
144044  26.329  -75.683  -9.451 0.3000000119
144064  14.080  -70.560  -15.037 0.6000000238
144144  18.676  -76.261  -4.773 0.4000000060
144198  30.323  -73.678  -8.722 0.3000000119
144455  27.362  -73.006  -19.693 0.8000000119
144495  29.942  -74.728  -9.108 0.3000000119
144898  21.367  -76.366  -4.790 0.3000000119
