#!ascii label  , from subject sub-v1s3x0050823_ses-1 vox2ras=TkReg
1486
2364  30.342  -73.294  -16.054 0.5000000000
128642  17.610  -66.192  -22.039 0.6000000238
133589  17.100  -65.813  -22.082 0.6000000238
6324  15.044  -65.728  -21.154 0.6000000238
6981  15.971  -65.592  -21.516 0.6999999881
6325  14.136  -65.449  -21.051 0.6000000238
7606  16.225  -63.640  -21.036 0.6999999881
7623  14.441  -64.549  -21.192 0.6000000238
5671  28.786  -66.850  -15.175 0.5000000000
4671  30.976  -68.317  -18.011 0.6000000238
5164  30.789  -67.413  -17.537 0.6000000238
5152  29.546  -67.636  -16.079 0.5000000000
4679  31.012  -68.897  -20.837 0.5000000000
4676  31.037  -68.807  -19.637 0.4000000060
137175  30.507  -68.220  -17.322 0.5000000000
5151  30.162  -67.698  -16.746 0.6000000238
6911  21.054  -64.485  -17.467 0.5000000000
3294  31.490  -71.444  -19.892 0.4000000060
6929  20.418  -64.551  -18.341 0.5000000000
6912  20.271  -64.571  -17.396 0.5000000000
6944  19.785  -64.636  -19.189 0.6000000238
137642  18.695  -65.215  -20.295 0.6000000238
6322  18.539  -66.390  -22.121 0.6000000238
6980  18.193  -65.852  -22.318 0.6999999881
6302  17.801  -66.343  -21.987 0.6000000238
136103  17.661  -65.123  -22.068 0.6999999881
141001  19.450  -63.413  -21.238 0.6000000238
8210  19.598  -62.525  -20.705 0.6000000238
7604  18.753  -63.106  -20.922 0.6000000238
140561  17.186  -63.424  -20.997 0.6999999881
6947  13.585  -65.042  -20.901 0.6000000238
143745  27.483  -65.390  -15.761 0.5000000000
5682  29.564  -66.441  -16.482 0.6000000238
6229  28.283  -65.646  -15.931 0.5000000000
4670  31.469  -68.049  -18.839 0.6000000238
5173  31.535  -67.259  -18.665 0.6999999881
5681  30.268  -66.869  -16.929 0.6000000238
4684  30.975  -69.076  -22.133 0.4000000060
6264  21.944  -65.170  -18.913 0.5000000000
121554  21.487  -64.639  -18.163 0.5000000000
2812  31.541  -72.019  -17.248 0.5000000000
6265  21.026  -64.796  -18.988 0.5000000000
5731  20.093  -66.775  -21.802 0.6999999881
6282  20.349  -65.213  -19.810 0.6000000238
5742  20.445  -66.864  -22.370 0.6999999881
138754  19.410  -66.655  -21.872 0.6000000238
6300  19.747  -66.221  -21.032 0.6000000238
5744  19.288  -66.527  -22.227 0.6999999881
6301  18.765  -66.172  -21.408 0.6000000238
6989  19.066  -66.173  -22.421 0.6999999881
7619  19.841  -64.204  -21.664 0.6000000238
6978  19.964  -65.094  -22.277 0.6000000238
7603  20.174  -63.093  -21.053 0.6000000238
7620  18.715  -64.359  -21.766 0.6000000238
128609  21.267  -61.937  -20.749 0.6000000238
8209  20.492  -61.965  -20.674 0.6999999881
8788  14.866  -62.104  -20.144 0.6999999881
8215  13.705  -63.434  -20.273 0.5000000000
8211  17.905  -62.646  -20.496 0.6999999881
8212  16.827  -62.681  -20.473 0.6999999881
8214  14.329  -63.050  -20.492 0.6000000238
133145  28.431  -65.626  -17.071 0.5000000000
6230  27.545  -65.462  -16.588 0.5000000000
6242  29.895  -65.817  -17.901 0.6999999881
6228  28.976  -65.891  -16.424 0.6000000238
5180  32.245  -67.520  -20.452 0.5000000000
132716  31.871  -67.368  -19.384 0.6999999881
141763  31.129  -66.244  -18.626 0.6999999881
5692  30.537  -66.503  -17.631 0.6000000238
5693  29.978  -66.233  -17.171 0.6000000238
4688  31.676  -68.934  -22.921 0.4000000060
4683  31.601  -68.680  -22.615 0.4000000060
4675  31.711  -68.184  -19.946 0.5000000000
6263  22.845  -65.555  -18.988 0.5000000000
6298  21.657  -66.509  -20.729 0.5000000000
6280  22.228  -65.941  -19.758 0.5000000000
6281  21.352  -65.643  -19.763 0.5000000000
5741  21.396  -67.056  -22.690 0.6000000238
6299  20.701  -66.352  -20.811 0.5000000000
5754  20.872  -66.780  -22.778 0.6999999881
6961  22.404  -64.588  -21.083 0.6000000238
6319  21.240  -66.251  -22.871 0.6999999881
6334  20.322  -66.345  -22.636 0.6999999881
6962  21.574  -64.493  -21.428 0.6000000238
6320  20.485  -65.570  -22.485 0.6999999881
8201  22.933  -62.463  -19.085 0.6999999881
7601  21.813  -63.926  -20.654 0.6000000238
134949  20.534  -64.625  -21.903 0.6000000238
9400  23.714  -61.115  -19.329 0.6000000238
8202  22.147  -62.807  -19.825 0.6999999881
8208  21.456  -62.711  -20.524 0.6999999881
9412  24.573  -60.118  -21.170 0.6000000238
9404  23.698  -60.705  -20.791 0.6000000238
137135  21.850  -62.010  -20.567 0.6999999881
8780  14.289  -61.525  -19.605 0.6000000238
8783  21.793  -61.325  -20.806 0.6999999881
8787  16.208  -61.910  -20.065 0.6999999881
8789  13.977  -62.463  -20.112 0.6000000238
10037  24.658  -59.844  -21.266 0.6999999881
9413  23.207  -60.542  -21.165 0.6000000238
9415  21.652  -60.466  -20.739 0.8000000119
9416  20.362  -60.801  -20.369 0.6999999881
124356  18.846  -62.078  -20.256 0.6999999881
132965  18.175  -61.704  -19.940 0.6999999881
129072  27.479  -65.641  -17.653 0.6000000238
6256  30.958  -65.673  -19.137 0.6999999881
6258  29.383  -65.709  -18.729 0.6999999881
136447  28.998  -65.728  -17.886 0.6000000238
5179  32.244  -66.599  -19.960 0.5000000000
6271  31.682  -65.782  -19.774 0.6999999881
5187  32.162  -68.360  -22.682 0.4000000060
5182  32.213  -67.857  -22.032 0.5000000000
6249  23.467  -65.274  -18.302 0.5000000000
6248  24.014  -64.982  -17.658 0.5000000000
5718  23.007  -66.257  -19.900 0.5000000000
120288  22.128  -67.142  -21.829 0.6000000238
5752  22.849  -66.993  -23.293 0.6000000238
5740  22.457  -67.192  -22.943 0.6999999881
5730  21.010  -66.951  -21.837 0.6999999881
6975  22.922  -65.520  -22.380 0.6999999881
5753  21.839  -66.918  -23.123 0.6999999881
6943  23.006  -64.132  -20.027 0.6000000238
6960  23.467  -64.832  -21.162 0.6000000238
6318  22.331  -66.424  -23.075 0.6999999881
8762  24.426  -61.869  -17.625 0.6999999881
8192  23.715  -62.393  -18.395 0.6999999881
7576  23.467  -63.071  -18.776 0.6999999881
10032  14.623  -59.784  -18.937 0.6000000238
9398  25.147  -60.292  -18.364 0.6000000238
9393  24.676  -61.139  -17.742 0.6999999881
125158  22.815  -63.267  -19.380 0.6999999881
10024  27.397  -59.174  -21.185 0.6000000238
10026  25.824  -59.709  -21.036 0.6000000238
10016  26.200  -59.620  -20.159 0.6000000238
9399  24.424  -60.636  -18.914 0.6000000238
129538  23.471  -61.875  -18.633 0.6999999881
9408  15.053  -60.398  -19.368 0.6000000238
10035  26.106  -59.334  -21.307 0.6000000238
9403  24.436  -60.373  -20.385 0.6000000238
9405  18.249  -59.835  -19.622 0.6999999881
9406  17.336  -59.908  -19.510 0.6000000238
8779  15.614  -61.160  -19.699 0.6999999881
10034  26.863  -59.092  -21.377 0.5000000000
10041  25.604  -59.259  -21.372 0.6000000238
10043  24.170  -59.435  -21.204 0.8000000119
10709  22.454  -58.647  -20.495 0.8000000119
139945  21.092  -59.239  -20.447 0.8000000119
9417  19.598  -60.281  -20.004 0.8000000119
9418  18.789  -60.900  -19.813 0.6999999881
8777  17.829  -60.895  -19.668 0.6999999881
10039  22.276  -59.730  -20.805 0.8000000119
133052  20.911  -60.265  -20.500 0.8000000119
143228  28.636  -65.823  -18.688 0.6999999881
6244  28.127  -65.764  -18.178 0.6999999881
6245  26.705  -65.786  -18.195 0.6999999881
125725  26.744  -65.441  -17.166 0.6000000238
136027  31.121  -65.206  -20.085 0.6999999881
6246  25.863  -65.474  -17.719 0.6000000238
6270  32.254  -65.822  -20.265 0.6000000238
6247  24.869  -65.242  -17.673 0.5000000000
6278  24.655  -66.045  -19.104 0.5000000000
144934  15.904  -58.432  -13.283 0.6000000238
6279  23.793  -65.952  -19.251 0.5000000000
10648  15.756  -58.744  -14.610 0.5000000000
5717  23.673  -66.558  -20.252 0.5000000000
9989  16.223  -59.161  -15.373 0.6000000238
5751  24.354  -67.242  -23.098 0.6999999881
123027  23.206  -67.369  -22.207 0.6000000238
134277  24.029  -65.579  -22.390 0.6999999881
10667  15.308  -58.697  -17.046 0.6000000238
6942  23.918  -64.336  -20.041 0.6999999881
6959  24.462  -64.853  -21.150 0.6000000238
8755  25.794  -61.373  -16.423 0.6999999881
8181  25.342  -62.390  -17.170 0.6999999881
7590  24.320  -63.702  -19.111 0.6999999881
10021  15.194  -59.099  -18.575 0.6000000238
10666  15.842  -58.709  -17.808 0.6000000238
9383  25.410  -60.841  -17.075 0.6000000238
7575  24.210  -62.921  -18.262 0.6999999881
10688  16.482  -58.852  -18.823 0.6000000238
10689  14.362  -58.690  -18.131 0.6000000238
122075  27.116  -59.138  -18.089 0.6000000238
10015  26.538  -59.463  -18.892 0.6000000238
10701  17.528  -58.600  -19.068 0.6999999881
10030  16.905  -59.084  -19.280 0.6000000238
10031  15.801  -59.478  -19.065 0.6000000238
123689  27.052  -59.384  -20.355 0.6000000238
10685  21.578  -58.007  -19.891 0.6000000238
10686  20.727  -58.196  -19.874 0.6000000238
10699  19.484  -58.660  -19.544 0.6999999881
10029  17.840  -58.917  -19.401 0.6000000238
9407  16.290  -60.124  -19.427 0.6000000238
10696  22.729  -57.961  -20.073 0.6000000238
10711  20.914  -58.192  -20.086 0.8000000119
11393  23.738  -58.104  -20.282 0.6000000238
10697  21.557  -58.020  -19.999 0.6999999881
10028  19.532  -59.136  -19.885 0.8000000119
6273  29.751  -65.602  -19.817 0.6999999881
126409  28.004  -66.125  -19.202 0.6999999881
6259  27.368  -65.991  -18.687 0.6999999881
6272  30.563  -65.372  -19.980 0.6999999881
6260  26.053  -66.040  -18.802 0.6000000238
6261  25.196  -65.749  -18.514 0.6000000238
9935  17.464  -58.957  -11.873 0.6000000238
119731  16.710  -58.167  -11.786 0.6000000238
9948  17.467  -59.227  -12.631 0.6000000238
10620  16.877  -58.640  -12.406 0.6000000238
6277  25.411  -66.398  -19.476 0.6000000238
9961  16.994  -59.289  -13.924 0.5000000000
5188  25.081  -67.452  -22.903 0.6999999881
122784  24.220  -67.497  -22.375 0.6999999881
9988  17.258  -59.640  -14.971 0.4000000060
9974  16.601  -59.212  -14.522 0.5000000000
6297  25.006  -65.467  -22.153 0.6999999881
6332  24.745  -66.732  -23.174 0.8000000119
10000  17.097  -59.687  -15.938 0.5000000000
6958  25.352  -64.859  -21.202 0.6000000238
136151  24.140  -66.312  -23.114 0.6999999881
126882  17.177  -59.580  -16.969 0.6000000238
7574  25.004  -63.356  -18.342 0.6999999881
6941  24.879  -64.414  -20.116 0.6999999881
9999  18.164  -59.738  -17.291 0.6999999881
10012  16.404  -58.978  -17.512 0.6000000238
9366  26.801  -60.849  -15.622 0.6999999881
8171  25.842  -62.039  -16.533 0.6999999881
9395  19.651  -59.702  -17.735 0.5000000000
10677  16.529  -58.758  -18.285 0.6000000238
10664  27.555  -58.930  -16.223 0.6000000238
135919  26.607  -59.823  -16.451 0.6000000238
144753  25.812  -60.905  -16.422 0.6999999881
10010  18.671  -59.118  -18.254 0.6999999881
135699  27.519  -58.849  -17.316 0.6000000238
10005  26.446  -59.583  -17.389 0.6000000238
142774  20.315  -58.491  -19.050 0.5000000000
133306  19.637  -58.721  -18.697 0.6000000238
10014  27.457  -59.215  -19.476 0.6000000238
10683  23.347  -57.852  -19.216 0.6000000238
10018  21.079  -58.557  -18.941 0.5000000000
10019  18.965  -58.505  -19.133 0.6999999881
11383  24.708  -57.604  -19.471 0.6000000238
6274  28.773  -65.969  -19.816 0.6999999881
126720  28.006  -66.495  -20.285 0.6999999881
6275  27.296  -66.569  -19.860 0.6000000238
6276  26.360  -66.713  -19.983 0.6000000238
10607  18.186  -59.316  -11.222 0.4000000060
10608  17.463  -58.517  -11.167 0.5000000000
5715  25.556  -67.107  -20.703 0.6000000238
9934  18.289  -59.650  -12.074 0.5000000000
10609  15.828  -57.162  -11.630 0.6000000238
123965  26.247  -67.345  -22.475 0.6999999881
5737  26.397  -67.013  -22.763 0.6999999881
5716  24.554  -66.650  -20.157 0.6000000238
9973  17.698  -59.761  -14.175 0.5000000000
6296  25.875  -65.522  -22.237 0.6999999881
141187  18.083  -60.257  -14.915 0.4000000060
135642  27.811  -62.754  -17.272 0.6999999881
7559  27.412  -63.242  -17.908 0.6999999881
7572  27.008  -63.676  -18.912 0.6999999881
9371  18.468  -60.451  -15.721 0.6000000238
8740  28.130  -61.029  -15.436 0.6999999881
8752  27.864  -61.796  -15.942 0.6999999881
7573  25.962  -63.591  -18.574 0.6999999881
7588  26.317  -64.091  -19.682 0.6999999881
9370  19.366  -60.679  -15.934 0.5000000000
9387  18.762  -60.315  -16.594 0.5000000000
9984  27.707  -59.918  -15.220 0.6000000238
8741  27.281  -61.317  -15.609 0.6999999881
8753  27.125  -61.910  -15.985 0.6999999881
8180  26.118  -62.650  -17.058 0.6999999881
9396  18.983  -59.948  -17.339 0.5000000000
11360  28.822  -58.079  -16.209 0.5000000000
10656  27.921  -59.245  -15.357 0.6000000238
9994  27.162  -59.689  -15.804 0.6000000238
5712  28.337  -66.323  -21.574 0.6999999881
5713  27.552  -66.817  -21.291 0.6999999881
10597  18.190  -58.903  -10.529 0.4000000060
5724  28.132  -66.214  -22.883 0.6999999881
5714  26.981  -67.068  -21.019 0.6999999881
10598  17.562  -58.058  -10.482 0.4000000060
5726  26.985  -67.158  -22.373 0.6999999881
11310  16.742  -57.536  -11.095 0.6000000238
130679  26.568  -66.383  -22.859 0.8000000119
5736  27.436  -66.446  -22.773 0.6999999881
7587  27.663  -63.777  -19.723 0.6000000238
6957  26.657  -65.282  -22.294 0.6000000238
11958  15.819  -55.688  -9.864 0.6000000238
144111  28.072  -63.088  -17.906 0.6999999881
7571  27.996  -63.441  -18.776 0.6999999881
6939  26.535  -64.565  -20.913 0.6000000238
8168  28.467  -62.310  -16.732 0.6000000238
8739  29.338  -60.513  -15.458 0.6000000238
11278  15.809  -56.871  -8.478 0.5000000000
10646  29.118  -58.924  -14.685 0.6000000238
9364  28.287  -60.177  -15.054 0.6999999881
10654  29.261  -58.376  -14.858 0.5000000000
6314  28.199  -65.950  -23.039 0.6999999881
10588  17.673  -57.654  -9.948 0.4000000060
6974  27.673  -65.692  -22.936 0.8000000119
11297  16.928  -56.946  -10.422 0.5000000000
7586  28.337  -63.639  -20.010 0.8000000119
11957  16.680  -56.079  -9.648 0.4000000060
11287  17.366  -56.909  -9.766 0.4000000060
6956  27.247  -64.627  -21.782 0.6999999881
12681  16.135  -55.403  -9.298 0.4000000060
11971  16.238  -56.134  -10.298 0.5000000000
8751  29.734  -61.161  -16.240 0.6000000238
8178  28.426  -62.758  -17.525 0.6000000238
7558  28.655  -63.059  -18.229 0.6999999881
12661  15.906  -55.169  -8.981 0.4000000060
9363  30.869  -60.111  -15.765 0.6000000238
122284  28.832  -61.506  -16.028 0.6000000238
11926  15.698  -55.625  -8.338 0.4000000060
11959  15.715  -55.715  -9.574 0.6000000238
9350  29.113  -59.593  -14.811 0.6000000238
142538  29.710  -58.450  -14.700 0.5000000000
12010  31.431  -57.113  -14.841 0.5000000000
11286  18.267  -57.795  -9.274 0.4000000060
6973  28.907  -64.013  -22.858 0.8000000119
11276  17.758  -56.854  -8.959 0.4000000060
7600  28.570  -63.773  -21.554 0.6999999881
11940  17.115  -55.930  -8.774 0.4000000060
8191  29.491  -62.877  -18.762 0.6000000238
7570  28.747  -63.321  -19.148 0.6999999881
8167  29.660  -61.829  -16.922 0.6000000238
8176  30.153  -62.211  -17.914 0.6000000238
12660  16.463  -55.303  -8.518 0.4000000060
130487  15.882  -55.041  -8.536 0.4000000060
9983  30.047  -59.705  -15.079 0.6000000238
9968  31.640  -58.788  -14.836 0.4000000060
11275  18.712  -57.567  -8.392 0.4000000060
7585  29.212  -63.351  -20.318 0.6999999881
11939  18.169  -56.732  -8.028 0.4000000060
8190  30.583  -62.399  -18.884 0.6999999881
11925  17.592  -55.907  -7.739 0.4000000060
8750  30.639  -61.060  -16.813 0.6000000238
134384  30.874  -61.423  -17.505 0.6000000238
12640  16.069  -54.833  -8.129 0.4000000060
9981  32.858  -59.757  -15.458 0.6000000238
12617  15.622  -55.038  -7.429 0.3000000119
9967  33.207  -59.157  -14.841 0.4000000060
134329  33.148  -58.430  -14.564 0.4000000060
9966  33.578  -59.461  -14.481 0.4000000060
12639  17.028  -55.134  -7.501 0.4000000060
13322  16.744  -54.633  -7.151 0.4000000060
9379  32.822  -60.613  -16.703 0.6000000238
9361  32.992  -60.607  -16.096 0.6000000238
8728  33.070  -60.843  -16.002 0.6000000238
9955  32.972  -59.785  -13.912 0.4000000060
133174  31.233  -60.599  -13.829 0.5000000000
9941  33.208  -59.360  -13.631 0.4000000060
14732  13.975  -52.742  -6.617 0.3000000119
9943  30.822  -59.412  -12.620 0.4000000060
13298  20.137  -54.768  -6.580 0.4000000060
14730  15.462  -52.174  -6.663 0.3000000119
15560  12.792  -51.802  -8.835 0.4000000060
13980  20.785  -54.169  -6.767 0.4000000060
13981  18.906  -53.777  -6.794 0.4000000060
14747  17.018  -51.956  -6.811 0.3000000119
14728  17.615  -52.741  -6.723 0.3000000119
15537  13.858  -51.626  -7.502 0.3000000119
15515  15.070  -51.706  -6.810 0.3000000119
14766  13.162  -52.103  -7.977 0.3000000119
13997  20.441  -53.442  -7.107 0.4000000060
13998  19.517  -53.312  -7.167 0.4000000060
14727  18.584  -52.917  -6.988 0.4000000060
15514  16.007  -51.551  -6.876 0.3000000119
16397  14.882  -50.821  -7.694 0.3000000119
137521  12.459  -51.135  -12.938 0.4000000060
15646  12.153  -51.638  -14.104 0.3000000119
15664  12.918  -51.693  -14.440 0.3000000119
15558  14.260  -50.976  -7.940 0.3000000119
15559  13.553  -51.336  -8.351 0.3000000119
14745  19.270  -52.717  -7.704 0.4000000060
133370  18.673  -52.436  -7.677 0.4000000060
14746  17.959  -52.189  -7.180 0.3000000119
135523  16.714  -51.303  -7.293 0.3000000119
15534  16.150  -50.834  -7.526 0.3000000119
16459  12.577  -50.771  -11.030 0.3000000119
16414  15.396  -50.395  -8.631 0.3000000119
16490  12.986  -51.572  -13.777 0.3000000119
16435  14.801  -50.325  -9.135 0.3000000119
15627  13.747  -51.774  -14.460 0.4000000060
16500  12.864  -51.766  -14.474 0.3000000119
15663  14.543  -51.830  -15.042 0.3000000119
16514  13.717  -51.654  -14.989 0.3000000119
14765  18.997  -52.304  -8.574 0.4000000060
15532  18.277  -51.879  -8.035 0.4000000060
15556  17.737  -51.290  -8.480 0.3000000119
16476  12.534  -50.664  -11.905 0.4000000060
16395  16.216  -50.489  -8.492 0.3000000119
16458  13.377  -50.360  -11.105 0.3000000119
16475  13.242  -50.642  -12.433 0.4000000060
16474  14.223  -50.459  -11.877 0.4000000060
15678  14.917  -51.505  -15.259 0.3000000119
15555  18.494  -51.764  -9.028 0.4000000060
15577  17.921  -51.309  -9.495 0.4000000060
16432  17.227  -50.825  -10.061 0.4000000060
16434  15.741  -50.306  -9.443 0.3000000119
16456  15.856  -50.484  -10.562 0.3000000119
133331  15.129  -50.480  -11.227 0.3000000119
16489  15.233  -51.143  -12.618 0.3000000119
15625  15.737  -51.650  -13.583 0.5000000000
128309  14.032  -51.159  -13.210 0.4000000060
15643  15.178  -51.765  -14.662 0.4000000060
17331  15.512  -50.559  -15.241 0.3000000119
15576  18.636  -51.692  -9.973 0.4000000060
15592  17.981  -51.511  -10.474 0.4000000060
15593  17.490  -51.415  -11.139 0.3000000119
15609  16.934  -51.521  -11.982 0.3000000119
15623  17.406  -51.492  -12.504 0.3000000119
16488  17.539  -51.192  -13.182 0.3000000119
129998  16.440  -50.502  -10.066 0.3000000119
16455  16.718  -50.928  -10.964 0.3000000119
15610  16.207  -51.466  -12.623 0.3000000119
15641  16.902  -51.497  -13.514 0.3000000119
16499  17.223  -50.904  -14.028 0.3000000119
16473  16.082  -50.974  -11.699 0.3000000119
15642  16.107  -51.658  -14.244 0.3000000119
15662  15.325  -51.641  -15.129 0.3000000119
17317  15.359  -49.977  -14.491 0.3000000119
16412  21.038  -50.809  -8.528 0.3000000119
15574  20.224  -51.426  -9.042 0.3000000119
15575  19.435  -51.573  -9.772 0.3000000119
16471  19.205  -50.801  -11.227 0.3000000119
16486  18.950  -50.350  -12.086 0.3000000119
17298  18.608  -49.874  -13.053 0.3000000119
15590  19.054  -51.433  -10.620 0.3000000119
15607  18.602  -51.367  -11.242 0.3000000119
15622  18.104  -51.514  -11.829 0.3000000119
16487  18.227  -50.970  -12.562 0.3000000119
16498  17.877  -50.354  -13.594 0.3000000119
17315  17.325  -49.938  -14.577 0.3000000119
16511  16.638  -50.680  -14.886 0.3000000119
17329  16.776  -49.836  -14.953 0.3000000119
135676  16.045  -50.607  -15.390 0.3000000119
17316  16.226  -49.911  -15.001 0.3000000119
17242  21.383  -49.835  -8.808 0.3000000119
16431  20.026  -50.947  -9.703 0.3000000119
16454  19.624  -50.897  -10.368 0.3000000119
17297  19.278  -49.420  -12.433 0.3000000119
17314  18.062  -49.189  -14.229 0.3000000119
17328  17.274  -49.142  -14.667 0.3000000119
18138  17.301  -48.609  -14.404 0.3000000119
17299  15.980  -49.600  -13.902 0.3000000119
18104  19.541  -48.442  -12.636 0.3000000119
17313  18.871  -48.861  -13.403 0.3000000119
18137  17.721  -47.441  -14.517 0.3000000119
132723  17.575  -47.584  -14.365 0.3000000119
18125  16.797  -49.200  -14.614 0.3000000119
18124  17.376  -48.337  -14.345 0.3000000119
132134  19.426  -47.602  -13.181 0.3000000119
18122  19.030  -48.109  -13.537 0.3000000119
18123  18.344  -48.207  -14.189 0.3000000119
18914  19.958  -47.632  -12.279 0.3000000119
18931  19.655  -46.840  -12.914 0.3000000119
18944  18.565  -47.390  -13.993 0.3000000119
18945  17.623  -46.795  -14.555 0.3000000119
18953  17.492  -46.706  -14.480 0.3000000119
18946  17.476  -47.261  -14.352 0.3000000119
18105  17.272  -48.443  -13.119 0.3000000119
2813  30.944  -72.596  -16.924 0.5000000000
2820  30.799  -72.470  -18.044 0.5000000000
2819  31.102  -71.911  -19.035 0.4000000060
7621  16.795  -64.674  -21.625 0.6999999881
8213  15.613  -62.799  -20.547 0.6999999881
4234  31.354  -69.520  -22.829 0.4000000060
3278  31.542  -71.782  -18.098 0.5000000000
7602  21.243  -63.562  -20.911 0.6000000238
134369  22.430  -66.570  -20.604 0.5000000000
5749  25.610  -66.953  -22.990 0.8000000119
5727  25.674  -67.520  -22.033 0.6999999881
6940  25.771  -64.482  -20.369 0.6000000238
11353  28.830  -58.323  -15.309 0.5000000000
8179  26.992  -62.801  -17.115 0.6999999881
12662  15.817  -55.334  -9.128 0.4000000060
135055  30.452  -57.383  -14.993 0.5000000000
9362  32.460  -60.211  -16.147 0.6000000238
11345  32.225  -57.563  -14.565 0.4000000060
8769  31.322  -61.679  -18.245 0.6000000238
8760  32.648  -60.765  -17.169 0.6000000238
13323  16.213  -54.357  -7.195 0.3000000119
9980  33.248  -59.849  -15.089 0.4000000060
9337  32.556  -60.295  -14.328 0.4000000060
132423  19.856  -53.994  -6.789 0.4000000060
14779  18.992  -52.027  -9.373 0.3000000119
125682  20.616  -50.434  -9.230 0.3000000119
8188  33.053  -61.884  -19.055 0.5000000000
8198  31.931  -62.151  -20.105 0.5000000000
7584  30.019  -63.038  -21.197 0.6999999881
8207  30.938  -62.629  -21.449 0.6999999881
6330  28.806  -65.063  -23.215 0.6000000238
8189  31.795  -61.894  -19.068 0.5000000000
8199  30.851  -62.533  -20.011 0.6000000238
7599  29.315  -63.542  -22.241 0.6000000238
6294  30.850  -64.673  -21.533 0.6000000238
8206  31.986  -62.301  -21.301 0.6999999881
6987  30.923  -63.004  -23.198 0.6000000238
6955  29.681  -64.566  -23.034 0.6000000238
8220  31.182  -62.650  -22.803 0.6999999881
123374  29.607  -63.913  -23.127 0.6000000238
128399  29.289  -65.687  -21.197 0.6000000238
8767  32.943  -61.760  -18.204 0.5000000000
8217  33.267  -62.426  -22.784 0.6999999881
7615  31.513  -62.804  -23.141 0.6999999881
139000  31.998  -63.189  -23.118 0.6000000238
6954  31.389  -64.117  -22.411 0.6000000238
8204  33.270  -62.316  -21.766 0.6000000238
8223  31.480  -62.615  -22.966 0.6999999881
6970  31.270  -63.311  -23.097 0.6000000238
7582  33.817  -63.145  -20.668 0.6000000238
136839  32.340  -62.748  -17.445 0.5000000000
8768  32.531  -61.451  -18.275 0.5000000000
7614  34.136  -62.786  -21.627 0.6999999881
7633  33.362  -62.671  -23.178 0.6000000238
6953  32.325  -64.707  -21.443 0.6000000238
7536  31.178  -63.575  -15.852 0.5000000000
144952  32.942  -61.795  -17.136 0.5000000000
7502  29.857  -62.696  -13.112 0.5000000000
8158  31.541  -62.756  -16.245 0.5000000000
8143  29.539  -62.148  -12.596 0.4000000060
129199  14.539  -66.383  -20.089 0.4000000060
6323  16.397  -65.749  -21.555 0.4000000060
125188  15.816  -66.019  -20.794 0.4000000060
6303  16.910  -65.728  -20.767 0.5000000000
6963  18.033  -65.466  -20.536 0.5000000000
6284  17.869  -65.243  -19.574 0.5000000000
8738  31.324  -62.293  -15.530 0.5000000000
6945  18.838  -64.791  -19.496 0.5000000000
6234  19.331  -66.057  -16.610 0.6000000238
8720  30.377  -61.940  -14.203 0.4000000060
6283  19.285  -65.093  -20.119 0.5000000000
6930  19.440  -64.621  -18.627 0.5000000000
6913  19.579  -64.988  -17.330 0.5000000000
6286  15.224  -66.554  -19.924 0.5000000000
6285  16.590  -65.980  -19.685 0.5000000000
5719  15.747  -67.110  -18.912 0.5000000000
6266  17.646  -65.645  -18.907 0.5000000000
5703  17.360  -66.958  -17.939 0.5000000000
6931  18.599  -64.884  -18.820 0.5000000000
6251  18.335  -65.687  -18.141 0.5000000000
6250  18.847  -65.812  -17.377 0.5000000000
8730  31.046  -61.883  -14.955 0.5000000000
6914  19.127  -64.901  -18.035 0.5000000000
8704  29.339  -61.626  -11.331 0.4000000060
8721  30.189  -61.218  -13.534 0.4000000060
8708  29.312  -61.490  -12.021 0.4000000060
7579  13.584  -63.019  -19.754 0.5000000000
5175  16.206  -67.426  -17.869 0.5000000000
8736  33.143  -60.950  -16.631 0.5000000000
9349  31.575  -61.118  -14.574 0.4000000060
9409  13.978  -60.616  -19.181 0.5000000000
8766  13.470  -60.797  -18.452 0.5000000000
8765  13.618  -61.130  -18.310 0.5000000000
8195  13.665  -62.051  -19.250 0.5000000000
9325  29.587  -60.871  -12.642 0.4000000060
10023  13.225  -59.713  -18.276 0.5000000000
9401  12.953  -59.988  -18.001 0.5000000000
10690  13.101  -58.920  -18.020 0.5000000000
10013  12.463  -59.367  -17.431 0.5000000000
9397  13.041  -60.218  -17.680 0.5000000000
9389  14.162  -60.769  -17.415 0.4000000060
10679  12.888  -58.647  -17.464 0.5000000000
9391  12.340  -59.515  -16.751 0.6000000238
9390  13.524  -60.288  -16.724 0.6000000238
120763  14.069  -58.495  -17.369 0.5000000000
10668  13.070  -58.472  -16.866 0.5000000000
10003  11.933  -59.077  -16.822 0.5000000000
9375  12.062  -59.411  -15.776 0.6000000238
9374  13.098  -60.012  -15.944 0.6000000238
130284  15.216  -60.695  -15.381 0.6000000238
144132  16.151  -61.121  -15.271 0.5000000000
8733  16.784  -61.158  -13.956 0.5000000000
119988  14.073  -58.454  -16.499 0.5000000000
9990  15.251  -58.758  -16.020 0.5000000000
10660  14.249  -58.431  -15.629 0.5000000000
10662  12.048  -58.729  -15.887 0.5000000000
10651  12.663  -58.380  -15.012 0.6000000238
139905  12.922  -59.873  -15.215 0.6000000238
126159  13.976  -60.333  -15.190 0.6000000238
9354  15.993  -60.858  -14.572 0.6000000238
9342  15.791  -60.587  -13.543 0.5000000000
8701  15.534  -61.636  -9.101 0.5000000000
141372  17.483  -61.479  -11.431 0.5000000000
10001  16.258  -59.200  -16.457 0.5000000000
10659  15.269  -58.651  -15.258 0.5000000000
10649  14.577  -58.390  -14.688 0.6000000238
10637  13.211  -58.079  -13.989 0.6000000238
11339  12.937  -57.991  -13.474 0.6000000238
9975  11.820  -59.092  -14.320 0.6000000238
9963  12.001  -59.070  -13.678 0.6000000238
9356  13.475  -60.042  -14.335 0.6000000238
9344  13.526  -59.973  -13.246 0.6000000238
130035  14.567  -60.297  -13.686 0.6000000238
8717  16.896  -60.968  -12.955 0.5000000000
9330  16.083  -60.551  -12.258 0.5000000000
124828  15.802  -60.628  -11.171 0.5000000000
8710  16.688  -61.259  -10.769 0.5000000000
141331  16.311  -61.717  -9.937 0.5000000000
134081  15.327  -58.425  -13.864 0.6000000238
11338  13.672  -57.692  -13.128 0.6000000238
11324  13.429  -57.694  -12.772 0.6000000238
10610  13.230  -58.585  -11.781 0.6000000238
10623  12.600  -58.739  -12.579 0.6000000238
9321  12.865  -59.867  -11.995 0.6000000238
125106  12.793  -59.477  -12.114 0.6000000238
9332  13.456  -60.097  -12.187 0.5000000000
124167  13.524  -60.132  -11.327 0.5000000000
9343  14.751  -60.276  -12.789 0.5000000000
9319  14.425  -60.440  -10.681 0.5000000000
9310  14.200  -60.269  -10.439 0.6000000238
9309  15.673  -60.953  -10.326 0.5000000000
130839  15.023  -60.802  -9.821 0.5000000000
9300  15.157  -60.830  -9.199 0.5000000000
8682  15.650  -61.784  -7.461 0.5000000000
11313  13.849  -57.304  -11.969 0.6000000238
10600  14.146  -57.702  -11.266 0.6000000238
9924  13.727  -59.087  -10.929 0.6000000238
9320  13.683  -60.221  -10.853 0.6000000238
9301  14.650  -60.348  -9.809 0.6000000238
9294  15.686  -60.468  -8.472 0.5000000000
11312  14.550  -56.940  -11.692 0.6000000238
9914  14.364  -59.574  -10.241 0.6000000238
9906  15.207  -59.798  -9.293 0.6000000238
9285  16.015  -60.892  -7.741 0.5000000000
11972  15.540  -56.180  -10.472 0.6000000238
143373  15.099  -56.371  -10.735 0.6000000238
10599  14.864  -56.854  -10.609 0.6000000238
10589  15.291  -58.158  -9.800 0.6000000238
9905  16.138  -59.451  -8.366 0.5000000000
11973  15.421  -56.147  -10.193 0.6000000238
11288  15.442  -56.489  -9.676 0.6000000238
133121  16.271  -58.385  -8.166 0.6000000238
10568  16.437  -58.598  -7.310 0.5000000000
11277  16.243  -57.820  -7.606 0.4000000060
141230  29.391  -65.339  -22.597 0.6000000238
7616  29.399  -63.817  -23.043 0.6999999881
121101  31.850  -61.090  -17.760 0.5000000000
8749  32.854  -61.606  -16.808 0.5000000000
7514  30.259  -63.205  -13.592 0.5000000000
7537  30.762  -63.098  -15.329 0.5000000000
140511  18.122  -66.749  -17.431 0.6000000238
9991  11.696  -59.083  -15.433 0.6000000238
10639  11.968  -58.852  -14.045 0.6000000238
9331  14.661  -60.339  -11.712 0.5000000000
11299  14.661  -56.791  -11.271 0.6000000238
10590  14.482  -58.255  -10.597 0.6000000238
125799  15.835  -57.715  -9.016 0.6000000238
9901  16.442  -59.352  -7.602 0.6000000238
2342  30.497  -73.173  -14.807 0.4000000060
3666  29.624  -70.545  -13.653 0.5000000000
3678  31.213  -70.520  -14.651 0.5000000000
3209  30.957  -71.404  -14.269 0.4000000060
3208  31.226  -72.061  -14.507 0.4000000060
133417  31.658  -71.937  -15.158 0.4000000060
2797  30.767  -72.917  -15.455 0.4000000060
4169  30.926  -69.359  -14.846 0.5000000000
4155  30.351  -69.572  -14.369 0.5000000000
3222  32.063  -71.382  -15.430 0.5000000000
3242  31.968  -71.696  -15.897 0.5000000000
2804  31.532  -72.177  -16.374 0.4000000060
4184  31.591  -69.724  -15.286 0.5000000000
4183  32.420  -70.036  -15.781 0.5000000000
3713  32.633  -70.948  -16.378 0.5000000000
3259  32.595  -71.166  -17.200 0.5000000000
129306  32.153  -71.464  -17.644 0.4000000060
3277  32.772  -70.979  -18.088 0.4000000060
138009  32.422  -68.955  -16.006 0.5000000000
136066  32.850  -70.451  -16.405 0.5000000000
4192  33.666  -69.883  -16.963 0.5000000000
3712  33.164  -70.545  -16.993 0.5000000000
142596  33.025  -70.802  -17.631 0.5000000000
126260  32.096  -71.265  -18.773 0.4000000060
5735  33.114  -66.032  -21.632 0.5000000000
5723  32.706  -66.859  -21.036 0.4000000060
5186  32.756  -67.379  -22.470 0.4000000060
5193  33.410  -67.008  -22.683 0.4000000060
4686  32.866  -68.107  -22.732 0.4000000060
4232  32.657  -68.969  -22.661 0.4000000060
4199  33.894  -70.174  -17.634 0.5000000000
4228  33.305  -69.513  -21.600 0.4000000060
128751  32.453  -70.364  -21.389 0.4000000060
3757  32.503  -70.546  -20.530 0.4000000060
4198  34.715  -69.680  -18.173 0.4000000060
3726  33.932  -70.174  -18.971 0.5000000000
3293  32.327  -70.786  -19.783 0.4000000060
3728  32.883  -70.641  -19.008 0.4000000060
5748  33.403  -66.719  -22.641 0.4000000060
4685  33.798  -67.860  -22.426 0.4000000060
4682  33.490  -68.761  -22.166 0.4000000060
4197  35.533  -68.956  -18.237 0.4000000060
4224  33.775  -69.738  -20.481 0.4000000060
3756  33.220  -70.188  -20.371 0.4000000060
4208  35.303  -69.251  -18.680 0.4000000060
4217  34.220  -69.839  -19.414 0.4000000060
126913  34.389  -69.611  -19.793 0.4000000060
3740  33.649  -70.141  -19.636 0.4000000060
6311  32.950  -64.907  -21.704 0.5000000000
5734  33.524  -65.365  -22.575 0.4000000060
6337  34.158  -65.377  -23.138 0.4000000060
6327  35.718  -65.152  -22.597 0.4000000060
5191  35.286  -66.869  -21.763 0.4000000060
5185  34.797  -67.721  -21.617 0.4000000060
4680  35.283  -68.374  -20.551 0.4000000060
4227  33.981  -69.284  -21.134 0.4000000060
4673  36.359  -68.141  -19.111 0.4000000060
4677  35.477  -68.830  -19.495 0.4000000060
4223  34.723  -69.176  -20.220 0.4000000060
6969  32.395  -64.054  -22.441 0.5000000000
6992  33.737  -63.717  -23.306 0.5000000000
7627  33.243  -62.978  -23.351 0.6000000238
6338  34.080  -64.723  -23.281 0.5000000000
5733  35.938  -66.018  -21.726 0.4000000060
5732  36.935  -65.942  -20.888 0.4000000060
5722  37.466  -66.288  -19.946 0.4000000060
5177  37.545  -66.502  -19.309 0.4000000060
138764  36.174  -63.115  -23.208 0.4000000060
7626  35.124  -62.623  -23.110 0.5000000000
6984  36.688  -63.274  -22.599 0.4000000060
6308  37.451  -64.811  -21.389 0.4000000060
7624  36.648  -63.098  -22.496 0.5000000000
6983  37.228  -63.356  -21.797 0.4000000060
6967  37.441  -64.136  -21.822 0.4000000060
6307  38.156  -64.315  -20.917 0.4000000060
6968  35.793  -63.257  -22.121 0.6000000238
7613  34.829  -62.708  -22.584 0.6000000238
7596  37.435  -63.415  -21.351 0.5000000000
7595  37.904  -63.383  -20.843 0.4000000060
10622  15.068  -57.920  -13.012 0.5000000000
11323  14.920  -57.106  -12.142 0.5000000000
11298  16.026  -56.521  -10.916 0.5000000000
10621  15.984  -58.047  -12.490 0.5000000000
11311  15.156  -56.532  -11.229 0.5000000000
11337  14.351  -57.540  -12.787 0.5000000000
3677  31.663  -71.451  -14.825 0.5000000000
5746  34.004  -66.118  -22.977 0.4000000060
5192  34.236  -66.944  -22.573 0.4000000060
139196  34.866  -69.318  -19.654 0.4000000060
6985  36.107  -63.929  -23.125 0.4000000060
6326  36.829  -64.308  -22.350 0.4000000060
5184  35.772  -67.477  -20.794 0.4000000060
5181  36.186  -67.913  -19.765 0.4000000060
7631  34.849  -63.021  -23.430 0.5000000000
6291  37.864  -65.329  -20.428 0.4000000060
7625  36.027  -62.708  -22.938 0.5000000000
6950  36.199  -63.887  -21.171 0.6000000238
6965  38.109  -63.398  -20.523 0.5000000000
6936  35.141  -64.533  -20.409 0.5000000000
8690  33.438  -61.807  -8.307 0.3000000119
8119  33.435  -62.501  -9.872 0.3000000119
8129  32.647  -62.692  -10.294 0.3000000119
8106  33.006  -62.109  -9.044 0.3000000119
8679  32.891  -61.459  -7.567 0.3000000119
9869  34.632  -59.720  -5.009 0.3000000119
9251  33.333  -60.336  -5.713 0.3000000119
7481  33.497  -63.428  -11.547 0.4000000060
7499  32.966  -63.736  -12.132 0.4000000060
8105  34.032  -62.190  -8.994 0.3000000119
6822  32.524  -64.318  -13.503 0.4000000060
122714  32.244  -63.678  -12.086 0.4000000060
7557  31.926  -63.788  -17.331 0.4000000060
7556  32.560  -62.916  -18.141 0.4000000060
8660  34.237  -61.254  -6.716 0.3000000119
7483  31.702  -63.417  -11.645 0.3000000119
121879  30.706  -63.600  -13.128 0.4000000060
8680  31.849  -61.360  -7.638 0.3000000119
140328  30.919  -62.513  -10.215 0.3000000119
6865  34.421  -64.561  -15.195 0.4000000060
6885  34.272  -64.960  -16.726 0.4000000060
122232  33.699  -64.730  -19.101 0.4000000060
6937  33.677  -64.202  -19.807 0.4000000060
126229  33.983  -63.177  -11.093 0.4000000060
6821  33.479  -64.342  -13.600 0.4000000060
143432  33.525  -64.668  -15.331 0.4000000060
6926  33.470  -64.848  -18.448 0.4000000060
6927  33.079  -64.186  -19.021 0.4000000060
8118  34.463  -62.517  -9.742 0.3000000119
138386  32.744  -64.493  -14.281 0.4000000060
129565  32.227  -64.583  -16.473 0.4000000060
8197  33.022  -61.990  -20.024 0.4000000060
8677  34.696  -61.600  -7.403 0.3000000119
6868  31.340  -64.126  -15.453 0.4000000060
7569  33.114  -62.325  -19.037 0.4000000060
9269  35.500  -60.873  -5.934 0.3000000119
7501  30.153  -63.145  -12.876 0.4000000060
124382  36.168  -64.426  -17.218 0.4000000060
6924  35.474  -64.806  -19.331 0.4000000060
6864  35.520  -64.305  -15.142 0.4000000060
132248  34.887  -64.620  -15.870 0.4000000060
6905  35.658  -64.795  -18.165 0.4000000060
132717  34.377  -64.749  -19.650 0.4000000060
8117  35.391  -62.596  -9.554 0.3000000119
7497  34.601  -63.656  -12.351 0.4000000060
9268  36.381  -60.875  -5.914 0.3000000119
8676  35.549  -61.690  -7.284 0.3000000119
7583  33.422  -63.068  -19.870 0.4000000060
9867  36.354  -59.667  -4.870 0.3000000119
6935  36.110  -64.389  -20.230 0.4000000060
128860  36.391  -64.461  -18.693 0.4000000060
8142  29.841  -62.739  -12.328 0.3000000119
8123  29.682  -61.978  -10.334 0.3000000119
8131  30.189  -62.447  -10.613 0.3000000119
8196  33.187  -62.249  -20.472 0.4000000060
6952  34.401  -64.118  -20.693 0.4000000060
7597  34.879  -63.487  -21.571 0.4000000060
6923  36.843  -64.130  -19.527 0.4000000060
7469  33.243  -63.000  -10.799 0.3000000119
8691  32.461  -61.751  -8.360 0.3000000119
9272  32.348  -60.997  -6.749 0.3000000119
7513  34.083  -64.040  -12.926 0.4000000060
7500  31.493  -63.724  -12.532 0.4000000060
6845  31.926  -64.478  -14.889 0.4000000060
6846  31.270  -64.160  -14.543 0.4000000060
6907  32.206  -64.007  -17.888 0.4000000060
7484  30.606  -63.293  -12.119 0.4000000060
6843  34.999  -64.302  -14.430 0.4000000060
6925  34.400  -65.072  -18.558 0.4000000060
6241  33.744  -65.075  -17.704 0.4000000060
7468  34.732  -63.139  -11.035 0.3000000119
6866  32.835  -64.757  -15.933 0.4000000060
8688  35.128  -61.953  -8.025 0.3000000119
134058  35.351  -63.595  -12.528 0.4000000060
7479  35.287  -63.410  -11.791 0.3000000119
8091  35.999  -62.121  -7.899 0.3000000119
4129  25.619  -69.605  -11.293 0.3000000119
3642  24.777  -70.807  -11.050 0.3000000119
4599  25.887  -68.769  -11.266 0.3000000119
3634  24.880  -69.893  -10.728 0.3000000119
3640  26.185  -70.169  -11.804 0.3000000119
3653  25.974  -70.923  -11.978 0.3000000119
5087  26.340  -67.901  -11.329 0.3000000119
5088  25.526  -68.087  -10.690 0.3000000119
122109  25.220  -68.967  -10.676 0.3000000119
5086  27.161  -67.463  -11.720 0.3000000119
4598  26.573  -68.726  -11.650 0.3000000119
3652  26.752  -70.665  -12.304 0.3000000119
3193  29.799  -71.781  -13.635 0.3000000119
5575  26.104  -66.151  -9.691 0.3000000119
5069  25.293  -67.506  -10.000 0.3000000119
5602  26.592  -66.845  -11.187 0.3000000119
5068  25.869  -67.185  -10.651 0.3000000119
4591  24.909  -68.332  -10.036 0.3000000119
4140  27.741  -69.602  -12.479 0.3000000119
4157  29.003  -69.846  -13.312 0.3000000119
3667  28.941  -70.635  -13.333 0.3000000119
5601  27.836  -66.266  -11.678 0.3000000119
4614  27.115  -69.138  -12.097 0.3000000119
5101  27.754  -67.907  -12.253 0.3000000119
5100  28.368  -67.449  -12.536 0.3000000119
144834  28.670  -68.615  -12.988 0.3000000119
3650  28.354  -70.103  -12.887 0.3000000119
133185  29.501  -68.063  -13.598 0.3000000119
125819  33.168  -67.423  -15.729 0.4000000060
4631  31.274  -68.513  -15.147 0.4000000060
121398  26.102  -72.468  -7.386 0.3000000119
2285  26.450  -74.063  -8.120 0.3000000119
4120  24.636  -69.159  -10.097 0.3000000119
3630  24.047  -70.200  -9.587 0.3000000119
5033  25.702  -67.599  -8.088 0.3000000119
142131  25.226  -68.979  -7.771 0.3000000119
3610  25.359  -70.973  -7.386 0.3000000119
3137  25.205  -71.846  -7.324 0.3000000119
2270  25.634  -73.372  -7.574 0.3000000119
6144  26.754  -65.635  -8.610 0.3000000119
4574  25.134  -68.100  -8.430 0.3000000119
120858  24.729  -70.461  -7.604 0.3000000119
3139  23.831  -71.648  -7.798 0.3000000119
2723  25.132  -72.606  -7.376 0.3000000119
5042  24.940  -67.915  -9.224 0.3000000119
4582  24.581  -68.737  -9.392 0.3000000119
142480  23.946  -70.532  -8.293 0.3000000119
3148  23.639  -71.181  -8.331 0.3000000119
4114  24.122  -69.893  -8.728 0.3000000119
3622  23.690  -70.667  -8.953 0.3000000119
4141  26.947  -69.903  -12.185 0.3000000119
3651  27.608  -70.398  -12.573 0.3000000119
5576  25.735  -66.567  -9.355 0.3000000119
4612  28.336  -68.353  -12.648 0.3000000119
3136  26.977  -71.942  -7.463 0.3000000119
3158  23.319  -71.520  -9.182 0.3000000119
5041  25.393  -67.371  -8.733 0.3000000119
4109  25.554  -70.080  -7.491 0.3000000119
4112  24.544  -69.341  -8.306 0.3000000119
3138  24.517  -71.326  -7.528 0.3000000119
2739  23.343  -71.939  -8.391 0.3000000119
4632  30.524  -68.542  -14.534 0.3000000119
6179  38.161  -65.400  -12.889 0.3000000119
124453  37.705  -65.530  -13.508 0.3000000119
5649  36.980  -65.974  -14.928 0.3000000119
5666  36.339  -66.501  -15.717 0.4000000060
5139  35.594  -67.060  -16.385 0.4000000060
142880  35.021  -68.584  -17.368 0.3000000119
4191  34.371  -69.655  -17.570 0.3000000119
6189  37.963  -65.289  -14.237 0.3000000119
5664  37.583  -65.752  -16.187 0.4000000060
5679  37.260  -66.342  -16.825 0.4000000060
5160  37.553  -66.562  -18.295 0.4000000060
4669  35.966  -68.540  -18.548 0.3000000119
5710  38.019  -65.954  -19.104 0.4000000060
5171  37.465  -66.765  -18.829 0.4000000060
5178  36.976  -67.337  -19.181 0.3000000119
5721  38.017  -65.676  -19.635 0.3000000119
5570  38.270  -66.341  -9.774 0.3000000119
6158  38.909  -65.574  -10.407 0.3000000119
125197  36.930  -65.997  -13.230 0.4000000060
5650  35.982  -66.430  -14.773 0.4000000060
5667  35.211  -66.706  -15.532 0.3000000119
5140  34.420  -67.274  -16.115 0.3000000119
138606  33.839  -68.082  -16.502 0.3000000119
6147  39.575  -64.958  -9.937 0.3000000119
6169  38.848  -65.292  -12.276 0.3000000119
6178  38.719  -64.881  -13.026 0.3000000119
6202  38.241  -64.919  -14.558 0.3000000119
129787  37.929  -65.297  -15.604 0.3000000119
5678  37.677  -65.880  -17.066 0.4000000060
128910  38.549  -64.370  -14.197 0.3000000119
128703  38.667  -64.039  -15.543 0.3000000119
6214  38.352  -64.746  -15.808 0.3000000119
6227  38.192  -65.453  -17.371 0.4000000060
132704  38.012  -65.930  -18.365 0.4000000060
6881  39.055  -63.645  -16.925 0.3000000119
6903  39.015  -64.305  -18.189 0.4000000060
6255  38.725  -64.718  -19.094 0.4000000060
7554  38.675  -62.992  -17.677 0.3000000119
7566  38.935  -62.946  -18.292 0.4000000060
6933  38.928  -63.783  -19.385 0.4000000060
6290  38.427  -64.764  -20.072 0.4000000060
7545  37.453  -63.516  -17.128 0.3000000119
7581  38.470  -63.322  -19.806 0.4000000060
7555  37.791  -63.314  -18.034 0.3000000119
5517  38.042  -68.295  -5.652 0.3000000119
5029  37.313  -68.614  -7.493 0.3000000119
4572  36.723  -68.782  -8.466 0.3000000119
4579  36.382  -68.766  -9.156 0.3000000119
6121  38.711  -65.546  -7.820 0.3000000119
5535  38.081  -66.664  -8.055 0.3000000119
5553  37.522  -67.801  -8.800 0.3000000119
5064  35.560  -68.322  -10.537 0.3000000119
144899  40.233  -64.263  -7.592 0.3000000119
6737  39.712  -64.670  -7.862 0.3000000119
5552  38.025  -66.717  -8.887 0.3000000119
142122  36.782  -67.249  -11.209 0.3000000119
5082  36.411  -67.169  -11.483 0.3000000119
130428  35.408  -66.426  -13.274 0.3000000119
5631  34.588  -66.464  -13.721 0.3000000119
5669  33.167  -66.754  -14.938 0.3000000119
5141  32.231  -67.000  -14.935 0.3000000119
5654  31.381  -67.017  -14.427 0.3000000119
6750  40.113  -64.432  -8.724 0.3000000119
7533  38.671  -63.510  -16.309 0.3000000119
144302  39.226  -63.188  -17.833 0.3000000119
7534  38.365  -63.491  -15.619 0.3000000119
7543  38.939  -62.987  -16.989 0.3000000119
6863  36.765  -63.722  -15.262 0.3000000119
6883  36.752  -63.868  -16.268 0.3000000119
6904  36.792  -64.174  -17.950 0.3000000119
5511  38.233  -67.569  -4.913 0.3000000119
6093  37.780  -66.519  -5.842 0.3000000119
5536  37.691  -67.771  -7.354 0.3000000119
5036  37.216  -68.590  -8.354 0.3000000119
6105  38.247  -65.565  -6.980 0.3000000119
120992  37.619  -67.805  -8.130 0.3000000119
5655  30.754  -67.065  -14.131 0.3000000119
6086  38.356  -66.822  -4.019 0.3000000119
6087  37.830  -66.220  -4.939 0.3000000119
6703  37.636  -65.110  -5.369 0.3000000119
6722  37.805  -65.400  -6.204 0.3000000119
6122  37.970  -66.504  -7.326 0.3000000119
6721  38.967  -64.897  -7.215 0.3000000119
6079  37.792  -65.436  -4.378 0.3000000119
6687  37.591  -64.490  -4.654 0.3000000119
7412  37.690  -64.066  -5.257 0.3000000119
6702  37.931  -64.536  -6.016 0.3000000119
5142  32.116  -68.053  -15.630 0.3000000119
140445  33.558  -68.926  -16.652 0.3000000119
4654  34.370  -68.911  -17.146 0.3000000119
5162  36.476  -67.740  -17.884 0.3000000119
5172  37.017  -67.338  -18.497 0.4000000060
6948  38.576  -63.543  -19.946 0.4000000060
6842  36.146  -63.885  -14.451 0.3000000119
5594  38.798  -65.598  -11.319 0.3000000119
121326  37.579  -65.529  -14.711 0.3000000119
6170  37.936  -66.052  -11.818 0.3000000119
5665  37.142  -66.143  -15.937 0.4000000060
5680  36.597  -66.721  -16.629 0.4000000060
5161  37.066  -67.218  -18.041 0.4000000060
5700  38.401  -65.472  -18.663 0.4000000060
123657  39.457  -65.040  -9.097 0.3000000119
5584  37.979  -66.515  -10.581 0.3000000119
5610  36.118  -66.391  -12.822 0.3000000119
5595  37.062  -66.644  -11.754 0.3000000119
131689  35.481  -66.389  -14.045 0.4000000060
5668  34.035  -66.765  -15.287 0.3000000119
6762  40.076  -64.291  -10.249 0.3000000119
6774  39.873  -64.299  -11.051 0.3000000119
6799  39.042  -64.380  -12.946 0.3000000119
6226  38.508  -64.798  -16.875 0.4000000060
7535  37.857  -63.343  -15.876 0.3000000119
4589  36.639  -68.535  -9.536 0.3000000119
5063  36.428  -67.920  -10.593 0.3000000119
5098  35.130  -67.342  -11.595 0.3000000119
7522  37.310  -63.490  -14.492 0.3000000119
124696  19.770  -64.603  -17.915 0.4000000060
2724  24.307  -72.261  -7.508 0.3000000119
2740  22.993  -72.655  -8.516 0.3000000119
2788  31.131  -72.539  -14.934 0.4000000060
2796  31.396  -72.328  -15.607 0.4000000060
2805  30.917  -72.704  -16.133 0.5000000000
3173  25.298  -71.202  -11.620 0.3000000119
3192  30.606  -72.018  -13.950 0.4000000060
3221  32.343  -71.268  -15.924 0.5000000000
3240  32.856  -70.862  -16.992 0.5000000000
3241  32.437  -71.245  -16.437 0.5000000000
3258  33.403  -70.550  -17.622 0.5000000000
3260  32.074  -71.614  -16.740 0.4000000060
3303  31.758  -71.013  -20.662 0.4000000060
3611  24.102  -70.860  -7.832 0.3000000119
3621  24.334  -70.086  -7.990 0.3000000119
3635  24.305  -70.490  -10.365 0.3000000119
3641  25.437  -70.438  -11.423 0.3000000119
3665  30.341  -70.587  -14.114 0.5000000000
3695  32.460  -70.957  -15.784 0.5000000000
3696  32.057  -70.851  -15.219 0.5000000000
3720  34.052  -70.235  -18.247 0.5000000000
3727  33.409  -70.538  -18.397 0.5000000000
3741  33.051  -70.406  -19.787 0.4000000060
3772  33.071  -70.009  -21.065 0.4000000060
4110  24.910  -69.527  -7.741 0.3000000119
4121  24.390  -69.827  -10.094 0.3000000119
4128  26.389  -69.404  -11.704 0.3000000119
4139  28.443  -69.198  -12.833 0.3000000119
4156  29.679  -69.719  -13.779 0.3000000119
4209  34.536  -69.771  -18.810 0.4000000060
4218  33.848  -69.914  -19.919 0.4000000060
4233  31.973  -69.259  -22.967 0.4000000060
4235  30.743  -69.865  -22.719 0.4000000060
4568  25.596  -68.449  -7.790 0.3000000119
4569  24.926  -68.806  -8.053 0.3000000119
4571  37.015  -68.911  -7.910 0.3000000119
4573  36.162  -68.774  -8.913 0.3000000119
4575  24.688  -68.646  -8.682 0.3000000119
4578  36.856  -68.783  -8.707 0.3000000119
4590  36.026  -68.727  -9.913 0.3000000119
4597  27.147  -68.348  -11.914 0.3000000119
4613  27.778  -68.785  -12.381 0.3000000119
4624  29.820  -68.728  -13.993 0.3000000119
4625  29.120  -68.872  -13.371 0.3000000119
4642  32.941  -68.400  -16.231 0.3000000119
4643  31.896  -69.010  -15.649 0.5000000000
4652  35.650  -68.350  -17.660 0.3000000119
4653  35.046  -69.153  -17.687 0.3000000119
4662  36.528  -67.855  -18.349 0.3000000119
4663  36.118  -68.340  -18.212 0.3000000119
4668  36.442  -68.040  -18.694 0.4000000060
4674  35.788  -68.760  -18.945 0.4000000060
4678  31.674  -68.329  -21.317 0.4000000060
4681  34.392  -68.597  -21.378 0.4000000060
4687  32.178  -68.577  -22.791 0.4000000060
4689  31.142  -69.325  -22.749 0.4000000060
5024  37.529  -68.613  -6.390 0.3000000119
5040  25.876  -66.850  -8.387 0.3000000119
5050  37.188  -68.333  -9.179 0.3000000119
5054  25.417  -67.125  -9.353 0.3000000119
5081  37.242  -67.084  -11.026 0.3000000119
5083  35.733  -67.694  -11.183 0.3000000119
5097  35.875  -66.895  -11.904 0.3000000119
5125  31.527  -67.601  -14.990 0.3000000119
5126  30.903  -67.655  -14.585 0.4000000060
5148  36.862  -66.990  -17.421 0.4000000060
5149  36.057  -67.478  -17.170 0.4000000060
5150  34.977  -67.919  -16.936 0.3000000119
5163  31.155  -66.770  -18.223 0.6999999881
5174  31.278  -67.555  -18.201 0.6999999881
5183  36.673  -66.940  -20.254 0.4000000060
5189  24.620  -67.440  -22.934 0.6999999881
5190  23.631  -67.285  -23.046 0.6999999881
5194  32.708  -67.793  -22.596 0.4000000060
5522  37.798  -67.456  -6.623 0.3000000119
5558  26.078  -66.214  -8.877 0.3000000119
5559  25.625  -66.780  -8.923 0.3000000119
5571  37.637  -67.223  -9.538 0.3000000119
5588  26.292  -66.375  -10.460 0.3000000119
5589  25.678  -66.735  -9.957 0.3000000119
5608  37.388  -65.957  -12.623 0.3000000119
5609  36.622  -66.459  -12.300 0.3000000119
5611  35.248  -66.696  -12.347 0.3000000119
5618  27.756  -66.987  -12.085 0.3000000119
5629  37.306  -65.705  -14.110 0.3000000119
5630  36.396  -66.157  -13.893 0.4000000060
5648  37.538  -65.623  -15.359 0.4000000060
5651  34.862  -66.521  -14.619 0.4000000060
5652  33.824  -66.551  -14.333 0.3000000119
5670  29.372  -66.902  -15.809 0.5000000000
5683  28.951  -66.279  -15.750 0.5000000000
5689  38.350  -65.497  -18.127 0.4000000060
5690  37.851  -65.995  -17.844 0.4000000060
5691  37.411  -66.519  -17.616 0.4000000060
5701  37.967  -66.030  -18.719 0.4000000060
5702  30.644  -66.040  -18.352 0.6999999881
5704  16.353  -67.370  -18.166 0.5000000000
5705  15.747  -67.271  -18.377 0.5000000000
5709  38.388  -65.514  -18.993 0.4000000060
5711  31.542  -66.550  -19.041 0.6999999881
5725  27.598  -66.664  -22.462 0.6999999881
5728  24.844  -67.374  -21.508 0.6999999881
5729  23.915  -67.179  -21.247 0.6999999881
5738  25.566  -67.347  -22.811 0.6999999881
5739  25.035  -67.531  -22.585 0.6999999881
5743  19.653  -66.724  -22.177 0.6999999881
5745  34.914  -66.142  -22.539 0.4000000060
5747  33.845  -65.760  -22.971 0.4000000060
5750  25.013  -67.333  -22.989 0.6999999881
5755  20.006  -66.630  -22.381 0.6999999881
6135  39.372  -65.080  -8.412 0.3000000119
6136  38.695  -65.713  -8.619 0.3000000119
6148  38.783  -65.667  -9.448 0.3000000119
6157  39.503  -64.907  -11.609 0.3000000119
6164  26.709  -65.729  -10.120 0.3000000119
6168  39.277  -64.682  -12.410 0.3000000119
6188  38.635  -64.583  -13.599 0.3000000119
6203  37.892  -65.246  -14.905 0.3000000119
6215  38.042  -65.360  -16.457 0.3000000119
6240  38.715  -64.835  -18.490 0.4000000060
6243  29.348  -65.881  -17.121 0.6000000238
6257  30.166  -65.628  -18.882 0.6999999881
6262  24.330  -65.528  -18.400 0.5000000000
6269  38.469  -65.180  -19.406 0.4000000060
6289  38.718  -64.253  -19.736 0.4000000060
6292  32.528  -65.413  -20.930 0.6000000238
6293  31.736  -64.935  -20.731 0.6000000238
6295  30.120  -65.203  -21.301 0.6000000238
6304  15.039  -66.064  -20.834 0.4000000060
6305  14.195  -65.795  -20.675 0.4000000060
6306  13.730  -65.305  -20.870 0.6000000238
6309  36.646  -65.250  -21.811 0.4000000060
6310  33.145  -64.416  -22.516 0.5000000000
6312  28.973  -65.186  -23.155 0.6000000238
6313  28.557  -65.646  -23.092 0.6000000238
6315  25.450  -66.293  -22.905 0.8000000119
6316  24.699  -65.992  -22.938 0.6999999881
6317  23.337  -66.380  -23.152 0.6000000238
6321  18.952  -66.529  -22.152 0.6999999881
6328  34.604  -65.493  -22.947 0.4000000060
6329  33.628  -64.576  -23.016 0.5000000000
6331  28.466  -65.311  -23.127 0.6999999881
6333  23.807  -66.936  -23.297 0.6999999881
6335  19.652  -66.369  -22.464 0.6999999881
6336  34.894  -64.647  -23.273 0.5000000000
6719  40.562  -63.895  -7.396 0.3000000119
6800  33.199  -64.098  -12.827 0.4000000060
6801  32.318  -64.014  -12.740 0.4000000060
6819  35.539  -63.899  -13.735 0.4000000060
6820  34.481  -64.234  -13.681 0.4000000060
6823  31.495  -64.103  -13.525 0.4000000060
6841  38.399  -64.511  -14.954 0.3000000119
6844  33.786  -64.517  -14.502 0.4000000060
6847  30.826  -63.671  -14.991 0.4000000060
6867  31.987  -64.535  -15.752 0.4000000060
6882  39.063  -64.129  -17.419 0.3000000119
6884  35.474  -64.583  -16.524 0.4000000060
6886  32.992  -64.936  -16.903 0.4000000060
6887  32.135  -64.337  -17.223 0.4000000060
6888  31.590  -64.094  -16.458 0.4000000060
6902  39.241  -63.631  -18.173 0.3000000119
6906  32.749  -64.582  -17.996 0.4000000060
6920  39.016  -63.396  -18.902 0.4000000060
6921  39.089  -64.089  -18.770 0.4000000060
6922  37.980  -63.230  -19.532 0.4000000060
6934  37.509  -63.529  -20.547 0.5000000000
6938  27.826  -64.053  -20.931 0.6999999881
6949  38.483  -63.877  -20.413 0.4000000060
6951  35.141  -64.097  -21.141 0.5000000000
6964  13.689  -64.947  -21.056 0.6000000238
6966  37.996  -63.571  -21.138 0.5000000000
6971  30.433  -63.452  -23.008 0.6000000238
6972  29.159  -64.431  -23.139 0.6000000238
6976  21.925  -65.419  -22.348 0.6999999881
6977  21.140  -65.075  -22.188 0.6000000238
6979  19.227  -65.306  -22.299 0.6000000238
6982  14.735  -65.247  -21.327 0.6000000238
6986  32.933  -63.504  -23.091 0.5000000000
6988  19.765  -65.855  -22.524 0.6999999881
6990  36.270  -62.770  -22.999 0.5000000000
6991  34.438  -63.795  -23.440 0.5000000000
7424  38.988  -64.264  -6.596 0.3000000119
7470  32.204  -63.057  -10.873 0.3000000119
7480  34.299  -63.431  -11.660 0.4000000060
7482  32.662  -63.409  -11.486 0.4000000060
7498  33.775  -63.729  -12.228 0.4000000060
7510  36.909  -63.468  -13.094 0.3000000119
7511  35.904  -63.608  -13.096 0.3000000119
7512  34.973  -63.839  -13.037 0.4000000060
7524  30.729  -63.706  -14.077 0.5000000000
7525  30.434  -63.209  -14.449 0.5000000000
7542  39.065  -63.226  -17.018 0.3000000119
7544  38.363  -63.217  -16.672 0.3000000119
7546  31.654  -63.432  -16.705 0.5000000000
7552  39.217  -63.465  -17.481 0.3000000119
7553  39.085  -62.944  -17.760 0.3000000119
7560  26.509  -63.256  -17.799 0.6999999881
7561  25.598  -63.041  -17.693 0.6999999881
7562  24.849  -62.700  -17.733 0.6999999881
7567  38.551  -63.107  -18.755 0.4000000060
7568  37.389  -63.683  -18.733 0.3000000119
7580  38.632  -63.350  -19.536 0.4000000060
7589  25.384  -63.955  -19.333 0.6999999881
7591  23.485  -63.670  -19.403 0.6999999881
7592  22.307  -63.653  -20.112 0.6999999881
7593  21.771  -63.259  -20.311 0.6000000238
7594  13.631  -64.266  -20.440 0.5000000000
7598  30.179  -63.312  -22.828 0.6999999881
7605  17.844  -63.835  -21.410 0.6999999881
7607  14.996  -63.752  -20.938 0.6000000238
7608  13.893  -64.059  -20.820 0.6000000238
7609  13.688  -64.465  -20.698 0.6000000238
7610  37.724  -63.385  -21.219 0.4000000060
7611  37.284  -63.286  -21.870 0.4000000060
7612  36.878  -63.210  -21.982 0.6000000238
7617  21.032  -64.270  -21.522 0.6000000238
7618  20.622  -63.719  -21.295 0.6000000238
7622  15.523  -64.670  -21.418 0.6999999881
7628  32.426  -62.787  -23.159 0.6000000238
7629  31.105  -62.780  -23.115 0.6000000238
7630  35.694  -62.845  -23.263 0.5000000000
7632  33.973  -63.040  -23.448 0.6000000238
8104  35.507  -62.341  -8.683 0.3000000119
8120  32.406  -62.396  -9.646 0.3000000119
8127  35.013  -62.796  -10.331 0.3000000119
8128  34.147  -62.811  -10.486 0.4000000060
8132  29.558  -62.091  -11.002 0.4000000060
8136  31.042  -62.950  -10.978 0.3000000119
8137  30.031  -62.689  -11.447 0.3000000119
8138  29.494  -62.171  -11.784 0.4000000060
8148  30.091  -62.657  -13.914 0.5000000000
8152  30.561  -62.542  -14.725 0.4000000060
8164  39.166  -63.058  -17.408 0.3000000119
8165  33.099  -61.106  -17.160 0.5000000000
8166  32.232  -62.554  -16.930 0.5000000000
8169  27.473  -62.349  -16.509 0.6999999881
8170  26.630  -62.253  -16.433 0.6999999881
8175  32.928  -61.520  -17.720 0.5000000000
8177  29.146  -62.569  -17.603 0.6000000238
8182  24.290  -62.306  -17.856 0.6999999881
8183  23.917  -61.997  -18.033 0.6999999881
8187  39.108  -63.099  -18.315 0.4000000060
8200  30.013  -62.896  -19.749 0.6000000238
8203  13.777  -62.389  -19.643 0.5000000000
8205  32.805  -62.236  -21.348 0.4000000060
8216  34.145  -62.486  -23.035 0.6000000238
8218  32.297  -62.527  -22.970 0.6999999881
8219  32.027  -62.408  -22.425 0.6999999881
8221  35.232  -62.717  -23.207 0.5000000000
8222  34.449  -62.704  -23.237 0.5000000000
8658  35.966  -61.349  -6.542 0.3000000119
8659  35.095  -61.300  -6.624 0.3000000119
8661  33.354  -61.193  -6.781 0.3000000119
8678  33.831  -61.534  -7.507 0.3000000119
8689  34.313  -61.861  -8.170 0.3000000119
8712  29.551  -61.558  -12.866 0.4000000060
8729  32.441  -61.274  -15.508 0.5000000000
8737  32.672  -61.491  -16.193 0.5000000000
8754  26.479  -61.549  -15.988 0.6999999881
8759  32.901  -61.172  -17.500 0.5000000000
8761  25.131  -61.767  -17.024 0.6999999881
8770  24.071  -61.479  -18.290 0.6999999881
8772  13.574  -61.646  -18.890 0.5000000000
8773  13.502  -61.374  -18.941 0.5000000000
8774  32.804  -61.777  -19.065 0.5000000000
8775  23.033  -61.605  -19.608 0.6000000238
8776  22.386  -61.988  -19.981 0.6999999881
8778  16.824  -60.984  -19.675 0.6999999881
8781  22.823  -61.206  -20.732 0.6000000238
8782  22.225  -61.489  -20.704 0.6999999881
8784  21.135  -61.142  -20.676 0.6999999881
8785  19.643  -61.434  -20.263 0.6999999881
8786  17.341  -61.826  -19.970 0.6999999881
9247  36.840  -60.300  -5.432 0.3000000119
9248  35.923  -60.318  -5.354 0.3000000119
9250  34.207  -60.328  -5.541 0.3000000119
9324  30.396  -60.308  -13.098 0.5000000000
9333  12.698  -59.615  -12.805 0.6000000238
9336  33.353  -59.793  -14.590 0.4000000060
9345  12.439  -59.536  -13.769 0.6000000238
9348  33.065  -60.437  -15.259 0.4000000060
9355  14.922  -60.478  -14.446 0.6000000238
9357  12.167  -59.444  -14.799 0.6000000238
9365  27.528  -60.595  -15.380 0.6999999881
9372  17.740  -60.103  -15.570 0.5000000000
9378  33.095  -60.922  -16.909 0.6000000238
9380  31.768  -60.476  -16.677 0.6000000238
9381  30.418  -60.649  -16.184 0.6000000238
9382  26.178  -60.920  -16.018 0.6999999881
9386  19.579  -60.359  -16.821 0.5000000000
9388  17.888  -60.108  -16.358 0.6000000238
9392  26.073  -60.334  -16.641 0.6000000238
9402  25.236  -59.961  -19.945 0.6000000238
9410  13.447  -60.632  -18.632 0.5000000000
9411  25.130  -60.026  -21.008 0.6000000238
9414  22.426  -60.908  -21.020 0.6000000238
9856  35.017  -59.013  -4.586 0.3000000119
9913  18.784  -59.159  -10.035 0.4000000060
9923  13.672  -59.958  -10.725 0.6000000238
9936  13.288  -59.802  -11.367 0.6000000238
9942  32.164  -59.321  -13.193 0.4000000060
9947  18.057  -59.669  -12.874 0.5000000000
9949  12.408  -59.311  -12.857 0.6000000238
9950  12.222  -58.787  -13.329 0.6000000238
9954  33.638  -59.462  -14.152 0.4000000060
9956  31.659  -59.949  -13.511 0.5000000000
9962  12.152  -59.237  -13.483 0.6000000238
9969  30.110  -59.004  -14.672 0.6000000238
9970  28.443  -59.435  -14.952 0.6000000238
9976  11.846  -58.897  -15.057 0.6000000238
9982  31.412  -59.440  -15.337 0.6000000238
9985  27.153  -60.310  -15.536 0.6000000238
9992  11.732  -59.080  -16.129 0.5000000000
9995  26.633  -60.364  -15.909 0.6000000238
10002  11.661  -59.052  -16.263 0.6000000238
10004  26.978  -59.250  -16.816 0.6000000238
10006  25.801  -59.938  -17.794 0.6000000238
10011  17.409  -58.923  -18.163 0.6000000238
10017  21.877  -58.624  -18.747 0.5000000000
10020  17.997  -58.477  -18.930 0.6999999881
10022  14.004  -59.300  -18.482 0.6000000238
10025  26.642  -59.394  -21.133 0.6000000238
10027  20.240  -58.657  -20.078 0.8000000119
10033  13.787  -60.009  -18.744 0.5000000000
10036  25.286  -59.678  -21.196 0.6000000238
10038  23.304  -59.582  -21.069 0.8000000119
10040  20.269  -59.658  -20.226 0.8000000119
10042  24.935  -59.336  -21.324 0.6000000238
10634  16.727  -58.854  -13.158 0.6000000238
10635  16.255  -58.811  -13.914 0.5000000000
10636  14.236  -58.040  -13.684 0.6000000238
10638  12.394  -58.454  -14.195 0.6000000238
10644  31.847  -58.155  -14.552 0.4000000060
10645  30.581  -58.250  -14.587 0.5000000000
10650  13.613  -58.223  -14.520 0.6000000238
10655  28.603  -58.811  -14.975 0.6000000238
10661  12.946  -58.387  -16.043 0.5000000000
10663  28.227  -58.590  -15.722 0.6000000238
10669  12.158  -58.812  -16.752 0.5000000000
10671  28.231  -58.511  -17.111 0.5000000000
10676  17.210  -58.626  -18.765 0.6000000238
10678  15.097  -58.588  -17.743 0.6000000238
10680  12.310  -59.021  -17.413 0.5000000000
10684  22.547  -58.177  -19.164 0.6000000238
10687  19.890  -58.458  -19.441 0.6000000238
10691  12.643  -59.362  -17.817 0.5000000000
10698  20.346  -58.419  -19.848 0.8000000119
10700  18.407  -58.582  -19.190 0.6000000238
10705  26.147  -58.927  -21.499 0.6000000238
10706  25.247  -58.784  -21.251 0.6000000238
10708  23.434  -58.662  -20.622 0.6000000238
10710  21.616  -58.612  -20.396 0.8000000119
11314  13.160  -58.042  -12.486 0.6000000238
11325  12.683  -58.196  -13.044 0.6000000238
11326  12.414  -58.449  -13.634 0.6000000238
11346  30.951  -57.642  -14.657 0.5000000000
11347  29.987  -57.902  -14.730 0.5000000000
11352  29.514  -57.760  -15.326 0.5000000000
11384  23.792  -57.780  -19.804 0.6000000238
11941  15.610  -55.792  -9.145 0.5000000000
12023  30.997  -56.869  -15.521 0.5000000000
12638  18.089  -55.611  -6.937 0.4000000060
12641  15.918  -54.656  -7.649 0.3000000119
12682  15.850  -55.433  -9.335 0.4000000060
14748  14.275  -51.993  -6.866 0.3000000119
15533  17.467  -51.510  -7.551 0.3000000119
15535  15.367  -51.063  -7.258 0.3000000119
15536  14.605  -51.326  -7.293 0.3000000119
15557  16.934  -50.889  -7.981 0.3000000119
15624  16.592  -51.595  -13.088 0.3000000119
15626  14.724  -51.708  -13.992 0.4000000060
15644  14.310  -51.862  -14.798 0.3000000119
15645  13.735  -51.864  -14.858 0.3000000119
15660  16.596  -51.353  -14.363 0.3000000119
15661  16.050  -51.476  -15.090 0.3000000119
15677  15.690  -51.262  -15.383 0.3000000119
15679  14.222  -51.795  -15.053 0.3000000119
16396  15.467  -50.601  -7.929 0.3000000119
16413  17.134  -50.728  -8.941 0.4000000060
16415  14.797  -50.567  -8.317 0.3000000119
16416  14.073  -50.655  -8.755 0.3000000119
16433  16.554  -50.497  -9.372 0.4000000060
16453  20.205  -50.237  -9.978 0.3000000119
16472  18.641  -51.046  -11.784 0.3000000119
16512  15.448  -51.046  -15.470 0.3000000119
16513  14.819  -51.060  -15.374 0.3000000119
16521  16.381  -50.373  -15.151 0.3000000119
16522  14.324  -51.457  -15.212 0.3000000119
17330  16.443  -50.003  -15.050 0.3000000119
18106  16.634  -49.117  -13.430 0.3000000119
18139  16.788  -49.462  -14.779 0.3000000119
119912  37.820  -63.405  -15.169 0.3000000119
120812  34.964  -69.405  -19.253 0.4000000060
120913  15.634  -58.730  -18.255 0.6000000238
120929  38.293  -63.377  -20.078 0.5000000000
121269  37.038  -67.011  -19.594 0.4000000060
121666  38.790  -63.210  -18.911 0.4000000060
121770  39.635  -64.831  -10.773 0.3000000119
122412  20.852  -62.785  -20.851 0.6000000238
123760  38.536  -63.383  -16.310 0.3000000119
123899  33.143  -62.042  -19.626 0.4000000060
124301  38.652  -64.866  -17.787 0.4000000060
124746  33.030  -61.856  -18.442 0.5000000000
124852  28.162  -64.528  -22.573 0.8000000119
125053  34.821  -62.364  -9.119 0.3000000119
125943  27.688  -59.229  -20.590 0.6000000238
126127  23.057  -66.894  -20.983 0.5000000000
126990  26.750  -66.223  -19.068 0.6000000238
127146  34.750  -62.158  -8.605 0.3000000119
127164  11.831  -51.283  -12.668 0.4000000060
127559  27.278  -66.660  -11.542 0.3000000119
128436  37.192  -67.718  -10.100 0.3000000119
128452  30.198  -71.276  -13.835 0.3000000119
128574  38.803  -64.118  -16.433 0.3000000119
128760  33.037  -60.762  -6.237 0.3000000119
129694  29.536  -71.115  -13.572 0.3000000119
129738  35.107  -68.010  -11.018 0.3000000119
129881  35.871  -64.300  -15.779 0.4000000060
130100  26.044  -64.881  -21.393 0.6999999881
130113  33.811  -64.816  -15.972 0.4000000060
130570  32.785  -64.622  -15.106 0.4000000060
130629  29.825  -67.063  -16.382 0.5000000000
131258  13.542  -58.320  -15.211 0.5000000000
131494  22.936  -72.189  -8.954 0.3000000119
131824  36.678  -63.092  -22.487 0.5000000000
131866  13.683  -62.232  -19.253 0.5000000000
131884  24.323  -69.476  -9.459 0.3000000119
133116  13.632  -61.455  -19.183 0.5000000000
133227  24.033  -60.161  -21.280 0.6999999881
133874  35.400  -63.543  -23.397 0.4000000060
133935  18.719  -58.969  -19.585 0.6999999881
134034  15.903  -58.689  -8.911 0.6000000238
134121  34.922  -64.991  -17.467 0.4000000060
134411  36.863  -67.517  -18.824 0.4000000060
134483  29.285  -61.385  -10.578 0.4000000060
134825  14.107  -57.285  -12.340 0.6000000238
134876  28.767  -65.825  -22.685 0.6000000238
135279  24.396  -69.174  -8.874 0.3000000119
135344  38.306  -65.118  -13.632 0.3000000119
135600  29.758  -62.056  -13.410 0.4000000060
135881  30.492  -73.071  -16.624 0.5000000000
135949  17.084  -60.918  -12.086 0.5000000000
136068  27.120  -64.153  -20.245 0.6000000238
136090  24.767  -62.203  -17.409 0.6999999881
137231  16.180  -50.959  -15.370 0.3000000119
137300  17.657  -48.276  -14.478 0.3000000119
137505  28.754  -64.638  -23.145 0.8000000119
137700  40.010  -64.467  -9.525 0.3000000119
138225  37.595  -63.418  -16.440 0.3000000119
138423  16.740  -60.875  -11.535 0.5000000000
138717  36.881  -68.865  -8.021 0.3000000119
139024  20.411  -64.653  -19.039 0.6000000238
139168  14.153  -60.448  -15.907 0.6000000238
139382  33.880  -62.502  -22.461 0.6000000238
139409  18.975  -59.778  -19.764 0.8000000119
139584  26.879  -58.798  -21.412 0.5000000000
139696  38.304  -64.913  -6.620 0.3000000119
139735  25.717  -69.231  -7.580 0.3000000119
140040  33.433  -70.354  -19.191 0.4000000060
140414  21.481  -64.437  -16.824 0.5000000000
140494  32.984  -69.485  -16.388 0.3000000119
140530  30.856  -63.002  -23.152 0.6000000238
140574  35.765  -62.673  -23.109 0.5000000000
140866  39.336  -65.247  -11.070 0.3000000119
141245  26.380  -67.328  -21.490 0.6999999881
141275  16.696  -66.720  -18.741 0.5000000000
141400  32.716  -62.345  -22.346 0.6000000238
141847  38.373  -64.895  -14.078 0.3000000119
141981  37.846  -66.204  -6.616 0.3000000119
142220  13.574  -58.609  -17.818 0.5000000000
142323  31.649  -60.843  -17.249 0.6000000238
142830  32.580  -63.745  -18.531 0.4000000060
142973  38.143  -64.974  -15.115 0.3000000119
143030  35.431  -68.662  -19.900 0.4000000060
143742  36.167  -66.708  -21.063 0.4000000060
143747  19.195  -47.096  -13.546 0.3000000119
143885  21.107  -57.997  -20.018 0.6000000238
143972  31.951  -64.408  -14.140 0.4000000060
144004  32.576  -66.179  -20.648 0.5000000000
144182  15.639  -51.674  -14.880 0.3000000119
144254  25.751  -59.755  -19.007 0.6000000238
144509  16.794  -56.440  -10.082 0.5000000000
144599  31.924  -70.747  -21.185 0.4000000060
144613  17.159  -59.466  -14.394 0.5000000000
