#!ascii label  , from subject sub-v1s3x0050824_ses-1 vox2ras=TkReg
397
160251  -28.889  -4.153  -29.236 0.0000000000
79471  -27.550  -1.387  -30.348 0.0000000000
91661  -26.221  10.327  -32.763 0.0000000000
87953  -27.867  6.480  -32.075 0.0000000000
83876  -31.515  1.891  -32.519 0.0000000000
81649  -33.122  -0.231  -31.901 0.0000000000
93594  -26.071  12.344  -31.901 0.0000000000
85946  -30.215  4.323  -30.733 0.0000000000
83858  -27.388  3.226  -31.273 0.0000000000
77427  -28.836  -4.363  -32.381 0.0000000000
79505  -30.465  -2.756  -33.986 0.0000000000
79474  -30.965  -1.953  -30.559 0.0000000000
72092  -24.662  -8.482  -26.709 0.0000000000
75361  -26.559  -5.812  -29.975 0.0000000000
99741  -27.858  18.264  -34.155 0.0000000000
97808  -29.217  16.485  -33.885 0.0000000000
95642  -29.508  14.517  -32.724 0.0000000000
93597  -30.545  12.496  -32.630 0.0000000000
91663  -30.954  10.712  -31.888 0.0000000000
152638  -26.036  8.758  -33.181 0.0000000000
89819  -31.279  8.433  -31.569 0.0000000000
86952  -32.520  5.792  -33.428 0.0000000000
84979  -32.256  3.289  -35.072 0.0000000000
82855  -34.576  1.419  -36.057 0.0000000000
81648  -29.987  0.544  -31.056 0.0000000000
80648  -31.731  -0.959  -34.883 0.0000000000
148764  -26.117  4.041  -33.117 0.0000000000
84966  -25.178  2.907  -34.107 0.0000000000
76429  -28.872  -4.530  -31.327 0.0000000000
77415  -29.812  -4.062  -32.485 0.0000000000
78427  -29.750  -3.257  -30.183 0.0000000000
69958  -23.829  -10.600  -23.702 0.0000000000
69981  -24.178  -10.020  -23.983 0.0000000000
138310  -24.768  -9.248  -24.632 0.0000000000
76425  -25.796  -4.827  -30.556 0.0000000000
150190  -24.999  -6.082  -31.041 0.0000000000
96738  -29.502  15.641  -33.554 0.0000000000
92618  -26.285  11.551  -32.308 0.0000000000
93595  -27.019  12.069  -31.784 0.0000000000
143265  -27.110  11.230  -32.117 0.0000000000
92620  -30.894  11.522  -32.449 0.0000000000
92619  -27.793  10.708  -31.876 0.0000000000
88906  -26.976  7.622  -32.635 0.0000000000
89817  -29.452  8.269  -31.560 0.0000000000
88888  -30.007  7.523  -31.415 0.0000000000
87954  -32.081  7.036  -32.073 0.0000000000
138130  -31.242  6.011  -31.242 0.0000000000
138955  -31.059  3.430  -30.967 0.0000000000
85960  -32.128  4.231  -32.023 0.0000000000
83890  -32.046  2.375  -33.853 0.0000000000
83915  -32.503  2.368  -35.699 0.0000000000
152887  -31.906  1.200  -34.799 0.0000000000
81661  -26.022  0.265  -31.479 0.0000000000
81662  -27.151  1.142  -30.947 0.0000000000
81646  -28.728  -0.072  -30.471 0.0000000000
80618  -31.492  -2.012  -34.109 0.0000000000
80632  -31.301  -1.617  -34.417 0.0000000000
81681  -32.837  -0.682  -33.545 0.0000000000
140985  -34.329  -0.316  -34.213 0.0000000000
81683  -35.277  0.063  -33.404 0.0000000000
72093  -25.271  -8.215  -26.281 0.0000000000
73130  -25.457  -7.741  -28.074 0.0000000000
73115  -26.114  -7.484  -27.590 0.0000000000
74288  -26.745  -6.894  -27.850 0.0000000000
163571  -26.450  5.538  -33.085 0.0000000000
86915  -28.270  5.923  -31.708 0.0000000000
85959  -27.313  4.975  -31.930 0.0000000000
84936  -28.999  3.866  -30.649 0.0000000000
83859  -29.518  2.753  -30.577 0.0000000000
144859  -27.790  -2.521  -30.734 0.0000000000
79473  -29.152  -1.927  -31.887 0.0000000000
78441  -29.884  -3.432  -33.609 0.0000000000
78443  -30.830  -3.045  -33.490 0.0000000000
80603  -32.002  -1.352  -32.277 0.0000000000
72076  -24.833  -8.650  -25.834 0.0000000000
79469  -26.016  -2.100  -30.783 0.0000000000
77412  -26.721  -3.582  -30.366 0.0000000000
76427  -27.940  -4.717  -30.988 0.0000000000
76412  -27.803  -4.958  -30.354 0.0000000000
100699  -26.303  19.851  -37.131 0.0000000000
98797  -26.230  17.638  -33.046 0.0000000000
97817  -28.575  17.195  -33.885 0.0000000000
96759  -28.918  16.134  -35.887 0.0000000000
140733  -29.701  14.852  -35.601 0.0000000000
95665  -30.246  14.122  -35.263 0.0000000000
94588  -28.430  13.328  -31.840 0.0000000000
94603  -30.386  13.351  -32.884 0.0000000000
136564  -30.632  13.202  -35.190 0.0000000000
92677  -31.091  11.803  -35.332 0.0000000000
91700  -31.571  10.847  -34.189 0.0000000000
146382  -31.741  9.966  -33.815 0.0000000000
90752  -26.080  9.581  -33.025 0.0000000000
90738  -28.051  9.127  -31.989 0.0000000000
90716  -31.328  9.199  -31.782 0.0000000000
90753  -31.961  9.002  -33.864 0.0000000000
88943  -32.074  7.514  -34.725 0.0000000000
86973  -32.396  5.161  -35.898 0.0000000000
86918  -31.755  5.145  -31.533 0.0000000000
85974  -32.426  4.274  -34.244 0.0000000000
146045  -26.234  2.340  -31.870 0.0000000000
83845  -28.564  2.315  -30.624 0.0000000000
82810  -30.736  1.078  -31.672 0.0000000000
81663  -30.039  -0.466  -31.825 0.0000000000
81665  -30.850  0.141  -32.858 0.0000000000
82823  -31.506  0.301  -34.113 0.0000000000
81712  -32.678  -0.335  -35.291 0.0000000000
81715  -36.189  -0.091  -35.246 0.0000000000
74322  -26.317  -6.509  -29.587 0.0000000000
74323  -27.032  -6.185  -29.287 0.0000000000
75349  -28.177  -5.262  -28.431 0.0000000000
76413  -28.449  -4.649  -30.120 0.0000000000
77414  -29.469  -4.111  -31.494 0.0000000000
77398  -29.127  -4.123  -30.253 0.0000000000
77388  -29.413  -3.439  -28.921 0.0000000000
68849  -24.287  -11.019  -23.100 0.0000000000
69959  -24.573  -10.327  -23.493 0.0000000000
156920  -25.745  11.059  -32.850 0.0000000000
161485  -26.478  10.922  -32.496 0.0000000000
156174  -27.010  10.469  -32.382 0.0000000000
147605  -26.820  6.830  -32.732 0.0000000000
88926  -26.337  7.393  -33.108 0.0000000000
88907  -27.468  7.047  -32.420 0.0000000000
88887  -29.001  7.441  -31.637 0.0000000000
87935  -29.552  6.737  -31.402 0.0000000000
87936  -30.606  6.795  -31.244 0.0000000000
147397  -31.278  2.661  -31.454 0.0000000000
84952  -31.728  3.224  -31.879 0.0000000000
83877  -31.905  2.513  -32.860 0.0000000000
162415  -32.017  1.894  -34.675 0.0000000000
83889  -31.770  1.423  -33.808 0.0000000000
80599  -26.878  -0.328  -30.782 0.0000000000
81645  -27.676  0.266  -30.564 0.0000000000
80600  -28.175  -0.741  -30.361 0.0000000000
80619  -32.377  -1.005  -32.958 0.0000000000
162385  -34.251  0.079  -33.012 0.0000000000
81666  -33.700  0.034  -32.462 0.0000000000
81667  -34.645  0.306  -32.130 0.0000000000
81650  -33.991  0.148  -31.346 0.0000000000
136264  -26.105  -7.533  -26.888 0.0000000000
86950  -25.471  5.265  -33.873 0.0000000000
86934  -26.824  5.428  -32.580 0.0000000000
85973  -26.140  4.850  -33.357 0.0000000000
84933  -26.365  3.815  -32.480 0.0000000000
84934  -27.085  4.053  -31.715 0.0000000000
84935  -27.936  3.806  -31.072 0.0000000000
84937  -30.154  3.424  -30.656 0.0000000000
141452  -28.298  3.136  -30.715 0.0000000000
78426  -28.184  -3.855  -31.682 0.0000000000
144595  -28.411  -3.185  -31.823 0.0000000000
78440  -28.861  -4.006  -32.668 0.0000000000
149615  -30.496  -2.772  -31.211 0.0000000000
78442  -30.424  -3.561  -32.798 0.0000000000
79492  -30.982  -2.585  -32.166 0.0000000000
79493  -31.348  -2.313  -33.171 0.0000000000
79475  -31.521  -1.619  -31.372 0.0000000000
80585  -32.098  -0.890  -30.646 0.0000000000
68847  -22.782  -11.767  -23.669 0.0000000000
67716  -23.270  -12.127  -23.047 0.0000000000
71011  -25.097  -8.792  -25.039 0.0000000000
72077  -25.601  -8.246  -25.547 0.0000000000
78424  -26.665  -2.731  -30.326 0.0000000000
145857  -26.381  -5.279  -30.371 0.0000000000
76426  -26.753  -4.672  -30.458 0.0000000000
75378  -27.110  -5.185  -30.281 0.0000000000
99740  -27.461  19.033  -34.422 0.0000000000
100694  -26.601  19.792  -36.100 0.0000000000
99743  -27.095  19.143  -35.847 0.0000000000
99750  -26.735  19.049  -36.844 0.0000000000
99744  -28.002  18.227  -34.895 0.0000000000
97807  -28.594  16.757  -33.556 0.0000000000
97804  -27.885  16.717  -33.146 0.0000000000
98808  -28.371  17.506  -35.258 0.0000000000
139674  -28.848  17.031  -34.577 0.0000000000
141176  -28.691  16.753  -35.588 0.0000000000
97818  -29.344  16.261  -34.876 0.0000000000
95650  -29.812  14.850  -33.293 0.0000000000
143000  -29.766  15.433  -34.845 0.0000000000
96739  -30.022  15.080  -34.030 0.0000000000
95659  -30.366  14.354  -34.350 0.0000000000
93579  -26.807  12.999  -31.688 0.0000000000
93581  -28.790  12.425  -31.730 0.0000000000
158966  -29.381  13.212  -32.111 0.0000000000
93596  -30.102  13.113  -32.431 0.0000000000
93633  -30.815  13.166  -34.155 0.0000000000
93614  -30.803  12.837  -33.356 0.0000000000
93634  -31.068  12.466  -34.756 0.0000000000
93615  -31.215  12.317  -33.912 0.0000000000
92621  -31.300  11.324  -33.030 0.0000000000
91686  -31.505  10.748  -33.343 0.0000000000
158089  -31.606  10.189  -34.654 0.0000000000
90740  -31.561  10.027  -32.871 0.0000000000
89865  -25.400  8.344  -33.600 0.0000000000
90736  -26.646  8.962  -32.752 0.0000000000
156446  -26.807  9.717  -32.590 0.0000000000
90737  -27.345  9.101  -32.456 0.0000000000
89818  -30.483  8.324  -31.410 0.0000000000
90714  -30.040  9.066  -31.432 0.0000000000
89820  -31.682  8.525  -32.067 0.0000000000
149334  -31.607  9.288  -32.429 0.0000000000
89837  -31.990  8.592  -32.935 0.0000000000
89850  -32.233  8.150  -33.854 0.0000000000
88927  -32.282  7.850  -33.128 0.0000000000
87955  -32.390  6.412  -32.667 0.0000000000
87970  -32.476  6.540  -33.642 0.0000000000
139776  -32.328  5.770  -34.433 0.0000000000
138083  -32.054  5.735  -35.421 0.0000000000
86916  -29.635  5.298  -30.845 0.0000000000
86917  -30.809  5.181  -30.961 0.0000000000
84967  -32.293  3.379  -33.883 0.0000000000
138306  -32.426  4.258  -33.003 0.0000000000
85986  -32.369  3.950  -35.402 0.0000000000
83904  -33.172  1.385  -35.871 0.0000000000
83905  -35.671  1.597  -35.848 0.0000000000
82822  -25.358  1.788  -33.167 0.0000000000
82794  -28.226  0.923  -30.540 0.0000000000
82809  -27.681  1.881  -30.823 0.0000000000
82795  -28.815  1.466  -30.546 0.0000000000
83846  -29.545  1.801  -30.618 0.0000000000
82797  -30.178  1.146  -31.014 0.0000000000
79491  -29.712  -2.511  -33.292 0.0000000000
80602  -29.556  -1.303  -32.001 0.0000000000
80617  -30.244  -1.812  -33.555 0.0000000000
81679  -30.674  -0.989  -33.784 0.0000000000
81680  -31.152  -0.592  -34.282 0.0000000000
82811  -31.167  0.825  -32.728 0.0000000000
81700  -32.206  -0.558  -35.148 0.0000000000
82834  -31.809  0.041  -35.057 0.0000000000
81702  -35.673  -0.378  -34.989 0.0000000000
150336  -34.344  -0.533  -35.066 0.0000000000
81703  -36.706  -0.211  -35.007 0.0000000000
74307  -27.239  -6.306  -28.419 0.0000000000
144343  -27.612  -5.732  -28.897 0.0000000000
75348  -27.781  -5.760  -27.943 0.0000000000
157583  -25.420  4.496  -33.977 0.0000000000
84951  -25.805  3.200  -33.131 0.0000000000
83857  -26.397  3.130  -31.963 0.0000000000
76438  -28.657  -4.484  -31.793 0.0000000000
77428  -29.208  -4.357  -32.446 0.0000000000
78428  -30.060  -3.533  -31.515 0.0000000000
163339  -30.173  -2.926  -30.618 0.0000000000
78412  -30.385  -2.429  -29.847 0.0000000000
78411  -29.922  -2.727  -29.068 0.0000000000
68848  -23.541  -11.376  -23.370 0.0000000000
155190  -23.699  -9.649  -25.028 0.0000000000
70991  -24.209  -9.615  -24.540 0.0000000000
148649  -24.840  -9.645  -23.966 0.0000000000
140310  -25.225  -4.221  -30.745 0.0000000000
76424  -24.945  -5.084  -30.949 0.0000000000
75377  -25.738  -5.708  -30.589 0.0000000000
98800  -26.845  18.271  -33.431 0.0000000000
96737  -28.889  16.161  -33.274 0.0000000000
96730  -29.174  15.364  -32.933 0.0000000000
95641  -28.451  14.864  -32.385 0.0000000000
92602  -27.986  11.699  -31.680 0.0000000000
161939  -28.739  11.739  -31.641 0.0000000000
93583  -30.271  11.954  -32.085 0.0000000000
92603  -29.482  11.750  -31.708 0.0000000000
154230  -29.617  11.068  -31.591 0.0000000000
91641  -29.326  10.530  -31.559 0.0000000000
89849  -26.513  8.204  -32.863 0.0000000000
89835  -27.706  8.537  -32.280 0.0000000000
89836  -28.379  8.219  -31.872 0.0000000000
88889  -31.016  7.629  -31.336 0.0000000000
88890  -31.648  7.740  -31.776 0.0000000000
87937  -31.516  6.876  -31.527 0.0000000000
86919  -32.075  6.057  -31.852 0.0000000000
85947  -31.382  4.260  -31.257 0.0000000000
84953  -32.197  3.364  -32.815 0.0000000000
143172  -32.133  2.473  -34.790 0.0000000000
83903  -32.270  1.391  -35.328 0.0000000000
156143  -26.234  1.060  -31.541 0.0000000000
163350  -26.757  0.520  -31.070 0.0000000000
81647  -29.344  0.448  -30.688 0.0000000000
161401  -31.107  -2.143  -34.378 0.0000000000
80631  -30.900  -2.115  -34.350 0.0000000000
80633  -31.871  -1.406  -34.516 0.0000000000
141618  -32.455  -0.887  -34.788 0.0000000000
81701  -33.221  -0.617  -34.949 0.0000000000
81682  -33.464  -0.500  -33.927 0.0000000000
81684  -36.962  -0.323  -34.304 0.0000000000
73114  -24.564  -8.298  -27.790 0.0000000000
72112  -25.438  -7.944  -27.082 0.0000000000
73131  -26.120  -7.296  -28.420 0.0000000000
155266  -26.647  6.073  -32.894 0.0000000000
87952  -27.212  6.254  -32.465 0.0000000000
140943  -29.090  6.008  -31.300 0.0000000000
86935  -27.566  5.743  -32.078 0.0000000000
86914  -27.959  5.331  -31.655 0.0000000000
85945  -29.073  4.724  -30.789 0.0000000000
138950  -26.616  4.541  -32.515 0.0000000000
85944  -28.116  4.603  -31.273 0.0000000000
143952  -30.685  2.678  -30.869 0.0000000000
79472  -28.500  -1.899  -31.010 0.0000000000
79490  -29.147  -3.155  -32.682 0.0000000000
77429  -29.734  -3.915  -33.174 0.0000000000
78455  -30.411  -3.246  -33.687 0.0000000000
79506  -30.947  -2.609  -34.112 0.0000000000
80604  -32.615  -0.574  -31.282 0.0000000000
79455  -31.590  -1.265  -29.991 0.0000000000
67715  -22.552  -12.515  -23.398 0.0000000000
72091  -23.844  -8.808  -27.094 0.0000000000
145785  -24.317  -9.199  -25.282 0.0000000000
71028  -24.082  -9.014  -26.210 0.0000000000
152784  -26.120  -1.401  -30.909 0.0000000000
79470  -27.031  -2.056  -30.312 0.0000000000
78425  -27.328  -3.134  -30.536 0.0000000000
77413  -27.623  -4.299  -30.974 0.0000000000
77411  -25.890  -3.878  -30.447 0.0000000000
76437  -28.397  -4.432  -31.667 0.0000000000
76428  -28.360  -4.681  -31.039 0.0000000000
100687  -26.999  19.733  -35.033 0.0000000000
98801  -27.884  17.848  -33.847 0.0000000000
98798  -27.828  17.366  -33.515 0.0000000000
98807  -27.829  17.945  -35.908 0.0000000000
96750  -29.637  15.820  -34.153 0.0000000000
96760  -29.318  15.582  -35.728 0.0000000000
95679  -28.591  15.060  -37.129 0.0000000000
155436  -29.025  14.496  -36.968 0.0000000000
95680  -29.592  14.153  -36.312 0.0000000000
94639  -30.150  13.507  -35.907 0.0000000000
94587  -27.498  13.584  -31.759 0.0000000000
94601  -29.036  13.988  -32.225 0.0000000000
93580  -27.761  12.685  -31.683 0.0000000000
95643  -30.134  14.100  -33.057 0.0000000000
156368  -30.570  13.872  -33.994 0.0000000000
94625  -30.561  13.750  -34.578 0.0000000000
93657  -30.354  12.775  -36.056 0.0000000000
92644  -31.095  12.018  -33.179 0.0000000000
92665  -31.366  11.670  -34.495 0.0000000000
91699  -24.624  9.833  -33.941 0.0000000000
91662  -27.575  9.851  -32.189 0.0000000000
91640  -28.539  10.023  -31.690 0.0000000000
152843  -29.628  9.859  -31.491 0.0000000000
90713  -28.987  9.088  -31.619 0.0000000000
90715  -30.789  9.829  -31.539 0.0000000000
90739  -31.339  9.999  -32.085 0.0000000000
157774  -31.762  9.375  -33.167 0.0000000000
90765  -31.751  9.398  -34.671 0.0000000000
88928  -32.390  7.341  -33.801 0.0000000000
87983  -32.092  6.584  -34.788 0.0000000000
144011  -32.263  5.829  -35.894 0.0000000000
86977  -32.900  5.616  -36.246 0.0000000000
139164  -30.144  6.023  -31.025 0.0000000000
86937  -32.428  5.706  -32.611 0.0000000000
86936  -32.346  5.099  -32.268 0.0000000000
158398  -32.507  5.058  -33.229 0.0000000000
86963  -32.187  4.863  -35.282 0.0000000000
83916  -33.596  2.479  -36.210 0.0000000000
83875  -25.803  2.399  -32.703 0.0000000000
145301  -27.002  2.516  -31.371 0.0000000000
82808  -26.651  1.797  -31.456 0.0000000000
156381  -27.741  2.642  -30.880 0.0000000000
83860  -30.386  1.895  -30.893 0.0000000000
83861  -31.053  1.870  -31.533 0.0000000000
80601  -28.994  -1.002  -30.854 0.0000000000
151145  -29.387  -0.432  -30.933 0.0000000000
81664  -30.439  0.295  -31.872 0.0000000000
82845  -32.874  0.348  -35.568 0.0000000000
82846  -34.108  0.402  -35.698 0.0000000000
81714  -34.981  -0.241  -35.307 0.0000000000
82847  -35.485  0.460  -35.706 0.0000000000
74336  -25.327  -6.561  -30.641 0.0000000000
74337  -25.944  -6.302  -30.180 0.0000000000
74306  -26.602  -6.730  -28.820 0.0000000000
75362  -27.344  -5.516  -29.709 0.0000000000
75363  -27.972  -5.188  -29.432 0.0000000000
76402  -28.524  -4.666  -28.870 0.0000000000
77439  -29.249  -4.211  -32.876 0.0000000000
81713  -33.641  -0.336  -35.268 0.0000000000
82796  -29.611  1.113  -30.708 0.0000000000
82835  -32.154  0.210  -35.326 0.0000000000
87934  -28.615  6.638  -31.692 0.0000000000
88908  -28.136  7.276  -32.003 0.0000000000
88909  -32.046  7.836  -32.395 0.0000000000
88910  -32.356  7.195  -32.888 0.0000000000
89834  -27.151  8.386  -32.567 0.0000000000
91642  -30.151  10.583  -31.546 0.0000000000
91664  -31.301  10.734  -32.567 0.0000000000
92604  -30.319  11.307  -31.796 0.0000000000
92645  -31.408  11.513  -33.675 0.0000000000
93582  -29.830  12.532  -32.040 0.0000000000
93649  -30.786  12.464  -35.485 0.0000000000
94602  -29.862  13.755  -32.555 0.0000000000
94614  -30.512  13.619  -33.475 0.0000000000
95633  -28.160  14.059  -31.979 0.0000000000
95651  -30.280  14.331  -33.653 0.0000000000
96767  -29.177  14.987  -36.436 0.0000000000
98804  -28.335  17.689  -34.334 0.0000000000
100688  -27.515  18.650  -35.452 0.0000000000
137251  -28.655  5.329  -31.253 0.0000000000
138457  -28.759  11.074  -31.628 0.0000000000
142054  -30.914  9.009  -31.410 0.0000000000
150906  -27.645  7.848  -32.331 0.0000000000
154956  -30.110  14.804  -34.808 0.0000000000
161337  -27.329  19.147  -35.183 0.0000000000
161725  -32.473  5.144  -34.093 0.0000000000
163632  -29.447  -3.926  -33.111 0.0000000000
