#!ascii label  , from subject sub-v1s3x0050824_ses-1 vox2ras=TkReg
2079
35458  46.431  -36.709  -35.446 0.6000000238
34393  48.432  -37.565  -35.969 0.5000000000
37548  45.328  -34.637  -34.368 0.6999999881
38545  44.781  -34.156  -34.757 0.6000000238
38542  43.770  -33.970  -33.279 0.6000000238
36522  46.910  -35.617  -34.740 0.6999999881
36537  46.665  -35.655  -35.682 0.6000000238
158626  46.069  -35.229  -35.645 0.5000000000
38554  45.270  -34.712  -35.440 0.5000000000
38555  44.692  -34.969  -35.507 0.5000000000
38550  44.285  -34.011  -35.031 0.6000000238
39477  43.515  -33.030  -33.997 0.6000000238
36521  47.794  -36.263  -35.478 0.5000000000
35457  47.421  -37.247  -35.783 0.5000000000
36538  45.880  -35.820  -35.756 0.6000000238
39481  43.057  -32.603  -34.145 0.6000000238
33419  47.698  -39.339  -34.378 0.5000000000
32458  48.761  -39.529  -35.381 0.5000000000
37538  42.841  -35.158  -31.254 0.6000000238
38533  42.272  -34.751  -30.795 0.6999999881
36516  45.147  -36.030  -32.645 0.6000000238
37536  44.296  -35.747  -32.137 0.6999999881
37537  43.542  -35.447  -31.698 0.6000000238
38537  43.329  -34.566  -32.174 0.6000000238
38538  42.702  -34.248  -31.698 0.6000000238
36515  46.212  -36.231  -33.390 0.6000000238
37541  45.782  -35.388  -33.868 0.6999999881
39474  42.613  -33.294  -32.173 0.6000000238
35448  48.515  -36.813  -35.422 0.5000000000
35437  46.715  -37.014  -32.996 0.5000000000
39478  42.981  -32.421  -33.471 0.6000000238
34387  48.990  -37.795  -35.960 0.5000000000
40342  42.536  -31.684  -33.177 0.6000000238
145437  48.948  -38.470  -35.855 0.5000000000
41205  42.188  -31.245  -33.294 0.6000000238
152420  41.605  -30.287  -32.332 0.6999999881
40346  41.880  -31.576  -33.613 0.6000000238
41207  40.871  -30.514  -32.832 0.6999999881
146715  40.867  -31.915  -33.460 0.6000000238
39480  40.286  -32.459  -33.081 0.6000000238
141085  39.695  -33.052  -31.538 0.6000000238
39476  39.917  -33.270  -32.391 0.6000000238
38527  37.072  -34.607  -28.272 0.5000000000
149429  35.214  -33.720  -27.843 0.6999999881
39455  36.461  -34.045  -28.106 0.6000000238
39465  34.623  -33.230  -28.169 0.8000000119
38521  34.993  -34.341  -27.301 0.6999999881
37533  41.796  -35.038  -30.022 0.6000000238
39469  41.439  -34.293  -29.855 0.6999999881
36511  43.822  -36.216  -31.341 0.6999999881
37532  43.162  -35.962  -30.869 0.6999999881
38539  42.139  -33.904  -31.213 0.6999999881
36509  45.472  -36.912  -32.090 0.6000000238
36505  44.130  -36.924  -30.920 0.6000000238
39473  41.617  -33.479  -30.629 0.8000000119
34374  45.950  -38.366  -31.093 0.5000000000
35426  46.026  -37.601  -31.915 0.5000000000
40323  41.288  -32.618  -30.319 0.8000000119
39475  42.111  -32.949  -31.614 0.6000000238
34372  48.014  -38.544  -32.770 0.5000000000
137786  47.113  -37.913  -32.527 0.5000000000
40333  41.357  -31.230  -30.801 0.8000000119
40338  42.224  -31.790  -32.206 0.6000000238
33418  49.453  -38.882  -35.616 0.5000000000
41192  41.538  -30.243  -31.643 0.8000000119
42176  41.252  -29.732  -32.049 0.8000000119
41201  42.168  -31.006  -32.331 0.6999999881
42178  40.618  -29.560  -31.739 0.6999999881
43242  40.942  -29.488  -31.818 0.6999999881
40334  39.363  -31.661  -30.630 0.6999999881
40340  39.900  -31.035  -31.585 0.6999999881
40339  40.433  -30.513  -32.329 0.6999999881
158584  38.890  -31.574  -29.920 0.6000000238
163051  39.633  -32.262  -31.265 0.6000000238
152875  40.071  -31.994  -32.204 0.6000000238
140794  38.212  -32.854  -29.062 0.6999999881
40325  38.842  -32.538  -29.773 0.6999999881
39471  39.339  -33.315  -30.566 0.6000000238
40316  36.806  -32.833  -28.455 0.6999999881
38525  38.001  -33.697  -28.874 0.6000000238
39464  35.464  -33.299  -28.256 0.8000000119
39463  36.288  -33.379  -28.290 0.8000000119
38526  37.720  -34.492  -28.704 0.6000000238
41171  34.124  -32.453  -29.215 0.8999999762
39447  34.226  -33.994  -27.045 0.6999999881
41184  33.470  -32.071  -30.038 0.8000000119
154581  34.432  -33.592  -27.593 0.6999999881
38529  41.327  -35.113  -29.114 0.6000000238
38530  40.944  -34.147  -29.130 0.6999999881
39461  40.514  -33.880  -28.387 0.6999999881
37529  41.872  -35.752  -29.474 0.6000000238
143703  40.151  -32.935  -28.241 0.6000000238
35406  42.934  -37.304  -28.563 0.4000000060
35417  43.664  -37.256  -30.149 0.6000000238
162394  42.334  -36.271  -29.592 0.6000000238
158665  41.173  -33.447  -29.795 0.6999999881
35410  44.074  -37.809  -29.465 0.6000000238
39470  40.675  -33.079  -29.216 0.8000000119
34358  45.585  -38.627  -29.978 0.4000000060
34364  45.174  -38.223  -30.415 0.5000000000
35415  45.255  -37.704  -31.155 0.6000000238
40324  40.920  -32.039  -29.903 0.8000000119
34373  46.912  -38.859  -31.462 0.5000000000
42168  41.055  -29.056  -30.875 0.8000000119
34380  49.686  -38.533  -35.107 0.5000000000
43244  40.237  -28.600  -30.926 0.8000000119
42160  39.351  -28.536  -30.293 0.8000000119
42159  39.792  -28.810  -30.990 0.6999999881
43243  40.646  -28.980  -31.215 0.8000000119
41168  38.029  -31.233  -28.920 0.8000000119
148481  39.073  -29.630  -30.272 0.6999999881
140349  36.769  -30.967  -28.404 0.8999999762
159636  37.331  -31.409  -28.550 0.8999999762
41183  38.649  -30.884  -29.687 0.6999999881
40315  37.574  -32.200  -28.662 0.6000000238
41170  35.158  -32.206  -28.880 0.8999999762
153182  35.717  -32.260  -28.590 0.8999999762
41172  33.241  -32.001  -28.974 0.8000000119
41160  33.382  -31.851  -27.706 0.8000000119
40320  33.640  -32.434  -28.437 0.8000000119
40308  33.621  -32.602  -27.510 0.8000000119
40327  33.515  -32.199  -29.340 0.8000000119
40307  33.967  -33.047  -27.983 0.6999999881
38517  40.393  -34.446  -27.630 0.6999999881
148308  39.624  -33.698  -26.570 0.6000000238
37525  41.178  -35.646  -28.096 0.6000000238
37518  40.662  -35.199  -27.473 0.5000000000
150833  39.331  -32.976  -26.613 0.6999999881
141500  42.918  -36.916  -27.282 0.4000000060
143164  42.183  -36.676  -27.713 0.5000000000
36497  41.738  -36.308  -28.249 0.6000000238
35405  43.725  -37.687  -28.638 0.5000000000
40314  39.973  -31.786  -28.379 0.6999999881
137701  45.141  -37.974  -28.037 0.5000000000
34359  44.862  -38.282  -29.619 0.6000000238
34345  47.326  -38.717  -28.779 0.4000000060
154297  46.134  -38.805  -29.519 0.4000000060
43212  40.175  -28.535  -29.090 0.8000000119
41166  40.384  -30.641  -29.237 0.8000000119
33364  47.536  -39.498  -30.098 0.4000000060
43211  40.426  -28.192  -30.015 0.8000000119
42138  40.346  -29.400  -29.266 0.8000000119
41181  40.896  -30.498  -30.168 0.8000000119
33398  48.656  -39.615  -31.944 0.3000000119
43213  38.589  -27.948  -29.421 0.8000000119
44327  39.223  -27.618  -29.590 0.8000000119
43229  40.038  -27.985  -30.412 0.8000000119
43214  37.404  -28.574  -28.617 0.8000000119
43230  39.380  -27.926  -29.989 0.8000000119
138713  35.796  -29.597  -28.358 0.8999999762
42141  37.068  -29.906  -28.434 0.8999999762
43216  35.428  -28.931  -28.473 0.8999999762
42142  36.227  -30.406  -28.359 0.8999999762
43217  35.103  -30.199  -29.016 0.8999999762
42143  35.586  -30.950  -28.720 0.8999999762
142056  33.290  -31.303  -28.197 0.8000000119
163150  33.387  -32.028  -26.869 0.8000000119
42144  34.584  -31.920  -29.589 0.8999999762
42170  33.860  -31.574  -30.741 0.8999999762
41185  32.916  -31.887  -30.084 0.8000000119
41195  33.413  -31.385  -31.131 0.8000000119
152354  40.338  -34.897  -26.105 0.6000000238
38509  39.834  -34.284  -26.188 0.6000000238
40290  38.984  -32.573  -25.779 0.6000000238
37488  40.933  -35.371  -25.906 0.6000000238
36455  43.224  -36.211  -26.066 0.4000000060
37507  42.340  -36.148  -26.251 0.4000000060
37508  41.416  -35.912  -26.608 0.4000000060
37517  41.020  -35.725  -27.266 0.5000000000
40306  39.574  -32.486  -27.514 0.6999999881
36490  43.874  -37.168  -27.238 0.4000000060
161702  39.500  -31.605  -27.736 0.6999999881
143126  44.901  -37.254  -27.197 0.5000000000
36476  44.416  -36.718  -26.582 0.4000000060
41167  39.860  -30.722  -28.467 0.6999999881
35390  45.831  -37.488  -27.421 0.5000000000
43193  39.158  -28.523  -27.671 0.8000000119
42139  39.757  -29.867  -28.423 0.8000000119
45359  38.308  -27.243  -28.519 0.8000000119
43192  39.833  -28.088  -28.765 0.8000000119
44314  36.330  -27.795  -28.018 0.8000000119
163325  35.060  -28.306  -28.590 0.8999999762
43215  36.379  -28.661  -28.179 0.8999999762
157359  34.633  -28.151  -29.368 0.8999999762
43231  34.637  -29.941  -30.160 0.8999999762
43245  34.249  -30.649  -31.217 1.0000000000
43232  32.893  -30.073  -29.620 0.8000000119
43251  33.826  -30.336  -31.819 1.0000000000
42161  32.635  -31.231  -30.327 0.8000000119
43252  33.264  -30.362  -31.942 1.0000000000
42171  32.730  -30.998  -31.276 0.8000000119
43246  32.630  -30.326  -31.393 0.8000000119
39446  39.420  -33.484  -25.755 0.6000000238
40281  38.861  -32.141  -24.951 0.6000000238
38503  40.551  -34.735  -25.407 0.6000000238
41145  38.628  -31.278  -24.909 0.6999999881
37486  42.766  -35.733  -25.613 0.4000000060
37487  41.795  -35.620  -25.777 0.4000000060
36454  44.060  -36.273  -25.987 0.4000000060
162908  38.811  -31.161  -26.881 0.6999999881
155006  45.645  -36.417  -26.081 0.5000000000
37484  44.501  -35.805  -25.411 0.4000000060
42124  38.753  -30.518  -26.898 0.8000000119
44312  39.432  -27.708  -28.532 0.8000000119
43177  38.533  -28.771  -26.507 0.8000000119
45343  37.609  -26.852  -27.824 0.8000000119
45342  38.921  -27.284  -28.479 0.8000000119
45345  35.548  -27.074  -27.962 0.8000000119
45360  37.355  -27.150  -28.085 0.8000000119
44315  35.590  -27.914  -28.158 0.8999999762
147806  34.555  -28.886  -30.181 0.8999999762
45361  34.556  -27.274  -29.638 0.8999999762
161974  34.523  -28.797  -30.955 1.0000000000
44362  34.480  -28.758  -31.778 1.0000000000
44367  34.126  -29.495  -32.271 1.0000000000
44363  32.546  -29.369  -31.268 0.8000000119
42125  33.237  -30.318  -27.859 0.8000000119
44371  33.776  -28.841  -32.821 1.0000000000
43253  32.895  -30.392  -31.829 0.8000000119
39423  40.279  -33.647  -24.577 0.6000000238
158701  39.762  -34.030  -25.454 0.6000000238
40280  39.450  -32.664  -24.629 0.6000000238
147456  38.518  -31.059  -25.588 0.6999999881
140689  38.611  -29.707  -24.820 0.6999999881
37462  43.108  -35.254  -25.009 0.4000000060
38478  42.397  -34.734  -24.701 0.5000000000
38502  41.407  -34.980  -25.115 0.5000000000
42115  38.483  -30.472  -26.043 0.8000000119
43157  38.699  -28.815  -24.483 0.8000000119
37485  43.638  -35.768  -25.473 0.4000000060
144093  38.656  -29.615  -26.759 0.8000000119
38475  45.258  -34.466  -24.563 0.4000000060
38476  44.348  -34.557  -24.496 0.4000000060
45327  38.362  -27.252  -27.509 0.8000000119
44313  38.833  -27.820  -27.562 0.8000000119
150643  38.336  -27.043  -28.095 0.8000000119
45344  36.319  -26.981  -27.764 0.8000000119
44330  34.913  -27.424  -28.544 0.8999999762
47452  34.969  -25.802  -28.540 0.8000000119
45375  34.550  -27.162  -30.656 1.0000000000
45386  34.626  -27.705  -31.923 1.0000000000
46398  34.711  -26.493  -31.297 1.0000000000
157824  34.346  -28.417  -32.716 1.0000000000
46413  33.597  -27.053  -33.329 1.0000000000
152321  32.512  -28.612  -31.967 0.8999999762
44331  33.213  -28.794  -29.008 0.8000000119
45376  33.003  -27.985  -29.689 0.8999999762
45398  33.116  -27.519  -32.840 1.0000000000
46406  32.613  -26.782  -32.288 1.0000000000
45387  32.708  -27.333  -30.409 1.0000000000
46419  34.118  -26.451  -33.768 1.0000000000
47486  33.649  -25.520  -33.623 1.0000000000
46414  33.220  -26.159  -33.210 1.0000000000
48602  32.975  -24.766  -33.126 1.0000000000
49764  34.963  -24.035  -34.784 1.0000000000
48611  33.982  -24.627  -34.054 1.0000000000
41135  39.381  -31.811  -24.286 0.6999999881
158001  39.021  -31.108  -24.288 0.6999999881
43132  39.487  -29.447  -23.690 0.6999999881
40259  40.826  -32.129  -23.815 0.6000000238
41117  40.148  -31.595  -23.776 0.6000000238
42095  38.771  -30.460  -24.476 0.6999999881
39422  41.115  -33.548  -24.303 0.6000000238
148049  42.686  -33.944  -24.264 0.5000000000
45295  38.559  -27.523  -24.083 0.8000000119
39419  44.741  -33.790  -24.171 0.4000000060
44275  38.413  -28.136  -25.178 0.8000000119
45316  37.927  -27.149  -26.246 0.8000000119
45317  37.481  -26.518  -26.405 0.8000000119
46341  36.569  -25.961  -27.026 0.8000000119
46340  37.006  -25.968  -26.429 0.8000000119
47451  35.469  -25.739  -27.835 0.6999999881
46357  35.873  -26.317  -27.579 0.8000000119
47466  34.709  -25.749  -29.415 0.8999999762
48561  34.894  -25.185  -28.952 0.8000000119
46388  34.569  -26.448  -30.029 0.8999999762
48578  34.837  -25.002  -29.747 1.0000000000
47475  34.728  -25.676  -30.399 1.0000000000
141710  34.910  -25.619  -31.298 1.0000000000
48586  35.298  -24.273  -31.260 1.0000000000
46405  35.086  -27.007  -32.762 1.0000000000
151218  35.586  -24.367  -32.248 1.0000000000
47479  35.584  -25.612  -32.893 1.0000000000
152122  36.004  -24.634  -33.926 1.0000000000
47493  34.730  -25.670  -34.160 1.0000000000
46400  32.514  -26.818  -31.281 1.0000000000
46399  32.755  -26.407  -30.186 1.0000000000
48610  35.063  -24.795  -34.561 1.0000000000
47481  32.663  -25.898  -32.433 1.0000000000
48589  32.554  -25.344  -31.591 1.0000000000
162026  32.692  -24.318  -32.434 1.0000000000
153651  33.723  -23.526  -34.035 1.0000000000
49757  32.928  -23.951  -33.147 1.0000000000
42072  39.844  -30.282  -23.589 0.6999999881
43133  39.022  -28.930  -23.899 0.6999999881
144747  41.845  -31.080  -24.013 0.5000000000
42071  40.687  -30.311  -23.586 0.6999999881
44234  38.853  -28.243  -23.947 0.6999999881
40278  41.452  -32.703  -23.972 0.6000000238
139552  42.959  -33.065  -23.975 0.5000000000
39421  42.048  -33.305  -24.116 0.5000000000
46323  38.158  -26.814  -24.336 0.8000000119
46333  37.727  -26.670  -25.314 0.8000000119
152449  37.310  -26.024  -25.589 0.6999999881
159729  36.888  -25.553  -25.800 0.8000000119
47414  35.870  -24.778  -26.848 0.8000000119
47413  36.441  -25.310  -26.430 0.8000000119
144612  35.226  -25.105  -28.292 0.6999999881
149012  35.568  -24.987  -27.565 0.6999999881
157822  35.121  -24.333  -28.945 0.8999999762
49704  35.475  -23.139  -27.771 0.8000000119
52034  35.584  -21.618  -28.090 0.8000000119
53122  35.660  -20.740  -28.553 0.8000000119
48577  35.079  -24.244  -30.159 0.8999999762
49720  35.369  -23.298  -28.702 0.8000000119
52043  35.513  -21.685  -29.047 0.8000000119
49736  35.271  -23.468  -29.671 0.8999999762
157418  35.498  -21.861  -30.366 0.8999999762
145233  35.540  -20.925  -29.630 0.8000000119
49741  35.354  -23.512  -30.721 0.8999999762
50932  35.522  -22.714  -31.197 1.0000000000
48593  35.846  -24.921  -33.067 1.0000000000
47492  35.298  -26.036  -33.915 1.0000000000
49763  36.195  -23.672  -34.218 1.0000000000
49769  35.778  -23.456  -34.871 1.0000000000
49742  33.012  -23.625  -31.099 1.0000000000
145986  36.258  -21.928  -34.455 1.0000000000
50958  34.829  -23.114  -34.794 1.0000000000
49748  32.716  -23.663  -32.139 1.0000000000
50957  36.122  -22.684  -34.673 1.0000000000
52074  35.242  -21.557  -34.894 1.0000000000
50959  33.480  -22.472  -33.816 1.0000000000
43155  41.837  -29.319  -23.876 0.6999999881
44231  41.044  -28.831  -23.573 0.6999999881
44232  40.114  -28.883  -23.487 0.6999999881
143018  40.420  -28.130  -23.433 0.6999999881
45293  39.816  -27.508  -23.398 0.6999999881
42094  41.635  -30.286  -23.916 0.6000000238
45294  39.036  -27.607  -23.610 0.6999999881
41133  42.551  -31.384  -24.283 0.5000000000
46309  38.638  -26.918  -23.676 0.6999999881
157841  43.007  -31.834  -24.249 0.5000000000
47388  38.210  -26.255  -23.802 0.8000000119
47389  37.462  -25.247  -24.170 0.6999999881
47402  36.643  -24.957  -25.506 0.6999999881
48510  36.953  -24.705  -24.628 0.6999999881
48526  36.212  -24.521  -26.084 0.6999999881
48527  35.786  -24.026  -26.533 0.6999999881
137844  35.373  -23.877  -28.149 0.6999999881
48543  35.533  -24.115  -27.384 0.6999999881
50901  35.550  -22.296  -27.729 0.8000000119
53080  36.090  -20.966  -26.754 0.8000000119
53098  36.275  -20.072  -27.104 0.8000000119
53099  35.813  -20.877  -27.605 0.8000000119
54300  35.913  -20.184  -27.924 0.8000000119
54320  35.866  -19.899  -28.490 0.8000000119
53133  35.678  -20.055  -29.226 0.8000000119
154631  35.518  -20.965  -30.525 1.0000000000
155074  35.549  -20.253  -30.165 0.8000000119
49747  35.629  -23.556  -32.023 1.0000000000
150160  35.624  -22.015  -31.645 1.0000000000
152102  36.190  -23.386  -33.302 1.0000000000
150130  36.299  -22.722  -33.860 1.0000000000
158113  36.251  -21.251  -34.160 1.0000000000
50938  33.033  -22.758  -31.792 1.0000000000
53173  36.022  -21.235  -35.073 1.0000000000
147097  35.494  -20.582  -34.948 1.0000000000
52075  33.696  -21.576  -34.097 1.0000000000
152987  32.905  -22.340  -32.784 1.0000000000
53168  34.001  -20.767  -34.347 1.0000000000
45305  41.375  -27.861  -23.550 0.6999999881
149394  40.741  -27.246  -23.403 0.6999999881
46307  40.113  -26.658  -23.341 0.6000000238
47374  39.362  -25.432  -23.407 0.6000000238
47375  38.451  -25.600  -23.538 0.6000000238
47376  37.933  -25.041  -23.644 0.6999999881
48498  36.984  -23.875  -24.340 0.6999999881
48497  37.463  -24.468  -23.931 0.6999999881
49651  36.582  -23.214  -24.718 0.6999999881
49662  36.119  -23.305  -25.443 0.6999999881
51994  36.302  -21.131  -25.925 0.8000000119
161249  35.684  -22.850  -26.488 0.6999999881
50880  35.787  -22.221  -26.473 0.8000000119
149942  36.597  -19.240  -27.080 0.8000000119
54319  36.262  -19.386  -27.901 0.8000000119
55528  36.067  -18.680  -29.743 0.8000000119
54356  35.620  -19.673  -30.804 0.8000000119
164429  35.805  -18.970  -30.407 0.8000000119
146891  35.963  -21.660  -32.949 1.0000000000
54366  35.682  -19.924  -32.111 1.0000000000
150616  35.780  -19.007  -31.376 0.6999999881
53161  35.958  -20.682  -33.282 1.0000000000
139255  35.921  -19.072  -32.713 0.8999999762
54378  36.079  -19.879  -33.671 1.0000000000
143024  36.158  -20.580  -34.576 1.0000000000
55575  36.149  -19.146  -35.242 1.0000000000
150737  33.411  -22.833  -30.428 1.0000000000
54387  36.047  -19.962  -35.081 1.0000000000
54388  35.372  -19.631  -35.003 1.0000000000
52070  32.921  -21.617  -33.132 1.0000000000
52057  33.147  -21.806  -32.223 1.0000000000
144291  33.547  -21.981  -31.064 1.0000000000
49640  38.494  -23.530  -23.672 0.6000000238
49641  37.728  -23.552  -23.850 0.6999999881
50864  36.284  -22.542  -25.126 0.6999999881
50855  36.963  -22.324  -24.523 0.6999999881
51979  36.149  -21.907  -25.714 0.6999999881
156325  36.535  -21.379  -25.309 0.8000000119
53079  36.472  -20.348  -26.127 0.6999999881
55485  37.026  -18.753  -26.695 0.6999999881
56655  36.783  -17.856  -28.629 0.6999999881
55527  36.420  -18.327  -29.125 0.6999999881
55545  36.361  -18.032  -29.781 0.6999999881
55557  36.037  -18.233  -31.834 0.8000000119
55546  36.112  -18.234  -30.583 0.6999999881
55568  36.283  -19.158  -34.281 1.0000000000
56712  36.352  -18.469  -34.905 1.0000000000
156586  33.603  -21.979  -30.123 1.0000000000
55580  36.064  -18.983  -35.369 1.0000000000
152698  32.990  -21.083  -32.788 1.0000000000
147824  33.207  -20.084  -33.603 1.0000000000
47372  41.323  -25.464  -23.805 0.6000000238
148841  40.158  -24.933  -23.569 0.6000000238
48485  39.621  -24.470  -23.560 0.6000000238
49638  39.867  -23.592  -23.765 0.6000000238
48486  39.013  -23.925  -23.558 0.6000000238
49639  39.179  -23.007  -23.812 0.6000000238
50853  38.626  -22.315  -24.099 0.6000000238
51966  37.867  -21.667  -24.429 0.6000000238
51967  36.973  -21.396  -24.788 0.6000000238
53048  37.555  -20.754  -24.802 0.6999999881
54269  37.360  -19.381  -25.668 0.6999999881
55496  37.321  -18.141  -27.077 0.6999999881
56644  37.004  -17.988  -27.856 0.6999999881
141894  37.294  -17.398  -28.251 0.6999999881
160388  37.054  -17.345  -28.896 0.6999999881
156254  37.119  -16.985  -29.460 0.6999999881
58842  43.702  -16.475  -33.082 0.3000000119
143434  36.664  -16.818  -31.060 0.6999999881
162510  36.603  -17.356  -30.197 0.6999999881
136457  43.694  -15.582  -32.391 0.3000000119
56692  36.341  -17.287  -32.161 0.8000000119
49686  31.726  -23.113  -25.981 0.8999999762
56704  36.219  -18.286  -33.297 1.0000000000
50902  33.067  -22.478  -27.751 1.0000000000
50928  33.525  -22.294  -29.397 1.0000000000
50918  33.384  -22.476  -28.545 1.0000000000
56721  35.964  -17.732  -35.627 1.0000000000
55582  33.676  -18.501  -34.124 1.0000000000
54389  34.205  -19.234  -34.495 1.0000000000
52049  33.588  -21.236  -31.448 1.0000000000
54379  33.213  -19.361  -33.219 1.0000000000
48483  41.552  -24.542  -24.180 0.6000000238
48484  40.580  -24.172  -23.838 0.6000000238
49648  40.893  -22.684  -24.500 0.6000000238
49649  40.088  -22.795  -24.069 0.6000000238
50851  40.742  -21.907  -24.784 0.6000000238
53045  39.885  -20.911  -24.836 0.6999999881
53046  39.200  -20.730  -24.717 0.6999999881
51965  38.839  -21.558  -24.373 0.6000000238
53069  38.768  -20.112  -24.946 0.6999999881
52048  41.983  -21.983  -31.399 0.3000000119
54268  38.196  -19.471  -25.300 0.6999999881
55484  37.646  -18.377  -26.377 0.6999999881
56642  38.295  -17.210  -27.277 0.6999999881
57757  43.598  -17.220  -32.501 0.3000000119
57765  43.586  -17.515  -33.914 0.4000000060
57764  43.939  -16.497  -34.317 0.4000000060
144553  30.998  -23.898  -25.726 0.6999999881
49664  29.854  -22.693  -25.521 0.6999999881
62257  46.066  -13.605  -34.774 0.3000000119
136455  44.106  -14.863  -32.908 0.3000000119
58837  36.981  -15.915  -32.232 0.6999999881
51997  31.436  -21.660  -26.273 0.8999999762
136956  45.965  -13.843  -34.458 0.3000000119
136450  45.870  -15.267  -34.798 0.3000000119
56703  36.397  -17.494  -33.857 0.8000000119
51996  32.195  -21.809  -26.712 0.8999999762
137174  46.573  -14.693  -34.803 0.3000000119
144395  46.465  -15.224  -35.736 0.3000000119
56731  35.957  -17.172  -35.558 1.0000000000
52044  33.557  -21.374  -29.446 1.0000000000
56722  35.188  -17.672  -34.983 1.0000000000
141941  33.676  -19.944  -31.761 1.0000000000
53143  33.733  -20.305  -30.843 1.0000000000
56723  33.882  -17.518  -34.291 1.0000000000
151127  33.052  -20.211  -32.856 1.0000000000
55576  33.368  -18.408  -33.450 1.0000000000
144754  33.088  -17.208  -32.730 1.0000000000
53066  40.877  -20.929  -25.741 0.6999999881
53067  40.268  -20.489  -25.352 0.6999999881
50931  42.292  -22.358  -30.481 0.3000000119
52042  41.961  -21.660  -30.055 0.4000000060
54266  39.980  -19.657  -25.573 0.6999999881
54267  39.169  -19.458  -25.358 0.6999999881
55463  38.724  -18.734  -25.697 0.6999999881
53140  41.775  -21.081  -30.667 0.4000000060
56625  38.704  -17.623  -26.716 0.6999999881
53141  41.635  -20.438  -31.159 0.3000000119
53132  41.631  -20.223  -30.050 0.5000000000
56641  39.044  -17.029  -27.261 0.6999999881
57701  38.562  -16.629  -27.791 0.6999999881
154357  41.607  -19.877  -31.576 0.5000000000
57710  38.176  -16.279  -28.520 0.6999999881
55566  42.574  -19.446  -33.610 0.4000000060
56691  41.435  -17.618  -31.329 0.6000000238
55573  42.340  -18.646  -33.675 0.5000000000
57718  37.671  -16.282  -29.304 0.6999999881
56701  43.495  -18.222  -33.269 0.3000000119
163974  37.248  -16.413  -30.249 0.6999999881
61128  42.954  -13.778  -34.712 0.4000000060
56719  42.926  -17.695  -35.173 0.4000000060
58821  37.137  -16.128  -31.257 0.6999999881
51981  29.375  -22.088  -25.586 0.6999999881
62258  42.974  -12.891  -35.577 0.4000000060
158622  43.620  -17.171  -34.676 0.4000000060
57776  43.294  -17.164  -35.336 0.4000000060
49665  29.286  -23.390  -25.675 0.6000000238
62265  44.581  -12.922  -35.766 0.3000000119
61159  44.990  -13.729  -36.411 0.3000000119
61160  43.875  -13.302  -36.357 0.4000000060
137149  45.088  -15.687  -35.069 0.4000000060
56730  42.985  -17.268  -35.642 0.4000000060
57759  36.591  -16.508  -32.875 0.6999999881
148113  37.415  -15.431  -32.757 0.6999999881
50883  30.645  -22.129  -25.734 0.6999999881
59978  43.570  -14.777  -36.092 0.4000000060
57775  44.312  -16.059  -35.337 0.4000000060
57787  42.904  -16.597  -36.017 0.4000000060
154516  36.493  -16.597  -34.281 0.8000000119
136446  46.660  -14.487  -35.488 0.3000000119
136449  46.738  -15.528  -36.076 0.3000000119
137038  44.514  -15.594  -35.800 0.4000000060
57779  36.245  -16.666  -35.337 0.8000000119
52035  33.386  -21.632  -28.662 1.0000000000
57788  36.235  -15.844  -35.445 0.8999999762
57780  35.665  -16.415  -35.354 1.0000000000
54367  33.671  -19.172  -32.063 1.0000000000
57782  32.858  -15.985  -33.676 1.0000000000
57781  33.919  -16.458  -34.375 1.0000000000
55569  33.478  -18.236  -32.409 1.0000000000
55558  33.630  -18.203  -31.265 1.0000000000
148912  33.154  -17.258  -31.714 1.0000000000
51977  41.122  -21.648  -25.384 0.6000000238
53077  41.228  -20.669  -26.516 0.6000000238
53078  40.659  -20.098  -26.018 0.6000000238
54287  40.373  -19.232  -26.253 0.6999999881
52033  41.776  -21.331  -27.995 0.5000000000
53097  41.486  -20.570  -27.410 0.6000000238
53131  41.736  -20.839  -29.529 0.5000000000
153564  41.658  -20.036  -29.157 0.4000000060
55481  40.060  -18.351  -26.598 0.6999999881
55482  39.158  -18.175  -26.251 0.6999999881
152646  41.505  -19.366  -28.440 0.6000000238
143825  40.201  -17.750  -27.215 0.6999999881
54339  41.570  -19.374  -29.494 0.6000000238
56640  39.900  -17.024  -27.559 0.6999999881
54355  41.542  -19.117  -31.285 0.6000000238
55544  41.479  -18.310  -30.985 0.6000000238
57707  40.176  -16.032  -28.646 0.6999999881
58756  38.827  -15.807  -28.798 0.6999999881
55556  41.578  -18.630  -31.995 0.5000000000
56702  41.651  -17.871  -32.647 0.6000000238
57729  41.298  -16.778  -30.506 0.6000000238
58775  38.832  -15.516  -29.694 0.6000000238
154439  41.529  -14.169  -34.089 0.4000000060
55579  42.903  -18.255  -34.588 0.4000000060
56710  42.114  -17.559  -33.745 0.4000000060
162178  41.263  -16.688  -31.631 0.5000000000
58799  41.013  -16.058  -30.766 0.6000000238
58802  38.360  -15.489  -30.438 0.6999999881
61129  42.522  -13.740  -33.805 0.4000000060
57758  41.446  -16.648  -32.852 0.5000000000
57730  37.714  -15.716  -30.743 0.6999999881
154371  43.227  -13.852  -35.687 0.4000000060
61130  42.090  -14.170  -34.190 0.5000000000
57766  42.490  -17.342  -34.793 0.4000000060
57778  42.191  -16.376  -35.129 0.4000000060
58820  37.579  -15.589  -31.718 0.6999999881
51998  30.363  -21.244  -26.123 0.8999999762
51980  29.933  -21.880  -25.652 0.6999999881
145292  44.908  -14.887  -36.509 0.4000000060
58864  42.570  -16.011  -36.118 0.4000000060
58847  36.766  -15.652  -34.563 0.6999999881
58836  37.298  -15.225  -33.821 0.6999999881
53100  32.308  -20.601  -27.503 0.8999999762
58859  35.105  -15.038  -35.238 0.8999999762
53124  32.744  -20.116  -28.157 0.8999999762
149689  33.740  -19.222  -30.973 1.0000000000
53123  33.296  -20.644  -28.748 1.0000000000
58860  34.098  -15.386  -34.623 1.0000000000
53134  33.558  -20.383  -29.638 1.0000000000
58861  32.333  -14.795  -33.873 1.0000000000
149229  33.548  -19.400  -29.939 1.0000000000
54321  33.159  -19.571  -28.944 1.0000000000
57768  31.530  -14.721  -33.313 1.0000000000
165739  31.759  -14.814  -32.011 0.8999999762
58824  31.457  -15.149  -32.385 1.0000000000
56705  32.301  -16.125  -32.227 1.0000000000
55547  33.100  -17.427  -30.892 1.0000000000
55529  33.142  -18.015  -30.102 1.0000000000
57748  31.426  -15.468  -32.137 1.0000000000
56677  32.106  -16.414  -31.485 1.0000000000
56667  31.926  -17.494  -30.351 0.8999999762
57749  31.677  -15.769  -31.687 1.0000000000
57732  31.520  -15.547  -31.747 0.8999999762
154132  41.420  -19.821  -27.708 0.6000000238
150525  41.165  -19.075  -27.524 0.6999999881
55495  40.716  -18.333  -27.340 0.6999999881
55494  41.250  -18.425  -28.063 0.6999999881
56639  40.756  -17.585  -27.907 0.6999999881
55509  41.496  -18.531  -28.930 0.6000000238
56664  41.454  -17.763  -29.288 0.6000000238
56653  40.467  -16.732  -28.290 0.6999999881
56652  41.097  -17.174  -28.723 0.6999999881
57706  40.872  -16.350  -29.039 0.6000000238
58754  40.433  -15.783  -29.442 0.6000000238
58774  39.896  -15.479  -30.107 0.6000000238
61119  41.592  -13.372  -32.186 0.3000000119
56676  41.455  -17.644  -30.238 0.6000000238
138339  39.107  -15.367  -30.699 0.6000000238
61120  41.338  -13.740  -32.903 0.4000000060
61106  40.730  -13.633  -31.930 0.4000000060
58816  40.929  -15.954  -31.947 0.6000000238
58800  40.486  -15.669  -30.917 0.6000000238
58818  39.258  -15.286  -31.792 0.6000000238
58832  41.233  -15.903  -33.368 0.4000000060
58835  38.243  -15.160  -32.460 0.6000000238
61145  40.521  -14.162  -35.604 0.5000000000
58855  41.960  -15.665  -35.729 0.4000000060
58854  42.455  -16.171  -35.904 0.4000000060
61144  41.531  -14.624  -35.782 0.5000000000
58865  41.990  -15.457  -35.970 0.4000000060
58846  37.394  -15.115  -35.048 0.6000000238
143147  41.444  -15.089  -36.077 0.4000000060
58856  41.303  -15.197  -36.060 0.4000000060
52021  31.081  -20.769  -26.570 0.8999999762
58867  35.950  -14.451  -35.795 0.8999999762
58866  36.800  -14.826  -35.897 0.8000000119
53101  31.540  -20.326  -27.146 0.8999999762
54301  32.029  -19.773  -27.704 0.8999999762
54323  31.645  -19.269  -28.256 0.8999999762
54322  32.425  -19.373  -28.424 0.8999999762
59965  32.225  -13.676  -34.264 1.0000000000
58838  31.676  -14.626  -33.396 1.0000000000
54342  32.735  -18.932  -29.015 1.0000000000
55530  32.579  -18.255  -29.648 0.8999999762
58807  31.378  -15.099  -31.284 1.0000000000
57733  31.031  -15.926  -31.740 1.0000000000
56679  31.369  -16.833  -30.935 0.8999999762
58781  31.139  -15.034  -30.786 1.0000000000
58782  30.663  -14.699  -31.841 0.8999999762
157552  41.296  -17.870  -28.538 0.6999999881
62230  41.637  -12.683  -31.403 0.3000000119
61087  41.130  -13.226  -31.145 0.3000000119
61107  39.824  -13.583  -31.347 0.3000000119
58817  40.212  -15.522  -31.794 0.6000000238
141666  39.446  -13.631  -33.420 0.5000000000
61121  39.670  -13.665  -32.327 0.4000000060
58833  40.583  -15.596  -32.892 0.5000000000
58844  40.945  -15.407  -34.361 0.5000000000
58845  40.111  -15.195  -33.774 0.5000000000
58834  39.231  -15.151  -33.046 0.5000000000
61131  40.551  -13.871  -33.504 0.5000000000
59953  39.488  -15.003  -34.328 0.5000000000
61146  39.725  -13.655  -35.924 0.5000000000
59961  40.266  -14.960  -35.721 0.5000000000
59963  38.011  -14.919  -34.446 0.6000000238
59980  39.792  -14.197  -36.198 0.5000000000
59973  40.574  -14.763  -35.842 0.5000000000
58857  37.517  -14.598  -36.219 0.6999999881
61154  38.869  -13.432  -36.066 0.5000000000
61153  39.493  -13.821  -36.298 0.5000000000
59984  36.939  -13.901  -36.555 0.6000000238
59976  34.537  -13.498  -35.389 0.8999999762
147494  33.663  -13.986  -34.797 0.8999999762
161532  31.876  -13.457  -34.061 0.8999999762
58804  33.212  -15.340  -31.061 0.8999999762
58823  32.130  -14.543  -32.298 0.8999999762
59958  31.607  -13.714  -33.844 0.8999999762
58848  31.511  -13.917  -33.756 1.0000000000
55531  31.673  -18.229  -29.549 0.8999999762
55512  32.114  -18.786  -28.867 0.8999999762
56668  31.097  -17.533  -30.328 0.8999999762
58805  32.238  -15.348  -30.860 0.8000000119
58780  31.954  -15.456  -29.919 0.6999999881
55532  30.748  -18.290  -29.622 0.8999999762
57734  30.630  -15.403  -32.198 0.8999999762
162568  30.598  -17.213  -30.697 0.8999999762
62214  41.353  -12.568  -30.583 0.3000000119
61088  40.410  -13.388  -30.823 0.3000000119
61066  40.087  -13.226  -29.971 0.4000000060
62199  39.752  -12.906  -29.174 0.3000000119
61089  39.425  -13.446  -30.555 0.3000000119
61122  38.550  -13.487  -32.674 0.4000000060
61133  38.570  -13.402  -34.135 0.5000000000
61123  37.515  -13.174  -33.156 0.4000000060
59962  39.202  -14.873  -35.479 0.5000000000
59954  38.588  -14.964  -33.779 0.5000000000
61147  38.294  -13.197  -35.352 0.5000000000
59974  39.847  -14.560  -36.091 0.5000000000
59975  38.359  -14.837  -35.778 0.5000000000
59990  39.002  -13.690  -36.390 0.5000000000
148262  38.454  -14.444  -36.404 0.5000000000
162961  38.278  -13.318  -36.282 0.5000000000
59983  37.983  -14.077  -36.855 0.5000000000
61148  37.562  -12.706  -36.000 0.5000000000
62260  36.500  -11.780  -36.216 0.6000000238
59985  35.561  -13.009  -36.056 0.6000000238
62251  35.062  -11.241  -35.182 0.6999999881
61150  34.265  -12.063  -35.433 0.6999999881
61136  33.761  -12.366  -34.813 0.6999999881
59964  32.534  -13.192  -34.309 0.8000000119
161297  33.144  -12.860  -34.777 0.8000000119
55513  31.246  -18.769  -28.887 0.8999999762
162768  31.839  -13.806  -33.167 0.8999999762
59957  32.551  -13.356  -33.668 0.8999999762
144240  33.435  -15.629  -29.950 0.6999999881
55548  30.296  -17.703  -30.354 0.8999999762
56680  30.128  -16.735  -31.176 0.8999999762
58761  30.713  -15.119  -29.594 1.0000000000
62181  39.462  -12.541  -28.420 0.3000000119
61067  39.072  -13.258  -29.706 0.4000000060
61108  38.664  -13.437  -31.412 0.4000000060
62200  38.759  -12.965  -28.917 0.3000000119
61109  37.543  -13.042  -31.936 0.4000000060
62216  37.424  -12.807  -31.045 0.4000000060
61091  37.325  -12.889  -30.386 0.4000000060
61134  37.306  -12.700  -34.704 0.4000000060
156483  36.892  -12.594  -31.540 0.4000000060
62217  36.845  -12.628  -31.086 0.4000000060
62241  36.678  -12.671  -33.541 0.4000000060
62242  36.027  -12.327  -33.235 0.4000000060
160788  36.005  -11.730  -34.723 0.5000000000
61149  36.583  -11.720  -35.781 0.5000000000
61125  33.557  -12.542  -34.090 0.6000000238
58822  34.344  -15.051  -31.549 0.6999999881
58779  32.828  -15.568  -29.620 0.6999999881
57735  30.017  -15.701  -32.005 0.8999999762
159637  29.345  -16.015  -31.851 0.8999999762
59910  30.023  -14.785  -28.813 0.8999999762
59911  29.115  -15.179  -29.143 0.8000000119
58763  29.350  -15.324  -30.858 0.8000000119
61054  29.345  -14.359  -28.345 0.6999999881
138789  29.064  -13.405  -28.337 0.8000000119
63312  39.537  -11.631  -27.266 0.3000000119
62182  38.637  -12.685  -28.155 0.3000000119
61048  37.999  -12.876  -28.854 0.3000000119
62183  38.057  -12.940  -27.917 0.4000000060
61069  37.483  -12.996  -29.642 0.4000000060
61049  37.629  -13.210  -28.696 0.4000000060
61092  36.870  -12.874  -30.433 0.5000000000
62231  36.323  -12.543  -31.986 0.5000000000
61093  36.157  -13.433  -31.112 0.5000000000
59936  36.459  -13.953  -30.063 0.5000000000
62232  35.502  -12.354  -33.179 0.5000000000
61111  35.642  -12.783  -32.200 0.5000000000
59945  35.144  -14.170  -31.956 0.6000000238
59946  33.660  -14.318  -32.658 0.6999999881
144017  34.299  -15.577  -29.733 0.6999999881
140795  33.464  -15.425  -28.813 0.6999999881
58759  32.579  -15.314  -28.803 0.6999999881
59908  32.661  -14.547  -28.098 0.6999999881
59909  31.104  -14.679  -28.491 0.8000000119
61052  31.259  -13.672  -28.064 0.6999999881
63311  40.280  -11.248  -27.607 0.3000000119
63299  39.180  -11.453  -26.580 0.3000000119
63300  38.633  -11.720  -26.134 0.4000000060
63313  38.872  -11.958  -26.908 0.3000000119
62164  37.862  -12.950  -26.907 0.4000000060
61033  37.506  -13.500  -27.572 0.4000000060
61070  37.103  -13.385  -29.409 0.4000000060
61034  36.770  -14.076  -27.303 0.3000000119
146093  36.524  -14.415  -29.006 0.5000000000
59937  35.577  -14.612  -30.778 0.6000000238
59905  36.346  -14.585  -28.026 0.3000000119
143171  35.744  -14.953  -28.707 0.5000000000
59906  35.519  -14.780  -27.941 0.4000000060
59922  35.771  -14.892  -29.671 0.6999999881
58757  35.042  -15.196  -28.565 0.6000000238
58777  35.095  -15.412  -29.332 0.6999999881
58803  34.856  -15.407  -30.346 0.6999999881
58758  34.288  -15.223  -28.493 0.6999999881
58748  34.435  -14.598  -27.779 0.6000000238
62138  37.975  -12.048  -25.726 0.3000000119
61019  37.142  -13.447  -26.612 0.3000000119
61020  36.216  -13.766  -26.507 0.3000000119
161593  36.966  -12.649  -25.704 0.3000000119
61009  35.909  -13.087  -25.875 0.3000000119
62141  35.708  -12.472  -25.691 0.3000000119
62153  35.213  -12.867  -25.986 0.4000000060
160672  34.904  -14.861  -28.025 0.5000000000
59886  34.744  -14.050  -27.003 0.5000000000
61022  34.667  -13.270  -26.568 0.5000000000
59899  33.934  -14.141  -27.542 0.6000000238
59900  33.239  -14.153  -27.779 0.6000000238
65394  39.080  -9.738  -25.418 0.4000000060
65395  38.221  -9.873  -25.093 0.3000000119
63290  38.318  -11.311  -25.593 0.3000000119
64370  37.848  -10.700  -25.221 0.3000000119
63291  37.534  -11.494  -25.396 0.3000000119
64371  36.991  -10.836  -25.169 0.3000000119
62140  36.441  -12.443  -25.595 0.3000000119
64372  36.131  -10.963  -25.323 0.3000000119
64385  35.245  -11.100  -25.724 0.3000000119
62154  34.588  -12.426  -26.402 0.4000000060
63302  34.602  -11.560  -26.317 0.4000000060
61036  33.440  -13.287  -27.527 0.6000000238
63314  33.865  -11.835  -27.059 0.4000000060
62166  33.405  -12.427  -27.453 0.5000000000
62167  32.803  -12.582  -27.804 0.6000000238
61055  28.310  -14.669  -28.473 0.8000000119
66511  38.669  -9.024  -25.030 0.4000000060
66512  37.721  -9.100  -24.855 0.3000000119
65396  37.303  -9.969  -25.013 0.3000000119
65397  36.409  -10.089  -25.181 0.3000000119
65398  35.603  -10.228  -25.508 0.3000000119
65408  34.877  -10.227  -26.012 0.4000000060
64401  34.168  -10.217  -26.880 0.4000000060
141891  33.469  -10.859  -27.546 0.4000000060
63315  33.070  -11.753  -27.701 0.4000000060
63333  32.302  -11.870  -28.030 0.5000000000
63332  32.654  -11.064  -28.110 0.4000000060
62184  31.943  -12.896  -28.008 0.6000000238
144350  31.907  -11.237  -28.449 0.4000000060
62186  30.128  -12.886  -28.308 0.6999999881
63334  31.150  -11.434  -28.666 0.4000000060
63354  30.569  -10.909  -29.057 0.4000000060
63335  30.365  -11.796  -28.746 0.6000000238
63355  29.656  -11.483  -29.074 0.5000000000
147253  28.605  -12.342  -28.829 0.6000000238
62187  28.067  -13.584  -28.491 0.6999999881
152320  39.102  -8.229  -25.022 0.3000000119
150102  37.252  -8.192  -24.905 0.3000000119
66513  36.645  -9.074  -25.032 0.3000000119
66514  35.786  -9.399  -25.376 0.3000000119
158358  35.197  -9.604  -25.786 0.3000000119
65409  34.646  -9.446  -26.398 0.4000000060
64402  33.553  -9.855  -27.700 0.3000000119
163273  33.621  -9.113  -27.877 0.3000000119
64416  32.916  -10.239  -28.172 0.3000000119
65417  33.141  -9.395  -28.304 0.3000000119
152905  31.441  -10.700  -28.806 0.4000000060
64417  32.189  -10.482  -28.525 0.3000000119
65450  32.024  -9.222  -29.154 0.3000000119
64418  31.722  -9.953  -28.902 0.3000000119
65451  31.326  -9.500  -29.377 0.3000000119
64439  30.392  -10.247  -29.388 0.3000000119
65452  30.647  -9.680  -29.556 0.4000000060
64440  29.730  -10.611  -29.424 0.5000000000
64441  28.795  -11.156  -29.425 0.5000000000
63356  27.733  -11.793  -29.359 0.5000000000
67608  37.837  -7.459  -24.808 0.3000000119
67609  36.854  -7.319  -25.083 0.3000000119
165467  35.836  -8.640  -25.344 0.3000000119
66523  35.139  -8.747  -25.925 0.3000000119
66524  34.498  -8.578  -26.847 0.3000000119
144319  33.439  -8.512  -28.403 0.3000000119
66548  32.705  -8.869  -28.798 0.3000000119
66563  32.288  -8.428  -29.419 0.3000000119
65469  30.922  -9.128  -29.739 0.3000000119
65453  29.913  -9.850  -29.708 0.4000000060
64455  28.910  -10.102  -29.838 0.5000000000
63366  27.905  -10.753  -29.867 0.5000000000
68770  37.449  -6.655  -24.997 0.3000000119
67610  35.917  -7.195  -25.432 0.3000000119
149978  35.505  -7.910  -25.672 0.3000000119
67625  34.905  -7.826  -26.426 0.3000000119
66533  34.002  -8.526  -27.688 0.3000000119
67651  33.615  -7.666  -28.722 0.3000000119
65470  30.304  -9.212  -30.002 0.4000000060
65471  29.493  -9.375  -30.263 0.4000000060
65472  28.585  -9.469  -30.557 0.4000000060
145692  28.869  -8.508  -31.456 0.4000000060
165508  28.024  -10.023  -30.302 0.5000000000
65473  27.661  -9.615  -30.883 0.4000000060
69870  38.783  -5.885  -25.140 0.3000000119
149155  37.921  -5.995  -25.086 0.3000000119
67624  35.353  -7.119  -26.043 0.3000000119
67638  34.949  -7.011  -26.898 0.3000000119
67639  34.431  -7.711  -27.461 0.3000000119
67650  34.179  -7.284  -28.340 0.3000000119
67665  33.310  -7.316  -29.361 0.3000000119
66577  31.803  -7.992  -30.122 0.3000000119
67682  32.350  -7.247  -30.327 0.3000000119
66578  30.898  -8.571  -30.278 0.3000000119
66579  29.999  -8.755  -30.623 0.4000000060
65487  29.127  -8.862  -30.866 0.3000000119
162464  37.099  -6.007  -25.216 0.3000000119
68771  36.493  -6.519  -25.318 0.3000000119
69873  36.278  -5.597  -25.491 0.3000000119
68772  35.740  -6.387  -25.723 0.3000000119
69893  35.357  -5.650  -26.651 0.3000000119
68801  35.084  -6.210  -27.246 0.3000000119
68815  34.892  -6.026  -28.137 0.3000000119
68816  34.430  -6.551  -28.637 0.3000000119
67664  33.896  -6.950  -29.033 0.3000000119
69924  34.666  -5.861  -28.937 0.3000000119
67666  32.615  -7.653  -29.691 0.3000000119
70972  36.573  -4.643  -25.497 0.3000000119
69874  35.615  -5.580  -25.991 0.3000000119
70973  35.799  -4.766  -25.802 0.3000000119
70995  35.477  -4.910  -26.436 0.3000000119
69907  35.233  -5.267  -27.426 0.3000000119
68827  34.211  -6.272  -29.331 0.3000000119
67681  32.967  -6.923  -29.938 0.3000000119
68841  32.701  -6.594  -30.552 0.3000000119
71994  35.771  -3.250  -25.949 0.3000000119
139916  35.346  -4.255  -27.020 0.3000000119
147889  35.632  -4.052  -26.181 0.4000000060
71009  35.268  -4.526  -28.031 0.3000000119
69923  35.083  -5.323  -28.511 0.3000000119
69938  34.489  -5.594  -29.591 0.3000000119
72022  35.325  -3.637  -27.691 0.4000000060
72010  35.463  -3.240  -26.730 0.4000000060
146655  35.353  -3.936  -28.623 0.4000000060
73026  35.704  -2.489  -26.198 0.3000000119
73040  35.334  -2.694  -27.642 0.4000000060
45396  34.408  -27.876  -33.228 1.0000000000
45402  34.356  -27.249  -33.588 1.0000000000
146360  33.087  -28.642  -32.688 0.8999999762
58760  31.587  -15.272  -29.116 0.6999999881
61053  30.314  -13.933  -28.143 0.8000000119
156569  29.679  -13.643  -28.221 0.8000000119
62185  31.036  -12.903  -28.180 0.6999999881
37542  44.805  -35.185  -33.180 0.6000000238
38541  44.482  -34.319  -33.752 0.6000000238
35435  48.972  -37.434  -35.388 0.5000000000
34381  49.130  -38.005  -34.608 0.5000000000
36500  42.926  -36.637  -30.035 0.6000000238
41169  35.970  -31.425  -28.492 0.8999999762
36501  42.576  -36.849  -29.174 0.5000000000
33365  46.328  -38.970  -30.388 0.4000000060
34347  45.500  -38.469  -28.953 0.5000000000
33399  47.756  -39.306  -31.687 0.4000000060
42140  38.212  -28.938  -29.299 0.8999999762
35389  46.658  -37.583  -27.547 0.5000000000
42123  39.382  -29.431  -27.860 0.8000000119
33383  47.928  -39.617  -30.846 0.4000000060
44326  39.738  -27.619  -29.330 0.8000000119
40298  38.969  -31.887  -26.778 0.6999999881
36453  44.874  -36.336  -25.954 0.4000000060
44350  32.791  -29.085  -30.137 0.8000000119
165813  39.919  -33.079  -24.432 0.6000000238
37461  43.999  -35.256  -24.893 0.4000000060
37483  45.450  -35.806  -25.447 0.4000000060
164488  38.204  -27.660  -25.647 0.8000000119
157829  34.775  -27.654  -33.031 1.0000000000
39420  43.747  -33.721  -24.099 0.5000000000
140552  41.692  -34.185  -24.481 0.5000000000
165439  32.990  -26.667  -32.827 1.0000000000
41116  41.015  -31.172  -23.680 0.6999999881
47480  35.188  -26.055  -32.292 1.0000000000
46412  34.992  -27.123  -33.487 1.0000000000
151284  34.598  -22.246  -34.632 1.0000000000
55511  36.077  -19.186  -28.932 0.8000000119
146167  35.574  -21.288  -31.432 1.0000000000
50937  35.878  -22.656  -32.472 1.0000000000
54270  36.886  -19.931  -25.652 0.6999999881
55574  36.032  -18.334  -35.604 1.0000000000
55581  34.983  -18.623  -34.931 1.0000000000
56711  36.326  -17.788  -35.170 1.0000000000
137728  39.553  -22.101  -24.217 0.6000000238
53047  38.456  -20.847  -24.625 0.6999999881
55565  43.059  -19.515  -33.698 0.4000000060
50903  32.565  -22.440  -27.018 1.0000000000
52019  32.608  -21.619  -27.411 1.0000000000
56708  43.168  -18.428  -34.235 0.4000000060
142100  32.548  -16.016  -33.008 1.0000000000
54376  42.718  -20.086  -33.468 0.4000000060
55572  42.892  -19.022  -34.175 0.5000000000
54365  41.782  -19.691  -32.456 0.5000000000
61143  42.469  -14.275  -35.295 0.4000000060
59972  42.781  -14.611  -35.782 0.4000000060
56693  32.197  -16.351  -31.671 1.0000000000
57767  41.862  -16.475  -33.997 0.5000000000
58762  29.898  -14.971  -30.736 0.8000000119
139744  39.147  -13.431  -35.299 0.5000000000
148002  39.245  -14.601  -36.179 0.5000000000
59992  37.485  -13.520  -36.581 0.5000000000
61157  35.167  -11.801  -36.175 0.6999999881
62262  35.000  -11.160  -35.853 0.6000000238
142250  35.362  -11.781  -34.147 0.5000000000
61124  34.743  -12.509  -33.393 0.5000000000
61110  36.504  -12.728  -31.342 0.5000000000
165484  31.958  -14.916  -28.448 0.6999999881
61051  31.908  -14.080  -28.000 0.6999999881
137805  31.554  -12.012  -28.292 0.6000000238
65416  34.083  -9.291  -27.259 0.3000000119
38535  39.648  -34.117  -31.540 0.5000000000
164588  39.384  -34.314  -30.778 0.5000000000
39472  38.663  -33.592  -29.561 0.5000000000
37545  38.628  -35.634  -32.905 0.5000000000
37534  39.385  -34.983  -31.073 0.5000000000
38544  40.096  -34.448  -33.423 0.5000000000
38540  39.779  -34.282  -32.765 0.5000000000
37539  39.481  -35.049  -32.088 0.5000000000
37551  39.555  -35.717  -33.783 0.5000000000
37549  41.522  -34.946  -34.378 0.4000000060
38547  41.025  -33.975  -33.758 0.5000000000
38552  42.561  -34.444  -34.686 0.4000000060
39483  41.487  -32.650  -33.768 0.5000000000
38551  43.518  -34.005  -34.886 0.5000000000
39482  42.534  -32.366  -33.993 0.5000000000
150878  31.666  -26.792  -26.294 0.6999999881
45330  31.315  -27.588  -26.334 0.6999999881
45347  32.647  -27.638  -26.917 0.8000000119
45362  33.255  -27.646  -28.505 0.8000000119
44317  32.810  -28.400  -27.225 0.8000000119
141799  33.067  -26.986  -29.423 0.8999999762
46343  31.648  -25.998  -26.108 0.6999999881
149933  33.205  -27.029  -27.758 0.8999999762
46358  33.182  -26.184  -27.643 0.8999999762
46376  33.230  -26.618  -28.501 0.8999999762
47467  32.850  -25.539  -30.027 0.8999999762
48529  31.633  -24.668  -25.908 0.6000000238
46342  32.320  -26.127  -26.369 0.8000000119
150711  33.192  -25.855  -28.529 0.8999999762
47453  33.117  -25.188  -29.132 0.8999999762
48595  32.683  -24.434  -31.531 0.8999999762
48494  43.242  -24.878  -25.079 0.5000000000
150286  42.761  -25.260  -24.615 0.5000000000
141709  42.131  -25.297  -24.230 0.5000000000
46321  42.479  -26.691  -24.095 0.6000000238
46322  41.661  -26.955  -23.645 0.5000000000
46306  41.028  -26.340  -23.546 0.5000000000
44256  41.999  -28.446  -23.803 0.6000000238
48530  30.516  -24.801  -25.828 0.6000000238
48528  32.393  -24.706  -26.375 0.8999999762
47433  33.221  -25.287  -28.056 0.8999999762
47434  33.064  -25.424  -27.174 0.8999999762
48562  33.251  -24.517  -28.467 0.8999999762
152459  33.207  -24.247  -29.475 0.8999999762
143643  32.952  -24.309  -30.503 0.8999999762
50863  42.370  -22.775  -25.578 0.5000000000
49661  41.848  -22.885  -24.912 0.5000000000
49659  43.234  -23.691  -25.713 0.5000000000
49647  42.162  -23.803  -24.678 0.5000000000
48496  41.277  -23.556  -24.350 0.5000000000
156316  43.458  -24.312  -25.559 0.5000000000
48495  42.486  -24.631  -24.630 0.5000000000
49685  32.414  -23.167  -26.575 0.8999999762
147147  32.114  -23.907  -26.129 0.6999999881
48545  32.755  -24.038  -26.938 0.8999999762
152278  33.211  -23.908  -27.868 0.8999999762
152502  33.324  -23.840  -28.679 0.8999999762
49737  33.238  -23.681  -30.167 0.8999999762
50878  42.506  -22.515  -26.261 0.5000000000
149178  41.316  -22.226  -25.004 0.5000000000
50877  43.133  -22.917  -26.704 0.5000000000
158121  43.412  -23.441  -26.324 0.5000000000
49705  32.925  -23.203  -27.394 0.8999999762
149965  33.306  -23.207  -28.245 0.8999999762
49721  33.400  -23.253  -29.285 0.8999999762
50879  41.805  -22.195  -25.678 0.5000000000
52015  42.095  -21.882  -27.581 0.5000000000
52016  41.684  -21.314  -27.037 0.5000000000
50900  42.604  -22.376  -27.138 0.5000000000
52032  42.121  -21.905  -28.523 0.4000000060
51999  29.439  -21.391  -25.891 0.6000000238
53083  28.652  -20.869  -26.271 0.6000000238
53082  29.598  -20.688  -26.464 0.8000000119
53103  29.026  -20.192  -27.037 0.6999999881
53104  28.166  -20.178  -26.997 0.6999999881
54305  26.841  -19.561  -27.637 0.6999999881
54328  26.402  -19.220  -28.518 0.6999999881
153108  29.809  -20.172  -27.135 0.8000000119
53081  30.310  -20.574  -26.629 0.8000000119
54303  28.602  -19.777  -27.788 0.6999999881
54304  27.726  -19.695  -27.734 0.6999999881
54346  27.611  -19.359  -29.765 0.6999999881
143717  26.430  -18.595  -30.392 0.6999999881
160451  29.874  -19.378  -28.691 0.8000000119
54345  28.518  -19.298  -29.652 0.8000000119
53125  31.118  -19.710  -27.644 0.8000000119
55536  27.122  -18.760  -30.686 0.6999999881
55534  28.886  -18.582  -30.348 0.8000000119
54324  30.712  -19.303  -28.399 0.8000000119
55551  27.283  -18.063  -31.739 0.6999999881
55550  28.179  -17.743  -31.506 0.8000000119
57720  27.150  -17.126  -31.298 0.6000000238
55533  29.829  -18.416  -29.883 0.8000000119
57719  28.309  -16.798  -31.527 0.6000000238
59923  26.621  -16.294  -29.742 0.6000000238
59924  25.938  -15.807  -29.550 0.6000000238
57736  28.333  -16.844  -31.664 0.8000000119
58765  27.621  -16.131  -29.671 0.6000000238
61072  26.665  -15.450  -29.021 0.6000000238
56681  29.155  -16.677  -31.563 0.8000000119
58784  29.235  -15.960  -31.529 0.6999999881
61056  27.589  -15.417  -28.876 0.6000000238
62201  27.408  -13.036  -28.802 0.6999999881
62202  26.403  -13.758  -28.942 0.6000000238
61071  27.308  -14.351  -28.534 0.6000000238
59912  28.365  -15.617  -29.517 0.6999999881
157584  43.880  -34.851  -35.271 0.4000000060
39479  40.555  -33.086  -33.402 0.5000000000
137615  40.129  -33.500  -33.121 0.5000000000
47476  32.597  -25.848  -30.878 0.8999999762
50926  42.512  -22.305  -29.119 0.3000000119
54302  30.058  -19.714  -27.883 0.8000000119
37544  39.309  -35.165  -33.284 0.5000000000
152623  32.490  -26.887  -26.622 0.8000000119
47385  43.230  -25.643  -24.810 0.5000000000
159288  29.315  -19.840  -27.700 0.8000000119
54326  28.158  -19.567  -28.749 0.6999999881
54344  29.409  -19.126  -29.405 0.8000000119
56683  27.077  -17.701  -31.954 0.6999999881
56682  27.379  -17.545  -31.920 0.6999999881
40258  44.509  -32.358  -23.769 0.4000000060
41130  45.054  -31.292  -24.344 0.4000000060
161481  43.173  -32.358  -24.005 0.4000000060
40276  43.816  -31.892  -24.040 0.4000000060
42092  42.981  -30.719  -24.810 0.5000000000
42091  44.496  -31.044  -25.201 0.4000000060
42101  45.730  -30.369  -25.226 0.4000000060
44254  43.196  -29.026  -24.664 0.5000000000
159528  42.491  -28.947  -24.168 0.5000000000
43166  43.717  -29.704  -25.437 0.5000000000
43165  44.229  -30.320  -25.931 0.4000000060
41132  43.396  -31.306  -24.772 0.4000000060
43164  45.089  -30.483  -26.252 0.4000000060
42114  44.673  -30.440  -26.204 0.4000000060
41144  43.898  -31.122  -25.433 0.4000000060
43163  46.026  -29.996  -25.749 0.4000000060
45303  43.098  -27.340  -24.401 0.5000000000
43153  43.236  -30.060  -25.016 0.5000000000
43175  44.930  -30.296  -26.728 0.4000000060
43191  45.282  -30.249  -27.170 0.4000000060
42157  46.283  -31.750  -28.899 0.4000000060
42137  46.123  -31.355  -28.666 0.4000000060
43190  45.629  -30.339  -27.464 0.4000000060
42156  46.717  -32.144  -29.357 0.4000000060
43209  46.543  -31.225  -28.470 0.4000000060
45315  43.666  -27.642  -24.838 0.5000000000
44274  43.877  -28.493  -25.165 0.5000000000
45326  44.458  -28.347  -25.806 0.4000000060
45406  50.780  -29.697  -36.715 0.3000000119
44292  44.656  -29.437  -26.436 0.4000000060
145344  50.167  -29.390  -35.474 0.3000000119
44310  45.688  -29.708  -27.929 0.4000000060
45403  49.631  -28.647  -34.567 0.3000000119
45394  48.894  -28.819  -33.593 0.3000000119
44360  48.479  -29.569  -31.589 0.3000000119
43241  47.620  -30.156  -30.463 0.3000000119
43226  46.572  -31.168  -29.452 0.4000000060
44347  46.420  -30.035  -29.105 0.4000000060
43210  45.784  -30.763  -28.071 0.4000000060
44365  49.281  -29.441  -32.771 0.3000000119
43240  48.387  -30.523  -31.246 0.3000000119
46331  44.192  -26.608  -25.483 0.4000000060
46339  44.614  -27.315  -25.913 0.4000000060
45340  45.393  -28.210  -27.045 0.4000000060
46338  45.136  -27.124  -26.553 0.4000000060
45409  49.890  -28.600  -36.935 0.3000000119
144208  47.640  -26.272  -35.117 0.3000000119
45407  49.538  -28.735  -36.258 0.3000000119
45401  48.418  -27.791  -33.614 0.3000000119
45391  48.023  -28.078  -32.100 0.3000000119
45384  47.429  -27.665  -31.002 0.4000000060
44346  47.124  -29.358  -29.786 0.4000000060
44325  46.036  -29.912  -28.509 0.4000000060
45390  48.699  -28.820  -32.947 0.3000000119
44366  48.282  -28.701  -31.830 0.3000000119
44361  47.741  -28.807  -30.733 0.3000000119
150002  43.705  -26.095  -25.121 0.4000000060
47478  46.663  -25.681  -32.040 0.3000000119
144769  46.519  -25.813  -31.015 0.3000000119
47464  46.343  -25.775  -29.997 0.4000000060
149570  45.853  -25.287  -29.286 0.4000000060
46373  46.002  -26.391  -28.197 0.4000000060
46410  47.035  -25.944  -32.912 0.3000000119
46397  46.794  -26.648  -30.436 0.4000000060
46372  46.441  -26.985  -28.704 0.4000000060
46355  45.671  -26.944  -27.369 0.4000000060
46417  47.606  -26.396  -33.878 0.3000000119
46404  47.036  -26.559  -31.393 0.3000000119
45385  47.010  -27.465  -29.848 0.4000000060
140150  46.702  -27.522  -29.130 0.4000000060
45339  45.810  -28.293  -27.710 0.4000000060
46409  47.649  -26.961  -32.899 0.3000000119
46403  47.550  -27.256  -32.057 0.3000000119
45374  46.792  -28.565  -29.223 0.4000000060
45356  46.329  -28.243  -28.446 0.4000000060
49702  44.396  -23.857  -27.651 0.4000000060
48560  44.885  -24.289  -28.160 0.4000000060
48525  43.852  -24.067  -26.225 0.4000000060
47400  43.669  -25.429  -25.294 0.4000000060
48575  45.414  -24.592  -29.595 0.3000000119
47431  44.951  -25.233  -27.074 0.4000000060
47399  44.199  -25.692  -25.706 0.4000000060
47465  45.889  -25.024  -30.025 0.4000000060
48559  45.382  -24.742  -28.693 0.4000000060
47430  45.494  -25.788  -27.600 0.4000000060
142281  44.650  -26.351  -26.124 0.4000000060
161471  26.317  -18.078  -30.809 0.6000000238
55537  25.650  -18.238  -29.979 0.6000000238
58786  26.294  -16.567  -30.224 0.5000000000
56684  26.660  -17.686  -31.333 0.5000000000
156915  25.600  -16.048  -29.921 0.5000000000
61073  25.618  -14.767  -29.331 0.5000000000
62203  25.632  -13.303  -29.446 0.5000000000
63357  26.734  -12.450  -29.381 0.5000000000
63367  26.862  -11.334  -29.853 0.4000000060
69962  33.350  -5.320  -31.257 0.3000000119
71052  33.639  -4.615  -31.627 0.3000000119
69977  33.015  -5.039  -31.982 0.3000000119
71043  35.295  -4.098  -29.469 0.3000000119
71034  34.877  -4.848  -29.768 0.3000000119
69949  33.661  -5.611  -30.568 0.3000000119
145513  34.329  -4.109  -31.263 0.3000000119
71061  33.297  -4.373  -32.413 0.3000000119
71062  32.703  -4.774  -32.759 0.3000000119
71074  32.971  -4.141  -33.318 0.3000000119
147794  35.407  -3.327  -29.135 0.3000000119
162774  35.062  -4.185  -30.120 0.3000000119
71044  34.583  -4.542  -30.504 0.3000000119
72062  34.778  -3.245  -31.275 0.3000000119
157934  34.321  -3.512  -31.747 0.3000000119
72070  34.090  -3.271  -32.355 0.3000000119
72071  33.535  -3.694  -32.833 0.3000000119
72080  33.225  -3.457  -33.785 0.3000000119
163432  33.200  -2.619  -34.906 0.3000000119
72031  35.345  -3.236  -28.334 0.3000000119
73061  35.478  -2.599  -29.652 0.3000000119
72061  35.154  -3.204  -30.706 0.3000000119
73083  35.249  -2.630  -31.006 0.3000000119
73084  34.905  -2.466  -31.642 0.3000000119
74083  35.020  -1.718  -32.008 0.3000000119
73093  34.435  -2.455  -32.458 0.3000000119
72079  33.789  -2.970  -33.153 0.3000000119
73109  33.583  -2.135  -34.408 0.3000000119
74052  35.303  -2.026  -28.128 0.3000000119
145519  35.407  -1.845  -29.040 0.3000000119
138512  35.517  -2.108  -30.484 0.3000000119
74073  35.362  -1.910  -31.288 0.3000000119
74095  35.170  -0.823  -32.340 0.3000000119
74096  34.595  -1.591  -32.822 0.3000000119
74107  34.123  -1.411  -33.761 0.3000000119
142537  35.187  -1.203  -28.120 0.3000000119
75025  35.410  -0.489  -29.727 0.3000000119
153394  35.572  -1.423  -30.842 0.3000000119
75034  35.588  -0.613  -30.738 0.3000000119
155902  34.725  -0.918  -33.088 0.3000000119
75016  35.090  -0.391  -28.698 0.3000000119
76067  35.443  0.197  -30.311 0.3000000119
158218  35.582  0.165  -31.040 0.3000000119
76056  35.047  0.296  -29.378 0.3000000119
77291  35.115  0.965  -29.984 0.3000000119
76057  34.684  1.100  -29.100 0.3000000119
42122  46.138  -30.643  -27.759 0.4000000060
40257  45.279  -32.118  -23.745 0.4000000060
141689  45.852  -31.248  -24.174 0.4000000060
43173  46.288  -29.870  -26.460 0.4000000060
43152  46.718  -30.006  -24.988 0.4000000060
42155  47.627  -32.035  -29.479 0.4000000060
42135  47.070  -31.754  -28.887 0.4000000060
155518  47.085  -30.125  -27.624 0.4000000060
46423  50.235  -29.161  -35.059 0.3000000119
45399  49.280  -28.680  -33.957 0.3000000119
44370  49.290  -29.025  -33.454 0.3000000119
151804  49.493  -30.223  -32.395 0.3000000119
42166  48.400  -32.494  -30.955 0.3000000119
41191  47.534  -32.597  -29.984 0.3000000119
46426  51.032  -29.698  -36.015 0.3000000119
46427  48.755  -27.485  -36.574 0.3000000119
47490  46.863  -25.405  -34.677 0.3000000119
159261  48.177  -26.591  -36.493 0.3000000119
49703  43.916  -23.245  -28.037 0.4000000060
49718  44.422  -23.711  -28.553 0.4000000060
48576  44.917  -24.143  -29.071 0.4000000060
48583  45.409  -24.542  -31.909 0.3000000119
149115  46.178  -25.143  -31.636 0.3000000119
50899  43.291  -22.791  -27.570 0.4000000060
54348  25.984  -18.818  -29.328 0.6000000238
74041  35.338  -1.802  -27.368 0.3000000119
75007  35.074  -0.288  -27.709 0.3000000119
76046  34.798  0.530  -28.335 0.3000000119
76032  34.800  1.201  -27.794 0.3000000119
46430  51.219  -28.856  -37.325 0.3000000119
39400  43.754  -32.718  -23.848 0.4000000060
42093  42.321  -30.670  -24.335 0.5000000000
44311  45.397  -29.526  -27.426 0.4000000060
46424  48.532  -27.463  -35.741 0.3000000119
48507  44.422  -24.759  -26.512 0.4000000060
73051  35.376  -2.620  -28.646 0.3000000119
73099  33.994  -2.216  -33.434 0.3000000119
145528  35.453  -1.128  -31.510 0.3000000119
76087  35.406  0.115  -32.298 0.3000000119
77254  34.712  1.962  -27.902 0.3000000119
39418  45.614  -33.603  -24.247 0.3000000119
40256  45.973  -31.869  -23.865 0.3000000119
39448  33.853  -33.981  -26.428 0.6000000238
146559  33.534  -33.284  -26.126 0.6999999881
38504  33.448  -34.632  -25.001 0.6999999881
42089  46.304  -30.639  -24.557 0.3000000119
33363  48.286  -39.672  -30.130 0.3000000119
34356  47.790  -39.251  -29.414 0.3000000119
41154  32.598  -31.160  -25.646 0.6999999881
38474  46.136  -34.275  -24.643 0.3000000119
39440  32.792  -32.901  -24.587 0.6999999881
39425  33.203  -33.829  -24.713 0.6999999881
39416  47.421  -33.096  -24.462 0.3000000119
41129  46.756  -31.448  -24.163 0.3000000119
40291  33.213  -32.594  -25.577 0.6999999881
41128  47.739  -31.536  -24.301 0.3000000119
150365  48.865  -28.616  -25.767 0.3000000119
154411  48.147  -30.354  -24.586 0.3000000119
42088  47.344  -30.594  -24.529 0.3000000119
44288  49.235  -28.470  -26.198 0.3000000119
44308  48.625  -28.709  -26.784 0.3000000119
44272  48.192  -28.840  -25.702 0.3000000119
35388  47.443  -37.576  -27.578 0.3000000119
36474  46.401  -36.549  -26.322 0.4000000060
42117  32.559  -30.381  -26.216 0.6999999881
38473  47.020  -34.106  -24.756 0.3000000119
150186  46.174  -35.478  -25.353 0.3000000119
40301  33.137  -31.877  -26.014 0.6999999881
40272  48.061  -32.384  -24.398 0.3000000119
42087  48.845  -30.802  -24.451 0.3000000119
154414  49.030  -29.173  -24.849 0.3000000119
43162  47.278  -29.448  -25.546 0.3000000119
144185  50.214  -28.245  -26.125 0.3000000119
35366  47.131  -37.198  -27.117 0.4000000060
43178  32.248  -29.468  -26.335 0.6999999881
152233  48.145  -35.160  -25.617 0.3000000119
38498  47.486  -34.837  -25.310 0.3000000119
152133  48.756  -32.557  -24.506 0.3000000119
38472  47.929  -33.951  -24.887 0.3000000119
43196  32.812  -29.850  -26.951 0.6999999881
42086  49.595  -30.450  -24.437 0.3000000119
42116  33.153  -30.804  -27.201 0.6999999881
43208  47.901  -30.167  -28.198 0.3000000119
44309  47.403  -29.281  -26.732 0.3000000119
43187  49.998  -29.031  -27.932 0.3000000119
43188  48.977  -29.062  -27.628 0.3000000119
149201  32.532  -29.015  -26.854 0.6999999881
39438  48.802  -33.811  -25.018 0.3000000119
44316  33.216  -28.552  -27.960 0.6999999881
40270  50.205  -32.173  -24.457 0.3000000119
40271  49.460  -32.347  -24.489 0.3000000119
43218  33.235  -29.679  -28.476 0.6999999881
42133  49.577  -30.666  -29.191 0.3000000119
39437  49.701  -33.725  -25.077 0.3000000119
42134  48.366  -31.008  -28.986 0.3000000119
49734  44.332  -23.635  -29.617 0.3000000119
38510  35.162  -35.245  -26.881 0.5000000000
37491  33.133  -36.162  -24.967 0.6999999881
37512  34.167  -35.242  -25.952 0.6000000238
36456  33.636  -36.275  -25.460 0.6000000238
38511  34.424  -34.716  -26.536 0.6000000238
40282  31.933  -32.129  -24.311 0.6999999881
41146  31.981  -31.202  -24.835 0.6999999881
35387  48.257  -37.506  -27.553 0.3000000119
42107  31.261  -30.194  -25.142 0.6999999881
36489  47.802  -37.071  -27.054 0.4000000060
43179  31.528  -29.026  -26.059 0.6999999881
37505  48.355  -35.781  -26.082 0.4000000060
37506  47.657  -36.155  -26.194 0.4000000060
45329  32.103  -27.595  -26.502 0.6999999881
37480  48.820  -35.077  -25.678 0.3000000119
157741  49.516  -34.983  -25.717 0.3000000119
38495  50.212  -34.480  -25.520 0.3000000119
39417  46.472  -33.378  -24.353 0.3000000119
44294  32.335  -28.299  -26.705 0.6999999881
38512  33.848  -34.649  -25.799 0.6000000238
39436  50.658  -33.653  -25.105 0.3000000119
36471  48.964  -36.295  -26.555 0.3000000119
37535  38.823  -35.552  -30.559 0.5000000000
37526  37.553  -35.281  -28.595 0.5000000000
36498  37.323  -36.134  -28.565 0.5000000000
38536  39.019  -34.552  -30.127 0.4000000060
32426  28.486  -39.989  -29.230 0.4000000060
30576  28.478  -42.462  -27.483 0.5000000000
38532  38.060  -35.123  -29.010 0.4000000060
38531  38.345  -34.498  -29.272 0.5000000000
37527  36.969  -35.402  -28.098 0.5000000000
28769  28.099  -44.813  -27.127 0.4000000060
26914  26.805  -46.101  -26.840 0.4000000060
31493  28.459  -40.854  -28.568 0.5000000000
38520  35.803  -34.976  -27.373 0.4000000060
27862  26.436  -45.372  -26.434 0.4000000060
26931  26.154  -46.789  -26.963 0.4000000060
28735  27.883  -43.634  -26.215 0.4000000060
31476  28.521  -41.498  -27.249 0.5000000000
151959  28.389  -42.946  -26.767 0.4000000060
33344  29.579  -38.929  -28.368 0.5000000000
34322  31.457  -38.564  -26.476 0.4000000060
37511  34.632  -35.591  -26.329 0.5000000000
35371  33.452  -37.599  -25.833 0.4000000060
35372  32.027  -38.151  -25.825 0.4000000060
36479  33.990  -36.841  -25.835 0.4000000060
26915  25.881  -46.056  -26.624 0.4000000060
29640  23.070  -43.151  -27.511 0.4000000060
29622  27.670  -43.054  -25.753 0.4000000060
31462  24.418  -41.459  -25.643 0.4000000060
154456  28.542  -40.861  -26.453 0.5000000000
31460  28.417  -41.598  -26.000 0.4000000060
32390  24.887  -40.717  -25.303 0.4000000060
33346  28.845  -39.376  -27.311 0.5000000000
147221  26.068  -37.818  -25.225 0.4000000060
34305  25.503  -38.426  -25.322 0.4000000060
34336  29.584  -38.622  -27.362 0.5000000000
34324  29.842  -38.114  -26.729 0.5000000000
146407  26.641  -37.149  -25.256 0.4000000060
36462  26.099  -36.444  -25.483 0.4000000060
34335  30.009  -38.505  -27.523 0.5000000000
35373  31.124  -37.941  -25.941 0.6000000238
36458  32.436  -36.801  -24.951 0.6000000238
28756  23.638  -43.712  -27.153 0.4000000060
29639  23.775  -43.137  -26.705 0.4000000060
148686  25.937  -44.759  -26.093 0.4000000060
30562  25.080  -42.384  -25.572 0.4000000060
32389  28.288  -40.758  -25.659 0.5000000000
31461  27.931  -41.554  -25.490 0.4000000060
31453  25.526  -41.574  -25.290 0.4000000060
32388  28.615  -40.096  -26.324 0.5000000000
34304  26.642  -38.569  -25.178 0.4000000060
33301  26.057  -39.225  -25.179 0.4000000060
34337  29.067  -38.763  -26.873 0.5000000000
35358  30.762  -37.443  -25.577 0.5000000000
37495  26.612  -35.772  -25.465 0.4000000060
35357  31.617  -37.372  -25.312 0.6000000238
37464  32.433  -35.933  -24.544 0.6000000238
29638  24.688  -43.195  -26.026 0.4000000060
30545  27.356  -42.255  -25.392 0.4000000060
29624  25.861  -43.262  -25.564 0.4000000060
30546  26.274  -42.413  -25.335 0.4000000060
33300  27.272  -39.348  -25.257 0.4000000060
35375  29.499  -37.690  -25.878 0.5000000000
35361  27.213  -37.890  -25.197 0.4000000060
35359  30.047  -37.150  -25.499 0.5000000000
36461  27.098  -36.440  -25.257 0.4000000060
38481  32.947  -34.576  -24.301 0.6000000238
147976  32.546  -35.204  -24.221 0.6000000238
37465  31.764  -35.454  -24.197 0.6000000238
26916  24.937  -45.732  -26.819 0.4000000060
28754  25.349  -44.052  -25.955 0.4000000060
31451  27.325  -41.459  -25.238 0.4000000060
31452  26.605  -41.609  -25.144 0.4000000060
34326  28.640  -38.556  -25.844 0.5000000000
33322  28.158  -39.342  -25.538 0.5000000000
145357  27.739  -38.609  -25.331 0.5000000000
34303  28.177  -37.937  -25.410 0.5000000000
163137  30.191  -36.714  -25.163 0.5000000000
162247  28.879  -37.992  -25.781 0.5000000000
145307  28.672  -36.738  -25.292 0.5000000000
36460  27.946  -36.271  -25.184 0.4000000060
36443  30.463  -36.358  -24.846 0.6000000238
37494  27.928  -35.480  -25.142 0.5000000000
38505  27.829  -34.644  -25.278 0.4000000060
149669  32.567  -33.813  -24.047 0.6000000238
38482  32.172  -34.647  -23.868 0.6000000238
36444  29.999  -35.820  -24.710 0.6000000238
142909  29.559  -36.427  -25.110 0.5000000000
151516  28.649  -35.941  -25.043 0.5000000000
37466  30.798  -35.639  -24.462 0.6000000238
37467  29.967  -35.014  -24.356 0.6000000238
37492  29.264  -35.553  -24.782 0.5000000000
39427  30.998  -33.671  -23.753 0.6000000238
39426  31.965  -33.150  -23.843 0.6000000238
42109  29.754  -30.189  -25.404 0.5000000000
43169  30.499  -29.764  -25.394 0.6000000238
41147  29.576  -31.106  -25.008 0.5000000000
41137  30.556  -31.417  -24.517 0.6000000238
41138  29.741  -31.877  -24.632 0.6000000238
40285  29.395  -32.659  -24.659 0.5000000000
40293  28.706  -32.905  -25.132 0.5000000000
38484  30.226  -34.192  -23.988 0.6000000238
38485  29.418  -34.179  -24.386 0.5000000000
37493  28.526  -35.121  -24.911 0.5000000000
39441  28.479  -33.492  -25.158 0.5000000000
164684  28.207  -33.123  -25.438 0.5000000000
43180  30.614  -29.020  -25.825 0.5000000000
153285  30.174  -27.678  -26.438 0.5000000000
44295  31.751  -28.278  -26.369 0.6000000238
43168  31.129  -29.525  -25.549 0.6000000238
39429  29.038  -33.464  -24.702 0.5000000000
41136  31.398  -31.506  -24.491 0.6000000238
40284  30.285  -32.302  -24.308 0.6000000238
36492  36.270  -36.387  -27.637 0.4000000060
37510  35.168  -36.162  -26.631 0.4000000060
39456  35.832  -34.240  -27.723 0.5000000000
37519  36.377  -35.573  -27.641 0.4000000060
40283  31.027  -32.704  -23.931 0.6000000238
36503  38.293  -36.177  -30.057 0.5000000000
35408  36.444  -37.432  -28.792 0.5000000000
36504  37.607  -36.563  -29.591 0.5000000000
36499  36.685  -36.675  -28.275 0.5000000000
33358  28.787  -39.477  -28.676 0.5000000000
28752  27.608  -44.383  -26.388 0.4000000060
28736  27.283  -43.849  -25.838 0.4000000060
160781  24.347  -39.858  -25.403 0.4000000060
148233  25.568  -37.129  -25.587 0.4000000060
29623  26.916  -43.194  -25.512 0.4000000060
32379  27.588  -40.859  -25.238 0.4000000060
156840  24.833  -44.815  -26.557 0.4000000060
39428  29.970  -33.308  -24.160 0.6000000238
30563  23.906  -42.227  -26.270 0.3000000119
35362  25.030  -37.761  -25.688 0.3000000119
32391  23.838  -40.570  -25.669 0.3000000119
36463  25.174  -36.480  -26.057 0.3000000119
163580  23.935  -39.124  -25.583 0.3000000119
35376  24.622  -37.142  -26.225 0.3000000119
35363  24.245  -37.757  -26.195 0.3000000119
27861  27.267  -45.196  -26.600 0.4000000060
27863  25.638  -45.387  -26.450 0.4000000060
28737  26.462  -44.009  -25.717 0.4000000060
28753  26.871  -44.613  -26.118 0.4000000060
28755  24.351  -43.905  -26.566 0.4000000060
28770  23.848  -44.363  -27.254 0.4000000060
29621  28.157  -42.980  -26.163 0.4000000060
29637  28.258  -43.409  -26.652 0.4000000060
29650  28.432  -43.274  -27.641 0.5000000000
30544  28.075  -42.322  -25.760 0.4000000060
30561  28.401  -42.344  -26.460 0.4000000060
32380  26.767  -40.172  -25.106 0.4000000060
32381  26.010  -40.829  -25.052 0.4000000060
32411  28.606  -40.262  -27.652 0.5000000000
33302  24.070  -38.408  -25.871 0.3000000119
33321  28.632  -39.291  -26.176 0.5000000000
33323  25.441  -39.937  -25.143 0.4000000060
33345  29.204  -39.098  -28.058 0.5000000000
33384  47.130  -39.339  -30.643 0.4000000060
33408  48.784  -39.033  -33.196 0.5000000000
34306  24.665  -38.248  -25.711 0.3000000119
34323  30.518  -38.258  -26.665 0.5000000000
34325  29.305  -38.255  -26.387 0.5000000000
34346  46.435  -38.643  -28.856 0.4000000060
34348  44.570  -38.095  -28.742 0.6000000238
34357  46.886  -39.177  -29.618 0.4000000060
34388  48.279  -38.277  -35.609 0.5000000000
34392  48.713  -37.332  -35.860 0.5000000000
35356  32.607  -37.546  -25.499 0.4000000060
35360  28.725  -37.441  -25.500 0.5000000000
35367  46.504  -37.086  -26.920 0.5000000000
35368  45.738  -36.927  -26.718 0.5000000000
35369  34.927  -37.025  -26.468 0.4000000060
35374  30.245  -37.734  -26.079 0.5000000000
35391  44.227  -37.699  -27.940 0.5000000000
35392  43.331  -37.408  -27.942 0.4000000060
35393  42.688  -37.131  -27.976 0.4000000060
35402  47.825  -38.083  -28.123 0.3000000119
35403  46.947  -38.126  -28.158 0.3000000119
35404  46.061  -38.105  -28.145 0.5000000000
35411  43.249  -37.341  -29.352 0.6000000238
35416  44.510  -37.704  -30.407 0.6000000238
35436  48.136  -37.082  -34.170 0.5000000000
35456  48.258  -36.937  -36.030 0.5000000000
36442  31.480  -36.426  -24.689 0.6000000238
36451  47.000  -36.138  -25.976 0.4000000060
36452  46.257  -36.039  -25.729 0.3000000119
36457  33.223  -36.909  -25.378 0.4000000060
36459  30.773  -36.950  -25.136 0.5000000000
36472  48.102  -36.489  -26.585 0.4000000060
36473  47.233  -36.673  -26.586 0.4000000060
36475  45.123  -36.715  -26.510 0.4000000060
36477  43.573  -36.640  -26.614 0.4000000060
36478  42.114  -36.479  -26.975 0.4000000060
36491  41.540  -36.196  -27.461 0.4000000060
36496  42.333  -36.789  -28.442 0.5000000000
36502  42.012  -36.354  -28.975 0.6000000238
36506  43.542  -36.618  -30.661 0.6999999881
36510  44.580  -36.508  -31.692 0.6000000238
36514  47.528  -36.405  -34.414 0.5000000000
36520  48.335  -36.804  -35.865 0.5000000000
36523  45.275  -36.468  -35.313 0.6000000238
36529  47.628  -36.307  -35.847 0.5000000000
36530  46.654  -36.263  -35.786 0.6000000238
37460  44.897  -35.212  -24.912 0.4000000060
37463  33.112  -35.347  -24.623 0.6000000238
37468  29.103  -34.831  -24.634 0.5000000000
37481  47.581  -35.627  -25.770 0.4000000060
37482  46.840  -35.520  -25.541 0.3000000119
37489  34.144  -35.958  -25.826 0.4000000060
37490  33.665  -35.462  -25.361 0.6000000238
37504  49.262  -35.591  -26.123 0.3000000119
37509  40.694  -35.396  -26.693 0.6000000238
37520  35.753  -35.854  -27.187 0.4000000060
37528  42.425  -35.677  -30.285 0.6000000238
37530  38.469  -35.340  -29.628 0.5000000000
37531  37.960  -35.823  -29.162 0.5000000000
37540  38.900  -35.628  -31.643 0.5000000000
37543  44.007  -34.894  -32.634 0.6000000238
37546  46.952  -35.618  -35.447 0.6999999881
37547  46.319  -34.871  -34.981 0.6000000238
37550  40.514  -35.354  -34.037 0.5000000000
37553  46.258  -35.025  -35.407 0.6000000238
37558  45.451  -35.262  -35.648 0.5000000000
38477  43.387  -34.606  -24.524 0.4000000060
38479  40.760  -34.300  -24.767 0.6000000238
38480  40.087  -34.172  -25.065 0.6000000238
38483  31.105  -34.697  -23.897 0.6000000238
38486  28.569  -34.205  -24.919 0.5000000000
38496  49.230  -34.412  -25.409 0.3000000119
38497  48.401  -34.520  -25.339 0.3000000119
38499  46.570  -34.901  -25.100 0.3000000119
38500  45.755  -35.065  -24.970 0.4000000060
38501  42.310  -35.284  -25.209 0.4000000060
38508  40.293  -34.765  -26.847 0.6000000238
38518  39.968  -34.108  -27.044 0.6000000238
38519  36.463  -34.777  -27.812 0.6000000238
38524  40.768  -34.798  -28.322 0.6999999881
38534  41.808  -34.340  -30.501 0.6999999881
38543  43.241  -33.519  -32.780 0.6000000238
38546  44.054  -33.676  -34.346 0.6000000238
38548  45.632  -34.537  -35.113 0.5000000000
38549  45.035  -34.291  -35.155 0.5000000000
38553  45.683  -34.735  -35.403 0.5000000000
39398  45.079  -32.941  -23.824 0.4000000060
39399  44.366  -33.143  -23.847 0.4000000060
39413  50.162  -32.942  -24.671 0.3000000119
39414  49.208  -33.107  -24.699 0.3000000119
39415  48.366  -33.171  -24.643 0.3000000119
39424  39.649  -33.506  -24.921 0.6000000238
39439  33.552  -33.943  -25.574 0.6999999881
39442  27.824  -33.721  -25.489 0.5000000000
39453  40.176  -33.758  -27.725 0.6999999881
39454  39.752  -33.376  -27.303 0.6000000238
39457  33.824  -33.321  -27.102 0.8000000119
39462  37.141  -33.710  -28.445 0.5000000000
39484  43.624  -33.481  -34.455 0.5000000000
39485  43.083  -33.093  -34.469 0.5000000000
40260  40.014  -32.404  -24.097 0.6000000238
40273  47.348  -32.163  -24.205 0.3000000119
40274  46.662  -32.406  -24.084 0.3000000119
40275  45.870  -32.679  -23.927 0.3000000119
40277  42.405  -32.359  -24.005 0.5000000000
40279  40.585  -32.944  -24.154 0.6000000238
40292  32.678  -31.917  -25.088 0.6999999881
40299  38.648  -31.734  -25.676 0.6999999881
40300  33.462  -32.608  -26.556 0.8000000119
40313  40.487  -31.895  -29.158 0.6999999881
40317  35.931  -32.770  -28.441 0.8000000119
40318  34.931  -32.838  -28.609 0.8999999762
40319  34.089  -32.684  -28.659 0.8000000119
40326  38.389  -31.937  -29.277 0.6999999881
40332  41.661  -32.312  -31.177 0.8000000119
40337  42.555  -32.441  -32.523 0.6000000238
40343  42.314  -31.101  -32.921 0.6999999881
40344  40.539  -31.333  -33.039 0.6000000238
40345  42.456  -31.988  -33.635 0.6000000238
40347  41.178  -31.065  -33.300 0.6000000238
41115  44.736  -31.737  -23.954 0.4000000060
41118  39.567  -31.019  -23.826 0.6999999881
41131  44.148  -31.434  -24.649 0.4000000060
41134  41.689  -31.827  -23.882 0.5000000000
41152  38.618  -31.180  -26.301 0.6999999881
41153  33.111  -31.302  -26.569 0.6999999881
41159  39.250  -30.816  -27.560 0.6999999881
41165  46.978  -32.233  -29.553 0.4000000060
41180  47.778  -32.676  -30.049 0.4000000060
41182  39.225  -30.479  -30.442 0.6999999881
41186  32.759  -31.448  -30.737 0.8000000119
41193  41.322  -29.844  -30.992 0.8000000119
41194  39.762  -30.017  -31.238 0.6999999881
41196  33.104  -31.694  -30.683 0.8000000119
41202  40.209  -29.937  -31.681 0.6999999881
41203  32.972  -31.343  -31.192 0.8000000119
41206  41.919  -30.653  -32.887 0.6999999881
41208  41.805  -30.938  -33.264 0.6000000238
41209  41.378  -30.562  -32.902 0.6999999881
42073  39.218  -30.345  -23.942 0.6999999881
42090  45.412  -30.792  -24.747 0.4000000060
42102  44.828  -30.692  -25.691 0.4000000060
42103  44.278  -30.779  -25.772 0.4000000060
42104  43.725  -30.813  -25.484 0.4000000060
42105  38.526  -30.483  -25.193 0.6999999881
42106  31.809  -29.818  -25.732 0.6999999881
42108  30.481  -30.529  -24.910 0.6000000238
42136  46.415  -31.891  -29.031 0.4000000060
42145  33.035  -31.196  -29.210 0.8000000119
42158  40.690  -29.170  -30.121 0.8000000119
42162  32.569  -30.999  -30.872 0.8000000119
42167  41.140  -29.365  -31.447 0.6999999881
42169  40.237  -29.066  -31.359 0.8000000119
42177  40.876  -29.906  -32.322 0.6999999881
42179  33.797  -31.043  -31.335 1.0000000000
42180  33.377  -30.909  -31.522 0.8000000119
42181  32.983  -30.849  -31.579 1.0000000000
42182  41.325  -30.194  -32.495 0.6999999881
42183  40.798  -29.962  -32.648 0.6999999881
43130  41.124  -29.654  -23.645 0.6999999881
43131  40.353  -29.570  -23.520 0.6999999881
43150  48.735  -29.825  -24.644 0.3000000119
43151  47.736  -29.809  -24.868 0.3000000119
43154  42.529  -29.853  -24.422 0.5000000000
43156  38.919  -29.638  -24.134 0.6999999881
43161  48.318  -29.235  -25.134 0.3000000119
43167  38.489  -28.887  -25.428 0.8000000119
43174  45.320  -30.317  -26.831 0.4000000060
43176  44.553  -30.129  -26.354 0.4000000060
43189  48.039  -29.259  -27.349 0.3000000119
43194  35.815  -28.629  -28.161 0.8999999762
43195  33.023  -29.274  -27.505 0.6999999881
43207  49.257  -29.813  -28.450 0.3000000119
43227  46.050  -31.123  -28.678 0.4000000060
43228  40.473  -28.517  -30.668 0.8000000119
43233  32.594  -30.228  -30.620 0.8000000119
43249  48.977  -31.324  -31.610 0.3000000119
43250  41.039  -29.808  -32.282 0.6999999881
43254  33.513  -29.751  -32.319 1.0000000000
43255  33.103  -29.953  -32.265 0.8000000119
44233  39.484  -28.406  -23.611 0.6999999881
44253  48.941  -28.825  -25.282 0.3000000119
44255  42.764  -28.218  -24.218 0.5000000000
44257  38.586  -28.034  -24.481 0.8000000119
44273  44.268  -29.394  -25.858 0.4000000060
44289  48.301  -28.699  -26.167 0.3000000119
44290  47.527  -29.038  -26.076 0.3000000119
44291  45.002  -29.542  -26.986 0.4000000060
44293  38.333  -27.931  -26.251 0.8000000119
44296  30.886  -28.224  -26.176 0.6999999881
44307  49.760  -28.523  -26.928 0.3000000119
44328  38.463  -27.591  -29.061 0.8000000119
44329  37.375  -27.672  -28.401 0.8000000119
44348  39.745  -27.662  -29.842 0.8000000119
44349  34.529  -28.082  -30.611 1.0000000000
44368  32.787  -29.622  -32.181 0.8000000119
44369  49.181  -28.824  -33.803 0.3000000119
44372  33.232  -29.440  -32.523 1.0000000000
45304  42.262  -27.572  -23.887 0.6000000238
45306  38.196  -27.429  -24.991 0.8000000119
45314  44.130  -27.511  -25.301 0.4000000060
45325  44.934  -28.266  -26.421 0.4000000060
45328  37.874  -26.817  -27.359 0.8000000119
45341  39.382  -27.408  -28.981 0.8000000119
45346  33.070  -27.696  -27.509 0.8000000119
45357  39.495  -27.595  -29.490 0.8000000119
45358  39.054  -27.375  -29.175 0.8000000119
45373  47.280  -28.233  -30.061 0.4000000060
45388  32.501  -27.722  -31.347 1.0000000000
45392  32.609  -27.729  -32.244 1.0000000000
45395  48.240  -27.975  -32.873 0.3000000119
45397  33.738  -27.961  -33.263 1.0000000000
45400  48.976  -28.596  -34.029 0.3000000119
45405  51.429  -30.036  -37.015 0.3000000119
46308  39.288  -26.885  -23.379 0.6999999881
46320  43.173  -26.405  -24.582 0.4000000060
46324  37.651  -26.040  -24.501 0.6999999881
46332  43.695  -26.904  -24.913 0.4000000060
46354  46.153  -27.298  -28.060 0.4000000060
46356  36.745  -26.450  -27.405 0.8000000119
46359  32.848  -26.186  -26.815 0.8000000119
46374  35.209  -26.506  -28.161 0.6999999881
46375  34.674  -26.528  -28.977 0.8999999762
46387  46.614  -26.708  -29.521 0.4000000060
46389  33.045  -26.079  -29.296 0.8999999762
46411  35.150  -26.569  -33.740 1.0000000000
46416  48.662  -27.707  -34.533 0.3000000119
46418  34.892  -26.608  -33.888 1.0000000000
46428  47.518  -26.181  -36.160 0.3000000119
46432  49.071  -27.408  -36.924 0.3000000119
47373  40.343  -25.703  -23.491 0.6000000238
47386  42.628  -25.886  -24.363 0.5000000000
47387  41.907  -26.086  -23.890 0.5000000000
47401  37.130  -25.431  -25.011 0.6999999881
47411  45.119  -26.101  -26.814 0.4000000060
47412  44.614  -25.528  -26.375 0.4000000060
47415  32.625  -25.468  -26.569 0.8999999762
47416  32.061  -25.391  -26.114 0.6000000238
47432  35.946  -25.520  -27.207 0.8000000119
47449  46.244  -26.077  -29.015 0.4000000060
47450  45.723  -25.503  -28.434 0.4000000060
47474  46.022  -25.095  -30.826 0.4000000060
47477  32.505  -26.109  -31.693 1.0000000000
47485  35.350  -26.339  -33.372 1.0000000000
47487  32.907  -25.431  -32.965 1.0000000000
48487  38.161  -24.239  -23.586 0.6000000238
48508  43.932  -24.880  -25.738 0.4000000060
48509  42.890  -24.099  -25.135 0.5000000000
48511  36.448  -24.086  -25.182 0.6999999881
48512  36.042  -23.874  -25.869 0.6999999881
48541  45.284  -24.933  -27.839 0.4000000060
48542  44.718  -24.515  -27.352 0.4000000060
48544  33.123  -24.650  -27.546 0.8999999762
48587  34.966  -24.952  -30.766 1.0000000000
48588  32.709  -25.022  -30.735 0.8999999762
48591  45.987  -24.848  -32.575 0.3000000119
48594  35.303  -25.096  -31.939 1.0000000000
48601  35.621  -25.450  -33.612 1.0000000000
48603  32.652  -24.990  -32.342 1.0000000000
48609  35.736  -24.336  -34.601 1.0000000000
49650  37.191  -23.128  -24.276 0.6999999881
49660  42.583  -23.375  -25.307 0.5000000000
49663  35.797  -23.361  -26.161 0.6999999881
49682  44.290  -24.107  -26.933 0.4000000060
49683  43.793  -23.479  -27.052 0.5000000000
49684  42.919  -23.086  -25.952 0.5000000000
49739  44.073  -23.669  -30.926 0.3000000119
49756  36.081  -24.136  -33.275 1.0000000000
50841  38.375  -22.984  -23.835 0.6000000238
50852  40.303  -22.206  -24.409 0.6000000238
50854  37.793  -22.649  -24.131 0.6999999881
50865  35.887  -22.696  -25.864 0.6999999881
50866  28.957  -22.725  -25.608 0.6999999881
50881  32.052  -22.411  -26.354 0.8999999762
50882  31.395  -22.445  -25.961 0.6999999881
50916  42.615  -22.309  -28.072 0.3000000119
50917  35.478  -22.427  -28.440 0.8000000119
50927  35.426  -22.579  -29.375 0.8999999762
50950  32.849  -23.073  -32.945 1.0000000000
50963  35.695  -22.530  -34.986 1.0000000000
51963  40.122  -21.591  -24.582 0.6000000238
51964  39.456  -21.338  -24.530 0.6999999881
51978  40.516  -21.238  -25.082 0.6000000238
51992  42.008  -21.955  -26.648 0.5000000000
51993  41.481  -21.426  -26.137 0.6000000238
51995  35.986  -21.588  -26.434 0.8000000119
52017  35.721  -21.730  -27.188 0.8000000119
52018  33.163  -21.865  -28.045 1.0000000000
52020  31.920  -21.084  -26.843 0.8999999762
52036  32.957  -21.084  -28.053 0.8999999762
52079  36.146  -21.880  -35.029 1.0000000000
53068  39.558  -20.210  -25.108 0.6999999881
53070  37.432  -20.028  -25.214 0.6999999881
53071  36.804  -20.665  -25.315 0.6999999881
53102  30.656  -20.156  -27.080 0.8999999762
53120  41.877  -21.436  -28.973 0.4000000060
53121  41.632  -20.500  -28.441 0.4000000060
53142  35.553  -20.483  -31.156 0.8000000119
53152  35.660  -20.789  -32.130 1.0000000000
53153  33.518  -20.707  -32.019 1.0000000000
53167  36.163  -21.300  -34.843 1.0000000000
53174  34.170  -19.954  -34.456 1.0000000000
54286  41.050  -19.747  -26.876 0.6000000238
54288  39.600  -18.853  -25.858 0.6999999881
54289  37.314  -18.904  -26.106 0.6999999881
54290  36.782  -19.471  -26.283 0.6999999881
54299  40.705  -18.923  -26.891 0.6999999881
54325  29.129  -19.562  -28.604 0.8000000119
54327  27.261  -19.448  -28.676 0.6999999881
54340  35.727  -19.439  -29.827 0.8000000119
54341  33.159  -18.721  -29.540 1.0000000000
54343  30.293  -18.912  -29.117 0.8000000119
54347  26.782  -19.205  -29.653 0.6999999881
54357  33.454  -18.422  -30.324 1.0000000000
54377  42.223  -19.815  -33.195 0.5000000000
54381  42.936  -19.549  -33.775 0.4000000060
54382  36.167  -19.800  -34.776 1.0000000000
54383  33.432  -19.322  -33.835 1.0000000000
55464  37.919  -18.756  -25.778 0.6999999881
55483  38.353  -18.198  -26.204 0.6999999881
55497  36.743  -18.640  -27.471 0.8000000119
55510  36.517  -18.548  -28.315 0.8000000119
55526  41.532  -18.601  -30.061 0.6000000238
55535  27.938  -18.738  -30.692 0.6999999881
55549  29.397  -17.665  -30.764 0.8999999762
55552  26.845  -18.135  -31.481 0.6999999881
55567  41.926  -19.105  -33.012 0.5000000000
55571  42.821  -18.987  -34.046 0.3000000119
56624  39.509  -17.626  -26.891 0.6999999881
56626  37.961  -17.750  -26.748 0.6999999881
56643  37.611  -17.522  -27.483 0.6999999881
56654  37.510  -16.830  -28.709 0.6999999881
56665  36.690  -17.644  -29.352 0.6999999881
56666  32.568  -17.369  -30.598 1.0000000000
56678  31.775  -16.456  -31.310 0.8999999762
56709  42.807  -18.254  -34.487 0.4000000060
56713  33.337  -17.279  -33.583 1.0000000000
56718  42.925  -17.710  -35.231 0.4000000060
56720  36.012  -17.696  -35.554 1.0000000000
57699  39.864  -16.424  -28.106 0.6999999881
57700  39.281  -16.496  -27.828 0.6999999881
57702  37.867  -16.895  -27.940 0.6999999881
57708  39.443  -16.046  -28.412 0.6999999881
57709  38.842  -16.190  -28.225 0.6999999881
57717  41.041  -16.153  -29.884 0.6000000238
57721  26.088  -16.748  -30.445 0.5000000000
57731  31.621  -15.897  -31.853 1.0000000000
57737  27.434  -17.408  -31.825 0.6999999881
57738  26.908  -17.391  -31.554 0.6000000238
57747  36.708  -16.481  -31.817 0.6999999881
57760  31.438  -15.215  -32.740 1.0000000000
57777  42.802  -17.052  -35.641 0.4000000060
57786  43.242  -16.551  -35.851 0.4000000060
58755  39.621  -15.649  -29.112 0.6999999881
58764  28.596  -15.979  -30.643 0.6999999881
58773  40.628  -15.753  -30.176 0.6000000238
58776  38.237  -15.842  -29.192 0.6000000238
58778  33.887  -15.580  -29.205 0.6999999881
58783  29.832  -15.034  -32.166 0.8000000119
58785  27.757  -16.547  -30.766 0.6000000238
58801  39.839  -15.433  -31.027 0.6000000238
58806  31.909  -15.241  -31.259 1.0000000000
58808  30.891  -15.009  -32.268 1.0000000000
58809  30.412  -15.115  -32.383 0.8999999762
58810  29.868  -15.615  -32.060 0.8999999762
58819  38.344  -15.363  -31.262 0.6000000238
58843  41.569  -15.778  -34.718 0.4000000060
58858  36.726  -15.342  -35.478 0.8000000119
58863  43.137  -16.058  -36.224 0.4000000060
59885  35.496  -14.138  -26.827 0.3000000119
59897  35.961  -14.443  -27.236 0.4000000060
59898  35.184  -14.495  -27.411 0.5000000000
59907  33.533  -14.870  -28.185 0.6000000238
59955  37.834  -15.057  -33.359 0.6000000238
59956  34.387  -13.341  -33.106 0.6000000238
59977  46.077  -15.392  -36.270 0.3000000119
59979  42.598  -15.488  -36.112 0.4000000060
59981  39.622  -14.283  -36.327 0.5000000000
59982  38.940  -14.134  -36.536 0.5000000000
59986  34.403  -12.131  -35.681 0.6999999881
59987  45.530  -14.666  -36.448 0.4000000060
59988  44.273  -14.099  -36.564 0.4000000060
59989  39.673  -14.029  -36.342 0.5000000000
59991  38.255  -13.659  -36.631 0.5000000000
61021  35.357  -13.567  -26.379 0.4000000060
61035  34.182  -13.534  -27.139 0.6000000238
61037  32.663  -13.538  -27.832 0.6999999881
61050  37.094  -13.998  -28.309 0.3000000119
61068  37.960  -12.918  -29.628 0.4000000060
61090  38.164  -13.109  -30.394 0.4000000060
61132  39.789  -13.594  -34.774 0.5000000000
61135  34.529  -11.850  -34.409 0.5000000000
61151  45.729  -13.575  -35.646 0.3000000119
61152  43.302  -13.595  -35.817 0.4000000060
61155  37.465  -12.875  -36.348 0.5000000000
61156  36.406  -12.466  -36.344 0.6000000238
61158  46.058  -14.301  -36.178 0.3000000119
62139  37.237  -12.221  -25.560 0.3000000119
62150  38.247  -12.343  -26.412 0.4000000060
62151  37.485  -12.732  -26.023 0.3000000119
62152  36.694  -13.076  -25.955 0.3000000119
62162  39.176  -12.232  -27.672 0.3000000119
62163  38.471  -12.497  -27.315 0.3000000119
62165  34.022  -12.801  -27.027 0.6000000238
62215  40.853  -12.982  -30.277 0.3000000119
62252  34.578  -11.534  -35.410 0.6999999881
62261  35.667  -11.190  -35.883 0.6000000238
62263  34.766  -11.449  -35.873 0.6999999881
62264  45.425  -12.813  -35.116 0.3000000119
62268  35.470  -11.378  -36.139 0.6000000238
63292  36.701  -11.651  -25.358 0.3000000119
63293  35.869  -11.799  -25.478 0.3000000119
63301  35.184  -12.067  -25.821 0.3000000119
63336  29.588  -12.300  -28.681 0.6000000238
64384  39.044  -11.084  -25.995 0.3000000119
64386  34.597  -10.830  -26.317 0.4000000060
64438  31.030  -10.176  -29.192 0.3000000119
65428  32.441  -9.686  -28.618 0.3000000119
65488  28.215  -8.959  -31.315 0.4000000060
66547  33.924  -7.933  -28.142 0.3000000119
66562  33.002  -8.058  -29.039 0.3000000119
66564  31.531  -8.786  -29.655 0.3000000119
66596  29.605  -8.336  -31.305 0.3000000119
68785  35.356  -6.355  -26.401 0.3000000119
68802  34.631  -6.803  -27.796 0.3000000119
68828  33.607  -6.604  -29.638 0.3000000119
69872  37.387  -5.268  -25.289 0.3000000119
69937  34.889  -5.300  -29.205 0.3000000119
69948  34.304  -5.270  -30.234 0.3000000119
69961  34.006  -4.933  -30.912 0.3000000119
69978  32.384  -5.423  -32.343 0.3000000119
71024  35.231  -4.732  -28.995 0.3000000119
71060  33.857  -3.926  -32.028 0.3000000119
72052  34.877  -3.806  -30.668 0.3000000119
73072  35.383  -2.808  -30.385 0.3000000119
73100  33.451  -2.762  -34.078 0.3000000119
74063  35.550  -1.372  -29.972 0.3000000119
75041  35.512  -0.273  -31.604 0.3000000119
77272  34.579  1.876  -28.794 0.3000000119
136445  46.760  -14.544  -34.926 0.3000000119
136454  44.347  -15.563  -33.871 0.3000000119
137119  46.086  -15.937  -35.975 0.3000000119
137127  46.611  -15.110  -36.152 0.3000000119
137270  46.998  -15.033  -35.520 0.3000000119
137319  29.296  -37.101  -25.453 0.5000000000
137532  34.831  -29.040  -29.168 0.8999999762
138461  44.738  -37.185  -31.252 0.6000000238
138834  38.873  -26.243  -23.422 0.6000000238
138886  42.091  -33.455  -34.203 0.5000000000
138991  43.226  -18.932  -33.782 0.3000000119
139724  36.727  -12.654  -32.371 0.4000000060
139822  35.340  -1.071  -29.092 0.3000000119
139825  36.492  -29.497  -28.290 0.8999999762
140351  36.522  -21.874  -24.994 0.6999999881
141014  38.422  -29.971  -29.518 0.6999999881
141121  48.685  -31.739  -24.369 0.3000000119
141176  31.992  -30.531  -25.357 0.6999999881
141555  37.926  -15.746  -29.879 0.6999999881
142043  39.875  -15.340  -32.589 0.6000000238
142059  48.157  -30.987  -24.406 0.3000000119
142161  43.357  -28.115  -24.616 0.5000000000
142308  34.565  -36.424  -26.195 0.5000000000
142951  34.435  -29.572  -31.289 1.0000000000
143223  38.476  -29.700  -25.712 0.8000000119
143487  37.584  -30.514  -28.713 0.8999999762
143723  40.067  -27.745  -29.712 0.8000000119
143798  33.686  -21.214  -30.401 1.0000000000
143827  39.568  -26.201  -23.357 0.6000000238
144092  41.767  -31.300  -31.619 0.6999999881
144610  30.800  -22.972  -25.626 0.6999999881
145380  27.801  -37.149  -25.259 0.4000000060
145469  31.813  -33.999  -23.726 0.6000000238
145816  35.347  -3.458  -30.039 0.3000000119
146397  35.372  -24.492  -28.041 0.6999999881
147297  41.644  -11.987  -30.916 0.3000000119
147383  41.545  -19.603  -30.564 0.5000000000
147423  51.099  -29.528  -37.173 0.3000000119
147621  35.513  -25.189  -34.231 1.0000000000
147865  36.011  -18.311  -35.602 1.0000000000
147887  35.977  -3.939  -25.661 0.3000000119
148159  38.704  -24.803  -23.470 0.6000000238
148352  24.803  -38.992  -25.354 0.4000000060
148918  32.841  -24.848  -26.872 0.8999999762
149049  41.595  -35.857  -28.789 0.6000000238
149291  34.513  -31.080  -30.298 0.8999999762
149326  35.308  -0.974  -27.141 0.3000000119
149399  37.532  -33.052  -28.663 0.6000000238
149536  36.790  -36.057  -27.979 0.5000000000
149757  34.137  -11.056  -26.876 0.4000000060
149841  35.602  -22.598  -27.104 0.8000000119
149865  47.447  -36.692  -35.916 0.5000000000
150234  30.884  -12.167  -28.467 0.4000000060
150370  34.659  1.318  -28.382 0.3000000119
150659  31.076  -31.976  -24.240 0.6000000238
150748  47.192  -26.443  -32.215 0.3000000119
151047  31.251  -30.881  -24.717 0.6999999881
151292  30.831  -16.618  -31.159 0.8999999762
151634  40.817  -24.944  -23.741 0.6000000238
152110  44.300  -33.914  -34.839 0.6000000238
152436  41.290  -16.932  -29.564 0.6999999881
152462  36.289  -8.032  -25.189 0.3000000119
152718  32.976  -26.950  -27.121 0.8000000119
153215  42.830  -36.502  -26.631 0.4000000060
153236  45.599  -30.314  -27.535 0.4000000060
153551  29.234  -16.157  -31.697 0.8999999762
153598  43.220  -17.815  -34.791 0.4000000060
154492  49.195  -38.058  -35.715 0.5000000000
154587  35.405  -22.809  -30.228 0.8999999762
154633  27.862  -40.119  -25.341 0.4000000060
154819  36.846  -15.787  -33.345 0.6999999881
154847  38.052  -20.192  -24.896 0.6999999881
155093  40.222  -30.889  -23.610 0.6999999881
155107  46.443  -25.236  -32.938 0.3000000119
155190  28.354  -39.966  -25.692 0.5000000000
155324  42.140  -15.176  -36.061 0.4000000060
155380  42.115  -21.981  -29.408 0.3000000119
155924  26.147  -12.883  -29.415 0.5000000000
155993  26.905  -41.004  -25.027 0.4000000060
156733  32.976  -24.853  -29.982 0.8999999762
156757  27.136  -35.146  -25.406 0.4000000060
157307  33.023  -20.847  -33.381 1.0000000000
157772  45.416  -31.644  -23.945 0.4000000060
157834  39.228  -32.889  -25.141 0.6000000238
158607  41.831  -12.020  -31.612 0.3000000119
158658  36.319  -17.554  -31.096 0.6999999881
158816  40.550  -23.350  -24.103 0.6000000238
159107  48.476  -37.680  -33.985 0.5000000000
159385  35.357  -16.874  -35.136 1.0000000000
159610  35.606  -23.361  -26.904 0.6999999881
159777  39.506  -13.930  -36.373 0.5000000000
159876  37.871  -25.670  -23.833 0.8000000119
159917  32.595  -28.311  -30.795 0.8000000119
159921  32.109  -28.821  -26.445 0.6999999881
160499  37.239  -26.437  -27.109 0.8000000119
160616  25.317  -15.597  -29.767 0.5000000000
160722  47.487  -31.895  -30.364 0.3000000119
161307  36.545  -31.972  -28.473 0.8999999762
161562  40.071  -34.453  -25.626 0.6000000238
161970  30.740  -27.615  -26.346 0.6999999881
162091  31.631  -30.693  -24.986 0.6999999881
162880  44.037  -16.506  -34.917 0.4000000060
162993  34.574  -15.509  -29.029 0.6999999881
163027  36.067  -20.749  -34.977 1.0000000000
163079  35.543  -1.987  -29.801 0.3000000119
163204  34.181  -30.060  -31.747 1.0000000000
163703  49.373  -28.478  -35.246 0.3000000119
163710  33.309  -33.280  -25.278 0.6999999881
163783  44.327  -25.191  -26.056 0.4000000060
164144  27.367  -35.814  -25.268 0.4000000060
164341  38.916  -31.615  -24.614 0.6000000238
165335  34.507  -2.979  -31.880 0.3000000119
165516  33.310  -21.270  -32.173 1.0000000000
165529  35.918  -17.137  -35.557 1.0000000000
165634  40.993  -32.811  -29.795 0.8000000119
165685  35.885  -33.716  -28.036 0.8000000119
165893  38.998  -21.112  -24.531 0.6000000238
