#!ascii label  , from subject sub-v1s3x0050818_ses-1 vox2ras=TkReg
1524
16783  -16.929  -36.203  56.222 0.4444440007
16784  -17.586  -35.758  56.055 0.5555559993
16788  -16.953  -36.473  55.473 0.4444440007
70448  -17.473  -36.108  55.670 0.4444440007
16236  -15.567  -37.236  54.877 0.4444440007
16237  -16.246  -36.843  55.210 0.4444440007
16792  -17.674  -36.122  55.016 0.4444440007
16242  -16.156  -36.776  54.375 0.4444440007
15695  -14.824  -37.627  54.531 0.3333329856
16241  -15.461  -37.187  54.056 0.4444440007
16787  -16.896  -36.474  54.697 0.4444440007
16240  -14.778  -37.628  53.703 0.3333329856
15705  -14.229  -38.349  52.641 0.3333329856
16245  -14.688  -37.738  52.959 0.3333329856
64600  -17.099  -35.651  56.480 0.5555559993
17307  -17.351  -35.002  56.205 0.4444440007
16789  -18.027  -35.754  55.537 0.5555559993
17312  -18.485  -35.147  55.340 0.4444440007
65422  -17.447  -36.177  54.320 0.4444440007
16793  -18.203  -35.684  54.992 0.5555559993
17315  -18.502  -35.327  54.651 0.4444440007
16795  -16.812  -36.414  53.913 0.4444440007
16247  -16.043  -36.741  53.536 0.5555559993
17314  -18.014  -35.759  54.320 0.5555559993
66740  -18.418  -35.300  54.046 0.6666669846
16246  -15.345  -37.239  53.240 0.3333329856
17319  -18.052  -35.492  53.525 0.5555559993
16252  -15.868  -36.832  52.678 0.4444440007
16802  -16.740  -36.314  52.982 0.5555559993
17327  -17.490  -35.716  52.858 0.4444440007
15706  -14.665  -37.942  52.324 0.3333329856
16251  -15.212  -37.448  52.441 0.3333329856
17339  -17.511  -35.391  51.940 0.3333329856
17308  -18.136  -35.242  55.889 0.4444440007
17912  -18.937  -34.131  56.034 0.3333329856
17919  -19.036  -34.423  55.682 0.4444440007
17918  -18.883  -34.890  55.016 0.4444440007
17927  -19.184  -34.258  54.784 0.4444440007
17926  -18.806  -34.836  54.313 0.5555559993
17934  -18.606  -34.828  53.453 0.6666669846
17359  -30.154  -34.900  51.025 0.7777780294
17328  -18.084  -35.135  52.733 0.5555559993
17977  -30.481  -34.688  50.656 0.8888890147
16803  -16.956  -35.973  52.166 0.4444440007
67408  -19.363  -33.687  55.855 0.3333329856
18573  -19.539  -33.621  55.436 0.4444440007
18579  -19.616  -33.461  54.398 0.6666669846
17935  -19.139  -34.144  53.902 0.6666669846
17343  -27.498  -35.451  51.683 0.6666669846
17947  -19.037  -34.043  53.181 0.6666669846
64938  -28.030  -34.964  51.183 0.7777780294
17357  -28.931  -34.909  51.143 0.7777780294
17358  -29.693  -35.025  51.199 0.7777780294
17346  -29.972  -35.139  51.625 0.7777780294
17347  -30.576  -34.818  51.037 0.7777780294
17979  -31.745  -34.277  49.700 0.8888890147
17340  -18.056  -34.777  51.989 0.3333329856
17960  -18.422  -34.118  51.445 0.4444440007
17978  -30.992  -34.453  50.247 0.7777780294
17996  -31.396  -34.250  49.566 0.6666669846
18574  -20.025  -33.073  55.960 0.3333329856
18580  -20.192  -32.946  55.165 0.4444440007
18587  -19.555  -33.394  53.447 0.6666669846
17342  -26.634  -35.910  51.558 0.6666669846
18601  -19.315  -33.497  52.651 0.6666669846
17355  -25.984  -36.193  50.918 0.4444440007
17356  -27.021  -35.366  51.190 0.6666669846
17344  -28.626  -35.389  51.778 0.7777780294
17345  -29.445  -35.265  51.868 0.8888890147
17946  -18.628  -34.336  52.493 0.5555559993
61717  -19.021  -33.606  51.967 0.5555559993
17974  -26.503  -35.255  50.546 0.3333329856
17333  -29.158  -35.105  52.060 0.7777780294
17334  -29.596  -35.066  52.114 0.7777780294
18614  -19.217  -33.136  51.205 0.3333329856
67300  -27.318  -34.638  50.523 0.3333329856
17952  -29.792  -34.553  52.145 0.6666669846
17962  -30.338  -34.372  51.457 0.6666669846
18643  -32.452  -33.979  49.167 0.8888890147
17972  -17.972  -34.327  50.566 0.2222220004
18624  -18.559  -33.650  50.543 0.3333329856
18607  -29.995  -33.948  52.019 0.6666669846
17963  -31.055  -34.228  50.975 0.6666669846
61833  -18.160  -33.966  49.976 0.2222220004
18625  -19.205  -32.928  50.252 0.2222220004
18617  -30.548  -33.408  51.266 0.6666669846
18012  -31.882  -34.165  48.903 0.5555559993
17997  -32.108  -34.165  48.999 0.6666669846
69445  -32.940  -34.375  48.931 0.6666669846
18636  -18.627  -33.451  49.723 0.1111110002
18013  -32.732  -34.315  48.523 0.6666669846
18588  -20.270  -32.747  53.877 0.6666669846
19179  -20.795  -32.408  53.017 0.6666669846
16806  -25.920  -36.454  52.219 0.6666669846
16807  -26.651  -35.945  51.836 0.6666669846
17331  -27.180  -35.315  52.191 0.6666669846
18602  -20.006  -32.818  52.826 0.5555559993
19188  -19.658  -32.953  52.027 0.4444440007
16821  -25.253  -37.286  50.518 0.3333329856
17354  -25.415  -36.626  50.055 0.3333329856
17332  -28.127  -35.283  52.090 0.7777780294
17367  -25.841  -35.660  50.025 0.3333329856
18629  -32.183  -33.585  49.924 0.8888890147
18630  -32.683  -33.282  49.455 0.8888890147
19197  -19.975  -32.514  50.685 0.3333329856
17366  -25.196  -36.552  49.327 0.3333329856
17991  -26.449  -34.675  49.914 0.3333329856
17951  -29.145  -34.557  52.199 0.6666669846
18628  -31.510  -33.816  50.319 0.8888890147
17998  -33.412  -34.147  49.011 0.8888890147
17990  -25.635  -35.324  49.272 0.3333329856
18637  -19.280  -32.851  49.428 0.2222220004
18652  -18.770  -33.378  48.872 0.2222220004
68583  -21.052  -32.317  53.841 0.6666669846
66013  -21.657  -32.244  53.292 0.6666669846
19171  -20.867  -32.421  54.752 0.4444440007
16248  -24.796  -37.543  52.992 0.6666669846
16799  -25.091  -36.553  53.144 0.5555559993
19190  -21.473  -32.328  52.403 0.6666669846
16261  -25.100  -37.948  51.818 0.6666669846
16249  -25.277  -36.840  52.648 0.7777780294
17330  -26.389  -35.563  52.452 0.5555559993
16255  -25.362  -37.453  52.180 0.6666669846
19198  -20.723  -32.339  51.110 0.4444440007
19189  -20.585  -32.460  52.040 0.4444440007
16268  -25.061  -37.763  51.057 0.4444440007
66906  -20.017  -32.607  51.424 0.3333329856
16827  -24.252  -37.429  49.111 0.3333329856
16273  -24.892  -37.556  50.282 0.4444440007
18644  -33.080  -33.401  49.237 0.8888890147
19207  -19.928  -32.433  49.874 0.2222220004
19208  -20.796  -32.230  50.210 0.2222220004
16833  -24.195  -37.355  48.158 0.3333329856
17375  -24.847  -36.622  48.393 0.3333329856
18606  -29.536  -33.891  52.170 0.4444440007
18618  -31.265  -33.403  50.796 0.6666669846
17999  -34.206  -34.068  48.367 0.8888890147
19215  -19.921  -32.436  49.202 0.2222220004
19194  -29.861  -33.101  51.836 0.5555559993
18653  -19.516  -32.759  48.642 0.1111110002
68128  -24.926  -35.980  47.678 0.3333329856
18032  -25.333  -34.556  47.826 0.3333329856
18674  -19.086  -33.407  47.924 0.1111110002
71331  -25.028  -35.317  47.345 0.3333329856
16798  -24.220  -36.721  53.086 0.6666669846
19191  -22.257  -32.415  52.682 0.6666669846
16805  -24.441  -37.540  52.832 0.7777780294
65341  -22.040  -32.417  51.987 0.5555559993
16813  -23.750  -37.078  51.621 0.5555559993
16254  -24.811  -37.942  52.449 0.5555559993
19199  -21.493  -32.348  51.505 0.4444440007
19200  -22.279  -32.626  51.336 0.4444440007
16820  -23.844  -37.292  50.550 0.4444440007
16253  -24.371  -37.640  52.225 0.4444440007
62430  -21.822  -32.446  50.878 0.4444440007
16266  -24.175  -37.501  50.049 0.4444440007
63952  -21.324  -32.329  50.789 0.2222220004
19209  -21.621  -32.406  50.241 0.2222220004
68657  -33.520  -32.809  49.150 1.0000000000
17373  -23.644  -36.968  47.863 0.3333329856
16826  -23.993  -37.394  48.359 0.3333329856
19211  -32.520  -32.807  50.013 0.7777780294
18645  -33.887  -33.612  49.096 0.8888890147
19216  -20.503  -32.260  49.445 0.2222220004
19217  -21.330  -32.285  49.320 0.2222220004
16832  -24.031  -37.387  47.407 0.3333329856
17390  -24.030  -37.266  46.597 0.3333329856
17374  -24.257  -37.180  47.356 0.3333329856
19222  -20.479  -32.288  48.629 0.2222220004
17399  -24.070  -37.060  45.810 0.3333329856
18031  -24.513  -36.564  46.694 0.3333329856
18015  -34.927  -34.576  48.049 0.6666669846
19243  -20.762  -32.355  47.712 0.2222220004
17377  -34.805  -35.221  47.991 0.5555559993
19180  -22.619  -32.354  53.456 0.6666669846
18589  -23.035  -32.828  52.818 0.6666669846
67889  -23.101  -33.264  52.252 0.4444440007
18603  -23.599  -33.876  52.730 0.6666669846
18615  -22.887  -33.235  51.583 0.4444440007
65152  -23.339  -33.990  51.938 0.4444440007
17961  -23.378  -34.946  51.482 0.4444440007
17329  -23.643  -35.899  52.860 0.5555559993
18626  -22.707  -33.184  50.789 0.4444440007
18616  -23.164  -33.952  51.072 0.4444440007
17353  -23.455  -36.181  50.748 0.4444440007
19210  -22.200  -32.666  50.512 0.3333329856
65599  -23.561  -36.786  48.725 0.3333329856
19212  -33.048  -32.681  49.474 0.8888890147
19218  -22.090  -32.660  48.769 0.2222220004
59862  -22.120  -32.644  49.706 0.2222220004
19223  -21.416  -32.351  48.275 0.2222220004
17389  -23.833  -37.173  46.890 0.3333329856
60712  -34.914  -33.809  48.059 0.8888890147
19244  -21.488  -32.510  47.453 0.2222220004
19224  -22.068  -32.734  47.867 0.2222220004
63384  -23.953  -37.226  46.192 0.3333329856
17378  -35.613  -35.184  48.046 0.6666669846
67325  -23.209  -32.609  53.402 0.6666669846
18627  -22.968  -33.992  50.112 0.4444440007
17973  -23.250  -34.880  50.613 0.4444440007
61420  -22.542  -33.085  50.089 0.3333329856
65505  -23.260  -35.646  49.632 0.4444440007
18638  -22.601  -33.421  49.252 0.3333329856
18007  -22.810  -34.426  48.434 0.3333329856
19219  -34.064  -32.610  48.794 0.8888890147
18662  -34.624  -33.101  48.156 1.0000000000
18654  -22.452  -33.330  48.225 0.2222220004
18029  -22.693  -34.398  47.435 0.2222220004
18030  -23.396  -36.404  46.387 0.3333329856
18677  -22.330  -33.296  47.458 0.2222220004
18697  -22.516  -34.120  46.475 0.2222220004
18016  -35.771  -34.142  48.013 0.7777780294
19230  -34.615  -32.138  48.142 1.0000000000
18663  -35.405  -33.287  48.048 0.8888890147
18017  -36.547  -34.720  48.053 0.7777780294
61290  -37.151  -36.000  47.148 0.5555559993
66095  -38.028  -35.993  47.010 0.3333329856
17395  -38.072  -35.765  46.958 0.2222220004
19231  -35.252  -32.562  48.074 1.0000000000
68659  -35.741  -32.868  48.066 1.0000000000
18664  -36.230  -33.262  48.070 0.8888890147
67075  -36.632  -34.009  48.025 0.8888890147
18665  -36.906  -33.443  48.073 0.8888890147
18018  -36.971  -34.286  48.060 0.7777780294
18035  -37.349  -34.558  47.256 0.6666669846
17402  -37.865  -35.279  46.373 0.2222220004
17408  -37.582  -35.958  45.610 0.2222220004
18059  -36.775  -34.365  45.189 0.1111110002
18717  -37.238  -33.843  45.797 0.2222220004
18071  -36.425  -34.905  44.454 0.1111110002
19232  -36.126  -32.425  48.033 1.0000000000
71337  -36.734  -32.772  48.069 0.8888890147
18685  -37.834  -34.034  46.946 0.7777780294
18702  -37.688  -33.923  46.643 0.7777780294
18051  -37.610  -34.316  46.364 0.4444440007
67844  -37.567  -33.119  46.396 0.5555559993
62931  -36.245  -32.931  44.763 0.2222220004
18716  -36.704  -33.420  45.289 0.3333329856
63096  -37.080  -32.142  48.071 1.0000000000
19233  -37.130  -32.599  47.812 1.0000000000
18684  -37.193  -33.473  47.424 0.8888890147
19234  -37.829  -31.846  48.085 1.0000000000
61227  -37.868  -33.206  46.869 0.8888890147
19251  -37.587  -32.409  47.372 0.8888890147
70313  -37.181  -33.072  45.747 0.5555559993
19275  -36.742  -32.593  45.341 0.5555559993
19741  -36.285  -31.574  47.769 1.0000000000
19742  -37.597  -31.499  48.087 1.0000000000
71398  -38.123  -32.036  47.618 1.0000000000
19265  -38.182  -32.280  46.979 1.0000000000
19764  -37.965  -31.986  46.534 0.7777780294
19276  -37.375  -32.368  45.902 0.6666669846
19774  -36.865  -31.790  45.366 0.5555559993
19743  -38.059  -31.282  48.114 1.0000000000
19754  -38.177  -31.727  47.524 1.0000000000
19765  -38.405  -31.515  46.870 1.0000000000
19775  -37.565  -31.465  45.901 0.6666669846
19785  -36.416  -31.268  44.814 0.6666669846
20234  -38.089  -30.578  47.681 1.0000000000
20713  -38.123  -29.698  47.513 1.0000000000
20244  -38.356  -30.932  47.188 1.0000000000
19776  -38.183  -31.084  46.396 0.7777780294
20268  -36.626  -30.561  44.818 0.6666669846
20256  -37.019  -30.948  45.315 0.6666669846
64131  -38.413  -30.152  47.169 1.0000000000
20249  -38.640  -30.547  46.653 1.0000000000
20257  -37.781  -30.503  45.702 0.7777780294
20258  -38.387  -30.381  46.177 0.8888890147
20269  -37.177  -30.068  45.035 0.6666669846
60488  -36.568  -29.964  44.582 0.5555559993
69999  -36.987  -29.625  44.687 0.5555559993
21834  -37.613  -27.286  43.518 0.2222220004
22385  -38.332  -26.790  43.386 0.3333329856
22391  -37.617  -26.499  42.767 0.3333329856
60702  -38.759  -28.965  48.035 1.0000000000
20714  -38.700  -29.476  47.251 1.0000000000
20726  -39.435  -29.428  47.023 1.0000000000
20245  -38.807  -30.037  46.716 1.0000000000
69666  -39.123  -29.853  46.701 1.0000000000
20730  -38.827  -29.809  46.245 1.0000000000
20734  -37.844  -29.678  45.336 0.6666669846
20735  -38.485  -29.363  45.571 0.7777780294
21259  -39.432  -27.907  45.075 0.8888890147
21260  -40.253  -27.226  44.798 0.8888890147
20739  -37.436  -29.247  44.772 0.6666669846
21828  -38.722  -27.858  44.587 0.5555559993
69761  -39.397  -27.431  44.510 0.6666669846
20738  -36.669  -29.215  44.351 0.1111110002
21827  -38.103  -27.645  44.108 0.3333329856
21264  -36.590  -28.383  43.838 0.2222220004
21835  -38.814  -27.212  43.956 0.3333329856
21265  -37.394  -27.988  44.040 0.2222220004
21833  -36.887  -27.707  43.550 0.2222220004
67308  -38.218  -27.246  43.739 0.3333329856
21836  -39.724  -26.880  44.083 0.5555559993
22392  -38.584  -26.157  42.768 0.2222220004
20731  -39.445  -29.370  46.596 1.0000000000
21255  -39.959  -27.868  45.587 0.8888890147
20740  -38.073  -29.045  45.098 0.6666669846
21258  -38.723  -28.577  45.208 0.6666669846
21257  -37.214  -28.639  44.351 0.3333329856
60426  -37.961  -28.426  44.591 0.4444440007
22387  -40.623  -26.591  44.169 0.8888890147
21829  -41.118  -26.764  44.677 0.8888890147
22386  -39.247  -26.458  43.375 0.3333329856
22393  -39.299  -25.863  42.745 0.2222220004
22983  -38.905  -25.532  42.188 0.2222220004
20715  -39.085  -29.013  47.667 1.0000000000
70639  -39.577  -28.938  47.080 1.0000000000
20727  -39.790  -28.934  46.785 1.0000000000
21254  -39.116  -29.067  45.892 0.8888890147
69579  -39.400  -28.448  45.602 0.8888890147
21812  -40.277  -27.578  45.747 1.0000000000
21824  -40.905  -27.103  45.208 0.8888890147
59890  -40.089  -26.367  43.628 0.5555559993
22388  -41.508  -26.253  44.236 0.7777780294
22383  -42.304  -26.032  44.668 0.8888890147
22976  -40.781  -25.982  43.535 0.6666669846
22977  -41.383  -25.727  43.682 0.7777780294
22975  -39.965  -25.886  43.082 0.3333329856
22986  -41.053  -25.417  43.245 0.6666669846
65855  -41.533  -25.082  43.463 0.7777780294
22984  -39.703  -25.305  42.374 0.2222220004
21225  -38.852  -28.343  48.069 1.0000000000
21226  -39.269  -28.341  47.390 1.0000000000
21238  -40.031  -28.497  46.973 1.0000000000
21251  -40.023  -28.315  46.441 1.0000000000
62429  -40.097  -27.899  46.621 1.0000000000
21250  -39.658  -28.706  46.206 0.8888890147
21813  -41.032  -27.097  45.772 1.0000000000
22382  -41.691  -26.526  44.774 0.8888890147
22374  -42.184  -26.151  45.121 1.0000000000
62508  -42.642  -25.712  45.041 1.0000000000
22964  -42.737  -25.039  45.037 1.0000000000
22985  -40.507  -25.374  42.865 0.3333329856
22389  -41.992  -25.621  44.077 0.8888890147
22969  -42.627  -25.233  44.678 1.0000000000
23547  -41.003  -24.675  42.810 0.6666669846
23538  -42.993  -24.556  44.891 1.0000000000
23551  -39.163  -24.974  41.686 0.2222220004
71147  -39.673  -24.726  41.890 0.2222220004
23540  -41.626  -24.148  43.262 0.8888890147
23546  -40.248  -24.720  42.310 0.2222220004
67389  -39.364  -24.379  41.397 0.2222220004
21791  -39.039  -27.688  48.048 1.0000000000
21798  -39.635  -27.736  47.165 1.0000000000
21799  -40.146  -27.091  46.708 1.0000000000
63755  -40.678  -27.029  46.131 1.0000000000
22357  -40.323  -26.256  46.338 1.0000000000
22373  -41.413  -26.524  45.272 1.0000000000
22358  -41.221  -26.429  46.010 1.0000000000
22359  -41.960  -26.134  45.844 1.0000000000
22955  -42.182  -25.457  45.540 1.0000000000
23541  -42.128  -24.710  43.881 1.0000000000
23537  -42.602  -24.160  44.387 1.0000000000
24102  -42.246  -23.695  43.701 0.8888890147
23552  -39.965  -24.185  41.770 0.2222220004
24109  -40.578  -23.958  42.229 0.4444440007
24111  -41.878  -23.212  43.066 0.5555559993
24114  -39.646  -23.725  41.231 0.2222220004
59367  -40.907  -23.118  42.043 0.4444440007
24662  -41.580  -22.753  42.422 0.5555559993
24674  -40.624  -22.663  41.390 0.3333329856
24675  -41.316  -22.328  41.749 0.2222220004
24686  -40.307  -22.296  40.721 0.2222220004
22341  -39.312  -27.000  47.278 1.0000000000
22348  -39.810  -26.277  47.082 1.0000000000
22954  -41.730  -25.704  46.126 1.0000000000
23522  -41.780  -24.830  46.101 0.8888890147
23523  -42.227  -24.419  45.451 1.0000000000
23532  -42.973  -24.122  45.048 1.0000000000
24093  -43.108  -23.688  44.880 1.0000000000
24078  -43.152  -23.135  45.289 1.0000000000
24650  -42.540  -22.802  43.497 0.8888890147
24103  -42.866  -23.236  44.215 1.0000000000
24663  -42.282  -22.393  42.788 0.6666669846
24640  -43.559  -22.733  44.754 1.0000000000
24676  -41.975  -21.954  42.139 0.3333329856
24651  -43.328  -22.454  43.993 0.8888890147
24687  -40.981  -21.907  41.108 0.2222220004
25241  -42.716  -21.636  42.503 0.5555559993
24664  -42.987  -22.029  43.237 0.5555559993
68831  -43.871  -22.070  44.398 0.7777780294
25252  -41.695  -21.592  41.435 0.2222220004
25267  -41.401  -21.265  40.719 0.2222220004
68548  -40.559  -25.529  46.277 1.0000000000
67697  -41.208  -25.025  46.243 0.8888890147
60484  -41.846  -23.836  46.055 0.8888890147
24077  -42.450  -23.438  45.507 1.0000000000
24631  -43.321  -22.315  45.319 1.0000000000
24641  -44.013  -22.001  44.735 1.0000000000
24652  -43.718  -21.705  43.701 0.6666669846
25253  -42.431  -21.285  41.771 0.5555559993
25254  -43.199  -20.932  42.161 0.6666669846
24062  -43.051  -22.742  45.972 0.8888890147
25214  -43.106  -21.709  45.614 0.8888890147
25215  -43.729  -21.510  45.160 0.8888890147
25243  -44.237  -21.002  43.363 0.7777780294
25232  -44.193  -21.370  44.111 0.8888890147
25839  -43.667  -20.308  41.705 0.5555559993
25829  -44.000  -20.625  42.531 0.6666669846
25224  -44.122  -21.305  44.711 1.0000000000
26436  -44.501  -19.910  42.023 0.7777780294
25820  -44.721  -20.576  43.664 0.8888890147
26445  -44.026  -19.691  41.197 0.7777780294
25804  -44.059  -20.657  45.058 1.0000000000
25821  -45.267  -20.016  43.436 1.0000000000
26446  -44.656  -19.417  41.357 0.7777780294
61096  -44.382  -20.634  44.196 0.7777780294
25811  -45.181  -20.099  43.909 0.7777780294
26437  -45.175  -19.741  42.637 0.7777780294
65221  -45.661  -19.517  43.738 0.8888890147
26438  -45.674  -19.187  42.554 0.8888890147
26413  -44.393  -19.820  44.314 0.7777780294
26421  -46.050  -18.963  43.995 0.6666669846
26428  -45.577  -19.545  43.156 0.7777780294
26429  -46.006  -19.120  43.357 0.6666669846
27037  -46.164  -18.553  42.641 0.6666669846
64176  -45.827  -18.672  41.862 0.6666669846
27660  -46.435  -17.836  41.868 0.4444440007
27670  -46.356  -17.499  40.794 0.2222220004
27661  -46.765  -16.920  41.329 0.2222220004
27671  -46.740  -16.757  40.366 0.3333329856
28238  -47.368  -15.972  40.077 0.3333329856
28246  -47.663  -16.172  39.194 0.3333329856
27023  -45.470  -18.660  44.137 0.6666669846
26420  -45.359  -19.408  44.097 0.7777780294
27024  -46.048  -18.383  44.007 0.5555559993
27634  -46.226  -17.743  43.164 0.5555559993
27031  -46.115  -18.472  43.376 0.6666669846
27648  -46.525  -17.718  42.742 0.4444440007
27649  -46.943  -16.993  42.406 0.3333329856
28233  -47.106  -16.246  41.805 0.3333329856
66418  -47.068  -16.290  40.858 0.3333329856
27622  -45.052  -17.999  44.127 0.6666669846
27623  -45.728  -17.921  44.057 0.6666669846
27635  -46.921  -16.905  42.953 0.5555559993
28226  -47.047  -16.386  42.733 0.4444440007
28781  -47.352  -15.663  41.002 0.4444440007
68237  -45.051  -17.369  43.887 0.6666669846
27633  -45.570  -17.134  43.206 0.5555559993
28216  -46.526  -16.804  43.058 0.5555559993
28215  -45.610  -16.347  43.093 0.5555559993
28217  -46.967  -16.420  43.008 0.5555559993
28763  -46.105  -15.461  42.643 0.4444440007
28764  -46.816  -15.889  42.717 0.5555559993
28773  -47.134  -15.505  41.949 0.4444440007
28239  -48.151  -15.512  39.623 0.4444440007
28247  -48.461  -15.976  38.974 0.4444440007
29292  -46.543  -15.086  42.136 0.4444440007
29299  -47.057  -14.558  41.705 0.4444440007
28790  -49.011  -15.357  39.375 0.3333329856
61694  -50.875  -16.003  38.211 0.2222220004
28829  -52.338  -15.742  36.367 0.2222220004
28840  -52.282  -15.328  35.751 0.2222220004
29300  -47.367  -14.255  41.104 0.3333329856
29307  -48.129  -14.456  40.592 0.3333329856
28782  -48.007  -15.159  40.590 0.2222220004
60801  -48.828  -14.859  40.109 0.3333329856
62729  -49.761  -15.441  39.137 0.2222220004
28803  -50.390  -15.727  38.801 0.2222220004
28804  -50.942  -15.180  38.032 0.2222220004
28819  -52.139  -15.682  37.036 0.2222220004
65040  -52.628  -15.038  37.160 0.2222220004
28820  -52.958  -15.075  36.906 0.2222220004
28286  -52.509  -15.813  35.900 0.2222220004
70436  -52.721  -14.896  35.871 0.2222220004
29308  -49.271  -14.456  40.024 0.2222220004
28783  -49.781  -14.818  40.034 0.2222220004
28784  -50.093  -14.963  39.471 0.2222220004
28791  -50.429  -14.963  38.673 0.2222220004
29326  -51.392  -14.400  37.665 0.2222220004
28805  -51.727  -15.079  37.474 0.2222220004
29365  -53.025  -14.579  36.218 0.2222220004
28830  -52.941  -15.203  36.185 0.2222220004
29364  -52.498  -14.592  35.830 0.2222220004
65765  -51.878  -15.006  35.559 0.2222220004
29842  -47.089  -13.992  41.219 0.2222220004
29843  -47.714  -13.725  40.876 0.2222220004
29848  -48.536  -13.808  40.148 0.2222220004
29309  -49.932  -14.280  40.011 0.2222220004
29315  -50.213  -14.315  38.919 0.2222220004
29325  -50.718  -14.366  38.156 0.2222220004
29858  -50.474  -13.780  38.373 0.2222220004
29340  -52.333  -14.465  37.339 0.3333329856
29353  -53.109  -14.738  36.736 0.2222220004
29341  -53.087  -14.531  37.063 0.2222220004
29849  -49.672  -13.620  40.015 0.2222220004
29850  -49.996  -13.171  40.026 0.3333329856
29857  -50.118  -13.583  39.205 0.2222220004
29867  -51.172  -13.637  37.787 0.2222220004
66443  -52.021  -13.857  37.447 0.3333329856
29879  -53.010  -13.801  37.172 0.2222220004
29880  -53.118  -14.190  36.912 0.2222220004
29363  -51.631  -14.347  35.480 0.2222220004
29368  -50.135  -13.922  34.285 0.2222220004
29908  -50.294  -13.042  33.916 0.2222220004
61838  -48.953  -13.136  40.060 0.2222220004
30990  -49.195  -11.966  40.072 0.2222220004
30429  -49.593  -12.605  40.067 0.3333329856
30991  -49.713  -12.037  40.033 0.2222220004
30430  -49.907  -12.295  40.010 0.3333329856
65912  -50.081  -12.843  39.332 0.3333329856
30998  -49.276  -11.564  39.312 0.2222220004
30999  -49.809  -11.610  39.116 0.3333329856
30437  -50.258  -12.193  38.604 0.3333329856
29866  -50.520  -13.042  38.259 0.3333329856
30445  -51.154  -12.261  37.858 0.3333329856
64381  -51.392  -12.899  37.660 0.3333329856
29906  -52.794  -13.975  36.299 0.2222220004
29896  -52.960  -13.403  36.899 0.3333329856
65469  -52.070  -13.914  35.775 0.2222220004
30455  -52.291  -12.506  36.858 0.3333329856
29904  -51.444  -13.588  35.364 0.2222220004
29905  -52.039  -13.198  35.960 0.3333329856
29369  -50.856  -14.024  34.944 0.2222220004
71100  -50.546  -13.525  34.509 0.2222220004
30489  -50.904  -12.508  34.475 0.2222220004
30492  -50.725  -12.174  33.655 0.2222220004
30495  -50.746  -11.963  32.731 0.2222220004
31056  -51.770  -10.752  33.094 0.2222220004
30446  -52.046  -12.436  37.295 0.3333329856
61408  -52.599  -13.202  36.866 0.3333329856
30475  -51.978  -12.462  36.239 0.3333329856
30487  -51.579  -12.482  35.582 0.3333329856
66212  -51.320  -12.846  35.206 0.3333329856
65859  -51.299  -12.108  34.973 0.3333329856
31052  -51.138  -11.749  34.212 0.2222220004
64908  -51.441  -11.271  34.830 0.2222220004
31055  -51.197  -11.484  33.370 0.2222220004
31053  -51.504  -10.961  33.980 0.2222220004
69620  -52.234  -9.954  33.181 0.2222220004
31612  -52.568  -10.113  32.838 0.2222220004
31007  -51.610  -11.653  37.524 0.3333329856
32139  -51.660  -10.394  34.149 0.2222220004
31607  -52.019  -10.285  33.709 0.2222220004
31026  -52.049  -11.624  37.086 0.3333329856
31042  -51.881  -11.499  36.448 0.3333329856
32642  -49.036  -8.568  36.790 0.2222220004
32647  -49.330  -8.512  36.289 0.2222220004
32648  -50.104  -8.827  36.098 0.2222220004
31050  -51.558  -11.765  35.618 0.3333329856
32649  -50.982  -9.171  35.715 0.2222220004
31598  -51.649  -10.759  35.590 0.2222220004
32129  -51.642  -10.334  35.070 0.2222220004
32128  -51.366  -9.867  35.385 0.2222220004
32661  -51.017  -9.155  35.011 0.2222220004
31564  -50.654  -10.860  38.120 0.2222220004
31565  -51.298  -11.215  37.694 0.3333329856
31583  -51.166  -10.695  37.466 0.2222220004
31584  -51.778  -11.113  37.286 0.3333329856
66317  -51.693  -10.591  37.040 0.3333329856
32114  -51.707  -10.456  36.511 0.3333329856
65394  -51.960  -10.917  36.817 0.3333329856
66796  -51.810  -10.650  36.305 0.3333329856
32120  -50.493  -9.752  36.457 0.3333329856
32121  -51.416  -9.952  36.152 0.2222220004
32122  -51.737  -10.322  35.883 0.2222220004
28259  -47.953  -16.513  38.501 0.3333329856
28774  -47.455  -14.896  41.160 0.4444440007
16233  -16.325  -36.829  56.023 0.4444440007
15700  -14.225  -38.186  53.362 0.3333329856
17309  -18.631  -34.713  55.907 0.4444440007
16796  -17.482  -36.000  53.668 0.5555559993
16258  -15.705  -37.101  51.852 0.3333329856
67778  -17.827  -34.316  56.060 0.3333329856
17959  -17.734  -34.831  51.234 0.3333329856
16815  -26.060  -36.658  51.681 0.6666669846
16814  -25.480  -37.392  51.395 0.4444440007
16828  -24.805  -37.304  49.640 0.3333329856
18009  -25.456  -34.931  48.502 0.3333329856
18014  -33.547  -34.337  48.171 0.7777780294
19172  -21.840  -32.079  54.297 0.6666669846
16260  -24.806  -37.896  51.648 0.4444440007
16267  -24.620  -37.635  50.631 0.4444440007
16272  -24.525  -37.500  49.858 0.3333329856
16834  -24.551  -37.218  48.841 0.3333329856
17950  -28.318  -34.508  52.242 0.6666669846
18605  -28.521  -33.778  52.255 0.4444440007
19204  -31.143  -32.737  50.889 0.6666669846
19242  -19.924  -32.640  47.869 0.2222220004
16804  -23.841  -36.885  52.766 0.6666669846
66836  -22.574  -32.743  52.108 0.4444440007
17341  -23.535  -36.006  52.046 0.4444440007
16259  -24.268  -37.570  51.106 0.4444440007
71383  -23.788  -37.170  49.521 0.4444440007
17405  -24.164  -36.660  45.320 0.2222220004
17948  -23.570  -35.001  52.495 0.6666669846
63261  -23.167  -35.773  48.581 0.3333329856
18008  -23.139  -35.898  47.593 0.3333329856
19245  -22.047  -32.934  47.092 0.2222220004
16835  -35.743  -35.878  47.579 0.5555559993
17989  -22.961  -34.581  49.226 0.3333329856
18696  -21.937  -33.178  46.283 0.2222220004
17380  -37.097  -35.019  47.805 0.7777780294
17379  -36.369  -35.466  47.528 0.5555559993
17394  -37.828  -35.441  47.093 0.6666669846
18036  -38.035  -34.826  46.856 0.5555559993
18060  -37.367  -34.854  45.720 0.1111110002
18072  -36.994  -35.461  45.035 0.1111110002
18730  -36.281  -33.876  44.641 0.2222220004
59435  -38.284  -29.958  45.775 0.7777780294
24110  -41.248  -23.655  42.632 0.4444440007
24115  -40.284  -23.453  41.609 0.3333329856
25268  -42.087  -20.924  41.070 0.3333329856
25242  -43.539  -21.333  42.915 0.6666669846
64654  -42.884  -22.307  46.056 0.8888890147
24061  -42.335  -22.843  46.051 0.8888890147
25849  -43.274  -20.019  40.945 0.5555559993
25830  -44.720  -20.347  42.960 0.8888890147
27011  -44.225  -19.297  44.485 0.7777780294
27057  -45.928  -18.212  41.085 0.4444440007
28757  -46.448  -16.050  43.059 0.4444440007
28756  -45.746  -15.712  43.001 0.4444440007
29291  -45.939  -14.889  42.240 0.4444440007
28248  -49.458  -16.058  38.900 0.3333329856
28249  -50.075  -16.179  38.863 0.2222220004
28818  -51.351  -15.779  37.583 0.2222220004
29868  -52.228  -13.230  37.353 0.3333329856
29911  -49.693  -13.818  33.478 0.2222220004
29909  -50.876  -13.241  34.779 0.2222220004
31605  -51.706  -10.503  34.594 0.2222220004
32138  -51.437  -9.882  34.625 0.2222220004
18034  -32.809  -34.195  47.860 0.1111110002
61698  -33.492  -34.463  47.626 0.1111110002
17376  -34.255  -34.657  48.037 0.5555559993
18049  -32.999  -33.963  46.989 0.1111110002
17391  -34.200  -34.890  47.761 0.2222220004
18033  -32.205  -34.001  48.199 0.2222220004
18682  -31.684  -33.414  47.599 0.1111110002
18700  -31.929  -33.090  46.690 0.1111110002
18050  -33.627  -34.427  46.552 0.1111110002
60622  -32.354  -33.144  45.986 0.1111110002
18715  -33.032  -33.717  45.988 0.1111110002
19273  -31.538  -32.330  45.659 0.1111110002
18714  -32.631  -33.192  45.267 0.1111110002
18661  -31.453  -33.768  48.487 0.2222220004
18660  -30.698  -33.593  48.680 0.2222220004
18681  -30.887  -33.179  47.943 0.2222220004
19263  -30.733  -32.281  46.663 0.1111110002
19264  -31.390  -32.527  46.350 0.1111110002
64691  -29.679  -31.222  45.959 0.1111110002
19763  -30.929  -31.958  45.974 0.1111110002
15677  -15.196  -37.147  56.967 0.3333329856
17995  -30.582  -34.408  50.017 0.6666669846
67550  -30.443  -33.263  48.305 0.2222220004
19733  -32.639  -31.977  49.438 0.5555559993
66231  -33.430  -31.971  49.062 0.5555559993
19739  -34.095  -31.662  48.522 0.5555559993
19249  -29.590  -32.350  47.456 0.1111110002
19229  -30.143  -32.897  47.991 0.2222220004
19753  -29.434  -31.657  46.667 0.1111110002
19762  -30.234  -31.722  46.306 0.1111110002
16777  -14.587  -36.080  57.491 0.2222220004
17299  -14.161  -35.596  57.570 0.1111110002
17896  -14.436  -34.944  57.178 0.1111110002
17994  -29.719  -34.300  50.023 0.3333329856
18642  -29.309  -33.855  49.560 0.2222220004
69449  -30.138  -33.871  49.345 0.2222220004
18659  -29.325  -33.429  48.964 0.2222220004
18619  -31.916  -32.973  50.553 0.5555559993
19740  -35.367  -31.772  48.021 0.6666669846
18658  -28.572  -32.945  48.542 0.2222220004
62054  -30.030  -33.341  48.584 0.2222220004
19732  -32.005  -32.031  49.899 0.4444440007
19227  -28.726  -32.424  47.819 0.2222220004
19228  -29.408  -32.882  48.247 0.2222220004
64750  -31.693  -31.247  50.087 0.3333329856
64951  -32.320  -31.278  49.623 0.3333329856
65322  -32.994  -31.198  49.245 0.3333329856
19737  -33.651  -31.040  48.814 0.4444440007
70939  -34.159  -30.942  48.404 0.5555559993
20230  -34.454  -30.536  48.024 0.5555559993
19752  -28.503  -31.480  46.700 0.1111110002
20224  -32.730  -30.615  49.499 0.3333329856
20227  -33.265  -30.391  49.101 0.3333329856
20228  -33.896  -30.312  48.612 0.3333329856
20223  -32.254  -30.514  49.971 0.2222220004
20710  -33.510  -29.565  49.012 0.1111110002
16229  -15.725  -37.086  56.631 0.3333329856
65811  -15.578  -37.303  55.826 0.3333329856
64272  -15.146  -36.424  57.104 0.2222220004
67882  -15.730  -36.791  57.051 0.3333329856
16773  -14.473  -35.868  57.636 0.2222220004
17300  -14.865  -35.413  57.288 0.2222220004
17905  -15.329  -34.782  57.063 0.1111110002
18554  -14.710  -34.212  56.646 0.1111110002
17976  -29.969  -34.661  50.607 0.5555559993
17993  -28.822  -34.118  49.996 0.2222220004
18657  -27.655  -33.056  48.707 0.1111110002
18641  -28.416  -33.547  49.318 0.2222220004
19728  -31.321  -32.014  50.270 0.3333329856
20231  -35.342  -30.916  47.620 0.5555559993
19226  -27.862  -32.498  48.028 0.1111110002
64225  -30.991  -31.253  50.406 0.1111110002
60473  -34.661  -31.284  48.094 0.5555559993
65424  -28.105  -31.964  47.368 0.1111110002
60818  -34.004  -29.689  48.253 0.1111110002
19751  -27.516  -31.505  46.682 0.1111110002
20706  -33.020  -29.761  49.713 0.1111110002
20215  -31.444  -30.405  50.412 0.1111110002
21220  -33.534  -28.911  49.077 0.1111110002
20705  -32.151  -29.658  50.257 0.1111110002
20707  -33.427  -28.879  49.629 0.1111110002
19301  -25.483  -32.074  42.428 0.1111110002
16779  -15.902  -36.047  57.030 0.2222220004
16782  -16.208  -36.471  56.529 0.3333329856
16778  -15.094  -35.830  57.300 0.2222220004
18555  -15.918  -33.964  56.989 0.1111110002
16812  -16.970  -35.802  51.515 0.3333329856
17975  -29.274  -34.580  50.576 0.3333329856
61866  -17.191  -35.456  50.990 0.2222220004
67764  -28.380  -34.515  50.546 0.3333329856
17971  -17.447  -34.958  50.331 0.2222220004
17992  -27.754  -34.038  49.923 0.1111110002
18640  -27.467  -33.564  49.288 0.1111110002
20232  -36.498  -30.795  47.493 0.8888890147
17987  -17.752  -34.467  49.715 0.1111110002
17988  -18.183  -33.989  49.247 0.1111110002
18656  -26.723  -33.410  48.764 0.1111110002
19225  -27.016  -32.696  48.104 0.1111110002
19727  -30.631  -31.933  50.535 0.2222220004
19247  -26.542  -32.437  47.398 0.1111110002
19258  -20.948  -32.485  46.970 0.1111110002
19246  -25.854  -32.851  47.238 0.1111110002
19261  -26.096  -32.124  46.599 0.1111110002
19270  -21.145  -32.805  46.189 0.1111110002
18711  -21.673  -33.432  45.540 0.1111110002
19759  -26.671  -31.435  46.220 0.1111110002
21223  -33.725  -29.037  48.281 0.1111110002
70374  -21.435  -33.621  45.095 0.1111110002
18712  -22.421  -34.305  45.424 0.1111110002
19272  -25.388  -31.979  45.248 0.1111110002
18065  -21.822  -34.637  44.044 0.1111110002
18724  -22.125  -34.241  44.750 0.1111110002
19768  -25.866  -31.276  44.808 0.1111110002
62619  -33.360  -28.447  49.504 0.1111110002
71396  -22.365  -35.251  43.728 0.1111110002
64286  -24.734  -32.523  44.029 0.1111110002
18077  -22.931  -35.799  43.658 0.1111110002
19300  -24.723  -32.906  42.169 0.1111110002
19294  -25.251  -31.798  43.431 0.1111110002
17422  -23.015  -35.871  43.169 0.1111110002
60145  -23.103  -35.808  42.396 0.1111110002
69991  -24.352  -33.818  41.578 0.1111110002
18750  -24.777  -33.411  41.433 0.1111110002
19309  -25.374  -32.804  41.708 0.1111110002
16885  -22.986  -36.330  41.060 0.1111110002
17441  -23.365  -35.664  41.389 0.1111110002
18096  -24.444  -34.012  41.123 0.1111110002
17452  -23.637  -35.872  40.463 0.1111110002
18111  -24.581  -34.488  40.634 0.1111110002
17468  -24.263  -35.729  39.937 0.1111110002
17469  -24.668  -35.124  40.189 0.1111110002
17303  -15.686  -35.383  57.131 0.2222220004
17906  -16.351  -34.690  57.073 0.2222220004
64549  -16.702  -33.726  57.039 0.1111110002
70522  -27.079  -34.259  50.024 0.1111110002
18655  -25.860  -33.832  48.380 0.2222220004
18639  -26.898  -33.957  49.553 0.2222220004
20241  -35.740  -30.213  47.182 0.6666669846
18680  -26.251  -33.065  47.962 0.1111110002
20233  -37.716  -30.567  47.880 0.8888890147
18679  -25.602  -33.623  47.637 0.1111110002
64659  -30.199  -32.429  51.053 0.2222220004
20712  -34.822  -30.113  47.492 0.4444440007
20724  -35.300  -29.626  46.992 0.3333329856
70369  -30.143  -31.861  50.658 0.1111110002
20723  -34.446  -29.452  47.414 0.1111110002
18046  -23.488  -36.304  45.341 0.1111110002
18699  -25.335  -33.511  46.997 0.1111110002
18056  -23.328  -35.906  44.697 0.1111110002
18698  -24.829  -34.151  46.206 0.1111110002
19260  -25.390  -32.871  46.502 0.1111110002
19726  -30.199  -31.304  50.530 0.1111110002
18066  -22.984  -35.772  44.107 0.1111110002
63571  -23.853  -36.556  44.917 0.1111110002
19282  -24.539  -33.475  44.642 0.1111110002
19271  -24.920  -32.980  45.580 0.1111110002
62718  -25.542  -32.231  45.970 0.1111110002
62868  -23.435  -35.909  44.039 0.1111110002
18067  -23.731  -36.161  44.497 0.1111110002
70750  -24.930  -32.463  44.786 0.1111110002
21219  -33.425  -28.444  49.111 0.1111110002
18078  -23.352  -35.715  43.537 0.1111110002
18725  -23.823  -35.385  43.757 0.1111110002
62421  -24.253  -33.768  43.786 0.1111110002
19283  -25.292  -31.795  44.362 0.1111110002
21216  -32.734  -28.762  50.104 0.1111110002
18733  -23.751  -34.819  42.797 0.1111110002
18734  -24.138  -33.759  42.888 0.1111110002
21217  -33.248  -28.242  49.963 0.1111110002
18084  -23.415  -35.459  42.714 0.1111110002
18742  -24.227  -33.730  42.074 0.1111110002
64380  -23.515  -35.180  41.869 0.1111110002
70215  -23.782  -35.291  40.796 0.1111110002
18095  -23.943  -34.787  41.086 0.1111110002
17453  -24.175  -35.158  40.448 0.1111110002
16780  -16.738  -35.921  57.052 0.3333329856
17304  -16.390  -35.504  57.074 0.2222220004
17907  -17.042  -34.418  56.929 0.3333329856
18556  -17.032  -32.972  56.808 0.1111110002
18565  -16.440  -33.159  56.912 0.1111110002
20242  -36.681  -30.004  47.254 0.7777780294
65945  -36.029  -29.653  46.913 0.7777780294
19193  -28.989  -33.024  51.866 0.1111110002
19203  -29.329  -32.423  51.236 0.2222220004
18678  -25.038  -34.662  47.033 0.2222220004
61791  -35.877  -29.070  46.680 0.3333329856
20725  -36.652  -29.220  46.983 0.4444440007
18047  -23.909  -37.011  45.715 0.1111110002
18048  -24.548  -36.040  45.946 0.2222220004
66734  -29.688  -31.842  50.726 0.1111110002
21235  -34.999  -28.913  46.646 0.1111110002
64257  -35.742  -28.411  46.475 0.3333329856
66441  -23.985  -36.852  45.263 0.1111110002
60740  -24.495  -35.639  45.440 0.1111110002
20214  -30.673  -30.562  50.571 0.1111110002
18068  -24.113  -36.372  44.869 0.1111110002
18713  -24.518  -34.627  45.169 0.1111110002
18726  -24.183  -35.332  44.339 0.1111110002
21222  -33.413  -28.508  48.183 0.1111110002
17305  -16.888  -35.226  57.013 0.3333329856
18557  -17.308  -33.510  56.415 0.1111110002
19164  -20.744  -32.516  55.833 0.1111110002
20243  -37.533  -29.538  47.416 0.7777780294
60302  -28.232  -33.005  51.912 0.1111110002
62197  -38.189  -29.086  47.654 0.7777780294
19202  -28.394  -32.410  51.314 0.1111110002
21236  -36.579  -28.276  46.714 0.4444440007
21796  -36.904  -27.123  46.924 0.4444440007
18566  -18.204  -33.367  56.174 0.1111110002
18567  -19.231  -33.271  56.054 0.1111110002
19146  -17.696  -32.819  56.683 0.1111110002
18568  -19.564  -32.434  56.134 0.1111110002
17936  -23.784  -35.239  52.993 0.5555559993
17949  -27.560  -34.608  52.387 0.4444440007
63006  -27.002  -34.953  53.078 0.4444440007
17941  -27.724  -33.899  52.995 0.4444440007
18594  -27.093  -33.421  53.003 0.3333329856
17940  -26.992  -34.232  53.075 0.3333329856
18604  -27.651  -33.316  52.452 0.2222220004
21224  -38.396  -28.287  47.813 0.7777780294
21237  -37.442  -28.705  47.237 0.7777780294
21797  -37.512  -27.768  47.210 0.7777780294
19165  -21.220  -32.155  55.214 0.5555559993
19701  -22.424  -31.690  54.183 0.5555559993
19181  -22.904  -32.233  53.760 0.5555559993
66642  -24.768  -35.602  53.130 0.5555559993
18592  -25.390  -33.485  53.099 0.3333329856
17321  -25.767  -35.645  53.061 0.4444440007
18593  -26.370  -33.394  53.034 0.3333329856
17322  -26.471  -34.923  53.080 0.4444440007
21789  -38.170  -27.240  47.694 0.7777780294
19715  -26.413  -31.773  52.702 0.1111110002
19185  -26.966  -32.682  52.518 0.1111110002
18590  -23.626  -33.165  53.184 0.5555559993
19173  -23.267  -31.999  54.012 0.6666669846
17937  -24.165  -34.873  53.144 0.5555559993
17938  -25.063  -34.449  53.038 0.4444440007
22340  -38.462  -26.773  47.464 0.8888890147
21790  -38.792  -27.722  48.060 0.7777780294
22347  -39.040  -26.386  47.105 0.8888890147
22941  -38.541  -25.975  47.123 0.7777780294
22339  -37.713  -26.120  47.553 0.6666669846
22934  -37.441  -25.356  47.348 0.5555559993
22933  -36.819  -24.827  47.160 0.5555559993
22943  -40.033  -25.720  46.888 0.7777780294
22935  -37.804  -25.695  47.470 0.6666669846
23498  -37.477  -24.994  47.356 0.6666669846
25838  -42.846  -20.616  41.395 0.4444440007
23505  -38.395  -25.248  47.042 0.6666669846
22942  -39.385  -25.636  47.033 0.6666669846
23504  -36.814  -24.571  46.974 0.5555559993
26454  -42.888  -19.735  40.170 0.4444440007
69642  -39.270  -25.105  46.740 0.6666669846
59470  -37.724  -24.779  47.093 0.6666669846
24044  -36.232  -24.097  46.935 0.3333329856
24043  -35.596  -23.827  47.172 0.3333329856
24056  -35.192  -23.302  47.355 0.2222220004
26455  -43.676  -19.444  40.400 0.5555559993
27075  -43.607  -18.730  38.574 0.4444440007
26466  -43.293  -19.235  39.522 0.6666669846
23506  -39.910  -25.153  46.662 0.6666669846
61576  -38.768  -24.842  46.585 0.6666669846
23518  -37.128  -24.363  46.838 0.4444440007
24057  -36.170  -23.860  47.049 0.3333329856
69344  -34.507  -22.714  47.289 0.1111110002
27085  -44.301  -18.639  37.309 0.3333329856
27056  -45.358  -18.387  40.458 0.5555559993
62479  -44.962  -18.593  36.984 0.4444440007
27077  -45.126  -17.929  38.687 0.4444440007
27677  -45.500  -17.850  39.514 0.4444440007
27086  -45.554  -18.177  37.372 0.4444440007
23519  -38.296  -24.574  46.345 0.6666669846
24071  -35.211  -23.117  46.165 0.1111110002
26456  -44.411  -19.191  40.696 0.6666669846
26467  -44.132  -18.799  39.734 0.6666669846
27076  -44.438  -18.340  38.750 0.5555559993
27065  -44.897  -18.337  39.601 0.4444440007
27055  -44.759  -18.714  40.324 0.6666669846
26457  -44.994  -18.965  41.015 0.6666669846
26447  -45.217  -19.281  41.797 0.7777780294
27046  -45.452  -18.723  41.256 0.7777780294
64136  -44.816  -18.178  37.814 0.4444440007
69315  -45.449  -17.798  37.979 0.4444440007
27108  -45.687  -18.812  36.644 0.4444440007
23521  -40.454  -24.713  46.325 0.6666669846
23520  -39.681  -24.613  46.253 0.6666669846
64305  -39.151  -24.432  46.030 0.6666669846
24073  -37.044  -24.023  46.077 0.3333329856
24072  -36.101  -23.673  46.216 0.2222220004
27022  -44.523  -18.638  44.270 0.5555559993
26414  -44.918  -19.150  44.460 0.5555559993
59521  -43.375  -18.478  43.686 0.4444440007
27021  -43.981  -18.469  44.241 0.5555559993
27036  -42.285  -18.405  42.426 0.3333329856
27030  -42.755  -18.453  42.976 0.3333329856
27647  -43.324  -17.687  43.073 0.4444440007
27632  -44.470  -17.673  43.992 0.5555559993
26444  -41.172  -19.101  41.759 0.3333329856
67085  -41.765  -18.730  42.127 0.3333329856
27044  -41.414  -18.297  41.480 0.3333329856
27045  -42.034  -17.910  41.916 0.3333329856
27646  -42.670  -17.671  42.427 0.3333329856
27659  -43.144  -16.813  42.528 0.4444440007
69784  -44.719  -17.092  43.767 0.5555559993
27657  -41.595  -17.362  41.387 0.3333329856
69448  -44.047  -16.928  43.237 0.5555559993
27658  -42.320  -16.831  41.889 0.3333329856
27667  -41.144  -16.854  40.976 0.2222220004
27668  -41.697  -16.392  41.270 0.3333329856
58922  -41.223  -24.344  46.140 0.6666669846
24059  -39.802  -23.923  45.826 0.6666669846
23531  -37.983  -24.246  45.771 0.2222220004
26419  -43.474  -19.150  44.319 0.5555559993
27010  -43.908  -19.203  44.600 0.6666669846
26427  -42.674  -19.238  43.585 0.4444440007
26435  -42.157  -19.034  42.757 0.3333329856
28225  -45.109  -15.896  42.998 0.3333329856
28224  -44.486  -16.139  42.956 0.4444440007
28231  -42.867  -16.084  42.069 0.3333329856
24060  -40.541  -24.088  46.104 0.6666669846
24076  -41.471  -23.531  46.051 0.7777780294
24058  -39.002  -23.952  45.543 0.6666669846
24075  -40.637  -23.339  45.784 0.6666669846
62202  -43.828  -19.892  45.000 0.7777780294
68927  -43.622  -19.642  44.871 0.6666669846
25828  -41.175  -20.017  42.838 0.3333329856
26426  -41.859  -19.655  43.168 0.4444440007
25819  -42.195  -19.940  43.894 0.5555559993
26434  -41.493  -19.403  42.458 0.3333329856
28232  -43.747  -15.931  42.460 0.4444440007
28230  -42.338  -15.892  41.543 0.3333329856
67799  -38.452  -23.713  45.098 0.5555559993
24630  -41.595  -22.629  45.862 0.7777780294
24624  -42.421  -22.244  46.029 0.7777780294
25223  -41.229  -21.344  44.596 0.5555559993
25803  -43.332  -20.952  45.220 0.7777780294
25809  -41.898  -20.852  44.659 0.5555559993
25802  -42.683  -20.895  45.294 0.5555559993
26412  -43.260  -20.219  45.040 0.6666669846
69577  -41.847  -20.424  44.121 0.5555559993
25817  -40.846  -20.602  43.277 0.3333329856
25818  -41.527  -20.244  43.534 0.4444440007
25810  -42.451  -20.345  44.566 0.5555559993
26418  -42.949  -19.745  44.448 0.5555559993
28761  -44.655  -15.556  42.536 0.3333329856
28770  -43.154  -15.428  41.597 0.3333329856
28771  -44.191  -15.185  41.899 0.3333329856
24074  -39.796  -23.234  45.319 0.6666669846
24629  -40.562  -22.561  45.271 0.6666669846
25212  -41.276  -21.928  45.277 0.7777780294
61171  -41.913  -21.915  45.666 0.7777780294
24628  -39.686  -22.509  44.627 0.6666669846
25213  -42.711  -21.675  45.848 0.6666669846
25801  -41.981  -21.425  45.313 0.6666669846
28772  -45.148  -15.023  42.111 0.3333329856
17320  -23.899  -35.753  53.157 0.5555559993
18011  -31.097  -34.079  49.258 0.3333329856
16800  -25.686  -36.168  53.013 0.6666669846
18010  -26.117  -34.242  49.143 0.2222220004
16797  -23.781  -36.153  53.015 0.4444440007
28214  -44.866  -16.591  43.397 0.5555559993
28762  -45.425  -15.393  42.623 0.3333329856
19259  -21.524  -32.712  46.807 0.1111110002
18683  -32.377  -33.664  47.309 0.1111110002
17400  -34.212  -34.939  46.974 0.2222220004
18701  -32.530  -33.495  46.567 0.1111110002
69250  -31.883  -32.747  46.018 0.1111110002
19250  -31.211  -32.800  47.107 0.1111110002
19274  -32.107  -32.702  45.428 0.1111110002
68440  -30.458  -32.573  47.349 0.2222220004
19262  -30.100  -32.081  46.902 0.1111110002
64580  -28.867  -31.964  47.227 0.1111110002
19248  -27.287  -32.149  47.446 0.1111110002
19750  -26.799  -31.899  46.914 0.1111110002
18710  -20.856  -33.396  45.419 0.1111110002
17421  -22.310  -35.603  43.139 0.1111110002
19293  -24.658  -32.626  43.070 0.1111110002
18763  -24.927  -33.807  40.846 0.1111110002
21234  -33.981  -28.781  47.165 0.1111110002
18741  -23.893  -34.421  41.839 0.1111110002
21811  -35.961  -27.382  46.443 0.3333329856
19184  -26.447  -32.606  52.886 0.2222220004
62488  -25.649  -34.964  53.064 0.4444440007
17939  -26.036  -34.203  53.063 0.3333329856
18581  -23.669  -32.631  53.686 0.5555559993
22940  -37.203  -25.459  47.383 0.5555559993
23503  -36.087  -24.251  46.983 0.4444440007
69874  -43.846  -17.815  43.678 0.4444440007
19156  -20.531  -32.428  56.048 0.1111110002
59250  -23.856  -34.041  52.885 0.6666669846
16841  -35.940  -36.460  47.081 0.3333329856
16842  -36.399  -36.445  47.124 0.4444440007
16281  -36.693  -37.536  46.899 0.2222220004
16289  -36.907  -38.018  46.722 0.3333329856
16843  -37.259  -36.653  46.833 0.2222220004
66187  -36.704  -38.226  45.309 0.2222220004
16298  -37.782  -37.652  45.793 0.2222220004
16299  -37.901  -36.950  45.815 0.2222220004
21249  -35.271  -28.086  46.314 0.2222220004
64204  -37.598  -26.834  47.386 0.5555559993
22346  -37.167  -26.091  47.380 0.5555559993
22345  -36.448  -26.075  47.012 0.4444440007
22939  -36.662  -25.191  47.307 0.4444440007
69718  -36.127  -24.531  47.031 0.3333329856
24092  -39.032  -23.216  44.872 0.5555559993
59030  -38.863  -22.716  44.288 0.4444440007
24649  -39.202  -22.183  43.863 0.3333329856
24639  -40.510  -21.876  44.630 0.3333329856
25222  -39.906  -21.838  44.095 0.3333329856
62684  -40.519  -21.275  43.834 0.3333329856
25231  -41.298  -20.787  43.988 0.3333329856
28780  -43.894  -14.893  41.037 0.3333329856
29314  -43.747  -14.792  40.076 0.2222220004
29323  -44.266  -14.535  38.475 0.1111110002
29324  -45.022  -14.268  38.787 0.2222220004
64961  -44.464  -14.609  39.360 0.2222220004
29864  -45.482  -13.721  38.434 0.2222220004
29863  -44.784  -14.069  38.022 0.1111110002
30442  -45.944  -13.103  38.072 0.2222220004
30454  -46.308  -12.397  37.692 0.2222220004
30453  -45.580  -12.683  37.380 0.1111110002
70101  -45.644  -13.956  39.144 0.1111110002
30434  -47.145  -12.894  39.352 0.1111110002
30443  -46.677  -12.692  38.468 0.2222220004
30444  -47.416  -12.311  38.799 0.1111110002
59245  -47.025  -12.063  38.006 0.2222220004
31004  -47.701  -11.680  38.381 0.1111110002
30997  -48.824  -11.605  39.615 0.2222220004
31005  -48.432  -11.333  38.749 0.2222220004
31025  -47.323  -11.381  37.672 0.2222220004
31560  -48.041  -11.056  38.013 0.2222220004
31547  -49.663  -10.713  38.858 0.2222220004
31562  -49.364  -10.403  38.629 0.2222220004
31561  -48.743  -10.668  38.443 0.2222220004
32083  -49.770  -10.173  38.574 0.1111110002
31581  -47.650  -10.649  37.367 0.3333329856
32098  -48.936  -10.190  38.104 0.1111110002
32100  -50.011  -9.926  37.918 0.1111110002
31582  -48.372  -10.357  37.734 0.2222220004
32111  -48.719  -9.668  37.498 0.1111110002
70541  -49.417  -9.734  37.350 0.1111110002
32119  -48.417  -8.935  36.941 0.1111110002
32112  -50.361  -9.932  37.261 0.2222220004
60542  -49.018  -9.078  37.221 0.2222220004
69959  -49.723  -9.077  37.022 0.2222220004
32641  -48.711  -8.374  36.703 0.1111110002
33195  -48.909  -8.126  36.483 0.1111110002
31563  -50.104  -10.325  38.429 0.2222220004
32101  -50.687  -10.101  37.903 0.2222220004
32113  -51.242  -10.180  37.020 0.3333329856
16282  -36.885  -37.362  47.011 0.2222220004
60923  -36.631  -38.079  46.237 0.2222220004
16290  -37.211  -37.590  46.495 0.2222220004
16297  -37.239  -38.260  46.023 0.2222220004
29304  -44.630  -14.624  40.354 0.2222220004
31546  -49.079  -10.969  39.046 0.2222220004
32099  -49.291  -9.974  37.887 0.1111110002
32110  -48.021  -9.808  37.098 0.2222220004
17392  -34.782  -35.414  47.347 0.1111110002
17393  -35.356  -35.675  47.577 0.1111110002
16840  -35.427  -36.218  46.724 0.1111110002
16811  -16.360  -36.508  52.088 0.3333329856
63548  -23.866  -33.231  53.229 0.3333329856
18591  -24.361  -33.724  53.074 0.3333329856
69580  -16.634  -36.210  51.588 0.2222220004
19166  -21.888  -31.862  55.009 0.1111110002
24122  -39.961  -23.022  41.002 0.1111110002
24685  -39.620  -22.662  40.397 0.1111110002
25873  -38.856  -20.756  36.724 0.1111110002
25874  -39.557  -20.426  37.071 0.1111110002
25883  -40.708  -20.137  36.418 0.1111110002
25881  -38.819  -20.943  35.990 0.1111110002
25882  -39.496  -20.606  36.282 0.1111110002
25898  -41.245  -20.461  35.847 0.1111110002
26484  -43.059  -19.133  37.145 0.1111110002
27084  -43.614  -18.752  37.612 0.1111110002
26496  -43.355  -19.578  36.451 0.1111110002
25265  -39.940  -21.924  40.098 0.1111110002
25274  -38.928  -21.928  39.089 0.1111110002
25275  -39.636  -21.590  39.375 0.1111110002
25266  -40.677  -21.579  40.404 0.1111110002
25280  -38.594  -21.519  38.234 0.1111110002
25281  -39.332  -21.222  38.554 0.1111110002
25276  -40.368  -21.269  39.679 0.1111110002
25290  -39.026  -20.863  37.648 0.1111110002
25865  -39.767  -20.535  37.994 0.1111110002
25875  -40.343  -20.083  37.293 0.1111110002
26465  -42.555  -19.544  39.359 0.1111110002
25289  -38.296  -21.210  37.309 0.1111110002
26493  -41.078  -19.757  37.010 0.1111110002
26482  -41.588  -19.558  37.636 0.1111110002
26464  -41.926  -19.787  39.215 0.1111110002
26475  -42.200  -19.397  38.398 0.1111110002
59805  -40.061  -20.313  36.533 0.1111110002
26494  -41.767  -19.626  36.821 0.1111110002
26483  -42.326  -19.322  37.393 0.1111110002
27074  -42.906  -18.956  37.960 0.1111110002
25884  -41.962  -20.033  36.172 0.1111110002
25885  -42.797  -20.149  36.045 0.1111110002
26495  -42.521  -19.590  36.612 0.1111110002
25277  -41.066  -20.901  40.032 0.1111110002
25866  -40.534  -20.279  38.349 0.1111110002
25857  -40.801  -20.574  39.236 0.1111110002
25847  -41.778  -20.610  40.346 0.1111110002
25859  -42.178  -20.041  39.918 0.1111110002
25867  -41.331  -19.908  38.639 0.1111110002
26474  -40.955  -19.831  37.748 0.1111110002
25827  -40.479  -20.347  42.535 0.1111110002
25240  -40.119  -20.957  42.967 0.1111110002
29298  -46.585  -14.412  41.787 0.2222220004
28779  -43.043  -15.040  40.719 0.2222220004
29305  -45.561  -14.363  40.711 0.2222220004
66147  -45.258  -14.325  39.682 0.1111110002
29296  -44.862  -14.753  41.320 0.2222220004
29297  -45.860  -14.563  41.666 0.2222220004
25848  -42.512  -20.336  40.641 0.3333329856
26476  -42.913  -19.165  38.767 0.1111110002
68206  -36.158  -37.189  46.633 0.2222220004
25897  -40.226  -20.583  35.859 0.1111110002
69059  -41.336  -19.964  36.415 0.1111110002
25282  -40.041  -20.862  38.914 0.1111110002
25858  -41.513  -20.312  39.584 0.1111110002
19287  -36.294  -32.087  44.802 0.1111110002
22938  -35.875  -24.757  47.252 0.2222220004
23502  -35.555  -24.054  47.271 0.2222220004
23517  -35.247  -23.985  47.523 0.1111110002
23516  -34.621  -23.628  47.559 0.1111110002
23501  -35.045  -23.582  47.492 0.1111110002
24091  -38.241  -23.209  44.381 0.2222220004
27106  -43.827  -19.024  36.869 0.1111110002
62292  -44.936  -19.088  36.551 0.2222220004
27087  -46.330  -18.180  37.157 0.3333329856
68132  -44.124  -18.442  37.978 0.3333329856
27710  -46.071  -17.683  37.805 0.3333329856
27669  -45.914  -17.771  40.214 0.2222220004
64300  -46.413  -17.200  39.896 0.2222220004
27679  -46.943  -16.611  39.517 0.2222220004
27678  -46.088  -17.382  39.312 0.2222220004
69099  -46.581  -16.968  39.127 0.2222220004
28245  -47.179  -16.732  38.751 0.2222220004
28260  -48.793  -16.479  38.390 0.2222220004
27690  -46.576  -17.239  38.412 0.2222220004
27691  -47.441  -17.116  38.069 0.2222220004
27711  -46.881  -17.627  37.611 0.2222220004
27692  -48.319  -17.097  37.906 0.2222220004
20267  -35.930  -30.608  44.353 0.1111110002
27107  -44.467  -18.941  36.751 0.2222220004
27689  -45.797  -17.553  38.561 0.3333329856
19784  -35.765  -31.548  44.334 0.1111110002
21840  -36.663  -27.125  42.955 0.1111110002
22982  -38.078  -25.753  42.140 0.1111110002
22990  -36.895  -25.592  41.320 0.1111110002
22399  -37.242  -25.959  42.008 0.1111110002
22999  -37.318  -25.135  40.837 0.1111110002
22991  -37.692  -25.400  41.397 0.1111110002
22992  -38.461  -25.170  41.508 0.1111110002
23550  -37.984  -24.757  40.782 0.1111110002
23557  -37.230  -24.698  40.297 0.1111110002
24121  -39.341  -23.365  40.648 0.1111110002
23564  -37.120  -24.241  39.689 0.1111110002
24119  -37.793  -24.164  40.107 0.1111110002
64552  -38.752  -24.569  41.095 0.1111110002
23558  -38.459  -24.107  40.506 0.1111110002
64893  -38.811  -23.604  40.407 0.1111110002
23559  -39.071  -23.995  40.842 0.1111110002
19182  -24.780  -32.872  53.116 0.2222220004
69219  -24.035  -32.932  53.435 0.2222220004
19183  -25.658  -32.569  53.058 0.2222220004
19174  -24.164  -32.259  53.958 0.1111110002
17409  -37.838  -36.219  46.088 0.1111110002
16849  -35.766  -37.294  45.949 0.1111110002
65940  -36.000  -38.099  45.157 0.1111110002
16854  -37.820  -37.090  45.596 0.1111110002
70446  -37.882  -22.929  43.911 0.1111110002
70186  -38.367  -22.550  43.708 0.1111110002
28769  -42.498  -15.428  41.087 0.1111110002
29306  -46.661  -13.933  41.125 0.1111110002
28237  -41.869  -15.684  40.957 0.1111110002
26433  -40.816  -19.736  42.155 0.1111110002
27043  -40.798  -18.733  41.162 0.1111110002
30494  -50.370  -12.555  32.189 0.1111110002
30502  -50.931  -11.989  31.775 0.1111110002
29847  -47.530  -13.437  40.715 0.1111110002
31066  -51.637  -11.460  31.505 0.1111110002
30509  -51.385  -12.247  30.844 0.1111110002
30423  -48.076  -13.188  40.322 0.1111110002
31073  -51.923  -11.616  30.831 0.1111110002
29856  -47.592  -12.978  40.162 0.1111110002
29855  -46.974  -13.422  40.127 0.1111110002
31059  -52.201  -10.679  32.107 0.1111110002
31067  -52.287  -11.050  31.228 0.1111110002
30427  -48.029  -12.800  40.219 0.1111110002
30428  -48.682  -12.530  40.056 0.1111110002
30436  -48.546  -12.176  39.950 0.1111110002
67709  -52.776  -10.470  31.575 0.1111110002
31068  -52.931  -10.694  30.895 0.1111110002
31620  -53.418  -10.144  31.422 0.1111110002
32152  -52.747  -9.664  32.236 0.1111110002
31613  -53.014  -10.107  32.085 0.1111110002
31621  -53.933  -9.957  31.102 0.1111110002
32212  -53.718  -9.787  27.486 0.1111110002
32693  -53.010  -8.922  31.990 0.1111110002
32153  -53.376  -9.552  31.436 0.1111110002
32159  -54.074  -9.423  30.928 0.1111110002
32162  -54.343  -9.743  30.091 0.1111110002
32192  -55.068  -10.066  28.967 0.1111110002
32191  -54.455  -9.641  28.516 0.1111110002
64983  -54.110  -9.101  28.048 0.1111110002
32211  -53.184  -9.733  27.263 0.1111110002
63709  -53.769  -9.379  27.522 0.1111110002
63271  -52.945  -9.008  27.029 0.1111110002
32769  -53.418  -9.176  27.286 0.1111110002
31006  -50.907  -11.601  38.029 0.2222220004
32692  -52.329  -9.337  32.415 0.1111110002
32703  -52.537  -8.741  31.338 0.1111110002
32704  -53.360  -8.910  31.242 0.1111110002
32705  -54.035  -8.969  31.061 0.1111110002
32711  -53.691  -8.776  30.539 0.1111110002
32712  -54.130  -9.044  30.482 0.1111110002
33257  -53.166  -8.463  29.890 0.1111110002
32717  -54.265  -9.223  29.473 0.1111110002
32716  -53.931  -8.600  29.780 0.1111110002
32718  -54.829  -9.526  29.126 0.1111110002
33258  -54.001  -8.439  28.902 0.1111110002
33285  -54.020  -8.337  28.192 0.1111110002
32760  -53.110  -8.481  27.056 0.1111110002
31548  -50.079  -10.785  38.759 0.1111110002
31000  -50.311  -11.411  38.493 0.2222220004
62201  -51.077  -9.511  34.267 0.1111110002
32147  -51.521  -9.832  33.843 0.1111110002
32674  -51.053  -9.413  33.680 0.1111110002
60648  -52.357  -8.855  31.991 0.1111110002
32701  -50.742  -8.790  31.550 0.1111110002
32702  -51.622  -8.699  31.375 0.1111110002
32710  -52.817  -8.551  30.518 0.1111110002
33264  -53.537  -7.896  28.369 0.1111110002
33284  -53.299  -7.983  27.610 0.1111110002
32768  -52.632  -8.248  26.846 0.1111110002
63335  -51.095  -9.328  32.943 0.1111110002
32691  -51.538  -9.001  32.256 0.1111110002
32709  -51.841  -8.321  30.508 0.1111110002
33256  -52.468  -8.005  29.664 0.1111110002
63007  -53.348  -8.131  29.208 0.1111110002
33263  -52.833  -7.553  28.736 0.1111110002
33824  -53.103  -7.300  27.765 0.1111110002
33827  -53.100  -7.262  27.031 0.1111110002
33309  -52.975  -7.535  26.924 0.1111110002
33846  -52.353  -6.866  26.702 0.1111110002
32653  -50.211  -8.898  35.459 0.1111110002
33250  -51.187  -7.736  30.337 0.1111110002
33255  -51.591  -7.573  29.799 0.1111110002
33808  -50.899  -7.148  29.932 0.1111110002
33818  -52.062  -7.216  29.103 0.1111110002
63206  -52.035  -6.843  26.194 0.1111110002
34354  -52.130  -6.009  26.675 0.1111110002
33308  -52.145  -7.514  26.637 0.1111110002
33817  -51.334  -6.852  29.361 0.1111110002
33823  -52.437  -6.885  28.282 0.1111110002
34348  -52.087  -6.316  28.031 0.1111110002
33826  -52.398  -6.697  27.369 0.1111110002
33822  -51.727  -6.564  28.681 0.1111110002
31058  -51.396  -11.364  32.430 0.1111110002
32675  -51.790  -9.355  33.115 0.1111110002
33201  -49.561  -8.235  35.715 0.1111110002
31623  -53.706  -10.399  30.697 0.1111110002
32738  -54.265  -9.013  28.712 0.1111110002
31673  -52.693  -10.516  27.015 0.1111110002
32761  -53.543  -8.714  27.597 0.1111110002
16772  -13.996  -36.181  57.906 0.1111110002
15683  -14.257  -37.917  56.387 0.2222220004
17298  -13.519  -35.685  57.933 0.1111110002
16228  -14.407  -36.652  57.209 0.2222220004
15676  -14.395  -37.579  56.928 0.2222220004
66145  -14.859  -37.645  55.925 0.2222220004
15690  -14.448  -37.887  55.496 0.2222220004
70494  -14.593  -37.793  55.022 0.2222220004
61919  -14.161  -38.101  54.719 0.2222220004
15684  -15.023  -37.486  56.525 0.2222220004
15710  -14.996  -37.848  51.610 0.2222220004
15714  -15.148  -38.102  50.681 0.2222220004
16264  -15.680  -37.537  50.167 0.2222220004
15718  -15.324  -38.335  49.845 0.2222220004
16270  -15.822  -37.734  49.193 0.2222220004
15722  -15.911  -38.172  48.429 0.2222220004
16279  -16.386  -37.974  47.665 0.1111110002
15691  -14.983  -37.579  55.276 0.2222220004
15694  -14.309  -38.017  54.031 0.2222220004
16257  -15.637  -37.347  51.028 0.2222220004
16276  -16.193  -37.580  48.411 0.2222220004
16830  -16.610  -37.062  47.881 0.2222220004
70923  -16.753  -37.515  47.387 0.1111110002
16280  -17.167  -37.106  47.164 0.1111110002
16285  -16.916  -37.923  46.946 0.1111110002
69140  -16.197  -36.678  51.322 0.2222220004
16265  -16.142  -36.824  50.528 0.2222220004
16271  -16.170  -36.937  49.684 0.2222220004
61502  -16.478  -36.338  50.063 0.2222220004
59305  -16.355  -36.936  48.799 0.2222220004
19175  -25.070  -32.014  53.760 0.1111110002
26498  -45.200  -19.692  36.307 0.1111110002
25888  -45.813  -20.316  36.294 0.1111110002
25301  -45.597  -21.200  36.341 0.1111110002
24720  -46.353  -21.748  36.836 0.1111110002
24149  -47.400  -23.095  38.266 0.1111110002
23028  -49.004  -25.122  37.486 0.1111110002
26499  -46.160  -19.500  36.404 0.1111110002
25302  -47.007  -21.001  36.648 0.1111110002
24696  -48.475  -23.148  38.365 0.1111110002
24137  -48.749  -23.576  38.492 0.1111110002
24706  -46.883  -22.509  37.575 0.1111110002
23018  -49.043  -24.765  37.926 0.1111110002
23598  -48.782  -24.970  36.801 0.1111110002
23632  -47.442  -23.708  34.874 0.1111110002
23613  -47.418  -24.447  35.423 0.1111110002
25291  -47.367  -21.752  37.216 0.1111110002
24150  -49.037  -23.550  37.875 0.1111110002
23599  -49.238  -24.428  36.878 0.1111110002
24186  -46.805  -23.500  34.189 0.1111110002
26500  -47.043  -19.483  36.473 0.1111110002
25303  -47.934  -21.118  36.951 0.1111110002
66300  -49.183  -23.660  36.813 0.1111110002
23614  -48.860  -24.190  36.289 0.1111110002
15704  -13.715  -38.710  52.958 0.2222220004
15729  -16.592  -38.735  47.034 0.1111110002
65343  -46.288  -20.887  36.450 0.1111110002
63586  -44.973  -20.605  36.094 0.1111110002
24135  -47.787  -23.694  38.838 0.1111110002
24707  -47.877  -22.462  37.749 0.1111110002
25889  -46.631  -20.223  36.425 0.1111110002
24136  -48.477  -23.768  38.841 0.1111110002
23577  -49.047  -24.095  38.372 0.1111110002
23589  -49.110  -24.352  37.525 0.1111110002
24171  -48.174  -23.919  35.571 0.1111110002
63687  -48.103  -24.706  36.072 0.1111110002
25292  -48.232  -21.827  37.413 0.1111110002
25890  -47.504  -20.264  36.573 0.1111110002
24708  -48.668  -22.398  37.708 0.1111110002
14293  -10.729  -40.981  53.868 0.1111110002
14295  -11.206  -41.443  53.301 0.1111110002
14777  -11.063  -40.128  54.329 0.1111110002
16776  -12.419  -36.531  57.161 0.1111110002
16225  -12.294  -37.656  56.987 0.1111110002
14780  -11.496  -40.600  53.573 0.1111110002
69322  -11.710  -36.979  57.009 0.1111110002
14296  -11.869  -40.996  52.898 0.1111110002
14776  -10.042  -40.603  54.663 0.1111110002
16226  -13.048  -37.261  57.141 0.1111110002
14781  -12.273  -40.137  53.263 0.1111110002
15673  -12.084  -38.024  56.687 0.1111110002
14771  -10.232  -39.773  55.092 0.1111110002
14778  -11.802  -39.973  53.909 0.1111110002
16221  -13.351  -36.720  57.889 0.1111110002
15674  -12.819  -38.004  56.911 0.1111110002
15681  -12.557  -38.160  56.183 0.1111110002
15205  -11.742  -39.433  54.481 0.1111110002
15206  -12.372  -39.469  53.929 0.1111110002
15211  -12.756  -39.488  53.406 0.1111110002
66332  -11.864  -38.224  56.076 0.1111110002
15200  -11.681  -38.936  55.175 0.1111110002
15207  -12.996  -38.965  53.957 0.1111110002
15212  -13.242  -39.134  53.238 0.1111110002
15717  -14.759  -38.840  50.304 0.1111110002
16227  -13.732  -37.144  57.304 0.1111110002
15675  -13.673  -37.920  56.963 0.1111110002
15682  -13.384  -38.087  56.293 0.1111110002
15689  -13.004  -38.348  55.474 0.1111110002
15688  -12.201  -38.465  55.542 0.1111110002
15201  -12.474  -38.826  54.714 0.1111110002
15202  -13.369  -38.474  54.668 0.1111110002
15699  -13.702  -38.500  53.817 0.1111110002
15216  -13.814  -38.902  52.255 0.1111110002
15713  -14.539  -38.654  51.120 0.1111110002
16824  -16.591  -36.252  49.312 0.1111110002
65021  -17.083  -36.467  47.657 0.1111110002
65493  -13.802  -38.177  55.518 0.1111110002
16831  -16.865  -36.165  48.382 0.1111110002
17387  -17.509  -35.740  47.689 0.1111110002
16222  -13.672  -36.661  57.994 0.1111110002
16819  -16.644  -36.130  50.852 0.1111110002
16825  -16.941  -35.648  49.092 0.1111110002
17372  -17.362  -35.336  48.551 0.1111110002
17352  -16.876  -35.642  49.985 0.1111110002
17365  -17.323  -35.087  49.403 0.1111110002
18026  -17.930  -34.862  48.054 0.1111110002
21248  -34.494  -28.220  46.420 0.1111110002
22356  -35.589  -26.095  46.561 0.1111110002
22953  -35.151  -24.816  47.104 0.1111110002
24090  -36.866  -23.752  44.984 0.1111110002
59218  -37.724  -23.789  45.016 0.1111110002
28839  -51.124  -14.919  35.263 0.1111110002
28844  -50.610  -15.679  35.020 0.1111110002
60134  -50.327  -14.731  34.687 0.1111110002
28297  -51.145  -16.431  35.290 0.1111110002
28296  -50.464  -16.572  34.904 0.1111110002
27736  -50.477  -17.397  34.736 0.1111110002
27131  -51.031  -17.842  35.003 0.1111110002
27135  -50.896  -18.644  34.561 0.1111110002
63767  -51.098  -18.549  35.025 0.1111110002
27121  -51.078  -18.808  35.369 0.1111110002
26502  -50.010  -19.612  36.453 0.1111110002
25891  -48.436  -20.423  36.776 0.1111110002
25876  -48.868  -19.833  36.714 0.1111110002
25877  -49.296  -20.118  36.499 0.1111110002
28298  -51.617  -15.802  35.485 0.1111110002
28292  -51.855  -16.794  35.532 0.1111110002
28293  -52.064  -16.263  35.746 0.1111110002
27732  -51.131  -17.252  35.490 0.1111110002
27733  -51.974  -17.073  35.911 0.1111110002
65170  -51.103  -17.815  35.690 0.1111110002
27717  -52.032  -17.002  36.518 0.1111110002
27109  -46.628  -18.815  36.626 0.1111110002
27110  -47.382  -18.865  36.641 0.1111110002
26485  -48.818  -19.059  36.831 0.1111110002
27730  -51.148  -17.520  36.454 0.1111110002
27089  -48.131  -18.498  36.933 0.1111110002
26487  -49.718  -19.150  36.842 0.1111110002
27111  -50.159  -18.689  36.544 0.1111110002
26501  -48.019  -19.451  36.603 0.1111110002
26486  -49.368  -19.398  36.867 0.1111110002
28275  -52.074  -16.339  36.628 0.1111110002
28843  -49.869  -15.354  34.502 0.1111110002
27716  -51.105  -17.173  37.158 0.1111110002
28274  -51.677  -16.482  37.102 0.1111110002
28295  -49.652  -16.783  34.469 0.1111110002
64710  -49.899  -16.004  34.634 0.1111110002
27088  -47.186  -18.246  37.024 0.1111110002
71038  -48.833  -18.533  37.095 0.1111110002
27092  -50.770  -18.061  36.945 0.1111110002
27739  -48.585  -17.487  33.586 0.1111110002
27091  -50.051  -18.379  37.145 0.1111110002
27138  -47.626  -18.336  32.728 0.1111110002
27090  -49.468  -18.654  37.139 0.1111110002
27714  -49.698  -17.829  37.534 0.1111110002
60817  -47.176  -19.558  31.750 0.1111110002
25932  -46.711  -20.011  31.015 0.1111110002
25938  -46.279  -20.165  30.303 0.1111110002
25946  -45.741  -20.208  29.667 0.1111110002
69199  -44.900  -19.672  29.598 0.1111110002
25957  -44.367  -19.843  28.780 0.1111110002
27712  -47.782  -17.698  37.452 0.1111110002
27695  -50.588  -17.058  37.812 0.1111110002
28263  -51.048  -16.563  37.766 0.1111110002
28842  -49.324  -15.790  34.069 0.1111110002
27713  -48.791  -17.866  37.378 0.1111110002
27715  -50.272  -17.543  37.357 0.1111110002
28301  -48.905  -16.709  33.870 0.1111110002
27143  -47.196  -18.802  32.260 0.1111110002
27142  -46.642  -18.711  31.800 0.1111110002
26545  -46.161  -19.729  30.707 0.1111110002
25937  -45.624  -19.738  30.227 0.1111110002
26544  -45.730  -19.208  30.753 0.1111110002
27746  -46.355  -17.812  31.621 0.1111110002
26543  -45.050  -19.141  30.249 0.1111110002
27745  -45.697  -17.939  31.145 0.1111110002
63058  -44.433  -18.989  29.767 0.1111110002
27147  -45.298  -18.451  30.657 0.1111110002
27693  -49.267  -17.145  37.919 0.1111110002
27694  -50.013  -17.203  38.039 0.1111110002
28300  -48.415  -16.804  33.346 0.1111110002
29367  -49.594  -14.701  34.006 0.1111110002
27743  -47.923  -17.393  33.037 0.1111110002
28846  -48.715  -16.009  33.259 0.1111110002
27742  -47.395  -17.603  32.522 0.1111110002
28304  -48.165  -16.515  32.762 0.1111110002
28303  -47.561  -16.905  32.401 0.1111110002
27747  -46.980  -17.318  32.037 0.1111110002
28848  -48.513  -15.820  32.359 0.1111110002
28306  -46.589  -16.923  31.369 0.1111110002
28307  -47.321  -16.568  31.629 0.1111110002
28308  -47.978  -16.216  31.962 0.1111110002
27751  -45.916  -17.266  31.024 0.1111110002
27750  -45.326  -17.593  30.612 0.1111110002
28261  -49.791  -16.624  38.518 0.1111110002
28262  -50.349  -16.452  38.253 0.1111110002
61098  -49.141  -15.182  33.345 0.1111110002
61645  -48.855  -15.388  32.707 0.1111110002
29371  -49.361  -14.471  33.192 0.1111110002
29373  -49.192  -14.833  32.525 0.1111110002
28285  -52.156  -16.425  36.127 0.1111110002
18005  -17.746  -34.604  48.865 0.1111110002
14772  -11.100  -39.435  54.986 0.1111110002
27737  -50.966  -17.148  35.144 0.1111110002
27130  -50.508  -18.174  34.501 0.1111110002
69524  -50.861  -17.881  34.771 0.1111110002
26522  -50.887  -19.363  34.513 0.1111110002
26511  -50.678  -19.686  35.157 0.1111110002
27112  -50.889  -18.350  36.214 0.1111110002
27139  -48.271  -18.250  33.288 0.1111110002
26535  -47.760  -19.269  32.444 0.1111110002
26540  -46.389  -19.326  31.263 0.1111110002
25958  -45.218  -20.285  28.996 0.1111110002
59267  -46.088  -20.488  29.022 0.1111110002
60570  -44.858  -20.304  28.284 0.1111110002
66379  -44.367  -20.114  28.232 0.1111110002
27137  -46.958  -18.086  32.259 0.1111110002
27141  -45.981  -18.566  31.268 0.1111110002
27146  -44.714  -18.574  30.170 0.1111110002
28312  -45.566  -16.859  30.372 0.1111110002
16291  -37.616  -36.593  46.299 0.2222220004
18723  -21.195  -33.921  44.681 0.1111110002
23567  -48.532  -23.961  38.914 0.1111110002
