#!ascii label  , from subject sub-v1s3x0050818_ses-1 vox2ras=TkReg
2089
16776  -12.419  -36.531  57.161 0.2222220004
16222  -13.672  -36.661  57.994 0.3333329856
16778  -15.094  -35.830  57.300 0.4444440007
16779  -15.902  -36.047  57.030 0.5555559993
17304  -16.390  -35.504  57.074 0.5555559993
17906  -16.351  -34.690  57.073 0.5555559993
17305  -16.888  -35.226  57.013 0.4444440007
17907  -17.042  -34.418  56.929 0.4444440007
66417  -12.851  -36.216  57.807 0.4444440007
16771  -13.422  -36.297  58.037 0.3333329856
16221  -13.351  -36.720  57.889 0.3333329856
16769  -11.042  -35.771  58.038 0.3333329856
16770  -11.984  -35.805  57.989 0.3333329856
16772  -13.996  -36.181  57.906 0.4444440007
16777  -14.587  -36.080  57.491 0.4444440007
17296  -10.569  -35.181  57.902 0.1111110002
16773  -14.473  -35.868  57.636 0.4444440007
17303  -15.686  -35.383  57.131 0.5555559993
17300  -14.865  -35.413  57.288 0.5555559993
17905  -15.329  -34.782  57.063 0.5555559993
18555  -15.918  -33.964  56.989 0.6666669846
64549  -16.702  -33.726  57.039 0.6666669846
67778  -17.827  -34.316  56.060 0.4444440007
18556  -17.032  -32.972  56.808 0.7777780294
19146  -17.696  -32.819  56.683 0.7777780294
18564  -15.420  -33.459  56.526 0.7777780294
18565  -16.440  -33.159  56.912 0.7777780294
19152  -15.827  -32.918  56.436 0.7777780294
68970  -16.945  -32.661  56.647 0.7777780294
19151  -15.005  -32.938  55.977 0.7777780294
19162  -15.605  -32.477  55.713 0.7777780294
19153  -16.428  -32.586  56.348 0.7777780294
17297  -11.275  -35.325  58.010 0.4444440007
63660  -12.827  -35.718  57.975 0.4444440007
17298  -13.519  -35.685  57.933 0.4444440007
17294  -10.215  -34.539  58.448 0.4444440007
17892  -10.829  -34.725  58.089 0.4444440007
62487  -12.114  -35.161  58.062 0.3333329856
17299  -14.161  -35.596  57.570 0.5555559993
17893  -11.445  -34.524  58.094 0.4444440007
17894  -12.927  -35.055  58.035 0.5555559993
17895  -13.634  -35.073  57.568 0.5555559993
17896  -14.436  -34.944  57.178 0.5555559993
65477  -10.287  -33.930  59.119 0.5555559993
17887  -10.850  -34.151  58.580 0.4444440007
61669  -12.232  -34.384  58.004 0.5555559993
17903  -12.980  -34.237  57.441 0.5555559993
17904  -13.873  -34.535  56.954 0.5555559993
18547  -11.446  -33.702  58.121 0.5555559993
17902  -12.180  -33.809  57.831 0.6666669846
18554  -14.710  -34.212  56.646 0.7777780294
18567  -19.231  -33.271  56.054 0.7777780294
18542  -10.853  -33.463  59.063 0.5555559993
19142  -11.763  -33.223  57.800 0.5555559993
69419  -12.363  -33.549  57.491 0.6666669846
18553  -13.693  -33.900  56.599 0.7777780294
19141  -11.041  -32.785  58.552 0.3333329856
18552  -12.852  -33.434  56.885 0.6666669846
18563  -14.401  -33.457  56.197 0.7777780294
19154  -17.537  -32.389  56.391 0.7777780294
18562  -13.444  -33.189  56.245 0.6666669846
19684  -17.268  -32.119  56.138 0.7777780294
60150  -12.571  -32.717  56.433 0.5555559993
19150  -13.992  -32.804  55.654 0.6666669846
19161  -14.725  -32.392  55.290 0.6666669846
19170  -15.394  -32.019  54.919 0.7777780294
19163  -16.305  -32.080  55.397 0.6666669846
63385  -13.172  -32.663  55.879 0.5555559993
19159  -13.357  -32.307  55.419 0.5555559993
19160  -13.934  -32.174  55.037 0.5555559993
19155  -18.462  -32.432  56.320 0.7777780294
19169  -14.557  -31.876  54.692 0.6666669846
18568  -19.564  -32.434  56.134 0.8888890147
18580  -20.192  -32.946  55.165 0.4444440007
19679  -19.999  -31.793  56.135 0.8888890147
19678  -19.032  -31.663  56.434 0.8888890147
19677  -18.233  -31.843  56.416 0.7777780294
19685  -18.777  -31.420  56.200 0.8888890147
60742  -18.001  -31.639  55.981 0.7777780294
19699  -17.137  -31.583  54.957 0.6666669846
19700  -18.250  -31.205  55.269 0.7777780294
19698  -16.046  -31.651  54.448 0.5555559993
19711  -16.599  -31.206  53.864 0.4444440007
19712  -17.663  -30.965  53.990 0.6666669846
19171  -20.867  -32.421  54.752 0.4444440007
19156  -20.531  -32.428  56.048 0.8888890147
19164  -20.744  -32.516  55.833 0.5555559993
16800  -25.686  -36.168  53.013 0.3333329856
19687  -20.580  -31.275  56.083 0.8888890147
17330  -26.389  -35.563  52.452 0.4444440007
19686  -19.706  -31.105  56.027 0.8888890147
17331  -27.180  -35.315  52.191 0.5555559993
17949  -27.560  -34.608  52.387 0.5555559993
20174  -19.147  -30.901  55.474 0.8888890147
17950  -28.318  -34.508  52.242 0.6666669846
20185  -18.604  -30.787  54.583 0.7777780294
19193  -28.989  -33.024  51.866 0.8888890147
18605  -28.521  -33.778  52.255 0.7777780294
18619  -31.916  -32.973  50.553 0.3333329856
18618  -31.265  -33.403  50.796 0.4444440007
64659  -30.199  -32.429  51.053 0.6666669846
19204  -31.143  -32.737  50.889 0.5555559993
19727  -30.631  -31.933  50.535 0.6666669846
19165  -21.220  -32.155  55.214 0.6666669846
19172  -21.840  -32.079  54.297 0.1111110002
16799  -25.091  -36.553  53.144 0.2222220004
19157  -21.054  -32.136  56.047 0.7777780294
69169  -20.712  -31.892  56.081 0.7777780294
17321  -25.767  -35.645  53.061 0.5555559993
17322  -26.471  -34.923  53.080 0.5555559993
20175  -20.593  -30.817  56.024 0.8888890147
17940  -26.992  -34.232  53.075 0.5555559993
63006  -27.002  -34.953  53.078 0.5555559993
17941  -27.724  -33.899  52.995 0.5555559993
59781  -20.063  -30.655  55.550 0.8888890147
18604  -27.651  -33.316  52.452 0.7777780294
19211  -32.520  -32.807  50.013 0.5555559993
20186  -19.367  -30.512  54.587 0.7777780294
60302  -28.232  -33.005  51.912 0.8888890147
19202  -28.394  -32.410  51.314 0.8888890147
19203  -29.329  -32.423  51.236 0.8888890147
19728  -31.321  -32.014  50.270 0.6666669846
19725  -28.948  -31.833  50.765 1.0000000000
20206  -17.691  -30.376  53.034 0.5555559993
20199  -19.558  -30.115  53.693 0.6666669846
66734  -29.688  -31.842  50.726 0.8888890147
70369  -30.143  -31.861  50.658 0.8888890147
69883  -18.267  -30.059  52.765 0.6666669846
66642  -24.768  -35.602  53.130 0.3333329856
19166  -21.888  -31.862  55.009 0.5555559993
19680  -21.061  -31.531  56.072 0.7777780294
19688  -21.325  -31.533  55.308 0.7777780294
20176  -21.053  -30.921  55.974 0.7777780294
18594  -27.093  -33.421  53.003 0.8888890147
20187  -20.920  -30.587  55.703 0.8888890147
19732  -32.005  -32.031  49.899 0.5555559993
20200  -20.268  -30.279  54.663 0.8888890147
64225  -30.991  -31.253  50.406 0.8888890147
20207  -18.950  -29.919  52.848 0.6666669846
19726  -30.199  -31.304  50.530 0.8888890147
69412  -17.682  -29.714  52.410 0.4444440007
20666  -19.714  -29.727  52.862 0.7777780294
20212  -29.476  -31.189  50.499 1.0000000000
20678  -18.393  -29.524  52.232 0.4444440007
20679  -19.178  -29.432  52.120 0.6666669846
20680  -19.975  -29.391  52.166 0.6666669846
19181  -22.904  -32.233  53.760 0.1111110002
19180  -22.619  -32.354  53.456 0.1111110002
16798  -24.220  -36.721  53.086 0.2222220004
19701  -22.424  -31.690  54.183 0.2222220004
17937  -24.165  -34.873  53.144 0.3333329856
17938  -25.063  -34.449  53.038 0.4444440007
18592  -25.390  -33.485  53.099 0.6666669846
62488  -25.649  -34.964  53.064 0.6666669846
62580  -21.658  -30.890  55.178 0.7777780294
18593  -26.370  -33.394  53.034 0.6666669846
19212  -33.048  -32.681  49.474 0.4444440007
19733  -32.639  -31.977  49.438 0.4444440007
20658  -21.167  -30.116  54.697 0.7777780294
20188  -21.519  -30.461  55.134 0.7777780294
20189  -22.541  -30.436  55.087 0.7777780294
19185  -26.966  -32.682  52.518 0.8888890147
19192  -27.590  -32.614  51.785 1.0000000000
64750  -31.693  -31.247  50.087 0.7777780294
19201  -27.623  -32.091  51.285 1.0000000000
59437  -22.212  -29.914  54.741 0.7777780294
20667  -20.450  -29.821  53.595 0.7777780294
20668  -21.462  -29.627  53.752 0.7777780294
20669  -22.403  -29.373  53.776 0.7777780294
19724  -28.109  -31.769  50.782 0.8888890147
71081  -20.215  -29.580  52.795 0.6666669846
59338  -21.786  -29.164  52.822 0.7777780294
19731  -28.693  -31.163  50.420 0.8888890147
61480  -20.812  -29.376  52.591 0.5555559993
20692  -21.322  -28.902  51.859 0.5555559993
21179  -22.134  -28.702  52.088 0.6666669846
67325  -23.209  -32.609  53.402 0.1111110002
18590  -23.626  -33.165  53.184 0.1111110002
18581  -23.669  -32.631  53.686 0.2222220004
69219  -24.035  -32.932  53.435 0.6666669846
18591  -24.361  -33.724  53.074 0.5555559993
19689  -22.348  -31.188  55.057 0.7777780294
19182  -24.780  -32.872  53.116 0.6666669846
19183  -25.658  -32.569  53.058 0.7777780294
66231  -33.430  -31.971  49.062 0.4444440007
68657  -33.520  -32.809  49.150 0.2222220004
19219  -34.064  -32.610  48.794 0.2222220004
19713  -25.771  -31.613  53.129 1.0000000000
19184  -26.447  -32.606  52.886 1.0000000000
19715  -26.413  -31.773  52.702 0.8888890147
64951  -32.320  -31.278  49.623 0.6666669846
65322  -32.994  -31.198  49.245 0.5555559993
66252  -23.028  -29.845  54.906 0.7777780294
19719  -26.922  -31.943  51.822 1.0000000000
19718  -26.432  -31.241  52.429 1.0000000000
20223  -32.254  -30.514  49.971 0.7777780294
20224  -32.730  -30.615  49.499 0.6666669846
20227  -33.265  -30.391  49.101 0.8888890147
60777  -22.979  -29.547  54.443 0.7777780294
20215  -31.444  -30.405  50.412 0.8888890147
20670  -23.429  -29.087  53.854 0.8888890147
19723  -27.346  -31.551  51.076 1.0000000000
20213  -30.012  -30.542  50.583 1.0000000000
20214  -30.673  -30.562  50.571 0.8888890147
20681  -22.679  -28.892  52.997 0.7777780294
20682  -23.495  -28.667  53.064 0.8888890147
61206  -24.281  -29.067  54.169 0.8888890147
20691  -20.481  -28.975  51.569 0.5555559993
21195  -21.718  -28.502  51.360 0.5555559993
21180  -22.987  -28.460  52.245 0.6666669846
19173  -23.267  -31.999  54.012 0.6666669846
19174  -24.164  -32.259  53.958 0.7777780294
70954  -22.911  -31.247  54.444 0.6666669846
19702  -23.669  -31.107  54.144 0.7777780294
19703  -24.711  -31.329  54.089 1.0000000000
19175  -25.070  -32.014  53.760 1.0000000000
19690  -23.072  -30.616  55.008 0.7777780294
19704  -25.351  -31.226  53.769 1.0000000000
19739  -34.095  -31.662  48.522 0.4444440007
20652  -23.425  -29.982  55.021 0.7777780294
20190  -24.349  -30.368  54.270 0.7777780294
19737  -33.651  -31.040  48.814 0.5555559993
60473  -34.661  -31.284  48.094 0.4444440007
20177  -23.727  -30.300  54.424 0.7777780294
20191  -25.255  -30.383  54.146 1.0000000000
19705  -25.823  -30.687  53.874 1.0000000000
19714  -26.110  -30.765  53.169 1.0000000000
70939  -34.159  -30.942  48.404 0.4444440007
20659  -23.735  -29.483  54.567 0.7777780294
20178  -24.162  -29.726  54.734 0.8888890147
20228  -33.896  -30.312  48.612 0.7777780294
20230  -34.454  -30.536  48.024 0.4444440007
20208  -26.265  -30.554  52.424 0.8888890147
19722  -26.704  -31.165  51.608 0.8888890147
20706  -33.020  -29.761  49.713 0.8888890147
20710  -33.510  -29.565  49.012 0.8888890147
21172  -24.363  -28.744  53.528 0.8888890147
19730  -27.834  -31.130  50.466 0.8888890147
62378  -30.997  -29.929  50.818 0.8888890147
20705  -32.151  -29.658  50.257 0.8888890147
20707  -33.427  -28.879  49.629 0.8888890147
21173  -25.169  -28.892  53.439 0.8888890147
20211  -27.085  -30.927  50.802 0.8888890147
20221  -29.302  -30.365  50.400 0.8888890147
21181  -23.974  -28.329  52.406 0.6666669846
68413  -24.711  -28.551  52.815 0.6666669846
20220  -28.379  -30.439  50.164 0.8888890147
59323  -30.503  -29.851  50.846 0.7777780294
20222  -30.025  -29.871  50.776 0.7777780294
20697  -31.429  -29.545  50.785 0.8888890147
21216  -32.734  -28.762  50.104 0.8888890147
20703  -28.806  -29.586  50.193 0.7777780294
20696  -30.863  -29.308  51.115 0.7777780294
61730  -32.073  -28.902  50.733 0.8888890147
21217  -33.248  -28.242  49.963 0.8888890147
20704  -29.645  -29.431  50.676 0.7777780294
21203  -31.332  -28.753  51.165 0.7777780294
68902  -32.370  -28.345  50.507 0.7777780294
21215  -29.236  -28.750  50.577 0.5555559993
20695  -30.343  -29.179  51.135 0.7777780294
21204  -33.023  -27.902  50.639 0.6666669846
21201  -29.932  -28.693  51.241 0.6666669846
20685  -30.819  -28.674  51.649 0.6666669846
21187  -32.239  -28.029  51.241 0.5555559993
21781  -33.005  -27.632  50.232 0.7777780294
21202  -30.407  -28.547  51.632 0.5555559993
21186  -31.420  -28.109  51.904 0.4444440007
21768  -33.009  -27.436  50.994 0.5555559993
21767  -32.250  -27.264  51.272 0.5555559993
19230  -34.615  -32.138  48.142 0.3333329856
19740  -35.367  -31.772  48.021 0.4444440007
20661  -25.274  -29.583  54.207 1.0000000000
20201  -25.893  -30.115  53.994 1.0000000000
20673  -26.029  -29.960  53.356 1.0000000000
20660  -24.565  -29.326  54.380 1.0000000000
20671  -24.990  -29.031  54.088 1.0000000000
20672  -25.602  -29.452  53.821 1.0000000000
20210  -26.517  -30.468  51.346 0.8888890147
60818  -34.004  -29.689  48.253 0.8888890147
21183  -25.215  -28.732  52.452 0.7777780294
20219  -27.538  -30.435  50.227 0.8888890147
21220  -33.534  -28.911  49.077 0.8888890147
21223  -33.725  -29.037  48.281 0.8888890147
61637  -24.052  -27.914  51.451 0.4444440007
62619  -33.360  -28.447  49.504 0.7777780294
21182  -24.629  -28.274  51.875 0.6666669846
20702  -27.928  -29.658  49.819 0.7777780294
59768  -33.238  -28.003  49.646 0.8888890147
59082  -28.322  -28.692  49.885 0.5555559993
21200  -28.897  -27.999  50.588 0.4444440007
21766  -29.571  -28.057  51.378 0.5555559993
21185  -30.599  -28.167  51.970 0.3333329856
22318  -32.755  -27.039  50.519 0.5555559993
21184  -30.045  -28.084  51.846 0.3333329856
21756  -30.989  -27.443  52.055 0.1111110002
21757  -31.965  -27.511  52.054 0.2222220004
65733  -32.407  -26.641  51.025 0.3333329856
66789  -32.089  -26.836  51.635 0.1111110002
19231  -35.252  -32.562  48.074 0.2222220004
20231  -35.342  -30.916  47.620 0.4444440007
20712  -34.822  -30.113  47.492 0.8888890147
20684  -26.082  -29.858  52.199 0.8888890147
20683  -25.661  -29.352  52.975 0.8888890147
20693  -25.706  -29.132  51.748 0.7777780294
20694  -26.338  -29.658  50.774 0.8888890147
20218  -26.879  -30.314  50.540 0.8888890147
21199  -25.217  -28.394  51.251 0.6666669846
20701  -27.105  -29.742  49.963 0.7777780294
21198  -24.575  -27.716  50.776 0.4444440007
67089  -26.674  -29.071  49.869 0.6666669846
59222  -27.402  -28.906  49.674 0.6666669846
21212  -25.331  -27.873  50.320 0.4444440007
21755  -30.056  -27.505  52.104 0.1111110002
21754  -29.551  -27.327  52.158 0.1111110002
65074  -31.608  -26.729  52.094 0.1111110002
22331  -32.267  -26.375  50.600 0.3333329856
19741  -36.285  -31.574  47.769 0.2222220004
20232  -36.498  -30.795  47.493 0.2222220004
20241  -35.740  -30.213  47.182 0.5555559993
20723  -34.446  -29.452  47.414 0.8888890147
58983  -25.914  -28.632  50.300 0.5555559993
21234  -33.981  -28.781  47.165 0.8888890147
21214  -27.626  -28.047  49.656 0.5555559993
65378  -28.280  -27.844  50.019 0.3333329856
19742  -37.597  -31.499  48.087 0.1111110002
20242  -36.681  -30.004  47.254 0.1111110002
20233  -37.716  -30.567  47.880 0.1111110002
20724  -35.300  -29.626  46.992 0.7777780294
65945  -36.029  -29.653  46.913 0.2222220004
21235  -34.999  -28.913  46.646 0.8888890147
21795  -33.358  -28.253  47.243 1.0000000000
20713  -38.123  -29.698  47.513 0.1111110002
20243  -37.533  -29.538  47.416 0.2222220004
61791  -35.877  -29.070  46.680 0.4444440007
20725  -36.652  -29.220  46.983 0.2222220004
21248  -34.494  -28.220  46.420 1.0000000000
21247  -33.699  -28.074  46.625 1.0000000000
62197  -38.189  -29.086  47.654 0.2222220004
21237  -37.442  -28.705  47.237 0.2222220004
21236  -36.579  -28.276  46.714 0.5555559993
64257  -35.742  -28.411  46.475 0.5555559993
21249  -35.271  -28.086  46.314 0.8888890147
21811  -35.961  -27.382  46.443 0.7777780294
21810  -34.964  -27.214  46.138 1.0000000000
63933  -34.177  -27.589  46.190 1.0000000000
21822  -33.305  -26.679  45.807 1.0000000000
21809  -33.482  -27.409  46.178 1.0000000000
60702  -38.759  -28.965  48.035 0.1111110002
21224  -38.396  -28.287  47.813 0.2222220004
21797  -37.512  -27.768  47.210 0.3333329856
21796  -36.904  -27.123  46.924 0.6666669846
22356  -35.589  -26.095  46.561 1.0000000000
21823  -34.129  -26.799  45.934 1.0000000000
22371  -33.111  -25.948  45.635 1.0000000000
22370  -32.453  -26.467  45.744 1.0000000000
64204  -37.598  -26.834  47.386 0.4444440007
22345  -36.448  -26.075  47.012 0.7777780294
22355  -34.691  -26.057  46.206 1.0000000000
22372  -33.806  -25.796  45.932 1.0000000000
22962  -32.492  -25.579  45.531 1.0000000000
22961  -31.757  -25.228  45.312 0.7777780294
59297  -30.981  -25.020  45.132 0.4444440007
21225  -38.852  -28.343  48.069 0.1111110002
21789  -38.170  -27.240  47.694 0.2222220004
21790  -38.792  -27.722  48.060 0.2222220004
22346  -37.167  -26.091  47.380 0.4444440007
22953  -35.151  -24.816  47.104 0.7777780294
22938  -35.875  -24.757  47.252 0.8888890147
22952  -34.419  -24.934  46.653 1.0000000000
23516  -34.621  -23.628  47.559 1.0000000000
22963  -33.146  -24.972  45.859 1.0000000000
22951  -33.778  -24.147  46.794 1.0000000000
66228  -32.452  -24.354  45.736 0.8888890147
23536  -30.909  -24.142  44.898 0.3333329856
23528  -31.734  -23.852  45.380 0.3333329856
23529  -32.591  -22.853  46.375 0.7777780294
24084  -31.441  -22.768  45.174 0.2222220004
22339  -37.713  -26.120  47.553 0.3333329856
22939  -36.662  -25.191  47.307 0.4444440007
22940  -37.203  -25.459  47.383 0.4444440007
69718  -36.127  -24.531  47.031 0.7777780294
23502  -35.555  -24.054  47.271 0.7777780294
23517  -35.247  -23.985  47.523 0.8888890147
24043  -35.596  -23.827  47.172 0.7777780294
23501  -35.045  -23.582  47.492 0.8888890147
24057  -36.170  -23.860  47.049 0.6666669846
24056  -35.192  -23.302  47.355 0.8888890147
23515  -33.828  -22.915  47.474 0.8888890147
24055  -34.486  -22.959  47.622 1.0000000000
24071  -35.211  -23.117  46.165 0.8888890147
24072  -36.101  -23.673  46.216 0.7777780294
23530  -33.100  -23.309  46.771 0.8888890147
69344  -34.507  -22.714  47.289 0.8888890147
60871  -33.231  -22.518  46.895 0.8888890147
24054  -33.901  -22.533  47.262 1.0000000000
24070  -34.241  -22.489  46.450 1.0000000000
24089  -35.949  -23.561  44.895 1.0000000000
24069  -33.325  -22.126  46.369 0.8888890147
24088  -35.066  -23.265  44.692 1.0000000000
24067  -32.278  -22.522  45.939 0.2222220004
24068  -32.778  -22.179  46.301 0.4444440007
24085  -32.321  -22.063  45.525 0.3333329856
24087  -34.100  -22.651  45.086 0.8888890147
24638  -32.801  -21.915  45.703 0.4444440007
24086  -33.382  -22.168  45.216 0.6666669846
24098  -34.596  -23.152  43.828 0.8888890147
24647  -33.041  -22.291  44.316 0.5555559993
21791  -39.039  -27.688  48.048 0.1111110002
21226  -39.269  -28.341  47.390 0.1111110002
22340  -38.462  -26.773  47.464 0.2222220004
22934  -37.441  -25.356  47.348 0.4444440007
22933  -36.819  -24.827  47.160 0.4444440007
24044  -36.232  -24.097  46.935 0.7777780294
23518  -37.128  -24.363  46.838 0.5555559993
24073  -37.044  -24.023  46.077 0.6666669846
23531  -37.983  -24.246  45.771 0.7777780294
59218  -37.724  -23.789  45.016 0.7777780294
24090  -36.866  -23.752  44.984 0.8888890147
24101  -37.401  -23.295  44.107 0.8888890147
62826  -36.538  -23.401  44.020 0.7777780294
65516  -35.828  -23.404  43.986 0.7777780294
24100  -36.105  -23.123  43.314 0.7777780294
24099  -35.357  -23.232  43.513 0.8888890147
24097  -33.875  -22.832  44.040 0.7777780294
24657  -33.648  -22.801  43.202 0.6666669846
24106  -34.262  -23.005  43.257 0.7777780294
22941  -38.541  -25.975  47.123 0.2222220004
22935  -37.804  -25.695  47.470 0.3333329856
23498  -37.477  -24.994  47.356 0.3333329856
59470  -37.724  -24.779  47.093 0.3333329856
23503  -36.087  -24.251  46.983 0.5555559993
23504  -36.814  -24.571  46.974 0.4444440007
23519  -38.296  -24.574  46.345 0.3333329856
67799  -38.452  -23.713  45.098 0.6666669846
24058  -39.002  -23.952  45.543 0.4444440007
24091  -38.241  -23.209  44.381 0.8888890147
24092  -39.032  -23.216  44.872 0.5555559993
59030  -38.863  -22.716  44.288 0.7777780294
70446  -37.882  -22.929  43.911 0.8888890147
70186  -38.367  -22.550  43.708 0.8888890147
24648  -36.866  -22.940  43.359 0.7777780294
58971  -37.617  -22.731  43.463 0.7777780294
24107  -34.847  -23.057  42.965 0.7777780294
24108  -35.555  -22.927  42.743 0.6666669846
66663  -33.429  -22.608  42.333 0.5555559993
24658  -34.262  -22.804  42.464 0.7777780294
24659  -34.963  -22.781  42.256 0.6666669846
60059  -35.574  -22.588  42.038 0.6666669846
69658  -34.544  -22.647  41.925 0.6666669846
24671  -34.879  -22.487  41.507 0.6666669846
22347  -39.040  -26.386  47.105 0.2222220004
22348  -39.810  -26.277  47.082 0.1111110002
23505  -38.395  -25.248  47.042 0.3333329856
69642  -39.270  -25.105  46.740 0.3333329856
61576  -38.768  -24.842  46.585 0.3333329856
22943  -40.033  -25.720  46.888 0.2222220004
64305  -39.151  -24.432  46.030 0.3333329856
68548  -40.559  -25.529  46.277 0.2222220004
23520  -39.681  -24.613  46.253 0.3333329856
24059  -39.802  -23.923  45.826 0.3333329856
24074  -39.796  -23.234  45.319 0.3333329856
24075  -40.637  -23.339  45.784 0.3333329856
24629  -40.562  -22.561  45.271 0.3333329856
24628  -39.686  -22.509  44.627 0.5555559993
24649  -39.202  -22.183  43.863 0.8888890147
25222  -39.906  -21.838  44.095 0.7777780294
25229  -38.859  -21.855  43.155 0.7777780294
25230  -39.673  -21.544  43.420 0.7777780294
24660  -37.237  -22.447  42.757 0.7777780294
24661  -38.051  -22.201  42.934 0.7777780294
71303  -36.338  -22.655  42.562 0.7777780294
25237  -37.711  -21.875  42.210 0.7777780294
25238  -38.532  -21.552  42.386 0.7777780294
24673  -36.905  -22.149  42.030 0.7777780294
24672  -36.151  -22.290  41.733 0.7777780294
63211  -35.536  -22.310  41.431 0.6666669846
25249  -36.677  -21.819  41.332 0.7777780294
25250  -37.386  -21.653  41.593 0.7777780294
24683  -35.920  -21.977  41.036 0.7777780294
25262  -36.461  -21.483  40.589 0.5555559993
25263  -37.375  -21.258  40.927 0.7777780294
63147  -38.141  -21.262  41.548 0.7777780294
25261  -35.578  -21.657  40.273 0.5555559993
25843  -36.973  -20.917  40.184 0.5555559993
25273  -36.072  -21.115  39.784 0.5555559993
25855  -36.574  -20.479  39.399 0.3333329856
22942  -39.385  -25.636  47.033 0.2222220004
23506  -39.910  -25.153  46.662 0.3333329856
23521  -40.454  -24.713  46.325 0.3333329856
24060  -40.541  -24.088  46.104 0.3333329856
58922  -41.223  -24.344  46.140 0.3333329856
24076  -41.471  -23.531  46.051 0.2222220004
60484  -41.846  -23.836  46.055 0.2222220004
24630  -41.595  -22.629  45.862 0.2222220004
24061  -42.335  -22.843  46.051 0.2222220004
25212  -41.276  -21.928  45.277 0.3333329856
24624  -42.421  -22.244  46.029 0.2222220004
25801  -41.981  -21.425  45.313 0.3333329856
25223  -41.229  -21.344  44.596 0.6666669846
62684  -40.519  -21.275  43.834 0.6666669846
25239  -39.342  -21.262  42.643 0.7777780294
25844  -37.639  -20.726  40.465 0.6666669846
25264  -38.040  -20.831  40.884 0.6666669846
25835  -38.664  -20.584  41.140 0.6666669846
25854  -35.653  -20.628  39.047 0.5555559993
25856  -37.437  -20.360  39.865 0.6666669846
25845  -38.205  -20.266  40.378 0.6666669846
25862  -35.313  -20.119  38.518 0.1111110002
25863  -36.133  -20.032  38.657 0.3333329856
25864  -37.093  -19.789  39.030 0.5555559993
26462  -37.848  -19.839  39.653 0.6666669846
26463  -38.515  -19.514  39.850 0.6666669846
25214  -43.106  -21.709  45.614 0.2222220004
25803  -43.332  -20.952  45.220 0.2222220004
25215  -43.729  -21.510  45.160 0.1111110002
25809  -41.898  -20.852  44.659 0.5555559993
25231  -41.298  -20.787  43.988 0.6666669846
25240  -40.119  -20.957  42.967 0.7777780294
25817  -40.846  -20.602  43.277 0.7777780294
25826  -39.750  -20.641  42.218 0.7777780294
25251  -39.002  -20.945  41.877 0.7777780294
25836  -39.422  -20.316  41.475 0.7777780294
26442  -39.834  -19.702  41.168 0.7777780294
25846  -39.093  -19.862  40.676 0.6666669846
26452  -39.664  -19.333  40.622 0.7777780294
26473  -37.838  -19.153  39.021 0.5555559993
26451  -39.257  -19.125  40.054 0.7777780294
27052  -39.874  -18.692  40.339 0.7777780294
69938  -37.174  -19.224  38.652 0.3333329856
25802  -42.683  -20.895  45.294 0.4444440007
69577  -41.847  -20.424  44.121 0.4444440007
25810  -42.451  -20.345  44.566 0.4444440007
25818  -41.527  -20.244  43.534 0.5555559993
25827  -40.479  -20.347  42.535 0.8888890147
25828  -41.175  -20.017  42.838 0.5555559993
25837  -40.143  -20.058  41.823 0.7777780294
26443  -40.497  -19.440  41.488 0.7777780294
27043  -40.798  -18.733  41.162 0.7777780294
26453  -40.222  -19.103  40.875 0.7777780294
27053  -40.399  -18.438  40.662 0.7777780294
60521  -37.219  -18.655  38.391 0.3333329856
27062  -38.696  -18.722  39.354 0.5555559993
27063  -39.420  -18.307  39.755 0.7777780294
27064  -40.127  -17.812  40.233 0.7777780294
27083  -36.797  -18.035  38.003 0.4444440007
27072  -38.127  -18.295  38.738 0.5555559993
27073  -38.882  -17.893  39.151 0.6666669846
27675  -39.519  -17.408  39.649 0.7777780294
26412  -43.260  -20.219  45.040 0.3333329856
25804  -44.059  -20.657  45.058 0.2222220004
26418  -42.949  -19.745  44.448 0.4444440007
26434  -41.493  -19.403  42.458 0.6666669846
26433  -40.816  -19.736  42.155 0.8888890147
26444  -41.172  -19.101  41.759 0.5555559993
27044  -41.414  -18.297  41.480 0.6666669846
27054  -40.904  -17.811  40.864 0.7777780294
27686  -37.611  -17.798  38.289 0.4444440007
27687  -38.368  -17.404  38.668 0.5555559993
27688  -39.014  -16.918  39.143 0.7777780294
62202  -43.828  -19.892  45.000 0.3333329856
27010  -43.908  -19.203  44.600 0.3333329856
25819  -42.195  -19.940  43.894 0.4444440007
26419  -43.474  -19.150  44.319 0.4444440007
26426  -41.859  -19.655  43.168 0.5555559993
26435  -42.157  -19.034  42.757 0.5555559993
27036  -42.285  -18.405  42.426 0.5555559993
67085  -41.765  -18.730  42.127 0.5555559993
27045  -42.034  -17.910  41.916 0.5555559993
27657  -41.595  -17.362  41.387 0.5555559993
27658  -42.320  -16.831  41.889 0.5555559993
27668  -41.697  -16.392  41.270 0.6666669846
27667  -41.144  -16.854  40.976 0.6666669846
27666  -40.584  -16.871  40.505 0.7777780294
28256  -38.589  -16.514  38.612 0.2222220004
28257  -39.224  -16.072  39.020 0.7777780294
28243  -39.653  -16.431  39.570 0.7777780294
27676  -40.023  -16.890  40.037 0.7777780294
28272  -37.416  -16.474  37.849 0.2222220004
28816  -40.778  -15.092  37.932 0.7777780294
28817  -41.699  -15.006  37.935 0.7777780294
29321  -42.575  -14.941  37.998 0.7777780294
26414  -44.918  -19.150  44.460 0.4444440007
26427  -42.674  -19.238  43.585 0.4444440007
27021  -43.981  -18.469  44.241 0.4444440007
27030  -42.755  -18.453  42.976 0.4444440007
59521  -43.375  -18.478  43.686 0.4444440007
27647  -43.324  -17.687  43.073 0.4444440007
27659  -43.144  -16.813  42.528 0.4444440007
69448  -44.047  -16.928  43.237 0.4444440007
27646  -42.670  -17.671  42.427 0.4444440007
28231  -42.867  -16.084  42.069 0.5555559993
28232  -43.747  -15.931  42.460 0.4444440007
28244  -40.337  -16.024  40.027 0.7777780294
28786  -40.483  -15.456  39.486 0.7777780294
28814  -38.301  -15.485  37.737 0.2222220004
28798  -38.817  -15.802  38.365 0.2222220004
28258  -39.879  -15.730  39.320 0.7777780294
28800  -41.061  -15.139  39.063 0.7777780294
28801  -41.991  -15.030  38.683 0.7777780294
29893  -42.115  -13.417  36.540 0.6666669846
27022  -44.523  -18.638  44.270 0.4444440007
27632  -44.470  -17.673  43.992 0.4444440007
69874  -43.846  -17.815  43.678 0.4444440007
28224  -44.486  -16.139  42.956 0.4444440007
28770  -43.154  -15.428  41.597 0.5555559993
28230  -42.338  -15.892  41.543 0.7777780294
28236  -41.099  -16.000  40.680 0.7777780294
28237  -41.869  -15.684  40.957 0.7777780294
28778  -42.264  -15.227  40.476 0.7777780294
28777  -41.586  -15.426  40.401 0.7777780294
28788  -41.893  -15.091  39.666 0.7777780294
28787  -41.003  -15.397  39.992 0.7777780294
28789  -42.876  -14.942  39.843 0.7777780294
29339  -43.988  -14.303  37.714 0.7777780294
29338  -43.114  -14.483  37.494 0.7777780294
29352  -42.652  -14.022  36.915 0.7777780294
29876  -43.539  -13.822  37.095 0.7777780294
29894  -42.979  -13.254  36.591 0.7777780294
30471  -42.394  -12.747  36.210 0.4444440007
28214  -44.866  -16.591  43.397 0.4444440007
28225  -45.109  -15.896  42.998 0.4444440007
28761  -44.655  -15.556  42.536 0.4444440007
28771  -44.191  -15.185  41.899 0.4444440007
28769  -42.498  -15.428  41.087 0.6666669846
28779  -43.043  -15.040  40.719 0.5555559993
29314  -43.747  -14.792  40.076 0.6666669846
29323  -44.266  -14.535  38.475 0.7777780294
29863  -44.784  -14.069  38.022 0.7777780294
29877  -44.411  -13.598  37.378 0.7777780294
29895  -43.919  -12.996  36.724 0.7777780294
30472  -43.228  -12.615  36.219 0.5555559993
28762  -45.425  -15.393  42.623 0.4444440007
28772  -45.148  -15.023  42.111 0.5555559993
29296  -44.862  -14.753  41.320 0.5555559993
28780  -43.894  -14.893  41.037 0.5555559993
29304  -44.630  -14.624  40.354 0.5555559993
29878  -45.190  -13.378  37.710 0.7777780294
30484  -42.686  -12.137  35.764 0.4444440007
30483  -41.808  -12.208  35.819 0.4444440007
29291  -45.939  -14.889  42.240 0.4444440007
29292  -46.543  -15.086  42.136 0.3333329856
29297  -45.860  -14.563  41.666 0.5555559993
29305  -45.561  -14.363  40.711 0.5555559993
66147  -45.258  -14.325  39.682 0.6666669846
70101  -45.644  -13.956  39.144 0.6666669846
29864  -45.482  -13.721  38.434 0.7777780294
30442  -45.944  -13.103  38.072 0.7777780294
30452  -44.831  -12.905  37.052 0.7777780294
71092  -43.906  -12.440  36.223 0.7777780294
30473  -44.523  -12.438  36.499 0.7777780294
30485  -43.529  -12.061  35.798 0.6666669846
29306  -46.661  -13.933  41.125 0.6666669846
29854  -46.104  -13.929  39.977 0.6666669846
29865  -46.302  -13.422  39.032 0.6666669846
30453  -45.580  -12.683  37.380 0.7777780294
30474  -45.230  -12.296  36.763 0.7777780294
30486  -44.304  -11.990  35.971 0.6666669846
31046  -43.066  -11.529  35.330 0.6666669846
29299  -47.057  -14.558  41.705 0.3333329856
29298  -46.585  -14.412  41.787 0.4444440007
29842  -47.089  -13.992  41.219 0.3333329856
29847  -47.530  -13.437  40.715 0.5555559993
29855  -46.974  -13.422  40.127 0.6666669846
30434  -47.145  -12.894  39.352 0.6666669846
30443  -46.677  -12.692  38.468 0.6666669846
59245  -47.025  -12.063  38.006 0.6666669846
30454  -46.308  -12.397  37.692 0.7777780294
31023  -45.943  -12.045  37.025 0.7777780294
31024  -46.625  -11.712  37.352 0.7777780294
31039  -44.904  -11.965  36.286 0.7777780294
31040  -45.503  -11.664  36.443 0.7777780294
71279  -41.986  -10.859  34.878 0.4444440007
31593  -42.642  -10.929  34.893 0.5555559993
31047  -43.955  -11.439  35.473 0.6666669846
31048  -44.890  -11.321  35.804 0.6666669846
31594  -43.507  -10.856  34.970 0.5555559993
29848  -48.536  -13.808  40.148 0.4444440007
29843  -47.714  -13.725  40.876 0.4444440007
29856  -47.592  -12.978  40.162 0.5555559993
30435  -47.841  -12.512  39.664 0.6666669846
30444  -47.416  -12.311  38.799 0.6666669846
31004  -47.701  -11.680  38.381 0.6666669846
31025  -47.323  -11.381  37.672 0.6666669846
31602  -43.067  -10.269  34.500 0.5555559993
31595  -44.401  -10.641  35.189 0.7777780294
31049  -45.753  -10.897  36.061 0.7777780294
31041  -46.229  -11.343  36.702 0.7777780294
30423  -48.076  -13.188  40.322 0.4444440007
61838  -48.953  -13.136  40.060 0.4444440007
29849  -49.672  -13.620  40.015 0.4444440007
30427  -48.029  -12.800  40.219 0.6666669846
30428  -48.682  -12.530  40.056 0.5555559993
30436  -48.546  -12.176  39.950 0.5555559993
30997  -48.824  -11.605  39.615 0.6666669846
31005  -48.432  -11.333  38.749 0.6666669846
31580  -46.957  -11.017  36.988 0.7777780294
31597  -46.029  -9.960  35.704 0.7777780294
31588  -46.498  -10.518  36.363 0.7777780294
30998  -49.276  -11.564  39.312 0.5555559993
31546  -49.079  -10.969  39.046 0.5555559993
31561  -48.743  -10.668  38.443 0.6666669846
30437  -50.258  -12.193  38.604 0.3333329856
30445  -51.154  -12.261  37.858 0.3333329856
31582  -48.372  -10.357  37.734 0.6666669846
32110  -48.021  -9.808  37.098 0.7777780294
31589  -47.264  -10.153  36.679 0.7777780294
31547  -49.663  -10.713  38.858 0.4444440007
31000  -50.311  -11.411  38.493 0.3333329856
31562  -49.364  -10.403  38.629 0.6666669846
31006  -50.907  -11.601  38.029 0.3333329856
32098  -48.936  -10.190  38.104 0.6666669846
32111  -48.719  -9.668  37.498 0.7777780294
31548  -50.079  -10.785  38.759 0.4444440007
31564  -50.654  -10.860  38.120 0.4444440007
32083  -49.770  -10.173  38.574 0.6666669846
32099  -49.291  -9.974  37.887 0.6666669846
69959  -49.723  -9.077  37.022 0.6666669846
60542  -49.018  -9.078  37.221 0.6666669846
70541  -49.417  -9.734  37.350 0.6666669846
32112  -50.361  -9.932  37.261 0.5555559993
32120  -50.493  -9.752  36.457 0.5555559993
31563  -50.104  -10.325  38.429 0.5555559993
32101  -50.687  -10.101  37.903 0.4444440007
31583  -51.166  -10.695  37.466 0.4444440007
29337  -42.218  -14.586  37.365 0.7777780294
29322  -43.428  -14.767  38.213 0.7777780294
28802  -42.741  -14.961  38.885 0.7777780294
29313  -43.629  -14.837  39.087 0.7777780294
64961  -44.464  -14.609  39.360 0.7777780294
29324  -45.022  -14.268  38.787 0.6666669846
29300  -47.367  -14.255  41.104 0.3333329856
64272  -15.146  -36.424  57.104 0.4444440007
18557  -17.308  -33.510  56.415 0.6666669846
18566  -18.204  -33.367  56.174 0.7777780294
17912  -18.937  -34.131  56.034 0.5555559993
19145  -12.065  -32.930  57.196 0.3333329856
19697  -15.142  -31.544  54.229 0.5555559993
18574  -20.025  -33.073  55.960 0.4444440007
17332  -28.127  -35.283  52.090 0.4444440007
18628  -31.510  -33.816  50.319 0.3333329856
18629  -32.183  -33.585  49.924 0.2222220004
19194  -29.861  -33.101  51.836 0.7777780294
59963  -18.589  -30.410  53.616 0.6666669846
17939  -26.036  -34.203  53.063 0.6666669846
20690  -19.580  -28.824  51.409 0.4444440007
63548  -23.866  -33.231  53.229 0.4444440007
20179  -24.837  -29.735  54.677 0.8888890147
21222  -33.413  -28.508  48.183 0.8888890147
19743  -38.059  -31.282  48.114 0.1111110002
21808  -32.672  -27.166  46.214 1.0000000000
64956  -32.396  -21.855  45.065 0.2222220004
65032  -32.989  -22.567  43.151 0.4444440007
24639  -40.510  -21.876  44.630 0.6666669846
61171  -41.913  -21.915  45.666 0.2222220004
64654  -42.884  -22.307  46.056 0.2222220004
25213  -42.711  -21.675  45.848 0.2222220004
25853  -34.800  -20.672  38.861 0.1111110002
26472  -36.476  -19.291  38.385 0.4444440007
68927  -43.622  -19.642  44.871 0.3333329856
27709  -37.893  -16.933  38.252 0.3333329856
29336  -41.315  -14.661  37.288 0.7777780294
64699  -39.498  -15.549  38.608 0.4444440007
28799  -40.224  -15.319  38.779 0.7777780294
69784  -44.719  -17.092  43.767 0.4444440007
28763  -46.105  -15.461  42.643 0.4444440007
30996  -48.146  -11.950  39.177 0.6666669846
31603  -43.981  -10.110  34.611 0.5555559993
31560  -48.041  -11.056  38.013 0.6666669846
31581  -47.650  -10.649  37.367 0.7777780294
32100  -50.011  -9.926  37.918 0.6666669846
17891  -9.552  -34.400  58.469 0.2222220004
17886  -9.650  -34.137  59.071 0.4444440007
17881  -9.661  -33.523  59.283 0.4444440007
17880  -9.125  -33.638  59.527 0.3333329856
18541  -10.107  -33.242  59.339 0.4444440007
65869  -8.551  -33.175  60.100 0.3333329856
18535  -9.586  -33.097  60.052 0.3333329856
71128  -7.930  -33.173  60.228 0.2222220004
19138  -10.446  -32.856  59.154 0.3333329856
18536  -10.090  -32.792  59.913 0.1111110002
18530  -7.861  -33.037  60.962 0.3333329856
64471  -9.470  -32.373  60.135 0.2222220004
19135  -9.889  -32.028  59.900 0.1111110002
18534  -7.310  -33.071  60.425 0.3333329856
18533  -6.355  -33.067  60.098 0.2222220004
19137  -10.246  -32.249  59.122 0.1111110002
19133  -8.717  -32.460  60.367 0.2222220004
19140  -10.322  -31.695  58.358 0.1111110002
59915  -9.808  -31.363  59.025 0.2222220004
18529  -6.874  -32.757  60.770 0.2222220004
60343  -11.445  -32.666  57.703 0.3333329856
19670  -10.812  -31.967  57.638 0.1111110002
19130  -8.848  -31.700  61.080 0.2222220004
20163  -9.971  -30.680  58.351 0.1111110002
19144  -11.418  -32.155  56.976 0.1111110002
70768  -11.984  -32.511  56.756 0.3333329856
19673  -10.881  -31.279  57.001 0.1111110002
19667  -9.468  -31.129  59.859 0.2222220004
19672  -10.404  -31.082  57.663 0.1111110002
19148  -11.893  -32.073  56.308 0.3333329856
19676  -11.818  -31.264  55.881 0.3333329856
20161  -9.585  -30.336  59.105 0.1111110002
19675  -11.413  -31.474  56.504 0.1111110002
20165  -10.327  -30.279  57.809 0.1111110002
19149  -12.555  -32.029  55.649 0.3333329856
19683  -13.185  -31.673  54.945 0.3333329856
20166  -10.704  -30.354  57.236 0.1111110002
20168  -11.310  -30.518  56.476 0.1111110002
20169  -11.992  -30.330  55.707 0.1111110002
62672  -12.449  -31.085  55.245 0.1111110002
19694  -12.985  -30.940  54.733 0.1111110002
19695  -13.592  -31.135  54.419 0.1111110002
70594  -13.894  -31.680  54.614 0.4444440007
20173  -12.725  -30.190  55.046 0.1111110002
19696  -14.343  -31.351  54.205 0.1111110002
20183  -13.412  -30.428  54.459 0.1111110002
20184  -14.160  -30.617  53.934 0.1111110002
19709  -14.913  -31.013  53.701 0.5555559993
19710  -15.725  -31.175  53.738 0.5555559993
20197  -16.186  -30.804  53.341 0.3333329856
20195  -14.830  -30.415  53.528 0.2222220004
20196  -15.537  -30.509  53.291 0.2222220004
20204  -16.255  -30.254  52.897 0.2222220004
20665  -15.116  -29.837  53.263 0.1111110002
20675  -15.764  -29.758  52.918 0.1111110002
20198  -16.887  -30.670  53.222 0.3333329856
20205  -16.968  -30.026  52.620 0.3333329856
20676  -16.431  -29.491  52.623 0.2222220004
20688  -17.854  -29.027  51.973 0.2222220004
20689  -18.629  -28.893  51.681 0.3333329856
21192  -18.984  -28.212  51.322 0.2222220004
21193  -19.747  -28.074  50.891 0.3333329856
64681  -20.246  -28.506  51.001 0.3333329856
21194  -21.026  -28.483  51.003 0.3333329856
21210  -20.508  -28.003  50.660 0.3333329856
21211  -21.755  -28.072  50.788 0.3333329856
21219  -33.425  -28.444  49.111 0.6666669846
21788  -33.122  -27.923  49.072 0.6666669846
21196  -22.410  -28.265  51.338 0.3333329856
21794  -32.803  -27.913  47.892 0.7777780294
64466  -32.899  -27.745  46.838 0.8888890147
70517  -32.468  -27.599  47.306 0.7777780294
21807  -32.083  -27.238  46.851 0.7777780294
21785  -32.881  -27.441  49.812 0.6666669846
21793  -32.049  -27.358  47.755 0.7777780294
21787  -32.403  -27.322  48.987 0.6666669846
22344  -31.297  -26.793  47.369 0.5555559993
22338  -31.561  -26.862  48.377 0.6666669846
22334  -31.825  -26.564  49.397 0.5555559993
22354  -32.034  -26.860  46.206 0.7777780294
22353  -31.447  -26.688  46.521 0.7777780294
22352  -30.853  -26.398  46.791 0.4444440007
22335  -32.431  -26.794  50.012 0.5555559993
22337  -30.946  -26.477  48.073 0.4444440007
22932  -31.133  -26.296  48.837 0.4444440007
22343  -30.484  -26.146  47.454 0.4444440007
21777  -25.054  -27.153  49.991 0.3333329856
22369  -31.634  -26.415  45.885 0.7777780294
21778  -25.882  -27.679  49.756 0.3333329856
22368  -30.910  -26.208  46.139 0.4444440007
22950  -30.316  -25.909  46.609 0.2222220004
67277  -31.906  -25.992  45.517 0.7777780294
21213  -26.731  -28.163  49.595 0.3333329856
21783  -26.391  -27.264  49.595 0.3333329856
64055  -31.193  -25.836  45.580 0.4444440007
22960  -30.333  -25.491  45.793 0.2222220004
21784  -27.161  -27.340  49.606 0.3333329856
21779  -27.899  -27.277  49.973 0.2222220004
23527  -30.216  -24.654  45.188 0.2222220004
24636  -30.372  -22.221  44.476 0.1111110002
66810  -31.467  -22.088  44.809 0.1111110002
24682  -35.157  -22.111  40.817 0.4444440007
25272  -35.157  -21.250  39.467 0.4444440007
24681  -34.328  -22.187  40.707 0.4444440007
24637  -31.872  -21.833  44.759 0.1111110002
24670  -33.998  -22.513  41.526 0.4444440007
24646  -32.242  -21.955  43.936 0.2222220004
32126  -46.264  -8.936  35.427 0.6666669846
32127  -46.990  -8.522  35.736 0.6666669846
32645  -47.598  -8.102  35.991 0.6666669846
32117  -46.748  -9.522  36.051 0.6666669846
31596  -45.245  -10.331  35.446 0.6666669846
32125  -45.559  -9.375  35.132 0.6666669846
32651  -46.657  -8.152  35.083 0.6666669846
32652  -47.415  -7.796  35.319 0.6666669846
33210  -47.962  -7.560  34.923 0.6666669846
33211  -48.477  -7.740  34.844 0.6666669846
33223  -48.555  -8.142  34.393 0.6666669846
32672  -49.129  -9.072  33.775 0.6666669846
28815  -39.892  -15.158  37.901 0.5555559993
32119  -48.417  -8.935  36.941 0.6666669846
29335  -40.398  -14.711  37.255 0.5555559993
33199  -48.526  -7.890  36.167 0.6666669846
31604  -44.816  -9.792  34.863 0.6666669846
32658  -47.239  -7.817  34.671 0.6666669846
33222  -48.150  -7.837  34.437 0.6666669846
32689  -49.554  -9.385  32.694 0.6666669846
32673  -50.188  -9.427  33.445 0.6666669846
32137  -45.939  -8.609  34.800 0.6666669846
32657  -46.425  -8.191  34.393 0.6666669846
32671  -48.415  -8.838  33.595 0.6666669846
32136  -45.207  -8.997  34.537 0.6666669846
33221  -47.682  -7.807  34.441 0.6666669846
29351  -41.765  -14.138  36.839 0.5555559993
32118  -47.587  -9.026  36.430 0.6666669846
32147  -51.521  -9.832  33.843 0.3333329856
32674  -51.053  -9.413  33.680 0.5555559993
32690  -50.447  -9.285  32.324 0.6666669846
61324  -47.732  -8.547  33.578 0.6666669846
32134  -43.579  -9.580  34.098 0.4444440007
32135  -44.451  -9.359  34.277 0.5555559993
32145  -45.619  -8.485  34.153 0.6666669846
32669  -46.068  -8.378  33.545 0.6666669846
32691  -51.538  -9.001  32.256 0.6666669846
31601  -42.236  -10.345  34.558 0.4444440007
32144  -44.861  -8.746  33.917 0.5555559993
32670  -46.963  -8.226  33.761 0.6666669846
32133  -42.521  -9.586  34.059 0.4444440007
32143  -44.074  -8.988  33.678 0.4444440007
32668  -45.257  -8.493  33.343 0.6666669846
31584  -51.778  -11.113  37.286 0.1111110002
31026  -52.049  -11.624  37.086 0.1111110002
31007  -51.610  -11.653  37.524 0.1111110002
29315  -50.213  -14.315  38.919 0.2222220004
29857  -50.118  -13.583  39.205 0.2222220004
31565  -51.298  -11.215  37.694 0.1111110002
29866  -50.520  -13.042  38.259 0.2222220004
33201  -49.561  -8.235  35.715 0.5555559993
29350  -40.877  -14.217  36.798 0.3333329856
32688  -48.256  -9.133  32.521 0.6666669846
69144  -49.017  -9.228  32.262 0.6666669846
32142  -43.217  -9.032  33.570 0.4444440007
32667  -44.490  -8.531  33.184 0.4444440007
30429  -49.593  -12.605  40.067 0.2222220004
65912  -50.081  -12.843  39.332 0.2222220004
30430  -49.907  -12.295  40.010 0.3333329856
30999  -49.809  -11.610  39.116 0.2222220004
30991  -49.713  -12.037  40.033 0.4444440007
32701  -50.742  -8.790  31.550 0.6666669846
66088  -46.458  -8.620  32.541 0.6666669846
32687  -47.326  -8.842  32.481 0.6666669846
32700  -49.701  -8.933  31.730 0.6666669846
32141  -42.382  -8.766  33.519 0.3333329856
66040  -42.998  -8.483  33.142 0.4444440007
32685  -44.908  -8.291  32.444 0.4444440007
32686  -45.670  -8.460  32.492 0.5555559993
32699  -48.706  -8.819  31.733 0.6666669846
32702  -51.622  -8.699  31.375 0.4444440007
66754  -46.158  -8.456  31.861 0.4444440007
32697  -46.897  -8.587  31.809 0.6666669846
32698  -47.797  -8.755  31.802 0.6666669846
32711  -53.691  -8.776  30.539 0.4444440007
32703  -52.537  -8.741  31.338 0.4444440007
33242  -51.039  -8.243  30.882 0.5555559993
32709  -51.841  -8.321  30.508 0.4444440007
33238  -47.383  -8.075  31.326 0.6666669846
33239  -48.306  -8.125  31.289 0.6666669846
33241  -50.207  -8.105  31.045 0.6666669846
33257  -53.166  -8.463  29.890 0.4444440007
33240  -49.255  -7.969  31.122 0.6666669846
60864  -50.566  -7.514  30.493 0.5555559993
33250  -51.187  -7.736  30.337 0.5555559993
33806  -49.394  -6.443  30.231 0.5555559993
33237  -46.321  -7.961  31.383 0.4444440007
33798  -46.187  -6.902  30.925 0.4444440007
33246  -47.069  -7.185  30.928 0.6666669846
66892  -48.700  -7.344  30.920 0.5555559993
33248  -49.177  -7.019  30.685 0.5555559993
33249  -49.794  -7.236  30.608 0.5555559993
33804  -47.717  -6.396  30.622 0.5555559993
33802  -46.184  -6.080  30.718 0.4444440007
33803  -46.891  -6.257  30.665 0.5555559993
34334  -47.422  -5.578  30.394 0.3333329856
65245  -47.095  -4.845  30.319 0.4444440007
34332  -45.791  -5.443  30.763 0.4444440007
34333  -46.622  -5.463  30.554 0.4444440007
34864  -46.272  -4.620  30.614 0.3333329856
34865  -46.901  -4.211  30.335 0.2222220004
32128  -51.366  -9.867  35.385 0.4444440007
32659  -49.715  -9.049  34.366 0.6666669846
62201  -51.077  -9.511  34.267 0.4444440007
33207  -49.602  -8.539  35.113 0.6666669846
32661  -51.017  -9.155  35.011 0.5555559993
33205  -48.466  -7.682  35.437 0.6666669846
32642  -49.036  -8.568  36.790 0.6666669846
33204  -48.030  -7.694  35.680 0.6666669846
29308  -49.271  -14.456  40.024 0.2222220004
29309  -49.932  -14.280  40.011 0.2222220004
30990  -49.195  -11.966  40.072 0.5555559993
32647  -49.330  -8.512  36.289 0.6666669846
32648  -50.104  -8.827  36.098 0.5555559993
24656  -32.525  -22.308  42.421 0.1111110002
18540  -8.438  -33.493  59.509 0.2222220004
18539  -7.312  -33.244  59.520 0.2222220004
19134  -9.292  -31.727  60.326 0.2222220004
21169  -14.859  -29.057  53.563 0.1111110002
69015  -15.439  -29.267  53.133 0.1111110002
20677  -17.147  -29.240  52.315 0.3333329856
22929  -31.876  -26.145  50.156 0.4444440007
32646  -48.161  -8.201  36.401 0.6666669846
33206  -49.071  -7.892  35.302 0.6666669846
33212  -49.024  -8.307  34.659 0.6666669846
32641  -48.711  -8.374  36.703 0.6666669846
33195  -48.909  -8.126  36.483 0.6666669846
32146  -48.857  -9.322  32.903 0.6666669846
29349  -39.964  -14.246  36.778 0.3333329856
61026  -50.599  -9.222  34.298 0.5555559993
32666  -43.720  -8.532  33.127 0.4444440007
29850  -49.996  -13.171  40.026 0.2222220004
29858  -50.474  -13.780  38.373 0.2222220004
32653  -50.211  -8.898  35.459 0.5555559993
32649  -50.982  -9.171  35.715 0.5555559993
32684  -44.097  -8.130  32.473 0.4444440007
32710  -52.817  -8.551  30.518 0.4444440007
33247  -47.989  -7.253  30.935 0.6666669846
33805  -48.610  -6.511  30.534 0.5555559993
32129  -51.642  -10.334  35.070 0.3333329856
32660  -50.208  -8.995  34.862 0.6666669846
32138  -51.437  -9.882  34.625 0.2222220004
33200  -49.066  -7.767  35.986 0.6666669846
67882  -15.730  -36.791  57.051 0.2222220004
15677  -15.196  -37.147  56.967 0.2222220004
16782  -16.208  -36.471  56.529 0.2222220004
17312  -18.485  -35.147  55.340 0.1111110002
17308  -18.136  -35.242  55.889 0.3333329856
17309  -18.631  -34.713  55.907 0.2222220004
17919  -19.036  -34.423  55.682 0.2222220004
16807  -26.651  -35.945  51.836 0.2222220004
17342  -26.634  -35.910  51.558 0.2222220004
17343  -27.498  -35.451  51.683 0.2222220004
17356  -27.021  -35.366  51.190 0.2222220004
17344  -28.626  -35.389  51.778 0.2222220004
17345  -29.445  -35.265  51.868 0.2222220004
17333  -29.158  -35.105  52.060 0.3333329856
17357  -28.931  -34.909  51.143 0.2222220004
17359  -30.154  -34.900  51.025 0.2222220004
64938  -28.030  -34.964  51.183 0.2222220004
17963  -31.055  -34.228  50.975 0.3333329856
18617  -30.548  -33.408  51.266 0.3333329856
17334  -29.596  -35.066  52.114 0.2222220004
17346  -29.972  -35.139  51.625 0.2222220004
17347  -30.576  -34.818  51.037 0.2222220004
17951  -29.145  -34.557  52.199 0.3333329856
17952  -29.792  -34.553  52.145 0.3333329856
17962  -30.338  -34.372  51.457 0.3333329856
18607  -29.995  -33.948  52.019 0.3333329856
18606  -29.536  -33.891  52.170 0.6666669846
67408  -19.363  -33.687  55.855 0.2222220004
17307  -17.351  -35.002  56.205 0.3333329856
16806  -25.920  -36.454  52.219 0.3333329856
16780  -16.738  -35.921  57.052 0.3333329856
17358  -29.693  -35.025  51.199 0.2222220004
17975  -29.274  -34.580  50.576 0.2222220004
17302  -10.568  -35.521  57.794 0.1111110002
16775  -11.594  -36.185  57.285 0.2222220004
16227  -13.732  -37.144  57.304 0.1111110002
15676  -14.395  -37.579  56.928 0.1111110002
18573  -19.539  -33.621  55.436 0.1111110002
18579  -19.616  -33.461  54.398 0.1111110002
17927  -19.184  -34.258  54.784 0.1111110002
21197  -23.295  -28.028  51.408 0.3333329856
16783  -16.929  -36.203  56.222 0.1111110002
70448  -17.473  -36.108  55.670 0.1111110002
16789  -18.027  -35.754  55.537 0.1111110002
17918  -18.883  -34.890  55.016 0.1111110002
16229  -15.725  -37.086  56.631 0.1111110002
64600  -17.099  -35.651  56.480 0.1111110002
16784  -17.586  -35.758  56.055 0.2222220004
62022  -39.081  -15.310  37.859 0.2222220004
33256  -52.468  -8.005  29.664 0.3333329856
33818  -52.062  -7.216  29.103 0.3333329856
31612  -52.568  -10.113  32.838 0.2222220004
31613  -53.014  -10.107  32.085 0.1111110002
32693  -53.010  -8.922  31.990 0.3333329856
33807  -50.174  -6.770  30.106 0.4444440007
33808  -50.899  -7.148  29.932 0.4444440007
33255  -51.591  -7.573  29.799 0.3333329856
33815  -49.897  -6.100  29.678 0.2222220004
33816  -50.636  -6.470  29.528 0.2222220004
33817  -51.334  -6.852  29.361 0.3333329856
32675  -51.790  -9.355  33.115 0.2222220004
63335  -51.095  -9.328  32.943 0.4444440007
32152  -52.747  -9.664  32.236 0.2222220004
32692  -52.329  -9.337  32.415 0.3333329856
60648  -52.357  -8.855  31.991 0.4444440007
32704  -53.360  -8.910  31.242 0.3333329856
16228  -14.407  -36.652  57.209 0.1111110002
16233  -16.325  -36.829  56.023 0.1111110002
16792  -17.674  -36.122  55.016 0.1111110002
17926  -18.806  -34.836  54.313 0.1111110002
18049  -32.999  -33.963  46.989 0.1111110002
18700  -31.929  -33.090  46.690 0.1111110002
18013  -32.732  -34.315  48.523 0.1111110002
18033  -32.205  -34.001  48.199 0.1111110002
18034  -32.809  -34.195  47.860 0.1111110002
61698  -33.492  -34.463  47.626 0.1111110002
18661  -31.453  -33.768  48.487 0.1111110002
18683  -32.377  -33.664  47.309 0.1111110002
67550  -30.443  -33.263  48.305 0.1111110002
18681  -30.887  -33.179  47.943 0.1111110002
18682  -31.684  -33.414  47.599 0.1111110002
19249  -29.590  -32.350  47.456 0.1111110002
68440  -30.458  -32.573  47.349 0.1111110002
19250  -31.211  -32.800  47.107 0.1111110002
19264  -31.390  -32.527  46.350 0.1111110002
69445  -32.940  -34.375  48.931 0.1111110002
18012  -31.882  -34.165  48.903 0.1111110002
17992  -27.754  -34.038  49.923 0.1111110002
18660  -30.698  -33.593  48.680 0.1111110002
18011  -31.097  -34.079  49.258 0.1111110002
18641  -28.416  -33.547  49.318 0.1111110002
18659  -29.325  -33.429  48.964 0.1111110002
69449  -30.138  -33.871  49.345 0.1111110002
19227  -28.726  -32.424  47.819 0.1111110002
64580  -28.867  -31.964  47.227 0.1111110002
17998  -33.412  -34.147  49.011 0.1111110002
18643  -32.452  -33.979  49.167 0.1111110002
17997  -32.108  -34.165  48.999 0.1111110002
17996  -31.396  -34.250  49.566 0.1111110002
67300  -27.318  -34.638  50.523 0.1111110002
17995  -30.582  -34.408  50.017 0.1111110002
17978  -30.992  -34.453  50.247 0.1111110002
17994  -29.719  -34.300  50.023 0.1111110002
18644  -33.080  -33.401  49.237 0.1111110002
18630  -32.683  -33.282  49.455 0.1111110002
17979  -31.745  -34.277  49.700 0.1111110002
22931  -30.524  -25.958  48.381 0.2222220004
59250  -23.856  -34.041  52.885 0.2222220004
17936  -23.784  -35.239  52.993 0.2222220004
17976  -29.969  -34.661  50.607 0.1111110002
17977  -30.481  -34.688  50.656 0.1111110002
62054  -30.030  -33.341  48.584 0.1111110002
19229  -30.143  -32.897  47.991 0.1111110002
19262  -30.100  -32.081  46.902 0.1111110002
19263  -30.733  -32.281  46.663 0.1111110002
19763  -30.929  -31.958  45.974 0.1111110002
67764  -28.380  -34.515  50.546 0.1111110002
17993  -28.822  -34.118  49.996 0.1111110002
18642  -29.309  -33.855  49.560 0.1111110002
19228  -29.408  -32.882  48.247 0.1111110002
18658  -28.572  -32.945  48.542 0.1111110002
17320  -23.899  -35.753  53.157 0.1111110002
16248  -24.796  -37.543  52.992 0.1111110002
24680  -33.485  -22.126  40.685 0.2222220004
25259  -33.854  -21.770  40.002 0.2222220004
25260  -34.699  -21.770  40.032 0.2222220004
25271  -34.207  -21.223  39.343 0.2222220004
24669  -33.077  -22.344  41.471 0.2222220004
24679  -32.701  -21.923  40.771 0.1111110002
23522  -41.780  -24.830  46.101 0.1111110002
27634  -46.226  -17.743  43.164 0.3333329856
27061  -34.277  -18.590  38.621 0.1111110002
27080  -34.724  -18.159  38.210 0.1111110002
27081  -35.256  -18.205  37.942 0.1111110002
27082  -35.987  -18.170  37.842 0.1111110002
27633  -45.570  -17.134  43.206 0.3333329856
27643  -34.892  -18.671  42.015 0.1111110002
27654  -34.054  -18.557  41.556 0.1111110002
27051  -33.446  -18.677  40.147 0.1111110002
27673  -33.878  -18.366  39.846 0.1111110002
27685  -34.456  -17.695  38.548 0.1111110002
27706  -35.536  -17.494  37.775 0.1111110002
27707  -36.351  -17.446  37.749 0.1111110002
27655  -34.711  -18.393  41.283 0.1111110002
27664  -34.038  -18.389  40.647 0.1111110002
61058  -34.613  -17.611  40.507 0.1111110002
27674  -34.088  -18.018  39.152 0.1111110002
28242  -34.291  -16.497  39.202 0.1111110002
27665  -34.200  -17.576  39.733 0.1111110002
71250  -34.249  -17.252  38.956 0.1111110002
28255  -34.559  -16.775  38.459 0.1111110002
28269  -35.061  -16.731  37.865 0.1111110002
27708  -37.149  -17.266  37.949 0.1111110002
59711  -34.461  -16.000  38.711 0.1111110002
28270  -35.842  -16.725  37.633 0.1111110002
28271  -36.679  -16.697  37.685 0.1111110002
63894  -36.226  -16.036  37.572 0.1111110002
68219  -36.925  -16.057  37.610 0.1111110002
28228  -34.772  -16.558  40.844 0.1111110002
71047  -35.080  -17.707  41.052 0.1111110002
28235  -34.304  -16.227  40.072 0.1111110002
28811  -34.792  -15.998  38.146 0.1111110002
64731  -35.401  -15.999  37.724 0.1111110002
28813  -37.535  -15.729  37.646 0.1111110002
64888  -34.325  -15.570  39.335 0.1111110002
29320  -34.847  -14.577  38.425 0.1111110002
63311  -35.851  -15.338  37.593 0.1111110002
29332  -36.355  -14.698  37.447 0.1111110002
29331  -35.498  -14.599  37.806 0.1111110002
65117  -35.235  -13.859  38.250 0.1111110002
60013  -37.463  -14.939  37.317 0.1111110002
29333  -38.546  -14.851  37.311 0.1111110002
29334  -39.476  -14.758  37.279 0.1111110002
29873  -35.955  -13.925  37.632 0.1111110002
60972  -36.835  -14.045  37.158 0.1111110002
29347  -37.933  -14.109  36.798 0.1111110002
29348  -39.011  -14.243  36.768 0.1111110002
29875  -37.269  -13.336  36.951 0.1111110002
29888  -37.957  -13.346  36.685 0.1111110002
29890  -39.516  -13.617  36.536 0.1111110002
29891  -40.408  -13.620  36.532 0.1111110002
29892  -41.266  -13.539  36.533 0.3333329856
29860  -34.683  -13.858  38.974 0.1111110002
29874  -36.445  -13.225  37.478 0.1111110002
30449  -37.007  -12.570  37.370 0.1111110002
29889  -38.630  -13.552  36.597 0.1111110002
30467  -38.302  -12.939  36.606 0.1111110002
30468  -39.023  -12.793  36.489 0.1111110002
30469  -39.929  -12.938  36.406 0.1111110002
60286  -40.734  -12.911  36.335 0.2222220004
30470  -41.554  -12.849  36.256 0.3333329856
60992  -40.172  -12.261  36.245 0.1111110002
30482  -40.941  -12.265  35.971 0.3333329856
29861  -35.100  -13.163  38.782 0.1111110002
30440  -35.587  -12.629  38.657 0.1111110002
30441  -36.271  -12.396  38.124 0.1111110002
31021  -37.599  -11.917  37.361 0.1111110002
30451  -38.276  -12.268  36.785 0.1111110002
31036  -38.890  -11.879  36.635 0.1111110002
31038  -40.257  -11.459  35.964 0.2222220004
30433  -35.886  -12.016  39.010 0.1111110002
31002  -36.632  -11.647  38.613 0.1111110002
31003  -37.301  -11.381  38.130 0.1111110002
31557  -37.761  -10.823  38.301 0.1111110002
31020  -36.938  -11.936  37.887 0.1111110002
31577  -37.823  -11.244  37.680 0.1111110002
31022  -38.260  -11.482  37.128 0.1111110002
31044  -41.172  -11.571  35.558 0.2222220004
31045  -42.103  -11.488  35.312 0.3333329856
31037  -39.526  -11.605  36.406 0.1111110002
63962  -39.545  -10.787  36.407 0.1111110002
71241  -40.050  -10.656  35.893 0.1111110002
31591  -40.655  -10.812  35.473 0.2222220004
31592  -41.388  -10.899  35.128 0.2222220004
64373  -40.229  -10.037  35.536 0.1111110002
31600  -40.910  -10.103  34.890 0.1111110002
66868  -41.618  -9.804  34.424 0.2222220004
32132  -41.640  -9.065  33.949 0.2222220004
30994  -36.434  -11.523  39.451 0.1111110002
30995  -37.161  -10.972  39.025 0.1111110002
31542  -37.823  -10.526  38.984 0.1111110002
31578  -38.235  -10.806  37.637 0.1111110002
66566  -38.635  -10.210  37.691 0.1111110002
31586  -38.837  -10.956  36.932 0.1111110002
61268  -39.151  -10.050  36.982 0.1111110002
31587  -39.681  -10.033  36.219 0.1111110002
32124  -40.373  -9.301  35.105 0.1111110002
32131  -40.944  -9.215  34.486 0.1111110002
32683  -43.269  -7.995  32.627 0.2222220004
32695  -44.636  -7.815  31.818 0.3333329856
32696  -45.486  -8.153  31.748 0.3333329856
30987  -36.454  -11.559  40.246 0.1111110002
31543  -38.393  -10.231  39.277 0.1111110002
31559  -38.882  -9.819  38.621 0.1111110002
32079  -39.560  -9.324  38.324 0.1111110002
31579  -39.042  -9.681  37.793 0.1111110002
32115  -39.573  -9.502  36.682 0.1111110002
32116  -39.853  -9.228  35.950 0.1111110002
32655  -40.490  -8.534  34.750 0.1111110002
32656  -40.972  -8.429  34.081 0.1111110002
33219  -41.121  -7.680  33.701 0.1111110002
32665  -41.677  -8.309  33.523 0.1111110002
32682  -42.400  -7.994  32.986 0.1111110002
33231  -43.723  -7.417  31.930 0.1111110002
32109  -39.806  -8.945  37.732 0.1111110002
32639  -40.214  -8.458  37.651 0.1111110002
32644  -39.793  -8.833  36.887 0.1111110002
68725  -39.987  -8.505  36.162 0.1111110002
62198  -40.187  -7.958  35.817 0.1111110002
65637  -40.288  -8.015  35.132 0.1111110002
33209  -40.569  -7.656  34.477 0.1111110002
33220  -41.737  -7.687  33.227 0.1111110002
33230  -42.067  -7.236  32.797 0.1111110002
62860  -42.814  -7.316  32.390 0.1111110002
33235  -44.424  -7.188  31.504 0.3333329856
33236  -45.290  -7.364  31.312 0.3333329856
33194  -40.739  -7.255  37.079 0.1111110002
33193  -40.243  -8.016  36.788 0.1111110002
33197  -40.430  -7.313  36.168 0.1111110002
33203  -40.358  -7.368  35.304 0.1111110002
33780  -40.561  -6.736  34.704 0.1111110002
33218  -40.849  -6.884  33.903 0.1111110002
33229  -41.453  -7.066  33.299 0.1111110002
33792  -42.404  -6.553  32.436 0.1111110002
33234  -43.121  -6.576  31.910 0.1111110002
33795  -43.890  -6.529  31.524 0.1111110002
33797  -45.480  -6.327  30.918 0.3333329856
32121  -51.416  -9.952  36.152 0.3333329856
33198  -40.766  -6.745  36.500 0.1111110002
33775  -40.608  -6.551  35.650 0.1111110002
34306  -40.708  -6.045  34.943 0.1111110002
33781  -40.914  -6.001  34.158 0.1111110002
33787  -41.359  -6.311  33.392 0.1111110002
33791  -41.809  -6.598  32.886 0.1111110002
34316  -41.512  -5.556  33.533 0.1111110002
34320  -41.980  -5.812  32.793 0.1111110002
34321  -42.722  -5.763  32.155 0.1111110002
34325  -43.410  -5.732  31.699 0.1111110002
34326  -44.152  -5.621  31.375 0.1111110002
33796  -44.670  -6.464  31.220 0.2222220004
34336  -48.863  -5.930  30.072 0.4444440007
34839  -41.711  -4.826  34.548 0.1111110002
34834  -42.227  -4.312  34.929 0.1111110002
63961  -41.392  -5.314  34.158 0.1111110002
34840  -42.229  -4.395  34.144 0.1111110002
34847  -42.344  -4.571  33.406 0.1111110002
34317  -41.976  -5.127  33.156 0.1111110002
34851  -42.553  -4.938  32.602 0.1111110002
65449  -43.088  -5.101  31.983 0.1111110002
34327  -44.948  -5.523  31.036 0.1111110002
34335  -48.210  -5.628  30.178 0.3333329856
34344  -49.303  -5.833  29.787 0.3333329856
35387  -42.672  -4.090  33.770 0.1111110002
34852  -43.358  -4.350  32.300 0.1111110002
34856  -43.694  -4.899  31.701 0.1111110002
34857  -44.497  -4.611  31.394 0.1111110002
34858  -45.385  -4.644  30.953 0.1111110002
68989  -47.693  -5.032  30.103 0.2222220004
34867  -48.137  -4.781  29.780 0.2222220004
34343  -48.845  -5.248  29.627 0.2222220004
64072  -49.640  -5.419  29.333 0.2222220004
34345  -50.490  -5.728  29.014 0.2222220004
35388  -43.237  -3.661  33.795 0.1111110002
34853  -43.957  -4.232  31.837 0.1111110002
34866  -47.512  -4.281  29.972 0.1111110002
34873  -48.604  -4.376  29.350 0.2222220004
34874  -49.307  -4.679  29.053 0.2222220004
34875  -50.064  -4.959  28.653 0.2222220004
33827  -53.100  -7.262  27.031 0.2222220004
33846  -52.353  -6.866  26.702 0.2222220004
33308  -52.145  -7.514  26.637 0.2222220004
35393  -43.605  -3.730  33.061 0.1111110002
35394  -44.082  -3.739  32.374 0.1111110002
35399  -44.472  -3.851  31.788 0.1111110002
35400  -45.240  -3.744  31.389 0.1111110002
35407  -45.849  -4.004  30.856 0.1111110002
35408  -46.467  -3.787  30.592 0.1111110002
35409  -47.120  -3.596  30.245 0.1111110002
35411  -47.703  -3.492  29.779 0.1111110002
35413  -48.977  -3.844  28.808 0.2222220004
67068  -46.891  -10.149  27.510 0.1111110002
32200  -46.710  -9.340  27.510 0.1111110002
34876  -49.699  -4.190  28.404 0.2222220004
32201  -47.647  -9.693  27.450 0.1111110002
34347  -50.784  -5.212  28.322 0.2222220004
34877  -50.563  -4.487  27.899 0.2222220004
32758  -49.133  -8.917  27.365 0.1111110002
34350  -51.479  -5.138  27.629 0.2222220004
34351  -52.088  -5.803  27.454 0.2222220004
33826  -52.398  -6.697  27.369 0.2222220004
34354  -52.130  -6.009  26.675 0.2222220004
35395  -44.995  -3.222  32.345 0.1111110002
35908  -45.872  -2.951  31.844 0.1111110002
35412  -48.343  -3.456  29.288 0.1111110002
32756  -47.320  -8.687  27.398 0.1111110002
33282  -47.915  -8.025  27.251 0.1111110002
32757  -48.252  -8.834  27.389 0.1111110002
33305  -48.496  -7.460  26.859 0.1111110002
33283  -48.846  -8.145  27.235 0.1111110002
35437  -50.647  -3.744  27.325 0.2222220004
33306  -49.658  -7.507  26.809 0.1111110002
34884  -51.487  -4.433  27.042 0.2222220004
68095  -49.601  -8.334  27.223 0.1111110002
32765  -50.428  -8.251  27.086 0.1111110002
34885  -52.071  -5.120  26.808 0.2222220004
33307  -51.081  -7.393  26.602 0.1111110002
63206  -52.035  -6.843  26.194 0.2222220004
35916  -47.415  -2.853  30.230 0.1111110002
35917  -47.904  -2.139  30.331 0.1111110002
35401  -46.100  -3.341  31.106 0.1111110002
35915  -46.765  -3.050  30.696 0.1111110002
35922  -47.990  -2.718  29.710 0.1111110002
35923  -48.443  -2.606  29.254 0.1111110002
33866  -48.586  -6.194  25.941 0.1111110002
35424  -49.439  -3.298  28.230 0.2222220004
33867  -49.621  -6.251  25.926 0.1111110002
35425  -50.022  -3.775  27.878 0.2222220004
71051  -49.630  -6.835  26.445 0.1111110002
34895  -52.001  -4.262  26.231 0.2222220004
33844  -50.341  -6.735  26.337 0.1111110002
33845  -51.538  -6.496  25.947 0.1111110002
34373  -52.093  -5.175  26.257 0.2222220004
35924  -48.859  -2.008  28.923 0.1111110002
35423  -48.788  -2.965  28.724 0.1111110002
35935  -49.204  -2.535  28.375 0.1111110002
35436  -49.982  -3.119  27.597 0.2222220004
35949  -50.023  -2.235  27.419 0.2222220004
34370  -49.104  -5.579  25.351 0.2222220004
35438  -51.333  -3.654  26.588 0.2222220004
34371  -50.049  -5.528  25.263 0.2222220004
34388  -50.832  -5.385  25.054 0.1111110002
33868  -50.711  -6.048  25.617 0.1111110002
34372  -51.358  -5.286  25.733 0.1111110002
67540  -51.252  -5.872  25.714 0.1111110002
33869  -52.082  -6.165  26.065 0.1111110002
35447  -51.775  -3.340  25.916 0.2222220004
34910  -52.002  -3.602  25.495 0.2222220004
34925  -50.754  -4.765  24.371 0.2222220004
34389  -51.098  -4.893  25.054 0.2222220004
34909  -51.686  -4.342  25.686 0.2222220004
34927  -52.051  -3.623  24.957 0.2222220004
27011  -44.225  -19.297  44.485 0.2222220004
27023  -45.470  -18.660  44.137 0.3333329856
25811  -45.181  -20.099  43.909 0.2222220004
31620  -53.418  -10.144  31.422 0.1111110002
32153  -53.376  -9.552  31.436 0.3333329856
67697  -41.208  -25.025  46.243 0.1111110002
24077  -42.450  -23.438  45.507 0.1111110002
24062  -43.051  -22.742  45.972 0.1111110002
28273  -38.125  -16.145  38.070 0.1111110002
26420  -45.359  -19.408  44.097 0.2222220004
27622  -45.052  -17.999  44.127 0.3333329856
68237  -45.051  -17.369  43.887 0.3333329856
28215  -45.610  -16.347  43.093 0.3333329856
69335  -41.609  -10.430  34.739 0.2222220004
26481  -36.399  -18.634  38.093 0.1111110002
26413  -44.393  -19.820  44.314 0.2222220004
16797  -23.781  -36.153  53.015 0.1111110002
61440  -33.094  -21.614  40.100 0.1111110002
28216  -46.526  -16.804  43.058 0.3333329856
27071  -34.900  -18.817  38.174 0.1111110002
27705  -34.860  -17.517  38.038 0.1111110002
27656  -35.270  -18.258  41.496 0.1111110002
28796  -34.603  -15.331  38.592 0.1111110002
28812  -36.716  -15.448  37.491 0.1111110002
28797  -35.081  -15.292  37.959 0.1111110002
29862  -35.687  -13.166  38.090 0.1111110002
30450  -37.705  -12.721  36.865 0.1111110002
68164  -39.543  -12.293  36.419 0.1111110002
30432  -35.314  -12.567  39.373 0.1111110002
31558  -38.274  -10.354  38.416 0.1111110002
31544  -39.107  -9.919  39.577 0.1111110002
32108  -39.442  -9.379  37.395 0.1111110002
32650  -40.170  -8.586  35.464 0.1111110002
31537  -38.559  -10.320  40.107 0.1111110002
32640  -40.744  -7.852  37.784 0.1111110002
63487  -41.262  -6.562  37.184 0.1111110002
33778  -41.059  -5.688  35.601 0.1111110002
34310  -41.170  -5.418  34.808 0.1111110002
34829  -41.688  -4.906  35.467 0.1111110002
34846  -41.805  -4.912  33.796 0.1111110002
34848  -42.934  -4.175  33.125 0.1111110002
34872  -48.036  -4.083  29.600 0.2222220004
65061  -51.408  -5.848  28.311 0.2222220004
34348  -52.087  -6.316  28.031 0.2222220004
33304  -47.533  -7.357  26.881 0.1111110002
33843  -48.997  -6.835  26.461 0.1111110002
33842  -48.058  -6.782  26.478 0.1111110002
35941  -49.554  -2.612  27.920 0.1111110002
67139  -50.574  -2.978  26.975 0.2222220004
63481  -51.095  -2.898  26.406 0.2222220004
69403  -21.173  -27.905  50.596 0.2222220004
21763  -22.598  -27.545  50.677 0.2222220004
61545  -21.662  -27.272  50.468 0.2222220004
21764  -23.621  -27.463  50.770 0.2222220004
21775  -23.264  -26.823  50.396 0.2222220004
21177  -16.671  -28.620  52.507 0.1111110002
21178  -17.464  -28.524  52.139 0.1111110002
21191  -18.194  -28.357  51.739 0.1111110002
21762  -19.368  -27.548  51.162 0.1111110002
21209  -20.113  -27.457  50.737 0.1111110002
21774  -20.850  -27.358  50.519 0.1111110002
63812  -22.410  -26.505  50.449 0.1111110002
21776  -24.148  -26.988  50.320 0.2222220004
71431  -25.738  -26.998  49.666 0.1111110002
22325  -21.662  -26.421  50.526 0.1111110002
66029  -23.143  -26.104  50.376 0.1111110002
22326  -23.825  -26.233  50.249 0.1111110002
22327  -24.528  -26.463  50.080 0.1111110002
61256  -25.291  -26.253  49.845 0.1111110002
59402  -32.041  -25.917  51.036 0.1111110002
22928  -31.342  -25.911  49.671 0.1111110002
22937  -29.884  -25.565  47.151 0.1111110002
22949  -29.778  -25.292  46.471 0.1111110002
22959  -29.601  -24.776  45.863 0.1111110002
22927  -30.749  -25.755  49.123 0.1111110002
22930  -29.939  -25.553  47.918 0.1111110002
63536  -29.521  -25.103  47.011 0.1111110002
23526  -29.541  -24.098  45.232 0.1111110002
23535  -30.331  -23.727  44.808 0.1111110002
24053  -28.968  -24.032  46.002 0.1111110002
24083  -30.606  -22.767  44.719 0.1111110002
62462  -35.707  -19.592  38.339 0.2222220004
21760  -17.780  -27.843  52.006 0.1111110002
21761  -18.564  -27.555  51.638 0.1111110002
22917  -23.596  -25.410  50.522 0.1111110002
22922  -31.407  -25.528  50.306 0.1111110002
23514  -29.310  -24.676  46.596 0.1111110002
24066  -29.081  -23.526  45.330 0.1111110002
58916  -50.937  -22.353  28.963 0.1111110002
59855  -51.384  -22.324  27.997 0.1111110002
23734  -52.377  -24.031  23.162 0.1111110002
23163  -52.196  -24.959  22.690 0.1111110002
25341  -51.076  -21.714  31.366 0.1111110002
24782  -51.036  -22.234  30.911 0.1111110002
24793  -51.156  -21.726  29.457 0.1111110002
24799  -51.384  -21.622  28.417 0.1111110002
24810  -52.034  -21.973  27.113 0.1111110002
24842  -51.783  -22.496  25.648 0.1111110002
24265  -52.047  -22.653  24.866 0.1111110002
24290  -52.475  -23.327  23.551 0.1111110002
25344  -51.064  -21.440  30.443 0.1111110002
24276  -52.308  -22.979  24.173 0.1111110002
25935  -51.037  -20.923  31.109 0.1111110002
23162  -51.367  -25.693  23.327 0.1111110002
24774  -50.953  -22.070  32.676 0.1111110002
24781  -50.843  -22.198  31.794 0.1111110002
24786  -50.388  -22.393  30.332 0.1111110002
23148  -50.975  -25.154  24.000 0.1111110002
24775  -51.028  -21.855  32.074 0.1111110002
24787  -51.069  -22.218  30.222 0.1111110002
68677  -50.898  -22.319  29.758 0.1111110002
24251  -50.643  -23.058  26.272 0.1111110002
24275  -51.050  -23.884  24.716 0.1111110002
23719  -51.214  -24.444  24.191 0.1111110002
23733  -51.616  -24.674  23.531 0.1111110002
69271  -51.926  -22.225  27.464 0.1111110002
24252  -51.147  -22.946  25.799 0.1111110002
63116  -51.658  -23.308  24.592 0.1111110002
23720  -51.755  -23.811  23.966 0.1111110002
25339  -51.053  -21.137  31.873 0.1111110002
23147  -50.448  -25.493  24.440 0.1111110002
59585  -50.365  -22.353  31.132 0.1111110002
24792  -50.231  -22.463  29.459 0.1111110002
64696  -50.110  -22.548  28.764 0.1111110002
23718  -50.694  -24.691  24.546 0.1111110002
24809  -50.275  -22.721  27.642 0.1111110002
24263  -50.622  -23.600  25.511 0.1111110002
24762  -50.971  -21.769  33.386 0.1111110002
67802  -51.049  -21.468  32.604 0.1111110002
25941  -49.202  -20.603  30.520 0.1111110002
26543  -45.050  -19.141  30.249 0.1111110002
69199  -44.900  -19.672  29.598 0.1111110002
67692  -49.531  -25.816  25.351 0.1111110002
24751  -50.999  -21.913  33.784 0.1111110002
24761  -50.722  -22.118  33.493 0.1111110002
67839  -50.391  -22.233  32.622 0.1111110002
23135  -49.790  -25.072  25.334 0.1111110002
68670  -50.285  -21.567  34.362 0.1111110002
24780  -49.862  -22.373  31.773 0.1111110002
59558  -49.470  -24.590  25.943 0.1111110002
24808  -49.745  -22.785  28.202 0.1111110002
24250  -49.955  -23.719  26.089 0.1111110002
23708  -50.402  -24.385  25.088 0.1111110002
24235  -50.013  -23.168  26.839 0.1111110002
25326  -51.073  -21.145  34.018 0.1111110002
25331  -51.043  -20.960  33.286 0.1111110002
25930  -51.029  -20.832  32.537 0.1111110002
62075  -50.977  -20.795  31.736 0.1111110002
25934  -50.152  -20.614  31.516 0.1111110002
26540  -46.389  -19.326  31.263 0.1111110002
27142  -46.642  -18.711  31.800 0.1111110002
27141  -45.981  -18.566  31.268 0.1111110002
25940  -48.056  -20.576  30.236 0.1111110002
25932  -46.711  -20.011  31.015 0.1111110002
27745  -45.697  -17.939  31.145 0.1111110002
26545  -46.161  -19.729  30.707 0.1111110002
26544  -45.730  -19.208  30.753 0.1111110002
25938  -46.279  -20.165  30.303 0.1111110002
25937  -45.624  -19.738  30.227 0.1111110002
27147  -45.298  -18.451  30.657 0.1111110002
27146  -44.714  -18.574  30.170 0.1111110002
23050  -46.169  -26.252  35.201 0.1111110002
22504  -47.642  -25.944  28.297 0.1111110002
22456  -47.345  -27.014  36.469 0.1111110002
23119  -48.479  -25.727  26.740 0.1111110002
66031  -49.087  -25.751  25.899 0.1111110002
65554  -50.118  -22.074  34.223 0.1111110002
24791  -49.415  -22.550  29.875 0.1111110002
25317  -50.869  -21.042  34.780 0.1111110002
24785  -49.400  -22.482  30.871 0.1111110002
24797  -49.329  -22.729  28.912 0.1111110002
24234  -49.461  -23.232  27.491 0.1111110002
23681  -49.186  -24.001  26.712 0.1111110002
25920  -50.915  -20.386  33.375 0.1111110002
25929  -50.498  -20.478  32.646 0.1111110002
25928  -49.273  -20.265  32.293 0.1111110002
25933  -49.091  -20.488  31.427 0.1111110002
26535  -47.760  -19.269  32.444 0.1111110002
60817  -47.176  -19.558  31.750 0.1111110002
27747  -46.980  -17.318  32.037 0.1111110002
28306  -46.589  -16.923  31.369 0.1111110002
69915  -49.695  -20.614  30.983 0.1111110002
67095  -48.352  -20.475  31.108 0.1111110002
27746  -46.355  -17.812  31.621 0.1111110002
59496  -47.518  -20.276  31.159 0.1111110002
27751  -45.916  -17.266  31.024 0.1111110002
28313  -46.299  -16.573  30.600 0.1111110002
28312  -45.566  -16.859  30.372 0.1111110002
28858  -46.785  -16.037  30.011 0.1111110002
26466  -43.293  -19.235  39.522 0.1111110002
27074  -42.906  -18.956  37.960 0.1111110002
26496  -43.355  -19.578  36.451 0.1111110002
25901  -44.053  -20.897  35.832 0.1111110002
25300  -44.652  -21.575  36.151 0.1111110002
24160  -45.059  -23.051  37.200 0.1111110002
23574  -46.420  -24.702  39.259 0.1111110002
23005  -47.034  -25.094  39.543 0.1111110002
23666  -46.257  -24.557  30.396 0.1111110002
22409  -47.126  -25.967  39.340 0.1111110002
22428  -48.123  -26.958  38.151 0.1111110002
23068  -46.256  -25.242  34.932 0.1111110002
23659  -45.158  -24.283  32.695 0.1111110002
24212  -45.781  -23.828  31.518 0.1111110002
22442  -47.658  -27.542  37.010 0.1111110002
23104  -47.389  -25.292  28.657 0.1111110002
25294  -48.745  -21.121  36.813 0.1111110002
70191  -49.140  -21.753  36.492 0.1111110002
23106  -47.663  -25.362  28.035 0.1111110002
22508  -48.002  -25.702  27.510 0.1111110002
25304  -49.353  -21.092  36.142 0.1111110002
24721  -49.972  -21.883  36.002 0.1111110002
24735  -50.019  -21.834  35.111 0.1111110002
24734  -49.712  -22.512  35.208 0.1111110002
25305  -50.046  -21.158  35.516 0.1111110002
24750  -49.787  -22.334  34.298 0.1111110002
24760  -49.745  -22.316  33.430 0.1111110002
23695  -48.858  -24.972  26.420 0.1111110002
24227  -48.996  -23.226  28.131 0.1111110002
25902  -50.266  -20.339  35.222 0.1111110002
25318  -51.020  -20.358  34.505 0.1111110002
25909  -51.042  -20.293  33.935 0.1111110002
25919  -50.493  -19.764  33.583 0.1111110002
26536  -48.548  -19.579  32.692 0.1111110002
64083  -48.141  -18.904  32.937 0.1111110002
27138  -47.626  -18.336  32.728 0.1111110002
27137  -46.958  -18.086  32.259 0.1111110002
28307  -47.321  -16.568  31.629 0.1111110002
25927  -48.164  -20.107  31.922 0.1111110002
28315  -47.928  -15.987  31.049 0.1111110002
62758  -48.646  -15.617  30.603 0.1111110002
28314  -47.113  -16.262  30.788 0.1111110002
28859  -47.774  -15.766  30.102 0.1111110002
27084  -43.614  -18.752  37.612 0.1111110002
27106  -43.827  -19.024  36.869 0.1111110002
26498  -45.200  -19.692  36.307 0.1111110002
26501  -48.019  -19.451  36.603 0.1111110002
63586  -44.973  -20.605  36.094 0.1111110002
25301  -45.597  -21.200  36.341 0.1111110002
24706  -46.883  -22.509  37.575 0.1111110002
25876  -48.868  -19.833  36.714 0.1111110002
25891  -48.436  -20.423  36.776 0.1111110002
63496  -48.839  -20.592  36.808 0.1111110002
24719  -45.380  -22.160  36.665 0.1111110002
24705  -45.935  -22.714  37.381 0.1111110002
23575  -47.191  -24.351  39.281 0.1111110002
23027  -48.506  -26.051  37.820 0.1111110002
22410  -47.730  -26.219  39.084 0.1111110002
23052  -47.227  -25.974  36.072 0.1111110002
23630  -45.750  -24.700  34.258 0.1111110002
24208  -45.638  -23.725  32.314 0.1111110002
24161  -49.201  -22.664  36.406 0.1111110002
24216  -46.171  -23.922  30.760 0.1111110002
23669  -46.786  -24.584  29.705 0.1111110002
25877  -49.296  -20.118  36.499 0.1111110002
24173  -49.534  -23.111  35.694 0.1111110002
24188  -49.195  -22.887  35.095 0.1111110002
24749  -48.961  -22.556  34.205 0.1111110002
24759  -48.647  -22.482  33.338 0.1111110002
24772  -48.258  -22.488  32.557 0.1111110002
24778  -47.697  -22.563  31.799 0.1111110002
24784  -47.538  -22.858  30.529 0.1111110002
24789  -47.817  -23.027  29.795 0.1111110002
24222  -47.722  -23.534  29.175 0.1111110002
24226  -47.875  -23.942  28.447 0.1111110002
23674  -48.092  -24.350  27.864 0.1111110002
23679  -47.859  -24.993  27.723 0.1111110002
24773  -49.276  -22.386  32.563 0.1111110002
24779  -48.825  -22.473  31.752 0.1111110002
59204  -48.487  -22.647  30.233 0.1111110002
24790  -48.523  -22.859  29.416 0.1111110002
23680  -48.378  -24.814  27.167 0.1111110002
25892  -49.926  -20.438  36.068 0.1111110002
24223  -48.433  -23.302  28.658 0.1111110002
69258  -48.369  -23.740  28.094 0.1111110002
24233  -48.663  -23.857  27.522 0.1111110002
26511  -50.678  -19.686  35.157 0.1111110002
28851  -48.552  -15.672  31.462 0.1111110002
29375  -49.427  -14.770  31.619 0.1111110002
28852  -49.215  -15.308  31.089 0.1111110002
29382  -49.840  -15.012  30.744 0.1111110002
26537  -49.484  -19.759  33.115 0.1111110002
26531  -48.763  -19.012  33.321 0.1111110002
27139  -48.271  -18.250  33.288 0.1111110002
28303  -47.561  -16.905  32.401 0.1111110002
28308  -47.978  -16.216  31.962 0.1111110002
27742  -47.395  -17.603  32.522 0.1111110002
28860  -49.432  -15.411  30.295 0.1111110002
28869  -48.699  -15.526  29.782 0.1111110002
24149  -47.400  -23.095  38.266 0.1111110002
23576  -48.297  -24.627  38.437 0.1111110002
24709  -48.772  -22.129  37.335 0.1111110002
23038  -48.492  -25.685  37.192 0.1111110002
66119  -47.511  -25.145  35.876 0.1111110002
23651  -46.016  -23.897  33.895 0.1111110002
66777  -49.374  -23.251  35.973 0.1111110002
24209  -46.209  -23.223  32.676 0.1111110002
24213  -46.218  -23.264  31.874 0.1111110002
61535  -46.665  -23.967  30.066 0.1111110002
23670  -47.237  -24.678  29.044 0.1111110002
26486  -49.368  -19.398  36.867 0.1111110002
24187  -48.378  -23.182  34.867 0.1111110002
24748  -48.052  -22.735  33.983 0.1111110002
24777  -46.915  -22.886  31.304 0.1111110002
24217  -46.762  -23.400  30.569 0.1111110002
24221  -47.140  -24.067  29.422 0.1111110002
24771  -47.455  -22.606  32.587 0.1111110002
24218  -47.227  -23.477  29.892 0.1111110002
23673  -47.605  -24.693  28.330 0.1111110002
69709  -47.487  -24.184  28.866 0.1111110002
26510  -50.133  -19.849  35.646 0.1111110002
26522  -50.887  -19.363  34.513 0.1111110002
61098  -49.141  -15.182  33.345 0.1111110002
61645  -48.855  -15.388  32.707 0.1111110002
29373  -49.192  -14.833  32.525 0.1111110002
29376  -49.933  -14.291  31.190 0.1111110002
26532  -50.905  -19.573  34.006 0.1111110002
28846  -48.715  -16.009  33.259 0.1111110002
28849  -48.966  -15.276  31.934 0.1111110002
27134  -50.539  -18.943  34.159 0.1111110002
65950  -49.670  -19.027  33.729 0.1111110002
27133  -48.994  -18.264  33.728 0.1111110002
27739  -48.585  -17.487  33.586 0.1111110002
27743  -47.923  -17.393  33.037 0.1111110002
28304  -48.165  -16.515  32.762 0.1111110002
28848  -48.513  -15.820  32.359 0.1111110002
29383  -50.500  -14.779  30.341 0.1111110002
29387  -50.187  -15.290  30.022 0.1111110002
59864  -50.216  -15.247  29.215 0.1111110002
27678  -46.088  -17.382  39.312 0.1111110002
27710  -46.071  -17.683  37.805 0.1111110002
27088  -47.186  -18.246  37.024 0.1111110002
27711  -46.881  -17.627  37.611 0.1111110002
27109  -46.628  -18.815  36.626 0.1111110002
27110  -47.382  -18.865  36.641 0.1111110002
27089  -48.131  -18.498  36.933 0.1111110002
25293  -48.663  -21.384  37.170 0.1111110002
26485  -48.818  -19.059  36.831 0.1111110002
24186  -46.805  -23.500  34.189 0.1111110002
24757  -46.891  -22.794  33.013 0.1111110002
24199  -46.423  -23.318  33.446 0.1111110002
24758  -47.732  -22.627  33.230 0.1111110002
26487  -49.718  -19.150  36.842 0.1111110002
26502  -50.010  -19.612  36.453 0.1111110002
26503  -50.532  -19.143  35.931 0.1111110002
27121  -51.078  -18.808  35.369 0.1111110002
63767  -51.098  -18.549  35.025 0.1111110002
27131  -51.031  -17.842  35.003 0.1111110002
27135  -50.896  -18.644  34.561 0.1111110002
27130  -50.508  -18.174  34.501 0.1111110002
27735  -49.894  -17.645  34.441 0.1111110002
27740  -49.229  -17.525  34.096 0.1111110002
28301  -48.905  -16.709  33.870 0.1111110002
28300  -48.415  -16.804  33.346 0.1111110002
27129  -49.780  -18.293  34.170 0.1111110002
29388  -50.868  -15.074  29.640 0.1111110002
27087  -46.330  -18.180  37.157 0.1111110002
25890  -47.504  -20.264  36.573 0.1111110002
24172  -49.016  -23.493  35.706 0.1111110002
69978  -47.564  -23.196  34.332 0.1111110002
71038  -48.833  -18.533  37.095 0.1111110002
24200  -47.211  -22.968  33.726 0.1111110002
27111  -50.159  -18.689  36.544 0.1111110002
65170  -51.103  -17.815  35.690 0.1111110002
27737  -50.966  -17.148  35.144 0.1111110002
27736  -50.477  -17.397  34.736 0.1111110002
28296  -50.464  -16.572  34.904 0.1111110002
29367  -49.594  -14.701  34.006 0.1111110002
29371  -49.361  -14.471  33.192 0.1111110002
29913  -49.502  -13.999  32.381 0.1111110002
69524  -50.861  -17.881  34.771 0.1111110002
28295  -49.652  -16.783  34.469 0.1111110002
28842  -49.324  -15.790  34.069 0.1111110002
26421  -46.050  -18.963  43.995 0.2222220004
26429  -46.006  -19.120  43.357 0.2222220004
26438  -45.674  -19.187  42.554 0.1111110002
27037  -46.164  -18.553  42.641 0.2222220004
64176  -45.827  -18.672  41.862 0.1111110002
27670  -46.356  -17.499  40.794 0.1111110002
27660  -46.435  -17.836  41.868 0.1111110002
27057  -45.928  -18.212  41.085 0.1111110002
27669  -45.914  -17.771  40.214 0.1111110002
69099  -46.581  -16.968  39.127 0.1111110002
27689  -45.797  -17.553  38.561 0.1111110002
27691  -47.441  -17.116  38.069 0.1111110002
27690  -46.576  -17.239  38.412 0.1111110002
26500  -47.043  -19.483  36.473 0.1111110002
25292  -48.232  -21.827  37.413 0.1111110002
24697  -48.885  -22.894  38.074 0.1111110002
66300  -49.183  -23.660  36.813 0.1111110002
27712  -47.782  -17.698  37.452 0.1111110002
25303  -47.934  -21.118  36.951 0.1111110002
24708  -48.668  -22.398  37.708 0.1111110002
62040  -49.043  -22.918  37.435 0.1111110002
23614  -48.860  -24.190  36.289 0.1111110002
23615  -49.151  -23.658  36.247 0.1111110002
24171  -48.174  -23.919  35.571 0.1111110002
27090  -49.468  -18.654  37.139 0.1111110002
27714  -49.698  -17.829  37.534 0.1111110002
27091  -50.051  -18.379  37.145 0.1111110002
27715  -50.272  -17.543  37.357 0.1111110002
27092  -50.770  -18.061  36.945 0.1111110002
27716  -51.105  -17.173  37.158 0.1111110002
27112  -50.889  -18.350  36.214 0.1111110002
27730  -51.148  -17.520  36.454 0.1111110002
27717  -52.032  -17.002  36.518 0.1111110002
27733  -51.974  -17.073  35.911 0.1111110002
60134  -50.327  -14.731  34.687 0.1111110002
27732  -51.131  -17.252  35.490 0.1111110002
28292  -51.855  -16.794  35.532 0.1111110002
28844  -50.610  -15.679  35.020 0.1111110002
29368  -50.135  -13.922  34.285 0.1111110002
64710  -49.899  -16.004  34.634 0.1111110002
28843  -49.869  -15.354  34.502 0.1111110002
27031  -46.115  -18.472  43.376 0.2222220004
64300  -46.413  -17.200  39.896 0.1111110002
28245  -47.179  -16.732  38.751 0.1111110002
27671  -46.740  -16.757  40.366 0.1111110002
27692  -48.319  -17.097  37.906 0.1111110002
27693  -49.267  -17.145  37.919 0.1111110002
27713  -48.791  -17.866  37.378 0.1111110002
27694  -50.013  -17.203  38.039 0.1111110002
27695  -50.588  -17.058  37.812 0.1111110002
28274  -51.677  -16.482  37.102 0.1111110002
28275  -52.074  -16.339  36.628 0.1111110002
28285  -52.156  -16.425  36.127 0.1111110002
28293  -52.064  -16.263  35.746 0.1111110002
65765  -51.878  -15.006  35.559 0.1111110002
28839  -51.124  -14.919  35.263 0.1111110002
29369  -50.856  -14.024  34.944 0.1111110002
28298  -51.617  -15.802  35.485 0.1111110002
28297  -51.145  -16.431  35.290 0.1111110002
27623  -45.728  -17.921  44.057 0.2222220004
27024  -46.048  -18.383  44.007 0.2222220004
27648  -46.525  -17.718  42.742 0.2222220004
27649  -46.943  -16.993  42.406 0.2222220004
27661  -46.765  -16.920  41.329 0.2222220004
27679  -46.943  -16.611  39.517 0.1111110002
28246  -47.663  -16.172  39.194 0.1111110002
28259  -47.953  -16.513  38.501 0.1111110002
28247  -48.461  -15.976  38.974 0.1111110002
28248  -49.458  -16.058  38.900 0.1111110002
28260  -48.793  -16.479  38.390 0.1111110002
28261  -49.791  -16.624  38.518 0.1111110002
28262  -50.349  -16.452  38.253 0.1111110002
61694  -50.875  -16.003  38.211 0.1111110002
28263  -51.048  -16.563  37.766 0.1111110002
28818  -51.351  -15.779  37.583 0.1111110002
65040  -52.628  -15.038  37.160 0.1111110002
28829  -52.338  -15.742  36.367 0.1111110002
28286  -52.509  -15.813  35.900 0.1111110002
28830  -52.941  -15.203  36.185 0.1111110002
28840  -52.282  -15.328  35.751 0.1111110002
27635  -46.921  -16.905  42.953 0.2222220004
28226  -47.047  -16.386  42.733 0.2222220004
28233  -47.106  -16.246  41.805 0.2222220004
28238  -47.368  -15.972  40.077 0.1111110002
62729  -49.761  -15.441  39.137 0.1111110002
28249  -50.075  -16.179  38.863 0.1111110002
28803  -50.390  -15.727  38.801 0.1111110002
28804  -50.942  -15.180  38.032 0.1111110002
29326  -51.392  -14.400  37.665 0.1111110002
28805  -51.727  -15.079  37.474 0.1111110002
28819  -52.139  -15.682  37.036 0.1111110002
28756  -45.746  -15.712  43.001 0.2222220004
28217  -46.967  -16.420  43.008 0.2222220004
28764  -46.816  -15.889  42.717 0.2222220004
28773  -47.134  -15.505  41.949 0.2222220004
28782  -48.007  -15.159  40.590 0.2222220004
28239  -48.151  -15.512  39.623 0.1111110002
60801  -48.828  -14.859  40.109 0.1111110002
28790  -49.011  -15.357  39.375 0.1111110002
28784  -50.093  -14.963  39.471 0.1111110002
28791  -50.429  -14.963  38.673 0.1111110002
29325  -50.718  -14.366  38.156 0.1111110002
29867  -51.172  -13.637  37.787 0.1111110002
28774  -47.455  -14.896  41.160 0.2222220004
29307  -48.129  -14.456  40.592 0.1111110002
28783  -49.781  -14.818  40.034 0.1111110002
64381  -51.392  -12.899  37.660 0.1111110002
31605  -51.706  -10.503  34.594 0.1111110002
64908  -51.441  -11.271  34.830 0.2222220004
31053  -51.504  -10.961  33.980 0.1111110002
31055  -51.197  -11.484  33.370 0.1111110002
31056  -51.770  -10.752  33.094 0.1111110002
31058  -51.396  -11.364  32.430 0.1111110002
32159  -54.074  -9.423  30.928 0.2222220004
32162  -54.343  -9.743  30.091 0.1111110002
32716  -53.931  -8.600  29.780 0.2222220004
33258  -54.001  -8.439  28.902 0.2222220004
63007  -53.348  -8.131  29.208 0.2222220004
33264  -53.537  -7.896  28.369 0.2222220004
33263  -52.833  -7.553  28.736 0.2222220004
33822  -51.727  -6.564  28.681 0.2222220004
33824  -53.103  -7.300  27.765 0.2222220004
32122  -51.737  -10.322  35.883 0.2222220004
32139  -51.660  -10.394  34.149 0.1111110002
31607  -52.019  -10.285  33.709 0.1111110002
69620  -52.234  -9.954  33.181 0.1111110002
32712  -54.130  -9.044  30.482 0.1111110002
32113  -51.242  -10.180  37.020 0.1111110002
32114  -51.707  -10.456  36.511 0.2222220004
69267  -51.115  -6.277  29.005 0.2222220004
32705  -54.035  -8.969  31.061 0.2222220004
28757  -46.448  -16.050  43.059 0.2222220004
24823  -52.065  -22.028  26.203 0.1111110002
24822  -51.530  -22.452  26.502 0.1111110002
24798  -50.506  -22.514  28.327 0.1111110002
24821  -50.873  -22.596  27.092 0.1111110002
24264  -51.358  -23.150  25.186 0.1111110002
23136  -50.230  -25.064  24.845 0.1111110002
22556  -49.870  -25.889  24.878 0.1111110002
23707  -50.055  -24.234  25.573 0.1111110002
27750  -45.326  -17.593  30.612 0.1111110002
23051  -46.638  -25.801  35.494 0.1111110002
61238  -47.687  -26.565  36.681 0.1111110002
27143  -47.196  -18.802  32.260 0.1111110002
26455  -43.676  -19.444  40.400 0.1111110002
27075  -43.607  -18.730  38.574 0.1111110002
26484  -43.059  -19.133  37.145 0.1111110002
25887  -44.457  -20.201  36.093 0.1111110002
25886  -43.697  -20.215  36.016 0.1111110002
24147  -45.547  -23.532  37.876 0.1111110002
23016  -46.410  -25.533  39.311 0.1111110002
24134  -46.001  -24.035  38.704 0.1111110002
69525  -46.589  -24.196  39.066 0.1111110002
23565  -47.503  -24.689  39.369 0.1111110002
71430  -47.922  -26.963  38.799 0.1111110002
22443  -48.088  -26.617  37.278 0.1111110002
23612  -46.896  -25.086  35.430 0.1111110002
23650  -45.363  -24.395  33.476 0.1111110002
24198  -45.698  -23.717  33.118 0.1111110002
27107  -44.467  -18.941  36.751 0.1111110002
26497  -44.294  -19.534  36.394 0.1111110002
62292  -44.936  -19.088  36.551 0.1111110002
24148  -46.421  -23.262  38.078 0.1111110002
61425  -46.874  -23.730  38.749 0.1111110002
24135  -47.787  -23.694  38.838 0.1111110002
24128  -48.014  -24.185  39.177 0.1111110002
23017  -48.598  -25.412  38.088 0.1111110002
23007  -48.088  -25.422  38.883 0.1111110002
23037  -47.974  -25.638  36.558 0.1111110002
23631  -46.615  -24.310  34.725 0.1111110002
60534  -46.340  -23.439  31.180 0.1111110002
24162  -49.728  -22.623  35.693 0.1111110002
71437  -47.570  -22.665  31.158 0.1111110002
60569  -48.273  -22.553  31.040 0.1111110002
28870  -49.463  -15.374  29.488 0.1111110002
23567  -48.532  -23.961  38.914 0.1111110002
24770  -46.813  -22.779  32.222 0.1111110002
29389  -51.662  -14.802  29.244 0.1111110002
27677  -45.500  -17.850  39.514 0.1111110002
66418  -47.068  -16.290  40.858 0.1111110002
70436  -52.721  -14.896  35.871 0.1111110002
28781  -47.352  -15.663  41.002 0.2222220004
31598  -51.649  -10.759  35.590 0.1111110002
31059  -52.201  -10.679  32.107 0.1111110002
32717  -54.265  -9.223  29.473 0.1111110002
33823  -52.437  -6.885  28.282 0.2222220004
17901  -9.543  -34.499  57.745 0.1111110002
62853  -7.487  -33.534  58.019 0.1111110002
18550  -7.570  -33.654  57.410 0.1111110002
17295  -10.039  -34.914  58.013 0.1111110002
17885  -9.131  -34.032  59.078 0.1111110002
18545  -7.846  -33.416  58.650 0.1111110002
18544  -6.914  -33.450  58.568 0.1111110002
18549  -6.632  -33.776  57.705 0.1111110002
17884  -6.203  -33.379  59.187 0.1111110002
17899  -5.599  -34.011  57.719 0.1111110002
17879  -5.579  -33.276  59.600 0.1111110002
17883  -5.330  -33.555  58.978 0.1111110002
18528  -5.913  -32.645  60.740 0.1111110002
18538  -5.067  -33.306  59.484 0.1111110002
19132  -5.345  -32.509  60.501 0.1111110002
19128  -6.476  -32.194  61.268 0.1111110002
18532  -5.417  -32.981  60.130 0.1111110002
18537  -4.694  -33.191  59.169 0.1111110002
19127  -5.749  -32.034  61.114 0.1111110002
19125  -6.358  -31.705  62.072 0.1111110002
19662  -5.314  -31.735  60.747 0.1111110002
19129  -7.239  -32.250  61.152 0.1111110002
19136  -4.650  -32.559  59.494 0.1111110002
19663  -5.757  -31.277  61.343 0.1111110002
19660  -6.058  -31.017  62.038 0.1111110002
64504  -7.241  -31.162  62.035 0.1111110002
19131  -4.972  -32.301  60.200 0.1111110002
19126  -6.788  -31.759  62.053 0.1111110002
19669  -4.362  -32.182  58.719 0.1111110002
20156  -5.523  -30.717  61.126 0.1111110002
20152  -6.645  -30.447  62.040 0.1111110002
61963  -5.253  -30.956  60.622 0.1111110002
68252  -6.607  -31.340  62.041 0.1111110002
20153  -7.602  -30.296  61.892 0.1111110002
19666  -4.928  -31.469  60.208 0.1111110002
19668  -4.646  -31.697  59.515 0.1111110002
20626  -5.486  -29.292  61.976 0.1111110002
20627  -6.292  -29.455  62.068 0.1111110002
20628  -7.141  -29.525  62.045 0.1111110002
20150  -5.423  -29.795  61.563 0.1111110002
20155  -5.217  -30.061  60.881 0.1111110002
20154  -8.221  -30.190  61.291 0.1111110002
62140  -4.643  -29.969  59.205 0.1111110002
20625  -4.968  -28.987  62.001 0.1111110002
20630  -4.806  -29.015  61.415 0.1111110002
20635  -4.651  -29.114  59.706 0.1111110002
20631  -8.526  -29.452  61.016 0.1111110002
70557  -33.508  -21.319  39.636 0.1111110002
32206  -55.066  -10.241  28.305 0.1111110002
32191  -54.455  -9.641  28.516 0.1111110002
31664  -55.044  -10.772  27.865 0.1111110002
26428  -45.577  -19.545  43.156 0.1111110002
32718  -54.829  -9.526  29.126 0.1111110002
33285  -54.020  -8.337  28.192 0.1111110002
32769  -53.418  -9.176  27.286 0.1111110002
32761  -53.543  -8.714  27.597 0.1111110002
61096  -44.382  -20.634  44.196 0.1111110002
63271  -52.945  -9.008  27.029 0.1111110002
33284  -53.299  -7.983  27.610 0.1111110002
66796  -51.810  -10.650  36.305 0.1111110002
32760  -53.110  -8.481  27.056 0.1111110002
33309  -52.975  -7.535  26.924 0.1111110002
33841  -47.124  -6.711  26.492 0.1111110002
33865  -47.635  -6.160  25.993 0.1111110002
32754  -45.422  -8.304  27.439 0.1111110002
33280  -46.089  -7.745  27.221 0.1111110002
33303  -46.612  -7.241  26.886 0.1111110002
33279  -44.830  -7.780  27.308 0.1111110002
33302  -45.721  -7.140  26.883 0.1111110002
34368  -47.223  -5.544  25.494 0.1111110002
34369  -48.144  -5.561  25.414 0.1111110002
63286  -49.442  -4.636  24.337 0.1111110002
34387  -49.664  -5.106  24.719 0.1111110002
34924  -50.214  -4.715  24.265 0.1111110002
66891  -45.365  -7.592  27.193 0.1111110002
33840  -46.210  -6.628  26.496 0.1111110002
33864  -46.712  -6.104  26.039 0.1111110002
34385  -47.701  -5.006  24.926 0.1111110002
70457  -48.045  -4.518  24.483 0.1111110002
35479  -48.316  -3.520  23.678 0.1111110002
35480  -49.276  -3.618  23.659 0.1111110002
35481  -50.259  -3.775  23.644 0.1111110002
34936  -50.655  -4.379  23.892 0.1111110002
34937  -50.801  -4.341  23.985 0.1111110002
33839  -45.301  -6.551  26.480 0.1111110002
35454  -51.887  -2.811  25.365 0.1111110002
34935  -49.869  -4.267  23.905 0.1111110002
35455  -52.076  -3.101  24.821 0.1111110002
35482  -50.888  -3.918  23.683 0.1111110002
35468  -52.043  -3.108  24.327 0.1111110002
35950  -50.604  -2.197  26.651 0.1111110002
36438  -50.784  -1.437  26.331 0.1111110002
35957  -51.202  -2.283  25.948 0.1111110002
35958  -52.089  -2.281  24.743 0.1111110002
68732  -51.579  -2.036  25.357 0.1111110002
36445  -51.224  -1.369  25.700 0.1111110002
69802  -50.424  -5.112  24.631 0.1111110002
34926  -51.195  -4.261  24.792 0.1111110002
65221  -45.661  -19.517  43.738 0.1111110002
31621  -53.933  -9.957  31.102 0.1111110002
32738  -54.265  -9.013  28.712 0.1111110002
17889  -5.894  -33.752  58.417 0.1111110002
18531  -4.964  -32.942  59.930 0.1111110002
66106  -4.348  -32.916  58.811 0.1111110002
20151  -5.833  -30.146  61.987 0.1111110002
68812  -5.745  -30.604  61.898 0.1111110002
20162  -4.575  -30.932  58.774 0.1111110002
69632  -4.391  -31.454  58.096 0.1111110002
20158  -4.951  -30.497  60.325 0.1111110002
20160  -4.739  -30.773  59.699 0.1111110002
20633  -4.839  -29.607  60.486 0.1111110002
67978  -4.751  -30.012  59.924 0.1111110002
20157  -8.739  -30.170  60.803 0.1111110002
64617  -4.417  -28.038  60.001 0.1111110002
64983  -54.110  -9.101  28.048 0.1111110002
34386  -48.677  -4.959  24.735 0.1111110002
33301  -44.760  -7.143  26.929 0.1111110002
34908  -46.846  -4.950  25.028 0.1111110002
34923  -48.778  -4.220  24.098 0.1111110002
35466  -47.810  -3.988  24.107 0.1111110002
35976  -48.760  -2.894  23.377 0.1111110002
35467  -51.243  -3.703  24.364 0.1111110002
35965  -52.146  -2.652  24.305 0.1111110002
35978  -50.721  -3.137  23.515 0.1111110002
35483  -51.385  -3.120  23.810 0.1111110002
21105  -4.742  -28.487  61.968 0.1111110002
22418  -48.142  -26.238  38.449 0.1111110002
23006  -47.492  -25.279  39.313 0.1111110002
23566  -48.006  -24.577  39.211 0.1111110002
67528  -4.774  -32.059  59.891 0.1111110002
