#!ascii label  , from subject sub-v1s3x0050818_ses-1 vox2ras=TkReg
705
44444  34.569  17.930  35.340 0.0000000000
44046  43.221  16.544  29.561 0.0000000000
45354  36.534  19.058  22.412 0.0000000000
43192  44.119  14.664  19.469 0.0000000000
42640  36.945  13.189  31.195 0.0000000000
45737  36.766  20.595  29.141 0.0000000000
43629  43.763  14.645  24.215 0.0000000000
45809  34.858  19.825  18.741 0.0000000000
44889  37.831  18.691  32.496 0.0000000000
44003  40.273  16.797  33.875 0.0000000000
43106  41.451  14.268  28.792 0.0000000000
47032  38.126  23.575  20.706 0.0000000000
45399  38.370  19.383  16.081 0.0000000000
43592  37.573  15.985  25.922 0.0000000000
44121  40.528  16.735  20.640 0.0000000000
46633  34.430  22.674  20.387 0.0000000000
44426  39.748  17.686  37.106 0.0000000000
43998  37.608  15.999  35.024 0.0000000000
62756  38.933  13.519  29.366 0.0000000000
45767  38.749  20.628  24.473 0.0000000000
46205  40.177  21.817  23.359 0.0000000000
46215  37.425  21.164  21.411 0.0000000000
46233  37.172  22.054  17.931 0.0000000000
45376  37.331  19.476  19.550 0.0000000000
44488  41.036  17.581  31.300 0.0000000000
44051  37.738  16.912  29.010 0.0000000000
43569  39.834  16.059  28.183 0.0000000000
43652  44.306  15.286  21.484 0.0000000000
43643  42.250  15.535  22.115 0.0000000000
44128  42.626  16.185  19.402 0.0000000000
44135  41.144  16.605  18.466 0.0000000000
43178  42.455  14.486  20.100 0.0000000000
42714  41.733  13.397  21.503 0.0000000000
44008  33.565  16.797  33.189 0.0000000000
43515  35.700  15.472  33.390 0.0000000000
45325  37.022  19.568  25.887 0.0000000000
43564  44.495  15.595  28.352 0.0000000000
43587  42.571  15.304  26.614 0.0000000000
43597  45.352  15.127  25.524 0.0000000000
60595  46.212  14.617  22.124 0.0000000000
45711  37.141  20.589  33.650 0.0000000000
45272  38.288  19.501  35.241 0.0000000000
44872  40.465  18.017  33.930 0.0000000000
44034  42.658  16.842  32.035 0.0000000000
43062  38.359  14.876  32.941 0.0000000000
60988  41.056  15.666  31.270 0.0000000000
43557  43.364  15.660  30.150 0.0000000000
43110  43.906  13.892  27.684 0.0000000000
44461  31.195  17.380  34.020 0.0000000000
72436  38.793  23.130  22.908 0.0000000000
47443  36.275  24.548  21.078 0.0000000000
46645  36.189  22.697  18.288 0.0000000000
67432  36.531  20.323  16.546 0.0000000000
60772  37.286  16.911  17.948 0.0000000000
62156  36.491  19.434  30.630 0.0000000000
44909  36.311  18.347  27.455 0.0000000000
44525  36.705  17.226  23.885 0.0000000000
43122  41.048  14.779  24.824 0.0000000000
44101  39.182  15.960  22.990 0.0000000000
44539  38.141  17.275  21.404 0.0000000000
44564  39.918  18.078  18.273 0.0000000000
44144  39.652  16.683  17.345 0.0000000000
46634  33.641  22.265  20.795 0.0000000000
47029  34.506  24.189  21.627 0.0000000000
44429  36.750  17.806  36.956 0.0000000000
44448  36.111  17.172  34.947 0.0000000000
45779  37.191  19.890  23.477 0.0000000000
45778  38.587  20.993  23.133 0.0000000000
45788  36.848  19.815  22.221 0.0000000000
45798  36.970  20.301  20.530 0.0000000000
44950  36.719  19.039  21.162 0.0000000000
67994  41.674  17.094  29.982 0.0000000000
44049  39.649  16.760  29.546 0.0000000000
44058  41.568  16.484  28.781 0.0000000000
65906  44.299  14.905  19.528 0.0000000000
44117  43.808  16.003  20.152 0.0000000000
43676  43.607  15.066  19.507 0.0000000000
70256  42.975  15.116  19.455 0.0000000000
43193  43.509  14.692  19.500 0.0000000000
42719  42.791  13.730  20.338 0.0000000000
42255  43.366  13.492  19.842 0.0000000000
43530  34.310  15.419  32.410 0.0000000000
45757  37.641  20.190  26.391 0.0000000000
45751  37.301  20.284  27.291 0.0000000000
43573  45.203  15.254  27.606 0.0000000000
69625  45.198  15.378  27.167 0.0000000000
43572  46.021  15.061  26.985 0.0000000000
43142  47.249  14.274  23.526 0.0000000000
64813  47.322  14.103  22.100 0.0000000000
43650  46.359  15.024  21.077 0.0000000000
43990  39.752  16.951  35.321 0.0000000000
44447  40.160  17.745  34.993 0.0000000000
44456  40.608  17.522  33.601 0.0000000000
44475  41.256  17.328  32.828 0.0000000000
44025  41.329  16.862  32.835 0.0000000000
43064  36.464  13.985  32.883 0.0000000000
43053  36.897  14.445  33.436 0.0000000000
72114  37.423  14.031  32.227 0.0000000000
42649  39.702  13.766  29.044 0.0000000000
70437  39.499  14.394  29.874 0.0000000000
43098  41.119  14.684  29.544 0.0000000000
43558  41.793  15.352  30.282 0.0000000000
43097  42.315  15.045  29.631 0.0000000000
43096  43.412  15.199  29.404 0.0000000000
42652  42.597  13.808  28.055 0.0000000000
41748  44.805  11.583  27.521 0.0000000000
46620  39.148  22.501  21.862 0.0000000000
47000  40.075  22.486  23.283 0.0000000000
60440  39.104  23.210  21.781 0.0000000000
47026  37.933  23.938  21.354 0.0000000000
47441  37.950  24.093  20.732 0.0000000000
47451  36.438  24.177  20.002 0.0000000000
47047  36.866  23.391  18.949 0.0000000000
45813  37.341  20.869  16.766 0.0000000000
46244  36.907  21.159  16.536 0.0000000000
45401  37.092  19.873  16.031 0.0000000000
44975  36.639  18.530  17.321 0.0000000000
44571  38.139  17.749  16.339 0.0000000000
61826  37.335  19.343  32.803 0.0000000000
45304  36.614  19.977  32.048 0.0000000000
44893  36.722  18.985  31.123 0.0000000000
44062  37.433  16.718  28.165 0.0000000000
44506  36.563  17.687  28.280 0.0000000000
44072  36.617  17.032  26.570 0.0000000000
72452  36.335  17.662  26.029 0.0000000000
43604  37.097  16.423  25.264 0.0000000000
43120  42.782  14.685  25.218 0.0000000000
69447  41.489  14.770  25.532 0.0000000000
43131  42.487  14.650  24.493 0.0000000000
44120  41.175  16.447  20.975 0.0000000000
43645  40.614  15.805  22.401 0.0000000000
44109  40.365  16.475  21.295 0.0000000000
44111  38.856  16.673  21.751 0.0000000000
44538  39.086  16.980  21.035 0.0000000000
44557  38.873  17.697  19.846 0.0000000000
44546  40.275  17.212  19.998 0.0000000000
43677  41.469  15.738  19.151 0.0000000000
44136  41.019  16.639  17.950 0.0000000000
62358  39.872  16.019  18.711 0.0000000000
64917  38.892  15.917  18.736 0.0000000000
61953  37.128  21.487  30.463 0.0000000000
46229  33.800  20.784  19.778 0.0000000000
46228  34.620  21.311  19.294 0.0000000000
70384  39.109  18.262  39.009 0.0000000000
44418  37.561  17.777  37.964 0.0000000000
43981  38.648  16.872  36.527 0.0000000000
44004  38.787  15.718  34.413 0.0000000000
42639  37.621  13.469  30.649 0.0000000000
46197  40.120  21.399  23.740 0.0000000000
46207  38.842  21.486  22.461 0.0000000000
46214  37.963  21.945  21.136 0.0000000000
46638  37.235  22.781  19.361 0.0000000000
62824  37.269  21.262  20.598 0.0000000000
45803  37.242  20.363  19.154 0.0000000000
45382  38.133  19.241  18.005 0.0000000000
44483  39.095  17.779  31.561 0.0000000000
44484  37.954  17.946  31.179 0.0000000000
44041  39.127  17.095  30.112 0.0000000000
44060  39.251  16.411  28.736 0.0000000000
43579  38.579  15.732  27.119 0.0000000000
43641  44.101  15.020  22.328 0.0000000000
65896  42.283  15.126  22.931 0.0000000000
43653  42.923  15.574  21.625 0.0000000000
44107  42.737  16.062  20.889 0.0000000000
44544  42.065  16.729  19.488 0.0000000000
44554  41.687  17.138  19.056 0.0000000000
44134  42.224  16.224  18.990 0.0000000000
43688  42.341  15.652  19.133 0.0000000000
43179  41.633  14.622  20.397 0.0000000000
42248  42.516  12.441  21.056 0.0000000000
44458  34.013  17.284  33.787 0.0000000000
44000  35.715  16.767  34.206 0.0000000000
44007  34.428  16.607  33.307 0.0000000000
43529  35.197  15.048  32.742 0.0000000000
42620  36.134  13.522  32.446 0.0000000000
45755  39.476  20.927  25.562 0.0000000000
45768  37.948  20.243  24.704 0.0000000000
45335  36.603  19.041  24.425 0.0000000000
44057  43.873  16.241  29.054 0.0000000000
43566  42.562  16.153  28.055 0.0000000000
43575  44.007  16.008  27.636 0.0000000000
66435  44.022  15.317  26.353 0.0000000000
43616  44.598  14.815  24.925 0.0000000000
64719  46.654  14.999  25.267 0.0000000000
43614  46.114  14.707  24.413 0.0000000000
43627  45.229  14.635  23.237 0.0000000000
43651  45.473  15.045  21.524 0.0000000000
43674  45.545  14.969  19.919 0.0000000000
43191  44.912  14.727  19.674 0.0000000000
42733  44.000  12.998  19.497 0.0000000000
45282  37.576  20.069  34.502 0.0000000000
44874  38.270  18.816  33.438 0.0000000000
72172  39.586  18.365  36.629 0.0000000000
44863  39.749  18.349  34.743 0.0000000000
44888  39.028  18.355  33.015 0.0000000000
44476  40.918  17.729  32.861 0.0000000000
44487  42.226  17.373  31.561 0.0000000000
44479  42.939  17.032  31.662 0.0000000000
43507  37.057  15.498  34.408 0.0000000000
43506  37.993  15.405  34.567 0.0000000000
61749  39.079  15.472  33.003 0.0000000000
61804  38.428  14.509  31.459 0.0000000000
43073  39.275  15.092  31.523 0.0000000000
43526  40.637  16.234  32.471 0.0000000000
43541  41.632  16.460  32.167 0.0000000000
43540  43.027  16.654  31.487 0.0000000000
43547  43.503  16.095  30.251 0.0000000000
43556  44.100  15.899  29.715 0.0000000000
43104  44.346  14.900  28.483 0.0000000000
43109  45.323  14.441  27.355 0.0000000000
42201  43.698  12.917  27.434 0.0000000000
42658  44.568  13.374  27.281 0.0000000000
44452  32.492  17.865  34.892 0.0000000000
44009  32.672  16.887  33.165 0.0000000000
68054  30.641  16.247  32.762 0.0000000000
47001  39.882  22.797  23.606 0.0000000000
47002  38.047  23.137  23.137 0.0000000000
47034  35.656  23.991  20.301 0.0000000000
46227  35.392  22.245  18.930 0.0000000000
70726  35.263  21.450  18.582 0.0000000000
46648  36.813  22.277  17.638 0.0000000000
46239  36.273  21.558  17.291 0.0000000000
45384  35.446  19.382  18.230 0.0000000000
45738  36.436  19.998  29.558 0.0000000000
44492  36.787  18.186  29.890 0.0000000000
65670  36.359  18.657  28.779 0.0000000000
45747  36.485  19.792  28.672 0.0000000000
45326  36.459  18.940  26.304 0.0000000000
44920  36.392  18.292  24.742 0.0000000000
44929  36.464  18.447  23.761 0.0000000000
64451  41.227  15.521  27.179 0.0000000000
43589  40.582  15.262  26.605 0.0000000000
43603  39.196  15.236  25.334 0.0000000000
43631  41.573  15.111  23.415 0.0000000000
43632  39.783  15.535  23.534 0.0000000000
65415  38.596  15.534  24.755 0.0000000000
44524  37.265  16.629  23.816 0.0000000000
44532  36.828  17.555  22.809 0.0000000000
44943  36.635  18.587  21.875 0.0000000000
44548  37.979  18.165  20.084 0.0000000000
44954  38.461  18.280  19.359 0.0000000000
44972  39.663  18.547  16.844 0.0000000000
44142  41.116  16.989  17.733 0.0000000000
44570  40.249  17.357  17.009 0.0000000000
44581  39.711  17.635  15.838 0.0000000000
44138  38.679  16.362  17.892 0.0000000000
42244  40.842  12.576  22.745 0.0000000000
46622  34.041  23.310  21.204 0.0000000000
44855  34.659  18.352  36.293 0.0000000000
44443  35.445  17.772  35.535 0.0000000000
45780  36.775  19.521  22.917 0.0000000000
63057  37.461  20.382  22.878 0.0000000000
45362  36.647  19.340  21.714 0.0000000000
44047  42.288  16.875  29.616 0.0000000000
67992  41.145  16.667  29.242 0.0000000000
43675  44.029  15.369  19.821 0.0000000000
42729  43.170  14.295  19.765 0.0000000000
42728  43.787  13.933  19.665 0.0000000000
46161  37.454  21.119  28.681 0.0000000000
45746  36.962  20.435  28.222 0.0000000000
43108  46.009  14.984  27.258 0.0000000000
43115  46.505  14.816  26.730 0.0000000000
43154  48.013  13.704  22.048 0.0000000000
42712  47.288  13.260  21.187 0.0000000000
65233  46.985  14.107  20.835 0.0000000000
44967  34.913  18.990  18.956 0.0000000000
43996  39.545  16.410  34.529 0.0000000000
43995  40.241  17.330  34.436 0.0000000000
61666  40.907  17.065  33.316 0.0000000000
43076  36.879  13.641  32.219 0.0000000000
65227  37.229  14.123  32.798 0.0000000000
42648  40.521  14.040  28.852 0.0000000000
61466  40.250  14.405  29.471 0.0000000000
43105  42.484  14.451  28.732 0.0000000000
42653  41.814  13.606  28.181 0.0000000000
46629  39.073  23.251  21.184 0.0000000000
47025  38.721  23.699  21.228 0.0000000000
47033  37.551  24.070  20.198 0.0000000000
47039  37.389  23.505  19.866 0.0000000000
45812  37.829  20.149  16.382 0.0000000000
45821  37.189  20.376  16.219 0.0000000000
45407  37.650  19.553  15.764 0.0000000000
68279  37.843  18.564  16.044 0.0000000000
44983  38.724  18.289  15.431 0.0000000000
45303  36.971  19.245  31.991 0.0000000000
44892  37.449  18.555  31.604 0.0000000000
43580  37.757  16.040  26.800 0.0000000000
44068  37.110  16.635  27.272 0.0000000000
64774  37.151  16.444  26.503 0.0000000000
44071  36.862  16.628  25.963 0.0000000000
43130  43.155  14.642  24.669 0.0000000000
43144  42.969  14.650  24.096 0.0000000000
44110  39.637  16.554  21.501 0.0000000000
44122  39.865  16.834  20.800 0.0000000000
43665  41.095  15.253  19.892 0.0000000000
43678  40.494  15.674  19.280 0.0000000000
43666  40.153  15.272  19.982 0.0000000000
43679  39.541  15.591  19.384 0.0000000000
46222  33.319  21.287  20.429 0.0000000000
46221  34.092  21.707  20.090 0.0000000000
44831  37.222  18.312  38.536 0.0000000000
71192  36.617  18.268  37.894 0.0000000000
43993  37.092  16.714  35.392 0.0000000000
44441  37.519  17.102  36.217 0.0000000000
43992  38.237  16.453  35.746 0.0000000000
43997  38.769  16.133  35.140 0.0000000000
45760  39.526  20.881  24.734 0.0000000000
46187  40.317  21.265  24.277 0.0000000000
45766  39.367  20.976  23.882 0.0000000000
45786  37.984  21.028  22.516 0.0000000000
46208  37.949  21.402  21.916 0.0000000000
46213  38.939  22.029  21.738 0.0000000000
46631  37.706  22.390  20.198 0.0000000000
45369  36.980  19.476  20.424 0.0000000000
65007  37.017  20.070  19.924 0.0000000000
45383  37.521  19.820  18.535 0.0000000000
44489  39.723  17.513  30.967 0.0000000000
44490  38.552  17.503  30.659 0.0000000000
44059  40.197  16.506  28.971 0.0000000000
43570  38.887  16.014  27.935 0.0000000000
43578  39.449  15.657  27.374 0.0000000000
60374  43.613  15.332  21.796 0.0000000000
44118  43.183  16.127  20.144 0.0000000000
44119  42.375  16.323  20.212 0.0000000000
43194  42.818  14.942  19.525 0.0000000000
43195  42.023  15.170  19.715 0.0000000000
42256  42.938  12.853  20.327 0.0000000000
43065  34.572  14.610  32.200 0.0000000000
42621  35.526  14.072  32.547 0.0000000000
45762  37.841  20.168  25.530 0.0000000000
45328  37.155  19.617  25.002 0.0000000000
44065  44.237  16.086  28.353 0.0000000000
44066  43.533  16.261  28.219 0.0000000000
43584  45.405  15.292  26.480 0.0000000000
43585  44.775  15.576  26.826 0.0000000000
43598  44.646  15.200  25.899 0.0000000000
43582  47.505  14.960  26.033 0.0000000000
43595  47.347  14.871  25.527 0.0000000000
43143  46.543  14.424  22.987 0.0000000000
43625  46.443  14.517  23.736 0.0000000000
68062  45.952  14.593  23.771 0.0000000000
61182  45.526  14.631  23.835 0.0000000000
43640  45.382  14.737  22.495 0.0000000000
43177  46.093  14.838  20.519 0.0000000000
42726  45.262  13.743  19.863 0.0000000000
42727  44.413  13.851  19.714 0.0000000000
65835  38.201  19.921  35.840 0.0000000000
45273  37.836  20.602  35.292 0.0000000000
45281  38.595  18.934  34.461 0.0000000000
44415  39.549  17.629  37.760 0.0000000000
44830  39.839  18.038  37.485 0.0000000000
44861  40.433  17.904  34.112 0.0000000000
44862  40.264  18.060  34.511 0.0000000000
44873  39.736  18.344  33.983 0.0000000000
44887  40.352  18.066  33.401 0.0000000000
44477  39.878  18.028  32.558 0.0000000000
62972  41.956  17.233  32.481 0.0000000000
44481  41.672  17.522  32.280 0.0000000000
44480  42.399  17.072  32.163 0.0000000000
44006  35.296  16.348  33.557 0.0000000000
44005  36.174  15.955  33.961 0.0000000000
43063  37.698  14.594  33.256 0.0000000000
43513  37.405  14.920  33.972 0.0000000000
64701  38.370  15.194  33.742 0.0000000000
42650  38.121  13.291  29.849 0.0000000000
43086  38.188  14.000  30.628 0.0000000000
43099  38.675  13.999  30.002 0.0000000000
43085  39.886  15.141  30.830 0.0000000000
61748  39.653  15.597  32.341 0.0000000000
61088  40.337  15.682  31.774 0.0000000000
67416  42.700  15.602  30.455 0.0000000000
43549  42.597  15.918  31.051 0.0000000000
43548  43.096  16.143  30.787 0.0000000000
44045  44.009  16.110  29.766 0.0000000000
43111  43.441  14.499  28.443 0.0000000000
43095  43.985  15.229  29.138 0.0000000000
71399  44.618  14.336  27.660 0.0000000000
42202  43.004  12.431  27.579 0.0000000000
68075  44.251  12.290  27.383 0.0000000000
42200  45.038  12.389  27.148 0.0000000000
44460  32.146  17.414  33.926 0.0000000000
44010  31.758  16.869  33.229 0.0000000000
44011  30.851  16.782  33.355 0.0000000000
62192  39.219  22.958  22.880 0.0000000000
46991  39.935  22.889  24.347 0.0000000000
60369  39.036  22.991  23.655 0.0000000000
46590  38.059  22.938  24.236 0.0000000000
47027  36.824  24.189  21.591 0.0000000000
61391  35.774  24.439  21.702 0.0000000000
47028  35.369  24.455  21.163 0.0000000000
47446  36.066  24.423  20.625 0.0000000000
47048  36.552  23.237  18.821 0.0000000000
47042  36.136  23.601  19.543 0.0000000000
63126  35.946  23.010  19.018 0.0000000000
46234  35.838  21.993  17.970 0.0000000000
70722  37.301  22.161  18.824 0.0000000000
46643  37.030  22.963  18.108 0.0000000000
45814  36.636  21.101  16.608 0.0000000000
45815  36.060  20.709  17.205 0.0000000000
45393  35.958  19.865  17.352 0.0000000000
44966  35.579  18.526  18.493 0.0000000000
44976  36.013  18.981  17.714 0.0000000000
44573  36.893  17.665  17.640 0.0000000000
45712  36.811  20.961  32.904 0.0000000000
45307  36.539  19.716  31.300 0.0000000000
45731  36.564  20.458  31.436 0.0000000000
45733  36.462  20.153  30.522 0.0000000000
44491  37.551  17.741  30.328 0.0000000000
44896  37.099  18.362  30.751 0.0000000000
44497  37.200  17.523  29.471 0.0000000000
44508  36.432  17.735  27.667 0.0000000000
44498  36.525  18.002  28.986 0.0000000000
44907  36.346  18.246  28.207 0.0000000000
45320  36.295  18.996  28.153 0.0000000000
45322  36.379  18.968  27.185 0.0000000000
44911  36.296  18.329  26.644 0.0000000000
44517  36.399  17.619  25.114 0.0000000000
44913  36.298  18.151  25.455 0.0000000000
61258  36.473  17.669  24.236 0.0000000000
61641  42.993  15.760  27.451 0.0000000000
43567  41.549  16.011  28.009 0.0000000000
43576  42.050  15.607  27.296 0.0000000000
43601  40.734  14.874  25.723 0.0000000000
60789  39.751  15.074  26.028 0.0000000000
43602  40.097  14.954  25.084 0.0000000000
43644  41.397  15.570  22.488 0.0000000000
43646  39.984  15.824  22.675 0.0000000000
68875  40.686  15.423  23.217 0.0000000000
43618  39.511  15.322  24.455 0.0000000000
43633  38.856  15.675  23.877 0.0000000000
44083  37.972  15.941  24.221 0.0000000000
44093  38.249  16.202  23.350 0.0000000000
44531  38.117  16.853  22.096 0.0000000000
63730  37.381  17.387  22.167 0.0000000000
69480  36.739  17.932  22.237 0.0000000000
44540  37.152  17.880  21.593 0.0000000000
44942  37.025  18.396  21.174 0.0000000000
44549  37.641  17.905  20.845 0.0000000000
44556  39.326  17.908  19.114 0.0000000000
44963  38.793  18.464  18.457 0.0000000000
66402  39.484  18.419  17.757 0.0000000000
44562  41.405  16.958  18.673 0.0000000000
62503  41.145  17.295  18.535 0.0000000000
64637  40.258  16.450  17.982 0.0000000000
44143  40.509  16.899  17.270 0.0000000000
44580  40.085  17.692  16.038 0.0000000000
44155  39.844  17.243  16.399 0.0000000000
44145  38.981  16.884  16.870 0.0000000000
43680  38.700  15.488  19.513 0.0000000000
43691  38.033  15.719  19.039 0.0000000000
42702  41.363  12.985  22.194 0.0000000000
46623  33.284  22.843  21.556 0.0000000000
44841  35.828  18.496  37.438 0.0000000000
44430  35.597  18.129  36.548 0.0000000000
44442  36.419  17.492  35.846 0.0000000000
60835  38.061  20.468  23.833 0.0000000000
45787  37.312  20.640  21.978 0.0000000000
45794  37.062  20.526  21.211 0.0000000000
45795  36.878  20.022  21.634 0.0000000000
45370  36.802  19.768  21.112 0.0000000000
44039  41.490  17.388  30.620 0.0000000000
44040  40.251  17.223  30.345 0.0000000000
44048  40.673  16.901  29.770 0.0000000000
43568  40.784  16.248  28.446 0.0000000000
43663  44.224  15.421  20.601 0.0000000000
44127  43.353  15.709  19.655 0.0000000000
43687  42.884  15.680  19.169 0.0000000000
72517  43.354  12.909  19.785 0.0000000000
44027  33.108  16.303  32.605 0.0000000000
44026  33.973  16.176  32.684 0.0000000000
43531  33.453  15.635  32.227 0.0000000000
45750  38.298  20.713  26.897 0.0000000000
45758  36.825  19.611  26.792 0.0000000000
43574  44.722  15.924  27.637 0.0000000000
43129  47.729  14.360  24.369 0.0000000000
63099  47.862  14.058  22.727 0.0000000000
43155  47.040  14.298  22.463 0.0000000000
43639  46.739  14.548  21.648 0.0000000000
43189  46.376  14.127  20.516 0.0000000000
62512  38.838  19.051  36.049 0.0000000000
44440  39.807  17.516  36.189 0.0000000000
44871  40.613  17.755  33.457 0.0000000000
44024  42.059  16.980  32.484 0.0000000000
43528  36.072  14.593  33.235 0.0000000000
43514  36.558  15.061  33.802 0.0000000000
62021  37.928  14.435  32.335 0.0000000000
43084  40.678  15.068  30.268 0.0000000000
66340  41.650  15.619  30.900 0.0000000000
69143  43.104  13.385  27.679 0.0000000000
41749  43.939  11.511  27.667 0.0000000000
46206  39.705  21.870  22.396 0.0000000000
69186  40.136  22.061  22.960 0.0000000000
46613  39.420  22.462  22.547 0.0000000000
47014  38.725  23.471  22.056 0.0000000000
47442  37.217  24.342  20.893 0.0000000000
47445  36.720  24.368  20.490 0.0000000000
47450  37.045  24.217  19.938 0.0000000000
47041  36.746  23.800  19.497 0.0000000000
45807  37.404  21.023  17.810 0.0000000000
46237  37.031  21.783  16.954 0.0000000000
45822  36.854  20.477  16.158 0.0000000000
45392  36.521  19.458  16.883 0.0000000000
44984  37.146  18.996  16.529 0.0000000000
44974  37.322  18.106  16.881 0.0000000000
44572  37.640  17.342  17.205 0.0000000000
45724  36.836  20.141  32.820 0.0000000000
72070  36.871  19.679  32.413 0.0000000000
44505  36.944  17.304  28.639 0.0000000000
44063  36.784  17.191  27.886 0.0000000000
44510  36.352  17.731  26.932 0.0000000000
71863  36.565  17.072  26.016 0.0000000000
44074  36.587  17.026  25.501 0.0000000000
44085  36.706  16.937  24.604 0.0000000000
43599  43.140  15.016  26.021 0.0000000000
43600  42.242  14.825  25.795 0.0000000000
43121  41.946  14.649  25.016 0.0000000000
43655  41.629  15.963  21.645 0.0000000000
71245  40.876  16.080  21.800 0.0000000000
44099  40.159  16.174  21.972 0.0000000000
44100  39.439  16.275  22.217 0.0000000000
69056  38.600  16.429  22.512 0.0000000000
63421  38.534  17.508  20.574 0.0000000000
44547  39.388  17.293  20.344 0.0000000000
69310  39.623  17.524  19.669 0.0000000000
44555  40.319  17.607  18.990 0.0000000000
43689  41.450  16.191  18.828 0.0000000000
43690  40.811  16.182  18.644 0.0000000000
44137  39.409  16.264  18.147 0.0000000000
43667  39.279  15.230  20.061 0.0000000000
45804  34.328  20.328  19.259 0.0000000000
44417  38.341  17.797  38.901 0.0000000000
44427  39.268  17.304  37.280 0.0000000000
44428  38.093  17.316  37.136 0.0000000000
43991  39.188  16.820  36.109 0.0000000000
42178  37.399  12.792  30.263 0.0000000000
42187  39.339  12.920  28.762 0.0000000000
42654  40.111  13.177  28.528 0.0000000000
63135  40.947  13.397  28.343 0.0000000000
46196  40.865  21.615  23.950 0.0000000000
46198  39.613  21.414  23.087 0.0000000000
46621  39.037  22.677  21.204 0.0000000000
46630  38.395  22.920  20.760 0.0000000000
46637  37.974  23.062  20.091 0.0000000000
69260  37.424  21.763  19.605 0.0000000000
46226  37.303  21.343  18.875 0.0000000000
61146  37.141  20.780  19.836 0.0000000000
45391  37.749  20.120  17.398 0.0000000000
45390  38.375  19.527  16.940 0.0000000000
44891  38.492  18.228  32.051 0.0000000000
44496  38.128  17.202  29.834 0.0000000000
44050  38.681  16.745  29.307 0.0000000000
44061  38.317  16.447  28.474 0.0000000000
44067  37.994  16.197  27.639 0.0000000000
43591  38.358  15.573  26.336 0.0000000000
60703  43.921  14.713  23.182 0.0000000000
43630  43.067  14.761  23.418 0.0000000000
43642  43.152  15.121  22.485 0.0000000000
43664  43.549  15.691  20.969 0.0000000000
43654  42.264  15.882  21.467 0.0000000000
44108  41.983  16.278  20.951 0.0000000000
67360  41.747  16.575  20.369 0.0000000000
44545  41.197  16.906  20.015 0.0000000000
44561  42.090  16.818  19.005 0.0000000000
61687  41.608  16.587  18.835 0.0000000000
42713  42.442  13.122  21.062 0.0000000000
42249  42.003  12.517  21.681 0.0000000000
44450  34.384  17.600  34.492 0.0000000000
44449  35.223  17.449  34.619 0.0000000000
44457  34.870  17.089  33.889 0.0000000000
43516  34.833  15.901  32.946 0.0000000000
45761  38.702  20.574  25.182 0.0000000000
45756  38.586  20.605  26.019 0.0000000000
45334  37.228  19.773  24.174 0.0000000000
45345  36.674  19.244  23.621 0.0000000000
62432  42.334  16.504  28.747 0.0000000000
72539  43.093  16.463  28.712 0.0000000000
67066  44.178  15.638  27.046 0.0000000000
43586  43.498  15.501  26.866 0.0000000000
43119  43.736  14.838  25.328 0.0000000000
43583  46.847  15.024  26.413 0.0000000000
43596  46.203  15.244  25.990 0.0000000000
43613  47.026  14.589  24.560 0.0000000000
70438  45.940  15.014  25.148 0.0000000000
43615  45.354  14.787  24.628 0.0000000000
43628  44.731  14.643  23.849 0.0000000000
60491  44.690  14.722  22.868 0.0000000000
61177  44.813  15.018  22.051 0.0000000000
69996  44.873  15.183  21.516 0.0000000000
43662  45.597  15.060  20.592 0.0000000000
60602  44.910  15.279  20.934 0.0000000000
63170  44.817  15.132  20.004 0.0000000000
63137  37.501  19.621  33.651 0.0000000000
45246  38.578  19.328  38.520 0.0000000000
45258  39.057  18.902  37.071 0.0000000000
44853  40.057  18.088  35.471 0.0000000000
44854  39.244  18.638  35.308 0.0000000000
44482  40.530  17.782  31.992 0.0000000000
44038  42.695  17.182  30.793 0.0000000000
66433  43.117  16.894  30.361 0.0000000000
43999  36.619  16.359  34.637 0.0000000000
43512  39.384  15.915  33.823 0.0000000000
43075  37.618  13.921  31.504 0.0000000000
61825  38.945  14.549  30.681 0.0000000000
43074  38.753  14.989  32.248 0.0000000000
43527  40.195  16.342  33.117 0.0000000000
60679  42.234  16.256  31.564 0.0000000000
44037  43.143  16.725  30.937 0.0000000000
60387  43.332  16.389  30.192 0.0000000000
44056  44.170  15.962  29.218 0.0000000000
43565  44.160  15.494  29.015 0.0000000000
43103  44.877  14.919  28.053 0.0000000000
42659  42.276  12.815  27.706 0.0000000000
71909  43.571  12.109  27.522 0.0000000000
42657  45.415  13.250  26.890 0.0000000000
44864  33.848  17.988  35.240 0.0000000000
44451  33.495  17.740  34.636 0.0000000000
44459  33.104  17.396  33.830 0.0000000000
44029  31.371  16.303  32.640 0.0000000000
43533  31.790  15.740  32.160 0.0000000000
46603  37.171  22.890  23.913 0.0000000000
47015  37.484  23.609  22.236 0.0000000000
47003  36.879  23.272  23.094 0.0000000000
47035  34.832  23.762  20.742 0.0000000000
46632  35.280  23.051  19.800 0.0000000000
46639  34.728  22.182  19.687 0.0000000000
69251  34.994  20.669  18.645 0.0000000000
46644  36.848  23.025  18.005 0.0000000000
46238  36.886  21.804  16.935 0.0000000000
46649  36.479  22.255  17.688 0.0000000000
66939  35.603  21.117  17.915 0.0000000000
45808  35.452  20.234  18.019 0.0000000000
44965  36.231  18.099  18.075 0.0000000000
45725  36.658  20.657  32.201 0.0000000000
46148  36.661  20.967  30.897 0.0000000000
46153  36.668  20.778  30.031 0.0000000000
44897  36.567  18.828  30.302 0.0000000000
44901  36.450  18.715  29.492 0.0000000000
45310  36.413  19.400  29.920 0.0000000000
45313  36.361  19.264  29.086 0.0000000000
45752  36.592  19.645  27.743 0.0000000000
66358  36.318  18.379  25.961 0.0000000000
45329  36.513  18.840  25.391 0.0000000000
62244  36.523  18.905  23.093 0.0000000000
43577  40.465  15.687  27.542 0.0000000000
43588  41.548  15.121  26.378 0.0000000000
69081  39.867  15.390  26.821 0.0000000000
43590  39.134  15.395  26.599 0.0000000000
69019  38.372  15.513  25.579 0.0000000000
43145  42.342  14.790  23.748 0.0000000000
43132  41.731  14.768  24.244 0.0000000000
43146  41.067  14.988  23.976 0.0000000000
43617  40.374  15.140  24.184 0.0000000000
68956  37.773  15.849  25.049 0.0000000000
44084  37.353  16.330  24.578 0.0000000000
44102  37.547  16.837  22.848 0.0000000000
69385  36.910  17.197  23.365 0.0000000000
65853  36.553  17.743  23.472 0.0000000000
44936  36.530  18.338  22.811 0.0000000000
44949  37.223  18.630  20.582 0.0000000000
67732  37.384  18.861  20.026 0.0000000000
44955  37.758  18.691  19.579 0.0000000000
44964  37.894  18.942  18.926 0.0000000000
44973  38.841  18.820  17.490 0.0000000000
45389  39.111  19.096  16.258 0.0000000000
69419  40.975  17.308  19.322 0.0000000000
44563  40.781  17.580  17.854 0.0000000000
44971  40.182  18.112  17.364 0.0000000000
44586  39.741  17.907  15.762 0.0000000000
44990  39.184  18.376  15.548 0.0000000000
44582  39.072  17.466  15.932 0.0000000000
71268  38.403  17.194  16.770 0.0000000000
44146  38.112  16.753  17.479 0.0000000000
71911  38.310  16.056  18.495 0.0000000000
42263  43.658  12.820  19.521 0.0000000000
43165  47.104  14.028  21.497 0.0000000000
43612  47.664  14.547  25.043 0.0000000000
43626  45.888  14.555  23.155 0.0000000000
43661  46.770  14.797  20.966 0.0000000000
44069  36.604  17.252  27.264 0.0000000000
44404  38.330  18.110  39.130 0.0000000000
44409  39.254  17.873  38.343 0.0000000000
44410  38.943  17.854  39.060 0.0000000000
44416  39.049  17.582  38.368 0.0000000000
44587  39.144  18.042  15.509 0.0000000000
44819  38.897  18.814  39.108 0.0000000000
44820  38.714  18.425  39.123 0.0000000000
44825  39.121  18.632  38.283 0.0000000000
44827  37.149  18.893  38.794 0.0000000000
44840  40.018  17.994  36.530 0.0000000000
44981  40.204  17.993  16.232 0.0000000000
44982  39.414  18.504  16.064 0.0000000000
44991  38.986  18.796  15.135 0.0000000000
44992  38.260  18.954  15.543 0.0000000000
45253  38.726  19.772  37.718 0.0000000000
45271  39.709  18.311  35.977 0.0000000000
45398  39.045  19.014  15.325 0.0000000000
45400  37.608  19.300  15.861 0.0000000000
45406  38.272  19.151  15.618 0.0000000000
45408  37.237  20.023  15.912 0.0000000000
45820  37.764  19.903  15.741 0.0000000000
47040  37.067  23.891  19.704 0.0000000000
62846  38.536  17.471  37.974 0.0000000000
66809  38.919  15.262  25.988 0.0000000000
70826  37.368  24.250  20.374 0.0000000000
72579  46.904  15.099  25.994 0.0000000000
