#!ascii label  , from subject sub-v1s3x0050809_ses-1 vox2ras=TkReg
944
19030  -42.068  -57.610  -26.117 0.5000000000
19042  -40.780  -56.916  -26.061 0.8000000119
20016  -38.239  -56.321  -27.226 0.8000000119
19996  -39.433  -56.409  -26.510 0.8000000119
19997  -40.254  -56.533  -26.851 0.8000000119
18119  -42.846  -58.223  -25.894 0.5000000000
155262  -41.471  -57.203  -26.375 0.5000000000
19998  -41.139  -56.777  -27.169 0.6000000238
132722  -36.691  -56.311  -27.236 0.6999999881
138555  -37.898  -56.553  -28.200 0.6999999881
20017  -39.626  -56.458  -27.554 0.8000000119
20018  -40.521  -56.787  -28.259 0.6999999881
18134  -43.963  -58.686  -26.480 0.6000000238
19045  -43.322  -58.098  -27.120 0.5000000000
19063  -42.800  -57.694  -27.760 0.6000000238
20984  -35.565  -55.615  -27.771 0.6999999881
19043  -42.016  -57.296  -27.270 0.6000000238
19062  -42.303  -57.471  -28.360 0.6000000238
154396  -35.786  -55.999  -27.361 0.6999999881
138221  -35.983  -56.220  -26.981 0.6999999881
20041  -38.865  -56.548  -28.179 0.6999999881
20019  -41.561  -57.201  -28.389 0.6000000238
19080  -42.146  -57.430  -29.242 0.6000000238
156910  -39.666  -56.880  -28.679 0.8000000119
20042  -40.043  -57.136  -29.513 0.8000000119
20043  -41.092  -57.224  -29.331 0.6999999881
131633  -45.382  -59.125  -27.454 0.4000000060
19064  -43.654  -58.106  -28.221 0.6000000238
21901  -35.187  -54.830  -28.129 0.6999999881
150984  -43.154  -57.558  -29.401 0.6000000238
21001  -35.508  -55.450  -28.704 0.6999999881
151154  -36.252  -56.476  -28.908 0.6999999881
20040  -37.469  -56.928  -29.129 0.6999999881
143108  -38.276  -57.075  -29.295 0.6999999881
146107  -39.179  -57.171  -29.519 0.6000000238
20065  -40.519  -57.092  -29.794 0.6999999881
21919  -41.061  -55.386  -29.828 0.5000000000
20062  -37.576  -57.193  -30.059 0.6000000238
20063  -38.625  -57.239  -30.035 0.6000000238
20064  -39.494  -57.223  -29.978 0.6000000238
151572  -40.097  -55.791  -30.274 0.6000000238
21025  -38.727  -56.360  -30.515 0.6000000238
143331  -39.455  -55.509  -30.484 0.5000000000
18152  -45.981  -58.835  -28.335 0.4000000060
18151  -44.822  -58.434  -28.452 0.5000000000
22813  -34.516  -53.537  -27.558 0.6999999881
19082  -43.959  -58.067  -29.132 0.6000000238
20068  -43.598  -57.420  -29.546 0.6000000238
20038  -35.815  -56.115  -28.901 0.6999999881
19095  -42.392  -57.256  -29.506 0.6000000238
20061  -36.684  -56.798  -30.305 0.6999999881
144895  -41.995  -56.029  -29.715 0.5000000000
21920  -41.881  -54.643  -29.566 0.6000000238
20085  -37.182  -56.770  -30.699 0.6999999881
20086  -38.108  -56.992  -30.414 0.6000000238
22835  -40.258  -54.672  -30.188 0.5000000000
22836  -41.111  -54.005  -29.717 0.5000000000
21928  -38.429  -55.106  -30.926 0.5000000000
149568  -32.197  -51.764  -26.171 0.6000000238
24889  -33.222  -51.617  -27.883 0.6000000238
18153  -46.472  -59.003  -27.850 0.5000000000
19083  -46.243  -57.874  -29.074 0.5000000000
23838  -34.273  -52.869  -27.898 0.6999999881
23819  -34.086  -52.910  -26.884 0.6999999881
18167  -45.200  -58.199  -29.120 0.5000000000
19097  -45.013  -57.753  -29.434 0.5000000000
21017  -45.201  -56.431  -29.643 0.4000000060
21900  -34.799  -54.061  -28.191 0.6999999881
21016  -44.439  -56.695  -29.708 0.5000000000
137743  -35.458  -55.049  -29.214 0.6999999881
21917  -35.767  -55.120  -30.040 0.6999999881
133057  -43.788  -55.904  -29.632 0.5000000000
21022  -36.019  -55.658  -31.049 0.6999999881
21023  -36.739  -55.799  -31.161 0.6000000238
21014  -42.805  -55.312  -29.553 0.5000000000
21024  -37.747  -56.171  -30.875 0.6000000238
21921  -42.649  -54.019  -29.478 0.5000000000
22846  -37.418  -54.216  -31.411 0.5000000000
22847  -38.627  -53.846  -31.247 0.5000000000
22848  -39.728  -53.727  -30.698 0.5000000000
155210  -41.242  -53.139  -29.775 0.5000000000
22849  -40.590  -53.421  -30.117 0.5000000000
24930  -41.756  -52.045  -30.654 0.3000000119
21002  -46.549  -55.112  -28.916 0.3000000119
24887  -31.642  -51.150  -27.649 0.6000000238
133124  -32.340  -51.443  -27.146 0.6000000238
20044  -46.442  -56.561  -29.049 0.4000000060
20071  -46.192  -56.384  -29.309 0.4000000060
23850  -34.587  -52.863  -28.178 0.6000000238
136037  -44.778  -55.777  -29.642 0.5000000000
21911  -35.092  -53.744  -28.576 0.6999999881
22832  -35.638  -54.452  -29.273 0.6999999881
21922  -43.557  -54.647  -29.489 0.5000000000
21927  -35.923  -54.929  -30.950 0.5000000000
22837  -43.386  -53.465  -29.443 0.5000000000
22856  -36.567  -54.277  -31.277 0.5000000000
23862  -42.555  -52.913  -29.524 0.4000000060
23861  -41.831  -53.472  -29.572 0.3000000119
23873  -42.541  -52.114  -29.884 0.4000000060
23871  -40.115  -52.902  -30.972 0.5000000000
23872  -41.027  -52.667  -30.223 0.4000000060
24909  -33.257  -51.042  -28.468 0.6000000238
25912  -33.944  -51.246  -28.307 0.6000000238
24911  -34.162  -51.955  -28.176 0.6000000238
23851  -34.980  -52.233  -28.133 0.6000000238
21924  -45.161  -54.648  -29.507 0.3000000119
21923  -44.328  -55.031  -29.525 0.4000000060
143357  -35.430  -52.974  -28.435 0.6000000238
22839  -44.885  -53.409  -29.428 0.3000000119
22827  -36.008  -53.498  -28.896 0.6000000238
21918  -36.056  -54.609  -30.123 0.6999999881
23864  -44.385  -52.352  -29.523 0.3000000119
142647  -44.249  -54.061  -29.466 0.3000000119
22833  -36.316  -53.912  -29.672 0.6000000238
24933  -44.442  -51.336  -30.752 0.3000000119
23863  -43.402  -52.369  -29.593 0.3000000119
23860  -37.377  -52.726  -29.836 0.5000000000
22834  -36.871  -53.448  -30.268 0.5000000000
22845  -36.795  -53.634  -31.198 0.5000000000
24947  -43.142  -51.211  -31.734 0.3000000119
23874  -43.213  -51.733  -30.020 0.3000000119
22857  -37.073  -53.404  -31.463 0.5000000000
22859  -38.408  -52.992  -31.606 0.5000000000
24946  -42.234  -51.400  -31.721 0.3000000119
23882  -37.402  -52.792  -31.591 0.5000000000
23886  -40.750  -52.224  -31.194 0.4000000060
142511  -33.026  -50.268  -28.897 0.5000000000
25911  -33.650  -50.504  -28.354 0.6000000238
25890  -34.542  -50.488  -27.669 0.5000000000
23839  -36.105  -52.137  -27.988 0.6000000238
24892  -36.729  -51.326  -27.758 0.5000000000
25935  -44.971  -51.083  -31.662 0.3000000119
151977  -36.434  -52.655  -28.518 0.6000000238
154651  -44.713  -51.002  -31.901 0.3000000119
24948  -44.163  -51.124  -31.789 0.3000000119
23852  -37.188  -52.360  -28.782 0.6000000238
23869  -37.186  -52.918  -31.260 0.5000000000
24942  -37.912  -51.565  -31.989 0.5000000000
23885  -39.790  -52.233  -31.653 0.4000000060
24951  -40.214  -50.893  -32.445 0.4000000060
26893  -34.012  -49.748  -27.675 0.5000000000
26894  -34.697  -49.549  -27.069 0.5000000000
144021  -35.227  -50.014  -27.137 0.5000000000
25891  -35.453  -50.664  -27.403 0.5000000000
26895  -35.909  -49.956  -27.074 0.5000000000
26943  -46.722  -50.455  -32.008 0.3000000119
26942  -45.756  -50.338  -31.890 0.3000000119
24893  -37.402  -50.974  -27.958 0.6000000238
24912  -37.370  -51.606  -28.344 0.6000000238
137385  -37.758  -51.910  -29.328 0.5000000000
24929  -37.955  -51.390  -31.567 0.5000000000
25950  -41.808  -51.148  -32.187 0.4000000060
25960  -40.682  -50.402  -32.549 0.4000000060
27873  -34.086  -48.848  -26.986 0.5000000000
26877  -36.188  -49.260  -26.846 0.5000000000
26950  -48.355  -50.196  -32.223 0.4000000060
27932  -47.642  -49.566  -32.283 0.4000000060
25892  -36.308  -50.615  -27.388 0.5000000000
25913  -37.631  -50.356  -28.019 0.5000000000
27924  -46.273  -49.246  -31.696 0.4000000060
26897  -37.269  -49.769  -27.540 0.4000000060
26927  -44.757  -50.121  -31.769 0.3000000119
25914  -38.133  -50.205  -28.649 0.5000000000
25926  -38.362  -50.466  -29.501 0.4000000060
25934  -38.299  -50.706  -30.594 0.4000000060
25959  -39.761  -50.355  -32.631 0.4000000060
140151  -34.457  -48.107  -26.573 0.5000000000
151628  -35.161  -48.183  -26.493 0.5000000000
27858  -35.675  -48.671  -26.604 0.5000000000
27933  -48.458  -49.067  -32.431 0.4000000060
135746  -36.867  -49.144  -27.122 0.5000000000
27859  -36.405  -48.498  -26.793 0.4000000060
28970  -47.060  -47.591  -32.023 0.4000000060
28963  -46.348  -48.006  -31.561 0.4000000060
142682  -37.642  -48.208  -27.925 0.4000000060
26909  -37.853  -49.616  -28.194 0.4000000060
26928  -45.244  -48.998  -31.235 0.4000000060
26910  -38.395  -49.537  -29.170 0.4000000060
26916  -38.500  -49.925  -30.325 0.4000000060
26924  -38.429  -49.292  -31.225 0.4000000060
136170  -38.054  -50.991  -32.006 0.4000000060
143130  -38.268  -49.822  -31.983 0.4000000060
26948  -39.325  -49.616  -32.807 0.4000000060
27930  -41.083  -49.142  -32.383 0.4000000060
147234  -40.489  -49.120  -32.706 0.4000000060
28895  -34.187  -47.242  -26.486 0.5000000000
28896  -34.972  -47.462  -26.383 0.4000000060
28972  -48.930  -48.111  -32.690 0.4000000060
28971  -47.966  -47.826  -32.464 0.4000000060
28897  -35.815  -47.764  -26.516 0.5000000000
28912  -36.613  -47.672  -26.888 0.4000000060
27887  -38.026  -48.817  -28.479 0.4000000060
28962  -45.691  -47.359  -31.265 0.4000000060
27894  -38.352  -48.595  -29.420 0.4000000060
156970  -38.505  -49.144  -30.084 0.4000000060
27923  -42.167  -49.131  -31.479 0.3000000119
130168  -38.569  -49.757  -32.399 0.4000000060
29937  -34.803  -46.622  -26.309 0.4000000060
145705  -36.024  -45.985  -26.532 0.5000000000
29957  -36.561  -46.165  -26.963 0.4000000060
30004  -47.524  -46.790  -32.514 0.4000000060
152829  -37.218  -46.926  -27.595 0.4000000060
28913  -37.266  -47.517  -27.523 0.4000000060
145509  -37.507  -46.946  -28.091 0.4000000060
28923  -37.689  -47.546  -28.244 0.4000000060
27893  -38.042  -47.986  -28.776 0.4000000060
28931  -38.213  -47.764  -29.748 0.4000000060
26937  -38.355  -49.099  -32.144 0.4000000060
27929  -40.634  -48.522  -32.443 0.4000000060
26953  -39.388  -48.783  -33.063 0.4000000060
27938  -40.009  -48.408  -33.023 0.4000000060
30983  -35.564  -45.369  -26.387 0.4000000060
148372  -37.154  -46.329  -27.716 0.4000000060
29965  -37.514  -46.340  -28.675 0.4000000060
28930  -37.854  -47.123  -29.007 0.4000000060
28944  -37.909  -46.991  -30.157 0.4000000060
28960  -41.209  -48.021  -30.906 0.4000000060
145899  -37.770  -46.932  -31.224 0.4000000060
27921  -38.244  -48.272  -31.690 0.4000000060
157062  -37.951  -47.478  -31.740 0.4000000060
27928  -38.385  -48.337  -32.562 0.4000000060
28976  -39.034  -47.609  -33.341 0.4000000060
32033  -36.486  -44.487  -27.263 0.4000000060
32043  -36.905  -44.789  -28.187 0.4000000060
32044  -37.202  -44.919  -29.069 0.4000000060
31025  -37.406  -45.685  -29.511 0.4000000060
29973  -37.659  -46.462  -29.543 0.4000000060
31038  -37.245  -45.365  -30.651 0.4000000060
147415  -37.555  -46.210  -30.572 0.4000000060
29986  -37.528  -46.304  -31.711 0.4000000060
29993  -37.586  -46.262  -32.630 0.4000000060
28959  -40.628  -47.839  -31.727 0.3000000119
30009  -39.282  -47.002  -33.248 0.4000000060
28969  -40.124  -47.793  -32.795 0.4000000060
33063  -36.454  -43.486  -27.335 0.4000000060
33071  -36.714  -43.883  -28.207 0.4000000060
150422  -36.626  -42.978  -28.022 0.4000000060
151305  -36.943  -44.340  -28.831 0.4000000060
32051  -36.860  -44.304  -29.751 0.4000000060
146921  -37.353  -45.721  -31.329 0.4000000060
31048  -37.311  -45.648  -32.164 0.4000000060
28947  -41.509  -47.652  -30.358 0.4000000060
28946  -40.846  -47.394  -30.643 0.3000000119
28966  -37.912  -46.862  -33.015 0.4000000060
30001  -39.514  -46.601  -33.026 0.5000000000
29995  -40.195  -46.979  -31.362 0.4000000060
30008  -39.004  -46.138  -33.380 0.5000000000
139157  -36.583  -42.253  -27.827 0.4000000060
136623  -36.605  -42.343  -28.729 0.4000000060
34093  -36.676  -43.223  -28.909 0.4000000060
34099  -36.469  -42.780  -29.745 0.4000000060
33076  -36.604  -43.526  -29.790 0.4000000060
31065  -37.768  -45.416  -33.295 0.4000000060
31059  -39.322  -45.717  -32.920 0.5000000000
35050  -36.621  -41.539  -28.067 0.4000000060
35058  -36.520  -41.521  -29.086 0.4000000060
144918  -36.417  -42.114  -29.653 0.4000000060
31066  -38.466  -45.585  -33.367 0.4000000060
145290  -39.012  -45.015  -32.921 0.5000000000
135547  -36.539  -40.668  -28.538 0.4000000060
143346  -36.354  -40.938  -29.541 0.4000000060
35069  -36.208  -41.569  -30.119 0.4000000060
32075  -38.525  -44.616  -33.150 0.5000000000
37949  -36.087  -38.717  -29.565 0.4000000060
146256  -36.455  -39.732  -28.449 0.4000000060
36980  -36.325  -39.170  -29.049 0.4000000060
36026  -36.270  -40.108  -29.584 0.4000000060
36979  -35.938  -39.360  -30.071 0.4000000060
36025  -35.578  -40.138  -30.724 0.5000000000
36971  -36.317  -38.939  -28.191 0.4000000060
23883  -37.886  -52.350  -31.803 0.5000000000
24943  -38.712  -51.697  -32.117 0.5000000000
24952  -41.035  -51.078  -32.331 0.4000000060
154532  -42.077  -58.039  -25.247 0.5000000000
19995  -38.574  -56.353  -26.213 0.8000000119
19994  -37.514  -56.340  -26.484 0.8000000119
19993  -36.507  -56.392  -26.337 0.6999999881
17256  -44.259  -59.775  -25.065 0.5000000000
20958  -35.303  -55.850  -25.793 0.6999999881
156431  -45.110  -59.911  -25.655 0.5000000000
20971  -35.004  -54.900  -26.252 0.6999999881
17274  -46.515  -59.321  -27.358 0.4000000060
152474  -44.700  -59.448  -25.983 0.4000000060
21887  -34.871  -54.332  -27.314 0.6999999881
142311  -33.641  -52.261  -27.436 0.6999999881
17292  -46.684  -59.474  -27.046 0.4000000060
150119  -46.457  -58.576  -27.758 0.4000000060
24873  -31.611  -51.542  -26.604 0.6000000238
20020  -46.204  -56.435  -28.502 0.4000000060
25909  -31.290  -50.844  -28.447 0.6000000238
25924  -32.487  -50.133  -29.503 0.5000000000
26908  -33.361  -49.717  -28.425 0.5000000000
145102  -33.582  -49.144  -27.666 0.5000000000
27856  -33.716  -47.969  -26.817 0.4000000060
134699  -33.937  -46.224  -26.472 0.4000000060
30981  -34.112  -45.061  -26.379 0.4000000060
30982  -34.799  -45.747  -26.249 0.4000000060
32013  -35.343  -44.658  -26.360 0.4000000060
33049  -36.165  -43.776  -26.779 0.4000000060
152291  -36.248  -43.109  -26.875 0.4000000060
35040  -36.364  -41.769  -27.190 0.4000000060
142698  -36.423  -40.796  -27.444 0.4000000060
36009  -36.222  -40.108  -27.284 0.4000000060
37933  -35.956  -38.169  -27.983 0.4000000060
19014  -39.546  -57.044  -25.016 0.8000000119
135685  -38.959  -56.305  -27.100 0.8000000119
140366  -44.207  -58.483  -27.568 0.5000000000
20015  -37.471  -56.366  -27.441 0.6999999881
142068  -36.791  -56.874  -29.488 0.6999999881
19081  -43.019  -57.800  -28.838 0.6000000238
20066  -41.597  -57.147  -29.571 0.6999999881
21015  -43.635  -57.001  -29.743 0.6000000238
21013  -41.287  -56.712  -29.821 0.6000000238
21012  -40.528  -56.334  -30.092 0.6000000238
22826  -34.629  -53.418  -28.162 0.6999999881
151128  -42.875  -56.524  -29.663 0.5000000000
23837  -33.961  -52.161  -28.079 0.6000000238
19065  -46.320  -58.215  -28.536 0.5000000000
19098  -45.709  -57.559  -29.391 0.5000000000
21930  -45.548  -55.608  -29.542 0.3000000119
23870  -39.226  -53.210  -31.287 0.5000000000
24891  -35.782  -51.425  -27.667 0.6000000238
135157  -37.605  -52.136  -30.855 0.5000000000
25958  -38.867  -50.384  -32.492 0.4000000060
138882  -38.260  -50.390  -31.599 0.4000000060
26938  -41.712  -49.588  -32.207 0.4000000060
26947  -38.724  -49.006  -32.746 0.4000000060
27906  -38.394  -48.430  -30.471 0.4000000060
32014  -35.962  -44.586  -26.598 0.4000000060
28967  -38.392  -47.629  -33.033 0.4000000060
36036  -35.869  -40.885  -30.439 0.4000000060
11406  -30.604  -66.619  -32.453 0.4000000060
10566  -31.150  -67.218  -32.211 0.4000000060
11387  -32.164  -67.405  -31.442 0.4000000060
11368  -33.620  -66.463  -30.801 0.4000000060
10513  -31.546  -67.230  -30.227 0.4000000060
11367  -32.519  -67.155  -30.563 0.4000000060
11344  -33.152  -66.432  -29.903 0.4000000060
12196  -33.645  -65.664  -29.392 0.4000000060
155776  -35.151  -64.836  -29.688 0.5000000000
11342  -31.243  -66.801  -29.561 0.4000000060
12195  -32.616  -66.233  -29.070 0.4000000060
12175  -33.137  -65.483  -28.626 0.5000000000
13050  -34.569  -64.223  -28.577 0.5000000000
13961  -35.118  -63.621  -28.456 0.6000000238
11319  -30.850  -66.261  -29.016 0.4000000060
12174  -32.057  -65.910  -28.333 0.4000000060
13068  -32.587  -65.196  -27.917 0.4000000060
13070  -35.274  -64.067  -28.977 0.5000000000
17275  -46.834  -59.787  -26.654 0.3000000119
17276  -46.851  -59.820  -26.546 0.4000000060
19047  -46.033  -57.722  -27.508 0.3000000119
13962  -35.764  -63.637  -28.797 0.5000000000
131382  -43.651  -60.727  -24.882 0.5000000000
141969  -45.582  -60.445  -25.515 0.4000000060
13930  -31.388  -63.807  -26.092 0.4000000060
151411  -34.018  -64.080  -27.916 0.5000000000
157367  -34.614  -63.729  -28.102 0.5000000000
13047  -31.227  -64.874  -27.203 0.4000000060
12152  -31.578  -65.415  -27.751 0.4000000060
13948  -35.579  -63.094  -28.121 0.6000000238
134165  -36.867  -62.387  -27.602 0.6000000238
15586  -37.829  -61.797  -26.966 0.6999999881
135174  -43.511  -59.961  -24.768 0.5000000000
14770  -37.773  -62.402  -27.659 0.6999999881
15574  -40.141  -61.672  -26.649 0.6999999881
16396  -42.716  -60.356  -24.813 0.6999999881
141093  -39.120  -61.480  -26.598 0.6999999881
147151  -39.589  -61.026  -26.036 0.6999999881
13026  -33.680  -63.845  -27.267 0.5000000000
13947  -34.331  -63.608  -27.650 0.6000000238
14769  -35.121  -62.786  -27.397 0.6000000238
15571  -36.633  -61.557  -26.515 0.6000000238
13931  -32.311  -63.764  -26.204 0.4000000060
13932  -33.347  -63.502  -26.567 0.5000000000
14751  -34.731  -62.504  -26.667 0.6000000238
14753  -36.257  -62.150  -27.158 0.6000000238
15572  -37.458  -61.405  -26.478 0.6000000238
15573  -38.276  -61.384  -26.504 0.6000000238
151290  -46.245  -57.585  -28.291 0.3000000119
14754  -37.126  -61.932  -27.074 0.6000000238
16372  -42.660  -59.435  -24.705 0.6000000238
18120  -43.557  -58.978  -25.352 0.5000000000
14734  -32.465  -62.607  -25.237 0.6000000238
14706  -32.987  -61.965  -24.923 0.6000000238
15544  -33.902  -61.790  -25.238 0.6999999881
15546  -35.421  -61.418  -25.831 0.6000000238
15547  -36.162  -61.202  -25.910 0.6000000238
15548  -36.976  -60.986  -25.916 0.6000000238
13907  -31.904  -63.253  -25.607 0.5000000000
14750  -33.893  -62.829  -26.258 0.6000000238
16392  -38.619  -60.341  -25.485 0.6000000238
153860  -39.223  -60.527  -25.643 0.6999999881
17253  -40.150  -59.471  -24.875 0.6999999881
16393  -39.893  -60.395  -25.440 0.6999999881
134074  -42.582  -58.699  -24.870 0.6000000238
17255  -42.019  -58.978  -24.619 0.6999999881
16368  -33.293  -60.660  -24.231 0.6000000238
15523  -34.247  -61.055  -24.862 0.6999999881
16369  -34.996  -60.538  -24.827 0.6999999881
16388  -35.015  -61.097  -25.324 0.6999999881
16390  -36.413  -60.573  -25.333 0.6000000238
19029  -41.313  -57.561  -25.359 0.5000000000
17252  -38.465  -59.604  -24.962 0.6999999881
134594  -39.283  -59.820  -25.123 0.6999999881
18118  -41.547  -58.329  -24.766 0.6000000238
18097  -35.961  -58.403  -24.328 0.6999999881
19952  -38.032  -57.058  -24.823 0.6999999881
130325  -35.030  -59.870  -24.457 0.6999999881
17238  -36.738  -58.912  -24.448 0.6000000238
18098  -37.426  -58.546  -24.489 0.5000000000
16370  -35.753  -60.105  -24.770 0.6999999881
16371  -36.619  -59.802  -24.791 0.6000000238
17240  -39.064  -58.899  -24.716 0.6999999881
18102  -40.725  -57.823  -24.751 0.5000000000
154299  -37.975  -60.139  -25.267 0.6000000238
18116  -39.833  -58.675  -24.667 0.6999999881
18117  -40.634  -58.513  -24.642 0.6000000238
19951  -37.183  -56.855  -25.098 0.6999999881
19974  -37.870  -56.572  -25.508 0.6999999881
154025  -37.109  -56.527  -25.711 0.6999999881
19015  -40.066  -57.603  -24.755 0.6000000238
140528  -38.852  -57.212  -24.780 0.6999999881
18099  -38.623  -58.145  -24.532 0.6000000238
10533  -31.693  -67.404  -30.885 0.4000000060
12197  -34.546  -65.182  -29.600 0.4000000060
12151  -30.869  -65.328  -27.799 0.4000000060
13025  -32.707  -64.194  -26.862 0.4000000060
13048  -32.119  -64.836  -27.253 0.4000000060
15551  -40.523  -61.043  -25.804 0.6999999881
16394  -40.814  -60.205  -25.128 0.6999999881
14752  -35.453  -62.262  -26.933 0.6000000238
14735  -33.432  -62.443  -25.530 0.6999999881
14736  -34.337  -62.182  -25.934 0.6000000238
16389  -35.637  -60.841  -25.347 0.6000000238
149627  -35.976  -59.346  -24.476 0.6999999881
17239  -37.527  -59.449  -24.763 0.6000000238
140201  -36.883  -57.980  -24.391 0.6000000238
17236  -34.404  -59.495  -24.119 0.5000000000
14733  -31.527  -62.608  -25.166 0.4000000060
15522  -32.583  -61.371  -24.438 0.5000000000
133710  -34.459  -58.802  -23.919 0.6000000238
14732  -30.841  -62.433  -25.328 0.4000000060
15520  -30.961  -61.264  -24.559 0.5000000000
15521  -31.654  -61.355  -24.406 0.5000000000
16355  -32.696  -59.945  -23.734 0.5000000000
148491  -33.871  -59.157  -23.781 0.5000000000
18997  -34.011  -57.584  -23.693 0.5000000000
17235  -33.611  -59.785  -23.937 0.5000000000
18096  -35.057  -58.303  -24.165 0.6000000238
141433  -35.515  -57.766  -24.343 0.5000000000
18095  -34.426  -58.146  -23.860 0.5000000000
19010  -35.423  -57.199  -24.560 0.6999999881
19932  -34.256  -56.934  -23.835 0.6000000238
20940  -35.086  -55.997  -25.066 0.6000000238
157772  -30.677  -61.089  -24.801 0.5000000000
16365  -30.765  -60.671  -24.516 0.5000000000
17217  -31.427  -59.184  -23.574 0.5000000000
18080  -32.748  -58.441  -23.391 0.5000000000
17218  -32.259  -59.217  -23.454 0.5000000000
19950  -36.196  -57.028  -24.922 0.6000000238
19931  -33.527  -56.805  -23.528 0.6000000238
20939  -34.538  -55.791  -24.454 0.5000000000
20957  -34.829  -55.260  -25.185 0.6000000238
144894  -30.538  -60.143  -24.667 0.5000000000
17216  -30.790  -58.973  -23.901 0.5000000000
18993  -30.991  -57.776  -23.745 0.5000000000
18079  -31.916  -58.439  -23.342 0.5000000000
143607  -32.782  -57.031  -23.316 0.5000000000
19972  -35.636  -56.480  -25.336 0.6000000238
20913  -33.348  -55.887  -23.527 0.5000000000
21861  -34.237  -54.784  -24.492 0.6000000238
17251  -30.295  -59.846  -25.300 0.5000000000
17234  -30.484  -59.396  -24.588 0.5000000000
19008  -30.625  -57.548  -24.330 0.5000000000
19027  -30.354  -56.903  -25.122 0.5000000000
19971  -30.455  -56.066  -25.015 0.6000000238
19928  -31.143  -57.039  -23.742 0.4000000060
20956  -30.231  -55.489  -25.521 0.4000000060
20936  -30.901  -55.737  -24.401 0.5000000000
20911  -31.919  -55.764  -23.528 0.5000000000
19929  -32.044  -56.666  -23.353 0.4000000060
20970  -30.070  -54.691  -25.951 0.4000000060
21857  -30.958  -54.168  -24.800 0.5000000000
21858  -31.680  -54.326  -24.161 0.5000000000
22794  -30.326  -53.617  -26.032 0.4000000060
21859  -32.642  -54.229  -23.859 0.6000000238
21860  -33.505  -54.406  -23.999 0.6000000238
21877  -34.500  -54.309  -25.309 0.6000000238
22796  -34.498  -53.739  -26.304 0.6000000238
137961  -30.978  -54.942  -24.515 0.5000000000
23799  -30.860  -52.758  -25.680 0.5000000000
22782  -31.341  -52.945  -25.132 0.5000000000
22766  -31.500  -53.481  -24.693 0.5000000000
22811  -29.861  -53.447  -26.953 0.4000000060
23817  -31.043  -51.944  -26.211 0.5000000000
22767  -32.604  -52.884  -24.748 0.6000000238
22768  -33.064  -53.575  -24.296 0.6000000238
22783  -33.425  -53.166  -24.927 0.6000000238
24860  -31.706  -51.906  -25.888 0.5000000000
24908  -30.595  -51.003  -28.961 0.3000000119
23849  -30.193  -51.751  -28.161 0.4000000060
23835  -29.966  -52.583  -27.507 0.4000000060
24872  -31.065  -51.481  -26.980 0.5000000000
23801  -32.197  -52.271  -25.378 0.5000000000
153426  -33.358  -52.403  -26.334 0.6000000238
28911  -33.435  -47.099  -26.865 0.3000000119
157613  -32.746  -48.101  -28.111 0.3000000119
27886  -33.052  -48.741  -28.108 0.4000000060
26907  -32.721  -49.444  -29.109 0.4000000060
31003  -33.176  -45.474  -26.910 0.3000000119
33047  -34.672  -43.547  -26.380 0.3000000119
137468  -35.277  -42.997  -26.403 0.3000000119
137981  -35.941  -43.115  -26.601 0.3000000119
35031  -36.044  -41.810  -26.706 0.3000000119
36000  -36.082  -41.035  -26.787 0.3000000119
36951  -35.169  -39.954  -26.651 0.3000000119
36961  -36.305  -39.510  -27.677 0.3000000119
24886  -30.840  -51.290  -27.805 0.5000000000
152992  -33.178  -46.343  -27.002 0.3000000119
19011  -36.209  -57.578  -24.542 0.5000000000
16354  -31.751  -59.982  -23.711 0.5000000000
20912  -32.565  -55.774  -23.442 0.5000000000
21876  -33.865  -53.896  -24.630 0.6000000238
16397  -44.804  -60.862  -25.057 0.3000000119
15575  -41.309  -61.747  -26.329 0.6000000238
15552  -41.738  -61.008  -25.351 0.6000000238
18085  -45.670  -59.303  -24.186 0.3000000119
17241  -46.674  -59.931  -24.689 0.3000000119
17242  -47.064  -60.565  -25.261 0.3000000119
17258  -47.078  -60.227  -25.972 0.3000000119
15525  -47.130  -61.763  -24.387 0.3000000119
16399  -46.978  -61.016  -25.206 0.3000000119
17257  -46.838  -60.366  -25.873 0.3000000119
15553  -43.121  -61.371  -25.234 0.5000000000
18084  -44.696  -58.692  -23.775 0.3000000119
18104  -46.211  -59.174  -25.045 0.3000000119
18105  -46.980  -59.916  -25.654 0.3000000119
18122  -46.527  -59.080  -25.978 0.3000000119
15556  -46.806  -62.179  -24.760 0.3000000119
16398  -46.559  -61.380  -25.192 0.3000000119
15554  -44.545  -61.753  -25.278 0.4000000060
18083  -43.842  -58.239  -23.495 0.3000000119
18103  -45.130  -58.512  -24.471 0.3000000119
19018  -44.563  -57.797  -24.803 0.3000000119
19019  -45.574  -58.368  -25.455 0.3000000119
12226  -35.026  -65.637  -31.968 0.5000000000
12227  -35.963  -65.071  -31.878 0.5000000000
11408  -32.484  -67.232  -32.223 0.4000000060
11409  -33.408  -66.715  -32.372 0.4000000060
11389  -34.029  -66.368  -31.710 0.4000000060
12242  -34.970  -65.582  -32.952 0.5000000000
13085  -37.227  -64.182  -30.009 0.5000000000
13121  -36.287  -64.764  -30.926 0.5000000000
11369  -34.565  -65.796  -30.972 0.5000000000
134791  -35.467  -65.232  -30.966 0.5000000000
13965  -38.930  -63.361  -28.870 0.6000000238
13964  -38.016  -63.309  -28.868 0.6000000238
139839  -37.163  -63.282  -28.784 0.5000000000
13084  -36.412  -64.369  -30.014 0.5000000000
12212  -34.107  -65.774  -30.166 0.3000000119
12213  -34.969  -65.258  -30.231 0.4000000060
13104  -35.677  -64.723  -30.067 0.5000000000
14773  -40.736  -62.749  -27.746 0.6000000238
14787  -38.413  -62.914  -28.312 0.6000000238
145065  -37.646  -62.940  -28.383 0.6000000238
13083  -35.843  -64.168  -29.388 0.4000000060
13982  -36.580  -63.775  -29.265 0.5000000000
14757  -42.222  -62.603  -26.936 0.6000000238
14738  -46.689  -63.248  -25.153 0.3000000119
15577  -44.084  -62.568  -25.834 0.4000000060
15588  -39.431  -62.073  -27.168 0.6000000238
13963  -36.357  -63.205  -28.539 0.4000000060
15512  -47.000  -62.193  -24.255 0.3000000119
16344  -46.164  -60.756  -23.674 0.3000000119
15555  -46.329  -62.521  -25.287 0.3000000119
15576  -42.606  -62.060  -26.012 0.5000000000
15587  -38.543  -61.936  -27.090 0.6000000238
14755  -40.201  -62.251  -27.293 0.6000000238
14788  -39.357  -63.016  -28.294 0.6000000238
14759  -45.637  -63.289  -25.721 0.3000000119
13966  -39.902  -63.468  -28.872 0.5000000000
13950  -41.447  -63.357  -28.272 0.5000000000
14774  -41.857  -63.048  -27.652 0.5000000000
13951  -42.632  -63.929  -28.076 0.4000000060
14775  -43.151  -63.617  -27.484 0.5000000000
13986  -40.478  -63.884  -29.448 0.5000000000
13987  -41.587  -64.178  -29.397 0.4000000060
13952  -43.612  -64.591  -27.585 0.4000000060
13984  -38.529  -63.726  -29.425 0.5000000000
13985  -39.497  -63.786  -29.435 0.5000000000
14758  -43.667  -63.228  -26.792 0.4000000060
9075  -32.438  -69.761  -38.174 0.3000000119
9074  -31.917  -70.065  -38.310 0.3000000119
9067  -32.822  -69.539  -37.968 0.3000000119
9871  -33.669  -68.682  -36.829 0.3000000119
9857  -33.850  -68.409  -35.467 0.4000000060
137462  -33.276  -69.007  -37.854 0.3000000119
134605  -34.502  -68.214  -35.207 0.4000000060
9872  -34.427  -68.189  -36.567 0.4000000060
9883  -33.783  -68.436  -37.316 0.3000000119
11483  -33.374  -66.884  -37.379 0.3000000119
9859  -35.748  -67.985  -35.018 0.4000000060
132972  -36.549  -67.387  -35.693 0.4000000060
142562  -35.415  -67.073  -36.841 0.4000000060
9884  -34.055  -67.755  -37.422 0.4000000060
11477  -32.754  -65.847  -36.779 0.4000000060
11478  -33.792  -66.096  -36.962 0.4000000060
148705  -39.567  -67.036  -35.559 0.3000000119
132255  -37.465  -67.620  -35.506 0.4000000060
10613  -37.205  -66.611  -35.730 0.4000000060
11481  -36.420  -66.333  -36.235 0.4000000060
12313  -35.921  -65.422  -36.249 0.4000000060
12312  -35.014  -64.939  -36.353 0.4000000060
12311  -34.069  -64.961  -36.426 0.4000000060
12298  -40.273  -65.926  -34.689 0.3000000119
11462  -38.904  -66.282  -35.391 0.4000000060
12295  -37.472  -64.950  -35.286 0.4000000060
11461  -37.824  -65.964  -35.546 0.4000000060
146366  -36.575  -64.585  -35.403 0.4000000060
13183  -37.165  -64.358  -34.429 0.4000000060
12294  -35.783  -64.582  -35.750 0.4000000060
13182  -36.192  -64.228  -34.728 0.4000000060
13200  -34.861  -64.327  -35.849 0.4000000060
13198  -33.844  -64.522  -36.040 0.4000000060
13185  -39.957  -64.774  -34.111 0.4000000060
139852  -39.267  -64.525  -33.891 0.4000000060
13162  -36.719  -64.429  -33.768 0.4000000060
13161  -35.965  -64.586  -33.856 0.4000000060
12278  -34.485  -64.981  -34.776 0.4000000060
13181  -35.368  -64.356  -34.783 0.4000000060
12292  -33.128  -64.944  -35.991 0.4000000060
13163  -38.442  -64.431  -33.435 0.4000000060
133478  -37.559  -64.384  -33.655 0.4000000060
13145  -37.082  -64.515  -32.808 0.4000000060
13144  -36.360  -64.734  -32.863 0.4000000060
12261  -35.226  -65.100  -33.827 0.4000000060
12243  -35.661  -65.132  -32.888 0.4000000060
13147  -38.443  -64.454  -32.475 0.4000000060
13123  -37.950  -64.467  -31.742 0.4000000060
13105  -36.936  -64.481  -30.743 0.4000000060
142007  -41.058  -64.296  -30.051 0.4000000060
13124  -38.682  -64.455  -31.572 0.4000000060
13087  -39.152  -64.154  -30.017 0.4000000060
13969  -42.912  -64.838  -28.159 0.3000000119
13056  -44.348  -65.013  -27.111 0.3000000119
156040  -36.760  -64.631  -31.249 0.4000000060
13088  -40.093  -64.176  -30.011 0.4000000060
13934  -44.325  -64.285  -27.106 0.3000000119
13086  -38.171  -64.130  -30.041 0.4000000060
9858  -35.123  -67.892  -35.591 0.4000000060
153253  -35.992  -66.939  -36.430 0.4000000060
11480  -35.609  -66.133  -36.591 0.4000000060
11479  -34.755  -66.069  -36.808 0.4000000060
10614  -38.403  -67.040  -35.575 0.4000000060
11463  -40.180  -66.605  -35.218 0.3000000119
11460  -36.774  -65.440  -35.824 0.4000000060
13186  -40.582  -65.092  -33.942 0.3000000119
12297  -39.324  -65.625  -34.886 0.4000000060
131704  -38.359  -65.538  -35.219 0.4000000060
13184  -38.229  -64.497  -34.285 0.4000000060
150620  -40.126  -64.544  -32.746 0.4000000060
13146  -37.803  -64.451  -32.952 0.4000000060
13122  -37.236  -64.541  -31.559 0.4000000060
139512  -39.628  -64.439  -31.417 0.4000000060
9048  -37.517  -69.304  -35.107 0.3000000119
9029  -35.034  -69.317  -33.885 0.3000000119
9813  -33.798  -68.849  -33.861 0.3000000119
9840  -35.549  -68.693  -34.352 0.3000000119
9841  -36.639  -68.345  -34.955 0.3000000119
9838  -33.989  -68.553  -34.355 0.3000000119
9839  -34.904  -68.336  -34.610 0.3000000119
134262  -37.695  -68.482  -35.343 0.3000000119
13149  -40.998  -64.846  -32.755 0.3000000119
13126  -41.265  -64.856  -31.815 0.3000000119
13108  -40.582  -64.494  -31.252 0.3000000119
13089  -41.995  -64.756  -29.981 0.3000000119
10615  -39.749  -67.859  -35.812 0.3000000119
13125  -40.366  -64.571  -32.050 0.3000000119
8279  -31.292  -70.555  -38.507 0.3000000119
9006  -33.084  -68.919  -33.987 0.3000000119
9028  -34.210  -69.298  -33.717 0.3000000119
9049  -38.532  -69.202  -35.767 0.3000000119
9058  -33.311  -68.987  -37.687 0.3000000119
9066  -32.372  -69.984  -38.133 0.3000000119
9860  -38.592  -68.135  -35.640 0.3000000119
9890  -31.890  -69.493  -38.395 0.3000000119
10532  -31.009  -67.254  -30.878 0.4000000060
10551  -31.361  -67.368  -31.494 0.4000000060
10567  -31.752  -67.395  -32.059 0.4000000060
10611  -34.991  -67.714  -36.728 0.4000000060
10612  -35.720  -67.466  -36.021 0.4000000060
10628  -33.304  -67.901  -37.655 0.3000000119
11320  -31.630  -66.437  -28.918 0.4000000060
11343  -32.139  -66.924  -29.602 0.4000000060
11388  -33.081  -67.008  -31.512 0.4000000060
11484  -34.615  -67.263  -37.226 0.4000000060
12172  -30.528  -65.551  -28.549 0.4000000060
12173  -31.175  -65.911  -28.326 0.4000000060
12279  -40.679  -65.713  -34.241 0.3000000119
12293  -34.001  -64.531  -35.808 0.4000000060
12296  -38.343  -64.977  -34.837 0.4000000060
13023  -30.922  -64.308  -26.646 0.4000000060
13024  -31.704  -64.374  -26.635 0.4000000060
13049  -33.126  -64.518  -27.546 0.4000000060
13069  -33.625  -64.730  -28.266 0.5000000000
13081  -34.109  -64.958  -28.952 0.5000000000
13082  -34.879  -64.573  -29.214 0.5000000000
13106  -37.847  -64.412  -30.885 0.4000000060
13107  -38.869  -64.365  -30.744 0.4000000060
13148  -39.346  -64.466  -33.070 0.4000000060
13164  -40.255  -64.686  -33.491 0.3000000119
13165  -40.924  -65.073  -33.377 0.3000000119
13180  -34.747  -64.382  -35.539 0.4000000060
13199  -34.327  -64.377  -35.933 0.4000000060
13201  -36.821  -64.329  -35.029 0.4000000060
13202  -37.581  -64.579  -34.811 0.4000000060
13212  -34.346  -64.432  -36.085 0.4000000060
13908  -32.898  -63.129  -25.817 0.6999999881
13933  -34.338  -63.208  -27.076 0.6000000238
13949  -36.274  -62.706  -27.890 0.6000000238
13967  -40.962  -63.590  -28.878 0.5000000000
13968  -42.098  -64.106  -28.707 0.4000000060
13983  -37.580  -63.708  -29.393 0.5000000000
14704  -31.202  -61.928  -24.807 0.5000000000
14705  -32.035  -62.025  -24.733 0.4000000060
14713  -46.861  -62.839  -24.799 0.3000000119
14749  -30.550  -62.854  -25.911 0.4000000060
14756  -41.033  -62.279  -27.144 0.6000000238
14771  -38.871  -62.501  -27.695 0.6000000238
14772  -39.796  -62.622  -27.737 0.6000000238
14786  -36.986  -62.808  -28.181 0.4000000060
14789  -40.335  -63.141  -28.297 0.5000000000
15502  -46.722  -61.595  -23.906 0.3000000119
15524  -47.056  -62.159  -24.499 0.3000000119
15545  -34.701  -61.586  -25.595 0.6999999881
15549  -37.915  -60.818  -25.843 0.6000000238
15550  -38.787  -60.930  -26.035 0.6000000238
15557  -47.089  -61.560  -24.749 0.3000000119
15569  -35.089  -61.931  -26.268 0.6000000238
15570  -35.832  -61.739  -26.457 0.6000000238
16353  -30.898  -59.906  -24.029 0.5000000000
16356  -46.818  -61.119  -24.187 0.3000000119
16366  -31.305  -60.679  -24.150 0.5000000000
16367  -32.178  -60.705  -24.008 0.5000000000
16373  -47.105  -61.207  -24.777 0.3000000119
16387  -30.427  -60.730  -25.121 0.5000000000
16391  -37.253  -60.332  -25.295 0.6000000238
16395  -41.814  -59.843  -24.787 0.6000000238
16400  -47.008  -60.788  -25.344 0.3000000119
16416  -30.216  -60.326  -25.943 0.5000000000
16417  -47.011  -60.227  -26.013 0.3000000119
17219  -33.147  -59.183  -23.574 0.5000000000
17221  -46.265  -60.159  -23.916 0.3000000119
17222  -46.845  -60.673  -24.578 0.3000000119
17237  -35.211  -59.132  -24.262 0.6999999881
17254  -41.167  -59.184  -24.698 0.6999999881
18077  -30.764  -58.268  -23.950 0.5000000000
18078  -31.215  -58.394  -23.591 0.5000000000
18081  -33.703  -58.440  -23.625 0.5000000000
18094  -30.493  -58.495  -24.513 0.5000000000
18100  -39.373  -57.849  -24.586 0.6000000238
18101  -40.173  -58.006  -24.598 0.6999999881
18121  -46.136  -59.868  -26.597 0.5000000000
18135  -46.730  -59.403  -27.053 0.4000000060
18168  -46.114  -58.365  -28.747 0.5000000000
18182  -45.776  -58.032  -29.231 0.5000000000
18994  -31.601  -57.655  -23.444 0.5000000000
18995  -32.367  -57.648  -23.303 0.5000000000
18996  -33.194  -57.661  -23.422 0.5000000000
19009  -34.780  -57.508  -24.113 0.5000000000
19012  -37.824  -57.804  -24.506 0.6999999881
19013  -38.559  -57.574  -24.619 0.6999999881
19028  -40.405  -57.257  -25.211 0.8000000119
19044  -42.618  -57.700  -26.806 0.5000000000
19066  -46.428  -57.195  -28.897 0.4000000060
19096  -44.158  -57.756  -29.424 0.6000000238
19099  -46.221  -57.142  -29.208 0.4000000060
19115  -45.700  -56.857  -29.511 0.5000000000
19930  -32.843  -56.416  -23.360 0.5000000000
19946  -30.741  -56.570  -24.367 0.5000000000
19947  -31.340  -56.169  -23.823 0.5000000000
19948  -34.676  -56.681  -24.266 0.6000000238
19949  -35.169  -56.563  -24.789 0.6000000238
19953  -38.691  -56.728  -25.247 0.8000000119
19973  -36.355  -56.639  -25.538 0.6999999881
19975  -39.245  -56.551  -25.711 0.8000000119
19976  -39.960  -56.652  -25.822 0.8000000119
19992  -35.831  -56.322  -26.147 0.6000000238
20014  -35.998  -56.177  -27.971 0.6999999881
20021  -46.508  -56.087  -28.916 0.3000000119
20039  -36.896  -56.538  -28.304 0.6999999881
20060  -36.165  -56.472  -29.684 0.6999999881
20067  -42.940  -57.227  -29.600 0.6000000238
20069  -44.265  -57.374  -29.608 0.5000000000
20070  -45.027  -57.180  -29.624 0.4000000060
20084  -36.469  -56.357  -30.827 0.6999999881
20087  -38.932  -57.076  -30.185 0.6000000238
20088  -39.692  -56.691  -30.224 0.6000000238
20914  -34.081  -56.196  -23.831 0.5000000000
20937  -31.484  -55.308  -23.943 0.5000000000
20938  -33.831  -55.306  -23.882 0.5000000000
20972  -35.548  -55.774  -26.785 0.6999999881
21010  -35.759  -55.755  -29.718 0.6999999881
21011  -36.065  -56.204  -30.488 0.6999999881
21021  -35.856  -55.544  -30.576 0.6999999881
21026  -45.767  -56.201  -29.522 0.4000000060
21030  -36.215  -55.069  -31.232 0.5000000000
21836  -32.225  -55.023  -23.616 0.6000000238
21837  -33.053  -55.037  -23.558 0.5000000000
21888  -35.247  -55.085  -27.231 0.6999999881
21912  -35.237  -54.500  -28.685 0.6999999881
21929  -39.354  -54.528  -30.660 0.5000000000
21936  -36.776  -54.884  -31.320 0.5000000000
21937  -37.411  -55.233  -31.217 0.6000000238
22781  -30.882  -53.484  -25.234 0.5000000000
22784  -34.089  -53.570  -25.332 0.6000000238
22795  -33.793  -53.006  -25.812 0.6000000238
22812  -30.416  -52.662  -26.538 0.5000000000
22838  -44.063  -53.101  -29.409 0.3000000119
22844  -36.386  -54.197  -30.728 0.5000000000
22858  -37.643  -53.184  -31.612 0.5000000000
23784  -31.901  -52.786  -24.824 0.5000000000
23800  -31.524  -52.393  -25.469 0.5000000000
23802  -33.011  -52.539  -25.394 0.6000000238
23818  -32.879  -51.854  -26.756 0.6000000238
23836  -30.567  -51.860  -27.123 0.5000000000
23859  -36.778  -53.105  -29.213 0.6000000238
23884  -39.030  -52.584  -31.667 0.5000000000
24888  -32.634  -51.193  -28.113 0.6000000238
24890  -34.766  -51.395  -27.878 0.6000000238
24910  -33.711  -51.568  -28.210 0.6000000238
24919  -38.183  -51.328  -30.020 0.4000000060
24920  -43.931  -51.693  -29.905 0.3000000119
24921  -44.847  -51.678  -29.734 0.3000000119
24928  -37.698  -52.265  -31.634 0.5000000000
24931  -42.725  -51.641  -30.847 0.4000000060
24932  -43.586  -51.447  -30.901 0.3000000119
24944  -40.168  -51.557  -32.047 0.4000000060
24945  -41.312  -51.619  -31.691 0.4000000060
24949  -38.364  -50.997  -32.184 0.4000000060
24950  -39.303  -50.989  -32.404 0.4000000060
25893  -37.037  -50.502  -27.552 0.5000000000
25910  -32.336  -50.620  -28.699 0.5000000000
25925  -37.975  -51.015  -28.730 0.5000000000
25949  -38.322  -50.422  -32.153 0.4000000060
25953  -45.226  -50.853  -31.834 0.3000000119
25961  -41.663  -50.513  -32.383 0.4000000060
26876  -35.442  -49.389  -26.804 0.5000000000
26896  -36.617  -49.867  -27.222 0.5000000000
26944  -47.550  -50.418  -32.131 0.3000000119
26949  -41.015  -49.751  -32.540 0.4000000060
27857  -34.879  -48.829  -26.643 0.5000000000
27871  -33.061  -47.831  -27.497 0.3000000119
27872  -33.489  -48.507  -27.346 0.4000000060
27874  -37.078  -48.362  -27.217 0.4000000060
27875  -37.481  -49.005  -27.663 0.4000000060
27922  -41.353  -48.675  -31.657 0.4000000060
27925  -47.013  -49.873  -32.155 0.3000000119
27931  -46.990  -48.814  -31.944 0.4000000060
27936  -38.827  -48.279  -33.143 0.4000000060
27937  -39.417  -48.123  -33.227 0.4000000060
27939  -49.380  -48.936  -32.438 0.4000000060
28945  -38.145  -47.618  -30.836 0.4000000060
28950  -45.181  -47.814  -30.887 0.4000000060
28957  -37.724  -46.946  -32.226 0.4000000060
28958  -38.088  -47.591  -32.453 0.4000000060
28968  -39.700  -47.235  -33.013 0.5000000000
28975  -38.628  -46.909  -33.343 0.4000000060
28977  -39.615  -47.668  -33.147 0.4000000060
28978  -49.763  -48.071  -32.769 0.4000000060
29938  -35.476  -46.232  -26.354 0.4000000060
29939  -36.141  -46.823  -26.595 0.5000000000
30000  -37.754  -46.099  -33.129 0.4000000060
30002  -39.946  -47.174  -32.464 0.4000000060
30007  -38.226  -46.186  -33.348 0.4000000060
30984  -36.279  -45.351  -26.795 0.4000000060
31004  -36.782  -45.467  -27.515 0.4000000060
31017  -37.227  -45.577  -28.407 0.4000000060
31058  -37.424  -45.526  -32.933 0.4000000060
32012  -34.751  -44.379  -26.322 0.4000000060
32052  -37.160  -44.954  -29.978 0.4000000060
32076  -38.789  -44.349  -32.250 0.5000000000
32084  -38.816  -45.313  -33.231 0.4000000060
33048  -35.492  -43.882  -26.453 0.4000000060
34069  -34.592  -42.795  -26.417 0.3000000119
34070  -35.694  -42.370  -26.536 0.3000000119
34071  -36.170  -42.459  -26.804 0.3000000119
34083  -36.420  -42.667  -27.288 0.4000000060
35030  -35.505  -41.567  -26.512 0.3000000119
35999  -35.343  -40.759  -26.540 0.3000000119
36008  -35.851  -40.280  -26.829 0.3000000119
36960  -35.752  -39.471  -27.108 0.3000000119
37950  -36.219  -38.387  -28.747 0.4000000060
130925  -42.111  -56.962  -29.719 0.6000000238
131651  -34.868  -63.301  -27.838 0.5000000000
132310  -39.428  -64.480  -32.219 0.3000000119
134039  -34.265  -60.237  -24.387 0.5000000000
134155  -36.677  -64.715  -31.901 0.4000000060
135351  -40.053  -65.268  -34.434 0.3000000119
135688  -47.583  -48.548  -32.258 0.4000000060
135976  -35.467  -64.268  -35.323 0.4000000060
136881  -30.531  -54.806  -25.177 0.4000000060
137428  -43.274  -59.318  -24.867 0.5000000000
138943  -45.749  -48.263  -31.283 0.4000000060
139594  -35.717  -62.583  -27.524 0.6000000238
139621  -46.460  -55.765  -29.076 0.4000000060
139760  -32.237  -53.466  -24.347 0.5000000000
139803  -37.096  -57.334  -24.695 0.6999999881
139863  -41.783  -52.642  -29.789 0.3000000119
140919  -38.181  -58.745  -24.608 0.6000000238
143150  -34.904  -45.044  -26.229 0.4000000060
143211  -40.221  -49.735  -32.765 0.4000000060
143276  -36.836  -46.922  -27.161 0.4000000060
143813  -49.232  -47.426  -33.033 0.4000000060
144535  -35.442  -46.962  -26.387 0.4000000060
144570  -37.577  -64.509  -32.289 0.4000000060
144673  -39.205  -64.892  -34.423 0.4000000060
144952  -35.939  -38.072  -29.592 0.4000000060
147279  -39.827  -64.334  -30.664 0.4000000060
147559  -40.629  -64.364  -30.569 0.4000000060
149027  -30.530  -54.149  -25.425 0.5000000000
149095  -36.786  -43.845  -29.077 0.4000000060
150026  -33.417  -61.380  -24.699 0.6000000238
150139  -34.543  -68.756  -33.980 0.3000000119
150474  -30.639  -61.562  -25.131 0.5000000000
150855  -36.479  -40.129  -27.808 0.4000000060
151340  -35.316  -54.931  -28.714 0.6999999881
151976  -39.577  -59.259  -24.814 0.6999999881
152577  -36.198  -40.535  -27.030 0.4000000060
152760  -34.461  -68.024  -37.171 0.3000000119
153599  -46.164  -55.600  -29.337 0.4000000060
153712  -35.394  -64.445  -29.436 0.5000000000
154149  -37.111  -64.573  -32.144 0.4000000060
154181  -39.923  -49.133  -32.951 0.4000000060
155353  -35.707  -55.860  -28.334 0.6999999881
155416  -35.498  -59.625  -24.490 0.6999999881
156111  -36.136  -64.221  -35.249 0.4000000060
156618  -32.690  -52.128  -25.937 0.5000000000
156659  -34.008  -67.059  -37.380 0.4000000060
156806  -47.012  -59.876  -26.374 0.3000000119
157138  -36.794  -51.993  -28.197 0.6000000238
157297  -30.587  -55.405  -24.913 0.5000000000
157719  -40.489  -55.532  -30.099 0.5000000000
