#!ascii label  , from subject sub-v1s3x0050774_ses-1 vox2ras=TkReg
1009
51973  -8.395  -21.525  67.285 0.0000000000
61064  -31.561  -13.084  60.301 0.0000000000
154812  -27.877  -9.547  56.274 0.0000000000
57801  -23.893  -16.165  62.307 0.0000000000
70499  -36.517  -4.943  45.267 0.0000000000
150852  -30.890  -4.963  49.125 0.0000000000
62047  -32.701  -12.003  65.723 0.0000000000
132669  -27.813  -12.759  62.163 0.0000000000
73442  -41.956  -1.560  48.207 0.0000000000
74541  -44.897  -0.690  44.911 0.0000000000
136994  -47.761  1.393  42.509 0.0000000000
69255  -30.536  -5.203  58.088 0.0000000000
67317  -27.993  -7.332  52.686 0.0000000000
71348  -32.677  -3.818  54.982 0.0000000000
71387  -36.165  -3.076  52.064 0.0000000000
136733  -19.559  -18.100  59.677 0.0000000000
49746  -5.858  -23.239  69.988 0.0000000000
64071  -31.720  -10.625  58.716 0.0000000000
68244  -27.855  -6.840  62.411 0.0000000000
147748  -22.719  -19.720  56.849 0.0000000000
59006  -24.118  -15.768  56.467 0.0000000000
75687  -45.783  1.048  38.529 0.0000000000
80773  -49.876  5.113  40.008 0.0000000000
69411  -34.599  -5.734  47.383 0.0000000000
70417  -39.704  -4.543  50.838 0.0000000000
53232  -10.852  -20.256  63.829 0.0000000000
144695  -3.614  -27.494  67.335 0.0000000000
73468  -43.782  -0.851  46.639 0.0000000000
70336  -31.611  -4.659  56.906 0.0000000000
55564  -18.598  -18.612  58.528 0.0000000000
137277  -7.209  -22.321  69.038 0.0000000000
61111  -32.637  -13.050  57.594 0.0000000000
62132  -32.785  -12.044  59.619 0.0000000000
56734  -24.150  -18.376  59.910 0.0000000000
55585  -24.165  -18.664  56.150 0.0000000000
58977  -23.532  -15.674  59.331 0.0000000000
61049  -29.306  -12.916  61.393 0.0000000000
61076  -27.082  -13.145  59.309 0.0000000000
140998  -29.614  -13.295  58.828 0.0000000000
55509  -24.581  -18.913  61.929 0.0000000000
54408  -24.059  -19.790  60.138 0.0000000000
72519  -41.967  -2.063  41.059 0.0000000000
74591  -45.012  -0.177  39.320 0.0000000000
78747  -48.847  3.409  41.207 0.0000000000
68385  -29.038  -6.267  50.590 0.0000000000
70472  -32.617  -5.015  47.643 0.0000000000
70392  -38.126  -4.722  51.253 0.0000000000
56673  -15.027  -18.041  61.945 0.0000000000
55487  -13.487  -18.690  63.555 0.0000000000
54338  -12.271  -19.223  65.480 0.0000000000
53247  -12.224  -20.040  61.888 0.0000000000
157382  -5.015  -26.903  66.068 0.0000000000
61022  -32.001  -12.683  63.116 0.0000000000
64013  -33.056  -10.684  62.332 0.0000000000
65034  -32.333  -9.921  65.609 0.0000000000
61008  -25.755  -14.196  65.061 0.0000000000
60015  -25.151  -14.123  62.631 0.0000000000
62075  -27.717  -12.670  64.449 0.0000000000
62094  -30.069  -12.641  63.892 0.0000000000
71493  -39.295  -2.835  47.032 0.0000000000
73475  -40.809  -1.601  45.767 0.0000000000
133606  -42.112  -1.291  43.951 0.0000000000
74560  -43.853  -0.740  42.501 0.0000000000
76698  -45.508  0.685  41.353 0.0000000000
74553  -46.588  -0.205  43.623 0.0000000000
68328  -27.789  -7.193  57.318 0.0000000000
66268  -27.506  -8.839  54.411 0.0000000000
68343  -29.075  -6.245  55.462 0.0000000000
69321  -30.219  -5.298  53.724 0.0000000000
145773  -31.375  -4.256  51.820 0.0000000000
71421  -33.048  -3.522  50.816 0.0000000000
159703  -34.641  -2.697  53.742 0.0000000000
55518  -18.805  -18.081  61.889 0.0000000000
55535  -16.259  -18.100  60.028 0.0000000000
80805  -49.276  5.039  35.635 0.0000000000
149227  -3.415  -23.776  70.764 0.0000000000
63152  -32.444  -11.976  57.107 0.0000000000
64078  -30.068  -10.407  57.443 0.0000000000
65091  -31.688  -9.751  61.669 0.0000000000
65104  -28.485  -9.134  60.777 0.0000000000
66184  -27.511  -8.182  59.138 0.0000000000
69231  -28.908  -5.790  59.737 0.0000000000
61058  -25.609  -13.537  60.142 0.0000000000
54388  -21.876  -19.364  61.509 0.0000000000
55567  -21.534  -19.054  57.941 0.0000000000
77733  -45.616  1.905  39.744 0.0000000000
78773  -47.190  3.628  39.261 0.0000000000
79810  -48.029  4.564  37.374 0.0000000000
81751  -50.653  6.472  39.207 0.0000000000
50871  -8.596  -22.676  64.424 0.0000000000
49772  -7.630  -23.326  65.611 0.0000000000
68441  -36.111  -6.691  46.500 0.0000000000
71445  -35.278  -4.105  49.958 0.0000000000
69374  -37.309  -5.889  49.201 0.0000000000
70474  -38.285  -4.395  47.752 0.0000000000
71465  -40.470  -2.763  48.889 0.0000000000
53207  -9.715  -20.687  65.493 0.0000000000
48622  -6.317  -24.219  67.092 0.0000000000
47488  -4.385  -25.067  68.702 0.0000000000
47486  -2.903  -25.832  68.500 0.0000000000
50847  -7.888  -21.979  67.765 0.0000000000
61079  -31.820  -13.179  59.318 0.0000000000
61095  -32.391  -13.089  58.391 0.0000000000
153127  -32.365  -12.589  60.079 0.0000000000
56695  -23.925  -17.289  61.092 0.0000000000
56733  -23.695  -17.482  59.436 0.0000000000
57813  -23.753  -16.297  61.420 0.0000000000
61063  -30.785  -13.228  60.636 0.0000000000
134391  -28.984  -13.195  59.494 0.0000000000
61078  -30.692  -13.330  59.059 0.0000000000
61093  -30.257  -13.486  58.064 0.0000000000
57781  -24.640  -16.509  64.462 0.0000000000
56655  -24.878  -17.642  64.134 0.0000000000
56678  -24.493  -18.001  62.483 0.0000000000
55522  -24.521  -18.974  61.023 0.0000000000
74590  -44.321  -0.684  39.851 0.0000000000
64110  -29.091  -10.788  55.742 0.0000000000
64109  -28.331  -10.422  55.374 0.0000000000
69347  -29.592  -5.739  50.085 0.0000000000
144110  -29.747  -6.239  48.500 0.0000000000
70455  -31.694  -4.733  48.701 0.0000000000
55532  -13.978  -18.781  61.191 0.0000000000
55501  -14.320  -18.372  62.280 0.0000000000
54376  -13.099  -19.047  62.067 0.0000000000
55486  -12.908  -18.975  62.937 0.0000000000
53261  -12.771  -19.803  61.511 0.0000000000
62080  -32.506  -12.369  64.541 0.0000000000
63072  -33.195  -11.361  63.964 0.0000000000
63986  -32.952  -10.973  65.268 0.0000000000
133603  -27.008  -13.374  66.465 0.0000000000
61009  -26.328  -13.551  64.942 0.0000000000
62041  -27.630  -12.793  66.142 0.0000000000
143020  -31.425  -12.499  66.016 0.0000000000
62077  -30.169  -12.585  65.031 0.0000000000
62079  -31.745  -12.567  64.682 0.0000000000
61021  -31.167  -12.758  63.268 0.0000000000
72465  -40.101  -2.282  46.913 0.0000000000
73464  -40.042  -1.981  46.020 0.0000000000
150212  -41.157  -1.625  46.516 0.0000000000
74530  -44.822  -0.689  45.780 0.0000000000
73478  -43.119  -1.038  45.316 0.0000000000
155997  -44.290  -0.782  44.513 0.0000000000
73500  -43.498  -0.897  43.129 0.0000000000
132667  -44.889  -0.665  43.977 0.0000000000
74562  -45.460  -0.189  42.708 0.0000000000
74543  -46.610  -0.447  44.353 0.0000000000
68304  -28.843  -6.038  58.019 0.0000000000
68342  -28.341  -6.771  55.893 0.0000000000
69266  -29.725  -5.721  56.897 0.0000000000
144792  -32.360  -4.166  55.717 0.0000000000
70361  -30.802  -4.893  54.831 0.0000000000
70372  -31.382  -4.395  53.711 0.0000000000
70380  -30.680  -4.822  53.106 0.0000000000
70373  -32.081  -3.880  53.442 0.0000000000
71384  -32.703  -3.492  52.262 0.0000000000
71360  -33.369  -3.342  54.465 0.0000000000
55520  -20.328  -18.569  61.300 0.0000000000
55519  -19.571  -18.303  61.611 0.0000000000
56714  -19.041  -17.825  60.212 0.0000000000
55550  -17.526  -18.184  59.301 0.0000000000
81766  -50.276  6.509  36.477 0.0000000000
81767  -51.051  6.919  36.250 0.0000000000
49737  -4.871  -23.158  71.066 0.0000000000
63136  -32.576  -11.766  57.872 0.0000000000
62159  -32.673  -12.542  57.352 0.0000000000
63135  -32.051  -11.330  57.574 0.0000000000
64098  -31.348  -11.024  57.328 0.0000000000
64070  -31.250  -10.560  58.240 0.0000000000
65059  -32.003  -9.553  63.359 0.0000000000
65092  -32.286  -9.968  61.840 0.0000000000
65072  -30.582  -9.420  62.890 0.0000000000
67182  -27.713  -7.741  62.805 0.0000000000
66147  -28.204  -8.734  62.188 0.0000000000
154769  -27.628  -8.085  61.431 0.0000000000
66173  -27.909  -8.711  60.344 0.0000000000
67200  -27.583  -7.489  60.297 0.0000000000
68290  -27.818  -6.829  59.844 0.0000000000
68256  -28.345  -6.191  61.087 0.0000000000
57905  -23.650  -16.677  56.984 0.0000000000
61032  -26.809  -12.987  62.599 0.0000000000
157661  -25.614  -13.735  62.063 0.0000000000
135925  -26.537  -13.182  61.157 0.0000000000
61090  -26.750  -13.386  57.634 0.0000000000
53250  -23.180  -19.947  62.388 0.0000000000
54436  -23.613  -19.587  58.397 0.0000000000
54435  -22.667  -19.510  58.617 0.0000000000
135067  -22.709  -19.540  57.667 0.0000000000
54456  -21.139  -19.859  56.672 0.0000000000
75663  -46.138  0.840  41.786 0.0000000000
76706  -45.328  1.156  40.395 0.0000000000
77723  -46.693  2.011  41.112 0.0000000000
78763  -49.440  3.961  40.980 0.0000000000
154395  -47.404  3.419  39.993 0.0000000000
79801  -48.519  4.528  39.419 0.0000000000
79804  -47.566  4.199  38.050 0.0000000000
80787  -49.195  5.224  39.130 0.0000000000
143896  -49.023  5.499  38.145 0.0000000000
80788  -50.102  5.782  39.378 0.0000000000
67308  -27.626  -8.016  53.160 0.0000000000
65204  -27.550  -9.670  53.534 0.0000000000
68440  -35.582  -7.094  45.898 0.0000000000
149202  -35.762  -6.718  46.641 0.0000000000
71401  -34.723  -3.171  51.500 0.0000000000
71444  -34.358  -3.766  49.987 0.0000000000
71423  -35.691  -3.879  50.531 0.0000000000
144833  -39.101  -5.025  50.887 0.0000000000
70415  -37.898  -5.281  50.531 0.0000000000
70438  -38.554  -5.295  49.625 0.0000000000
160259  -37.649  -5.745  48.460 0.0000000000
70460  -39.159  -4.484  49.321 0.0000000000
71464  -39.227  -3.863  48.555 0.0000000000
71446  -40.266  -3.307  49.613 0.0000000000
145756  -11.942  -19.347  64.821 0.0000000000
54336  -10.894  -19.717  65.275 0.0000000000
53208  -10.334  -19.962  65.902 0.0000000000
53222  -10.408  -20.259  64.884 0.0000000000
51998  -9.587  -21.413  64.314 0.0000000000
51999  -10.145  -20.858  64.096 0.0000000000
48673  -6.926  -25.061  64.783 0.0000000000
49765  -6.750  -23.860  66.791 0.0000000000
47545  -6.314  -25.508  65.291 0.0000000000
45321  -4.469  -27.650  66.608 0.0000000000
47506  -4.310  -26.039  67.519 0.0000000000
46366  -3.491  -26.365  67.958 0.0000000000
47487  -3.369  -25.726  68.562 0.0000000000
46373  -3.069  -26.977  67.651 0.0000000000
62022  -28.919  -12.766  67.168 0.0000000000
74497  -43.660  -0.595  48.873 0.0000000000
73456  -43.220  -0.998  47.296 0.0000000000
74510  -44.656  -0.554  47.624 0.0000000000
69268  -31.070  -4.931  57.503 0.0000000000
55565  -19.524  -18.570  58.422 0.0000000000
133877  -19.060  -18.127  58.956 0.0000000000
51953  -7.419  -21.480  70.255 0.0000000000
50834  -6.559  -22.799  69.481 0.0000000000
61110  -32.178  -13.618  57.455 0.0000000000
61096  -32.608  -12.629  58.486 0.0000000000
64057  -32.485  -10.914  59.491 0.0000000000
156012  -28.684  -5.657  62.613 0.0000000000
54437  -24.032  -19.323  58.164 0.0000000000
54450  -23.830  -19.248  57.045 0.0000000000
55568  -24.135  -18.786  58.350 0.0000000000
57884  -23.459  -16.619  57.985 0.0000000000
60042  -23.739  -14.895  58.923 0.0000000000
61048  -29.042  -12.731  62.226 0.0000000000
132815  -27.390  -12.958  61.152 0.0000000000
159948  -28.454  -13.087  60.105 0.0000000000
61077  -28.061  -13.148  59.093 0.0000000000
61108  -29.744  -13.793  57.158 0.0000000000
148635  -24.667  -19.564  62.509 0.0000000000
54390  -24.131  -19.825  61.057 0.0000000000
54391  -24.341  -19.510  60.553 0.0000000000
54409  -24.311  -19.449  59.804 0.0000000000
73518  -40.955  -2.060  41.963 0.0000000000
75677  -45.293  0.723  39.075 0.0000000000
76693  -49.278  1.858  42.944 0.0000000000
76701  -48.132  2.039  42.112 0.0000000000
68384  -28.472  -6.833  51.147 0.0000000000
69428  -32.553  -5.890  46.758 0.0000000000
69410  -33.328  -5.460  47.148 0.0000000000
72401  -37.330  -3.045  52.949 0.0000000000
71404  -37.557  -3.967  51.700 0.0000000000
71390  -38.741  -3.946  52.616 0.0000000000
56674  -15.720  -17.972  62.397 0.0000000000
55489  -15.766  -18.323  63.447 0.0000000000
55458  -14.101  -18.652  65.255 0.0000000000
55471  -13.383  -18.767  64.535 0.0000000000
54351  -12.064  -19.366  64.116 0.0000000000
54364  -11.592  -19.758  63.525 0.0000000000
52009  -11.329  -21.341  61.990 0.0000000000
53234  -11.821  -20.888  61.757 0.0000000000
61051  -31.644  -12.948  61.653 0.0000000000
62121  -32.585  -12.362  61.011 0.0000000000
62107  -33.268  -11.788  62.671 0.0000000000
64003  -32.696  -10.243  63.988 0.0000000000
58945  -24.381  -15.657  63.749 0.0000000000
60007  -24.649  -14.755  63.225 0.0000000000
61016  -25.905  -13.876  64.305 0.0000000000
140860  -26.626  -13.127  63.427 0.0000000000
62105  -27.594  -12.693  63.209 0.0000000000
62060  -29.392  -12.551  65.624 0.0000000000
133575  -29.288  -12.570  63.994 0.0000000000
61033  -28.493  -12.627  62.886 0.0000000000
61034  -29.874  -12.769  62.690 0.0000000000
61050  -30.811  -13.102  61.641 0.0000000000
58936  -25.171  -15.705  65.700 0.0000000000
71503  -37.870  -3.612  46.272 0.0000000000
149749  -37.296  -3.520  44.371 0.0000000000
72473  -38.704  -2.511  45.105 0.0000000000
72485  -39.312  -2.112  44.733 0.0000000000
73496  -40.001  -1.768  43.412 0.0000000000
73466  -41.792  -1.390  46.119 0.0000000000
73485  -41.372  -1.389  44.424 0.0000000000
73497  -40.899  -1.551  43.221 0.0000000000
73509  -42.077  -1.397  42.308 0.0000000000
73510  -43.020  -1.039  42.141 0.0000000000
74569  -43.792  -0.726  41.663 0.0000000000
74581  -44.463  -0.102  40.408 0.0000000000
74571  -45.113  0.034  41.780 0.0000000000
75653  -45.849  0.337  42.195 0.0000000000
75655  -47.386  0.777  42.849 0.0000000000
74544  -47.448  -0.326  44.635 0.0000000000
75646  -48.869  1.236  43.365 0.0000000000
66239  -27.532  -8.169  56.491 0.0000000000
66257  -27.544  -8.785  55.823 0.0000000000
137479  -27.576  -7.969  55.821 0.0000000000
67303  -27.941  -7.374  54.530 0.0000000000
68364  -28.514  -6.746  54.092 0.0000000000
69298  -30.484  -5.232  55.504 0.0000000000
69308  -29.692  -5.721  54.165 0.0000000000
68371  -29.181  -6.075  52.639 0.0000000000
69328  -29.648  -5.607  51.951 0.0000000000
69335  -30.209  -5.127  51.502 0.0000000000
70430  -30.851  -4.734  50.040 0.0000000000
70412  -32.242  -3.982  49.916 0.0000000000
71399  -32.511  -3.615  51.437 0.0000000000
143054  -33.974  -3.140  51.785 0.0000000000
72398  -35.074  -2.633  53.045 0.0000000000
72368  -36.227  -2.502  54.284 0.0000000000
72386  -36.813  -2.653  53.547 0.0000000000
56677  -17.991  -17.873  62.157 0.0000000000
56732  -18.675  -17.862  59.594 0.0000000000
56712  -17.539  -17.600  60.438 0.0000000000
56692  -17.180  -17.598  61.407 0.0000000000
56710  -15.885  -17.847  60.741 0.0000000000
64097  -30.546  -10.773  57.008 0.0000000000
65169  -29.159  -10.148  57.255 0.0000000000
63109  -32.897  -11.236  60.288 0.0000000000
139423  -32.621  -10.738  60.146 0.0000000000
134639  -31.522  -10.119  59.762 0.0000000000
65106  -30.059  -9.585  61.079 0.0000000000
65126  -30.870  -10.012  59.319 0.0000000000
133700  -29.005  -9.577  58.850 0.0000000000
65139  -28.192  -9.306  58.204 0.0000000000
65149  -27.753  -9.051  57.402 0.0000000000
67250  -27.517  -7.762  57.844 0.0000000000
68303  -28.267  -6.463  58.518 0.0000000000
69246  -29.574  -5.489  59.242 0.0000000000
69211  -29.375  -5.336  61.363 0.0000000000
69233  -30.262  -5.059  60.452 0.0000000000
60023  -24.456  -14.449  61.249 0.0000000000
60034  -24.478  -14.325  60.370 0.0000000000
60051  -24.273  -14.312  58.453 0.0000000000
136141  -26.263  -13.265  59.629 0.0000000000
61089  -25.474  -13.531  58.241 0.0000000000
55508  -21.018  -18.997  61.882 0.0000000000
55521  -21.171  -18.885  60.956 0.0000000000
54407  -23.228  -19.768  60.271 0.0000000000
55538  -21.309  -18.895  59.971 0.0000000000
55566  -20.495  -18.651  58.396 0.0000000000
152194  -20.791  -19.005  57.651 0.0000000000
75669  -44.800  0.620  40.088 0.0000000000
150354  -45.256  1.250  39.552 0.0000000000
77740  -45.575  2.008  39.061 0.0000000000
77735  -47.274  2.851  40.623 0.0000000000
78761  -46.700  3.073  39.678 0.0000000000
77753  -46.107  2.544  38.580 0.0000000000
78789  -46.799  3.014  37.531 0.0000000000
78790  -47.350  3.337  37.012 0.0000000000
78798  -48.080  3.456  36.197 0.0000000000
80801  -48.555  5.069  36.889 0.0000000000
81759  -49.645  6.152  37.833 0.0000000000
50863  -8.643  -22.053  65.330 0.0000000000
50856  -8.008  -22.207  66.936 0.0000000000
49773  -8.123  -22.902  65.117 0.0000000000
64108  -27.947  -10.251  54.766 0.0000000000
69445  -36.395  -6.033  45.926 0.0000000000
133853  -33.008  -4.228  48.934 0.0000000000
70458  -34.340  -4.619  48.583 0.0000000000
132700  -34.921  -5.328  48.126 0.0000000000
70414  -37.013  -4.949  50.350 0.0000000000
69373  -36.551  -5.765  49.078 0.0000000000
145007  -36.343  -6.301  48.020 0.0000000000
69413  -36.780  -6.326  47.911 0.0000000000
69432  -37.230  -5.464  47.253 0.0000000000
70485  -37.424  -4.520  46.687 0.0000000000
136023  -38.575  -3.543  47.176 0.0000000000
72452  -39.859  -2.738  47.705 0.0000000000
72437  -41.219  -2.081  48.552 0.0000000000
154530  -9.324  -20.345  68.010 0.0000000000
142460  -9.426  -20.377  67.258 0.0000000000
51974  -8.907  -21.014  66.797 0.0000000000
51989  -9.309  -21.378  65.055 0.0000000000
50879  -9.646  -22.466  63.079 0.0000000000
50846  -7.524  -22.611  67.394 0.0000000000
49753  -6.421  -23.567  68.114 0.0000000000
49752  -6.033  -23.590  69.042 0.0000000000
47524  -5.259  -25.436  66.872 0.0000000000
158902  -5.218  -24.659  68.224 0.0000000000
49750  -5.212  -23.895  69.749 0.0000000000
48586  -3.778  -24.272  70.351 0.0000000000
48585  -3.137  -24.312  70.177 0.0000000000
45319  -2.920  -27.867  67.320 0.0000000000
46372  -2.811  -26.765  67.612 0.0000000000
51966  -8.318  -21.360  68.150 0.0000000000
57814  -24.076  -17.158  61.936 0.0000000000
134390  -30.015  -13.193  59.920 0.0000000000
138656  -30.977  -13.265  59.849 0.0000000000
157975  -24.100  -16.125  63.059 0.0000000000
57790  -24.401  -16.690  63.586 0.0000000000
57802  -24.261  -16.939  62.755 0.0000000000
64095  -28.454  -10.225  56.060 0.0000000000
69372  -30.208  -5.316  49.607 0.0000000000
69371  -29.679  -5.895  49.238 0.0000000000
69390  -30.287  -5.562  48.744 0.0000000000
68408  -30.476  -5.912  47.925 0.0000000000
151338  -31.059  -5.292  48.303 0.0000000000
54403  -13.949  -19.296  60.725 0.0000000000
55515  -13.777  -18.681  61.798 0.0000000000
54387  -13.441  -19.221  61.345 0.0000000000
62064  -32.916  -12.056  65.080 0.0000000000
63048  -32.893  -11.564  65.485 0.0000000000
60989  -27.984  -12.856  66.981 0.0000000000
142534  -32.156  -12.296  66.039 0.0000000000
62062  -31.634  -12.519  65.391 0.0000000000
62063  -32.364  -12.337  65.264 0.0000000000
60987  -26.677  -14.151  66.914 0.0000000000
72454  -41.278  -1.864  47.791 0.0000000000
73453  -40.896  -1.872  47.118 0.0000000000
73454  -41.713  -1.534  47.159 0.0000000000
73479  -44.057  -0.824  45.293 0.0000000000
73488  -43.969  -0.845  43.878 0.0000000000
74542  -45.705  -0.586  44.555 0.0000000000
144910  -29.627  -5.580  58.316 0.0000000000
140724  -29.418  -5.798  57.598 0.0000000000
135853  -29.970  -5.520  57.611 0.0000000000
70352  -31.907  -4.324  55.158 0.0000000000
70363  -32.028  -4.093  54.314 0.0000000000
71359  -32.707  -3.617  53.992 0.0000000000
55537  -20.385  -18.457  60.318 0.0000000000
55536  -19.640  -18.141  60.676 0.0000000000
82729  -50.781  7.107  36.924 0.0000000000
82730  -51.512  7.525  36.731 0.0000000000
50831  -6.336  -22.565  70.328 0.0000000000
50830  -5.587  -22.909  70.764 0.0000000000
49745  -5.080  -23.502  70.475 0.0000000000
64072  -32.185  -10.904  58.778 0.0000000000
64081  -32.228  -11.202  58.209 0.0000000000
64080  -31.697  -10.872  58.091 0.0000000000
134183  -31.364  -9.395  63.286 0.0000000000
65058  -30.609  -9.297  63.691 0.0000000000
66146  -27.781  -8.252  62.063 0.0000000000
67190  -27.668  -7.545  61.897 0.0000000000
146682  -27.633  -7.483  61.100 0.0000000000
68255  -27.878  -6.784  61.531 0.0000000000
68271  -27.859  -6.790  60.681 0.0000000000
68245  -28.357  -6.091  62.002 0.0000000000
54458  -22.967  -20.061  56.296 0.0000000000
132717  -26.240  -13.342  61.952 0.0000000000
61047  -26.936  -12.972  61.835 0.0000000000
54457  -21.931  -20.029  56.383 0.0000000000
75699  -46.372  1.449  38.030 0.0000000000
76691  -47.141  1.174  42.302 0.0000000000
76699  -46.655  1.288  41.784 0.0000000000
76700  -47.362  1.723  41.867 0.0000000000
79795  -49.660  4.487  40.546 0.0000000000
79794  -48.836  4.070  40.374 0.0000000000
79802  -49.237  4.684  39.916 0.0000000000
66291  -27.500  -8.704  52.696 0.0000000000
67316  -27.629  -7.998  52.272 0.0000000000
69430  -34.264  -6.224  46.657 0.0000000000
68438  -33.998  -6.851  46.003 0.0000000000
68439  -35.045  -6.880  46.327 0.0000000000
68424  -35.322  -6.458  47.029 0.0000000000
72409  -35.307  -2.876  52.122 0.0000000000
71402  -35.708  -3.407  51.277 0.0000000000
70416  -38.542  -5.294  50.345 0.0000000000
70439  -39.227  -4.835  50.155 0.0000000000
158471  -39.510  -4.253  49.683 0.0000000000
71425  -39.881  -3.977  50.055 0.0000000000
53223  -11.287  -19.665  64.532 0.0000000000
54337  -11.521  -19.456  65.327 0.0000000000
48655  -6.666  -24.615  65.630 0.0000000000
46374  -3.637  -26.888  67.477 0.0000000000
45298  -3.087  -27.592  67.503 0.0000000000
70321  -31.694  -4.660  57.808 0.0000000000
54434  -19.197  -19.051  57.990 0.0000000000
51956  -7.616  -21.673  69.417 0.0000000000
50835  -6.983  -22.112  69.855 0.0000000000
61080  -32.514  -12.594  59.125 0.0000000000
62141  -32.764  -12.124  58.947 0.0000000000
63125  -32.574  -11.482  58.711 0.0000000000
63117  -32.716  -11.478  59.446 0.0000000000
54422  -24.266  -19.303  59.100 0.0000000000
55554  -24.178  -18.611  59.172 0.0000000000
149857  -23.567  -15.793  60.066 0.0000000000
57865  -23.480  -16.551  58.917 0.0000000000
58984  -23.537  -15.639  58.415 0.0000000000
134731  -23.750  -15.030  59.919 0.0000000000
132838  -28.418  -12.902  61.132 0.0000000000
61061  -29.177  -13.069  60.525 0.0000000000
139276  -28.795  -13.265  58.617 0.0000000000
61091  -28.261  -13.338  57.871 0.0000000000
61092  -29.219  -13.416  57.902 0.0000000000
152112  -24.847  -18.399  63.328 0.0000000000
55496  -25.306  -18.720  64.107 0.0000000000
142432  -24.791  -18.893  62.689 0.0000000000
55495  -25.081  -19.229  63.334 0.0000000000
139494  -24.431  -19.544  61.479 0.0000000000
155813  -24.423  -19.066  59.620 0.0000000000
55539  -24.470  -19.034  60.219 0.0000000000
133956  -41.621  -1.796  41.719 0.0000000000
68377  -29.054  -6.164  51.574 0.0000000000
68397  -28.573  -6.985  50.190 0.0000000000
69409  -32.212  -5.473  47.260 0.0000000000
154025  -33.200  -4.815  47.817 0.0000000000
72388  -38.579  -3.175  53.853 0.0000000000
71372  -38.200  -3.367  53.142 0.0000000000
70384  -39.936  -4.427  52.121 0.0000000000
55502  -14.976  -18.262  62.808 0.0000000000
55488  -14.231  -18.473  63.175 0.0000000000
136210  -14.908  -18.436  63.595 0.0000000000
55472  -14.316  -18.552  64.223 0.0000000000
54375  -12.512  -19.457  62.355 0.0000000000
54365  -12.277  -19.383  63.230 0.0000000000
53246  -11.908  -19.893  62.555 0.0000000000
53233  -11.300  -20.473  62.728 0.0000000000
61037  -32.140  -12.718  62.260 0.0000000000
61052  -32.219  -12.685  61.552 0.0000000000
62106  -32.811  -12.301  62.774 0.0000000000
63995  -33.000  -10.803  64.447 0.0000000000
64004  -33.036  -10.708  63.571 0.0000000000
63994  -32.637  -10.260  64.917 0.0000000000
60002  -25.156  -14.850  65.018 0.0000000000
60001  -24.848  -14.852  64.172 0.0000000000
146095  -25.416  -14.380  64.430 0.0000000000
61010  -26.957  -12.965  64.707 0.0000000000
61017  -26.472  -13.330  64.159 0.0000000000
61018  -27.171  -12.831  63.963 0.0000000000
62092  -27.895  -12.608  63.874 0.0000000000
62043  -29.603  -12.604  66.462 0.0000000000
62042  -28.616  -12.609  66.334 0.0000000000
148006  -30.436  -12.602  64.421 0.0000000000
154357  -29.860  -12.592  64.391 0.0000000000
61019  -29.397  -12.639  63.231 0.0000000000
61020  -30.349  -12.714  63.302 0.0000000000
61035  -30.582  -12.872  62.567 0.0000000000
61036  -31.371  -12.887  62.440 0.0000000000
59996  -25.609  -14.785  65.805 0.0000000000
58935  -24.731  -15.595  64.754 0.0000000000
72464  -38.681  -2.939  46.351 0.0000000000
71504  -38.233  -2.953  45.578 0.0000000000
159149  -38.871  -2.582  45.765 0.0000000000
73474  -40.018  -1.786  45.209 0.0000000000
72474  -39.394  -2.224  45.516 0.0000000000
73483  -39.955  -1.695  44.350 0.0000000000
149035  -40.697  -1.509  44.836 0.0000000000
151639  -43.132  -1.045  46.552 0.0000000000
143952  -42.501  -1.260  46.788 0.0000000000
73467  -42.706  -1.154  46.026 0.0000000000
135759  -42.683  -1.153  44.637 0.0000000000
73486  -41.974  -1.291  44.726 0.0000000000
136115  -41.350  -1.415  43.749 0.0000000000
73498  -41.709  -1.397  43.122 0.0000000000
73499  -42.590  -1.179  43.083 0.0000000000
74570  -44.416  -0.286  41.290 0.0000000000
74561  -44.574  -0.444  42.349 0.0000000000
74563  -46.242  0.022  42.975 0.0000000000
75654  -46.625  0.658  42.453 0.0000000000
75644  -46.955  0.235  43.237 0.0000000000
152646  -48.440  0.613  43.778 0.0000000000
141941  -27.571  -7.756  57.051 0.0000000000
67270  -27.780  -7.415  56.395 0.0000000000
68354  -28.441  -6.774  54.994 0.0000000000
68355  -29.117  -6.236  54.578 0.0000000000
155091  -30.922  -4.997  56.854 0.0000000000
69285  -30.431  -5.325  56.438 0.0000000000
69286  -31.058  -4.874  56.187 0.0000000000
70371  -30.769  -4.855  54.092 0.0000000000
69309  -30.296  -5.302  54.569 0.0000000000
68365  -29.138  -6.196  53.667 0.0000000000
69320  -29.676  -5.679  53.326 0.0000000000
154785  -30.122  -5.326  53.043 0.0000000000
70381  -31.478  -4.221  52.705 0.0000000000
70389  -30.779  -4.665  52.090 0.0000000000
132752  -30.921  -4.546  51.080 0.0000000000
70390  -31.771  -3.992  51.233 0.0000000000
71371  -34.157  -2.821  53.229 0.0000000000
71385  -33.513  -3.148  52.570 0.0000000000
71386  -34.440  -2.887  52.362 0.0000000000
72352  -36.039  -2.499  55.174 0.0000000000
72387  -37.697  -2.880  53.699 0.0000000000
55505  -18.634  -18.374  62.764 0.0000000000
56693  -18.151  -17.689  61.207 0.0000000000
55551  -18.263  -18.101  59.094 0.0000000000
55549  -16.759  -18.426  59.483 0.0000000000
56730  -17.084  -17.829  59.834 0.0000000000
56711  -16.687  -17.649  60.549 0.0000000000
56691  -16.362  -17.620  61.214 0.0000000000
155799  -3.148  -23.265  71.088 0.0000000000
63151  -31.776  -11.507  56.845 0.0000000000
64079  -30.965  -10.631  57.693 0.0000000000
64096  -29.462  -10.502  56.655 0.0000000000
62115  -33.054  -11.893  61.357 0.0000000000
62122  -32.887  -11.849  60.396 0.0000000000
63101  -33.097  -11.278  60.865 0.0000000000
64038  -32.579  -10.395  61.161 0.0000000000
65108  -32.127  -10.061  61.076 0.0000000000
64056  -32.205  -10.465  59.821 0.0000000000
65107  -31.820  -10.073  60.368 0.0000000000
65089  -28.579  -9.107  61.605 0.0000000000
65090  -29.417  -9.416  61.786 0.0000000000
158572  -29.116  -9.402  61.142 0.0000000000
148520  -30.727  -9.774  60.176 0.0000000000
65105  -29.398  -9.508  60.411 0.0000000000
65125  -29.786  -9.680  59.506 0.0000000000
65124  -28.552  -9.266  59.778 0.0000000000
66185  -27.820  -8.726  59.492 0.0000000000
138990  -28.180  -9.118  59.012 0.0000000000
66201  -27.739  -8.677  58.722 0.0000000000
155891  -27.492  -8.163  58.481 0.0000000000
67236  -27.536  -7.573  58.688 0.0000000000
68272  -28.346  -6.243  60.232 0.0000000000
68291  -28.308  -6.341  59.370 0.0000000000
69245  -28.868  -5.893  58.861 0.0000000000
69201  -29.242  -5.221  62.732 0.0000000000
137939  -28.984  -5.439  62.029 0.0000000000
70271  -29.812  -5.007  62.083 0.0000000000
69247  -30.284  -5.152  59.620 0.0000000000
55576  -23.975  -18.769  57.318 0.0000000000
54459  -23.833  -19.697  56.212 0.0000000000
60014  -24.493  -14.626  62.222 0.0000000000
61046  -25.714  -13.543  61.183 0.0000000000
61045  -25.019  -13.912  60.754 0.0000000000
61074  -24.955  -13.851  59.787 0.0000000000
60043  -24.274  -14.367  59.504 0.0000000000
61088  -24.849  -13.816  58.837 0.0000000000
61060  -27.707  -13.056  60.192 0.0000000000
61059  -26.869  -13.137  60.321 0.0000000000
148374  -23.726  -19.916  60.838 0.0000000000
54419  -22.435  -19.434  59.615 0.0000000000
55553  -21.446  -18.921  58.932 0.0000000000
75662  -44.865  0.353  40.832 0.0000000000
76707  -45.935  1.779  40.504 0.0000000000
77725  -48.512  2.676  41.699 0.0000000000
77724  -47.681  2.404  41.449 0.0000000000
77736  -48.082  2.984  41.144 0.0000000000
77741  -46.016  2.569  39.289 0.0000000000
78772  -46.519  3.198  38.766 0.0000000000
78783  -46.511  3.067  38.085 0.0000000000
158871  -46.749  3.400  38.261 0.0000000000
79809  -47.510  3.949  37.394 0.0000000000
79816  -47.749  3.970  36.827 0.0000000000
79817  -48.236  4.391  36.506 0.0000000000
80791  -50.066  6.237  38.653 0.0000000000
81754  -50.427  6.793  38.172 0.0000000000
81755  -51.033  7.176  38.763 0.0000000000
147978  -27.532  -9.036  55.075 0.0000000000
65194  -27.620  -9.554  54.661 0.0000000000
68454  -36.077  -6.698  45.504 0.0000000000
71442  -32.791  -3.694  50.209 0.0000000000
140798  -32.331  -4.286  49.152 0.0000000000
70432  -32.917  -3.890  49.586 0.0000000000
70433  -33.749  -4.084  49.257 0.0000000000
70434  -34.772  -4.342  49.287 0.0000000000
153864  -35.140  -4.915  48.741 0.0000000000
70391  -37.290  -4.433  51.004 0.0000000000
70437  -37.473  -5.576  49.908 0.0000000000
70436  -36.736  -5.381  49.695 0.0000000000
69393  -35.890  -5.750  48.535 0.0000000000
69394  -36.760  -6.150  48.532 0.0000000000
69415  -37.968  -5.248  48.239 0.0000000000
69414  -37.533  -5.663  47.963 0.0000000000
70473  -37.733  -4.862  47.490 0.0000000000
70486  -37.937  -4.106  47.083 0.0000000000
72436  -39.796  -3.151  48.394 0.0000000000
72453  -40.582  -2.324  47.885 0.0000000000
72426  -41.222  -2.274  49.399 0.0000000000
53195  -10.117  -19.900  66.880 0.0000000000
53194  -9.563  -20.508  66.374 0.0000000000
51983  -9.090  -21.231  65.910 0.0000000000
52008  -9.963  -21.633  63.352 0.0000000000
155800  -9.415  -21.953  63.837 0.0000000000
141975  -7.525  -23.145  66.289 0.0000000000
151829  -7.658  -22.755  66.718 0.0000000000
49760  -6.653  -23.667  67.390 0.0000000000
48610  -6.200  -24.045  67.662 0.0000000000
48609  -5.820  -24.133  68.244 0.0000000000
46397  -5.592  -27.140  65.480 0.0000000000
47544  -5.504  -26.134  65.833 0.0000000000
47507  -4.844  -25.220  67.812 0.0000000000
48597  -5.206  -24.334  68.957 0.0000000000
48596  -4.305  -24.552  69.644 0.0000000000
47469  -3.101  -25.212  69.073 0.0000000000
48594  -2.958  -24.757  69.542 0.0000000000
48584  -2.720  -24.219  69.839 0.0000000000
45297  -2.860  -27.368  67.397 0.0000000000
51965  -7.767  -21.843  68.598 0.0000000000
61094  -31.548  -13.484  58.309 0.0000000000
56715  -23.803  -17.394  60.273 0.0000000000
57829  -23.648  -16.465  60.588 0.0000000000
58969  -23.699  -15.565  60.736 0.0000000000
61062  -29.995  -13.093  61.038 0.0000000000
57775  -24.893  -16.346  65.219 0.0000000000
137984  -24.555  -17.537  63.254 0.0000000000
56696  -24.345  -18.119  61.521 0.0000000000
56716  -24.245  -18.246  60.677 0.0000000000
73527  -42.536  -1.806  40.793 0.0000000000
64111  -30.102  -11.020  56.237 0.0000000000
68398  -29.136  -6.417  49.621 0.0000000000
67350  -29.161  -6.812  48.867 0.0000000000
69408  -31.335  -5.669  47.539 0.0000000000
69391  -31.881  -5.060  47.913 0.0000000000
55516  -14.451  -18.396  61.510 0.0000000000
55500  -13.589  -18.663  62.623 0.0000000000
53248  -12.407  -20.806  61.347 0.0000000000
62097  -32.653  -12.360  63.732 0.0000000000
62081  -33.083  -12.003  64.316 0.0000000000
63062  -33.090  -11.497  64.806 0.0000000000
63985  -32.653  -10.540  65.802 0.0000000000
61001  -26.266  -13.934  65.932 0.0000000000
61002  -26.882  -13.136  65.578 0.0000000000
62058  -27.608  -12.734  65.188 0.0000000000
159974  -30.175  -12.579  65.806 0.0000000000
62061  -30.881  -12.569  65.564 0.0000000000
62078  -30.997  -12.586  64.842 0.0000000000
62095  -30.956  -12.663  64.055 0.0000000000
62096  -31.843  -12.626  63.934 0.0000000000
146454  -39.392  -2.448  46.263 0.0000000000
73465  -40.594  -1.830  46.458 0.0000000000
73469  -44.171  -0.787  46.081 0.0000000000
142578  -43.492  -0.941  45.987 0.0000000000
151747  -43.553  -0.947  44.575 0.0000000000
73487  -43.077  -1.058  43.875 0.0000000000
74552  -44.325  -0.680  43.196 0.0000000000
156897  -45.034  -0.496  43.198 0.0000000000
132971  -45.820  -0.408  43.628 0.0000000000
68313  -28.246  -6.591  57.668 0.0000000000
68329  -28.262  -6.699  56.792 0.0000000000
68314  -28.899  -6.171  57.207 0.0000000000
68330  -29.005  -6.219  56.349 0.0000000000
69284  -29.763  -5.757  55.946 0.0000000000
132609  -31.775  -4.507  55.981 0.0000000000
70351  -31.214  -4.702  55.376 0.0000000000
70362  -31.343  -4.538  54.582 0.0000000000
70382  -32.194  -3.732  52.722 0.0000000000
71383  -31.981  -3.807  52.028 0.0000000000
71369  -32.753  -3.474  53.111 0.0000000000
71370  -33.396  -3.199  53.576 0.0000000000
146772  -34.016  -2.898  54.052 0.0000000000
55507  -20.222  -18.715  62.227 0.0000000000
56694  -18.953  -17.843  60.964 0.0000000000
55563  -17.881  -18.488  58.831 0.0000000000
55548  -15.969  -18.767  59.670 0.0000000000
81769  -49.725  5.929  36.009 0.0000000000
81770  -50.558  6.304  35.756 0.0000000000
81771  -51.491  6.602  35.589 0.0000000000
49744  -4.207  -23.660  70.919 0.0000000000
62149  -32.705  -12.298  58.207 0.0000000000
65152  -30.529  -10.332  58.111 0.0000000000
64012  -32.753  -10.324  63.023 0.0000000000
64023  -32.691  -10.324  62.024 0.0000000000
65074  -32.373  -9.914  62.724 0.0000000000
65073  -31.655  -9.604  62.527 0.0000000000
66130  -28.405  -8.826  63.041 0.0000000000
154547  -27.955  -8.428  62.712 0.0000000000
66161  -27.953  -8.616  61.313 0.0000000000
66172  -27.562  -8.205  59.922 0.0000000000
67215  -27.549  -7.512  59.484 0.0000000000
150935  -28.955  -5.647  60.662 0.0000000000
70256  -30.525  -4.669  62.610 0.0000000000
56772  -23.864  -17.705  56.601 0.0000000000
61031  -25.965  -13.577  62.881 0.0000000000
153216  -26.178  -13.305  60.462 0.0000000000
132859  -27.323  -13.214  58.277 0.0000000000
54379  -22.578  -19.705  61.984 0.0000000000
54420  -23.638  -19.711  59.334 0.0000000000
54448  -21.570  -19.455  57.107 0.0000000000
148049  -46.011  1.306  41.161 0.0000000000
78762  -48.072  3.462  40.561 0.0000000000
137493  -47.955  3.917  39.785 0.0000000000
148970  -47.106  3.718  38.491 0.0000000000
79800  -47.722  4.206  38.890 0.0000000000
79805  -48.339  4.814  38.374 0.0000000000
80795  -48.559  5.154  37.608 0.0000000000
80790  -49.594  5.815  38.635 0.0000000000
152277  -8.701  -23.337  63.651 0.0000000000
67302  -27.621  -8.077  54.054 0.0000000000
146534  -27.529  -9.375  54.070 0.0000000000
66280  -27.489  -8.845  53.571 0.0000000000
143474  -27.492  -9.361  52.988 0.0000000000
71422  -33.970  -3.416  50.914 0.0000000000
71443  -33.456  -3.644  50.112 0.0000000000
141463  -34.954  -3.557  50.651 0.0000000000
70393  -38.866  -4.828  51.429 0.0000000000
135583  -38.547  -5.089  50.872 0.0000000000
69349  -37.966  -5.682  49.802 0.0000000000
69395  -37.278  -6.070  48.454 0.0000000000
69396  -37.893  -5.747  49.007 0.0000000000
70459  -38.584  -4.748  48.641 0.0000000000
71483  -38.776  -3.933  47.984 0.0000000000
142073  -39.757  -3.664  49.214 0.0000000000
149489  -11.048  -19.560  65.852 0.0000000000
53221  -9.792  -20.893  64.788 0.0000000000
48656  -7.313  -24.120  65.141 0.0000000000
48639  -7.070  -23.793  66.117 0.0000000000
48638  -6.477  -24.368  66.418 0.0000000000
48637  -5.956  -24.711  66.777 0.0000000000
46386  -4.510  -26.647  66.782 0.0000000000
144044  -4.082  -25.724  68.170 0.0000000000
47470  -3.614  -25.081  69.208 0.0000000000
46365  -2.977  -26.416  68.097 0.0000000000
62045  -31.584  -12.405  66.724 0.0000000000
73443  -42.898  -1.048  48.308 0.0000000000
73455  -42.458  -1.300  47.558 0.0000000000
74521  -44.023  -0.752  47.237 0.0000000000
74522  -45.529  -0.593  46.235 0.0000000000
74531  -45.579  -0.609  45.418 0.0000000000
134233  -46.348  -0.566  45.160 0.0000000000
69256  -31.209  -4.865  58.200 0.0000000000
70337  -32.464  -4.222  56.554 0.0000000000
71349  -33.482  -3.444  55.326 0.0000000000
154894  -19.812  -18.314  58.926 0.0000000000
134405  -32.136  -10.672  59.244 0.0000000000
54449  -23.544  -19.527  57.502 0.0000000000
156189  -23.480  -19.623  56.752 0.0000000000
56747  -23.657  -17.659  58.586 0.0000000000
56759  -23.679  -17.759  57.614 0.0000000000
146373  -23.683  -15.646  57.431 0.0000000000
53264  -24.253  -19.920  61.996 0.0000000000
54421  -24.114  -19.579  59.467 0.0000000000
139474  -24.032  -19.514  58.934 0.0000000000
72508  -40.399  -2.321  42.154 0.0000000000
76692  -48.537  1.626  42.725 0.0000000000
77713  -48.912  2.289  42.342 0.0000000000
80774  -50.642  5.585  40.217 0.0000000000
68376  -28.503  -6.719  52.149 0.0000000000
67324  -27.675  -8.054  51.507 0.0000000000
67325  -27.973  -7.394  51.741 0.0000000000
71388  -37.012  -3.326  52.208 0.0000000000
71389  -37.856  -3.624  52.419 0.0000000000
71405  -38.417  -4.312  51.930 0.0000000000
70383  -39.231  -4.496  52.072 0.0000000000
70394  -39.509  -4.666  51.480 0.0000000000
70395  -40.125  -4.313  51.490 0.0000000000
71426  -40.277  -3.834  50.770 0.0000000000
54352  -12.600  -19.110  64.730 0.0000000000
55470  -12.763  -19.029  63.850 0.0000000000
44157  -4.000  -28.632  67.321 0.0000000000
147057  -31.967  -12.837  60.943 0.0000000000
62114  -32.706  -12.339  61.856 0.0000000000
63091  -33.270  -11.351  61.917 0.0000000000
62098  -33.195  -11.906  63.439 0.0000000000
63082  -33.296  -11.179  62.990 0.0000000000
150296  -33.052  -10.670  62.970 0.0000000000
65060  -32.412  -9.874  63.597 0.0000000000
65015  -32.310  -10.122  66.424 0.0000000000
58953  -24.126  -15.390  62.743 0.0000000000
60008  -25.403  -14.155  63.636 0.0000000000
153828  -26.062  -13.624  63.689 0.0000000000
62059  -28.430  -12.575  65.468 0.0000000000
156231  -28.285  -12.591  64.804 0.0000000000
62076  -29.170  -12.560  64.761 0.0000000000
141108  -28.508  -12.562  64.223 0.0000000000
62093  -28.545  -12.571  63.561 0.0000000000
136142  -29.940  -12.935  61.956 0.0000000000
154234  -31.356  -13.112  61.050 0.0000000000
70500  -37.076  -4.246  45.745 0.0000000000
71515  -36.812  -4.123  44.796 0.0000000000
138355  -37.487  -3.501  45.244 0.0000000000
71516  -37.957  -2.926  44.728 0.0000000000
72484  -38.565  -2.499  44.301 0.0000000000
73476  -41.471  -1.389  45.213 0.0000000000
73477  -42.277  -1.232  45.349 0.0000000000
73484  -40.683  -1.483  44.002 0.0000000000
73507  -40.524  -1.885  42.618 0.0000000000
73508  -41.274  -1.648  42.466 0.0000000000
73519  -42.354  -1.521  41.454 0.0000000000
73520  -43.127  -1.236  40.990 0.0000000000
74580  -43.900  -0.738  40.704 0.0000000000
74554  -47.233  -0.150  43.910 0.0000000000
75645  -47.680  0.403  43.525 0.0000000000
75656  -48.128  1.008  43.136 0.0000000000
65167  -27.610  -8.868  56.677 0.0000000000
67287  -27.583  -8.186  55.013 0.0000000000
67288  -27.876  -7.400  55.435 0.0000000000
67309  -27.995  -7.343  53.616 0.0000000000
68370  -28.542  -6.715  53.145 0.0000000000
69267  -30.470  -5.290  57.224 0.0000000000
69297  -29.745  -5.744  55.045 0.0000000000
69334  -29.583  -5.633  51.028 0.0000000000
69329  -30.205  -5.197  52.381 0.0000000000
69348  -30.193  -5.155  50.546 0.0000000000
70431  -31.578  -4.466  49.546 0.0000000000
70411  -31.589  -4.238  50.405 0.0000000000
71420  -32.315  -3.783  50.661 0.0000000000
71400  -33.281  -3.350  51.634 0.0000000000
72399  -35.795  -2.734  52.657 0.0000000000
71361  -34.052  -3.055  54.842 0.0000000000
150279  -34.676  -2.742  54.417 0.0000000000
72367  -35.386  -2.600  54.735 0.0000000000
72384  -35.326  -2.579  53.923 0.0000000000
72385  -35.954  -2.577  53.352 0.0000000000
72400  -36.505  -2.831  52.776 0.0000000000
56713  -18.370  -17.674  60.299 0.0000000000
56731  -17.887  -17.769  59.683 0.0000000000
56675  -16.430  -17.744  61.956 0.0000000000
56690  -15.744  -17.803  61.547 0.0000000000
55517  -15.132  -18.107  61.118 0.0000000000
55534  -15.366  -18.511  60.316 0.0000000000
82731  -52.306  7.818  36.485 0.0000000000
82734  -51.871  7.243  36.052 0.0000000000
63150  -30.984  -11.229  56.598 0.0000000000
63166  -30.606  -11.453  55.898 0.0000000000
65168  -28.527  -9.967  56.753 0.0000000000
159508  -32.811  -11.497  59.927 0.0000000000
64024  -32.950  -10.728  61.242 0.0000000000
64039  -32.844  -10.862  60.464 0.0000000000
63108  -32.736  -11.003  59.960 0.0000000000
65127  -31.676  -10.384  59.255 0.0000000000
135631  -30.613  -9.565  61.934 0.0000000000
132901  -31.243  -9.755  61.029 0.0000000000
65141  -31.092  -10.315  58.695 0.0000000000
65140  -30.149  -9.953  58.711 0.0000000000
65151  -29.381  -9.933  57.983 0.0000000000
65150  -28.445  -9.669  57.405 0.0000000000
159807  -27.968  -9.436  56.886 0.0000000000
66215  -27.537  -8.332  57.234 0.0000000000
68312  -27.759  -7.038  58.174 0.0000000000
68302  -27.779  -6.907  59.010 0.0000000000
134134  -30.215  -5.260  58.855 0.0000000000
159997  -28.768  -5.699  61.424 0.0000000000
69212  -30.111  -5.003  61.234 0.0000000000
159457  -29.662  -5.280  60.755 0.0000000000
69232  -29.606  -5.396  60.077 0.0000000000
58963  -23.894  -15.277  61.676 0.0000000000
60033  -23.993  -14.814  60.697 0.0000000000
60024  -25.051  -14.034  61.688 0.0000000000
153656  -24.119  -14.623  60.138 0.0000000000
60050  -23.844  -14.845  57.952 0.0000000000
58994  -24.219  -14.786  57.011 0.0000000000
137596  -26.341  -13.269  58.533 0.0000000000
61075  -25.561  -13.478  59.175 0.0000000000
61103  -24.807  -13.880  57.945 0.0000000000
139845  -24.362  -14.350  57.684 0.0000000000
54377  -20.867  -19.159  62.774 0.0000000000
53263  -23.659  -19.999  61.679 0.0000000000
54389  -22.872  -19.751  61.148 0.0000000000
54406  -22.129  -19.371  60.599 0.0000000000
55552  -20.458  -18.470  59.339 0.0000000000
55575  -20.006  -18.934  57.788 0.0000000000
54447  -20.476  -19.536  57.162 0.0000000000
141238  -44.621  0.139  39.892 0.0000000000
75676  -44.959  0.556  39.619 0.0000000000
76721  -45.457  1.485  38.954 0.0000000000
76722  -45.873  1.880  38.496 0.0000000000
77734  -46.289  2.418  40.164 0.0000000000
77759  -46.468  2.350  37.833 0.0000000000
77760  -47.139  2.555  37.148 0.0000000000
78784  -47.027  3.551  37.804 0.0000000000
80804  -48.694  4.889  36.214 0.0000000000
80802  -49.098  5.476  36.450 0.0000000000
80796  -49.046  5.603  37.294 0.0000000000
81765  -49.591  6.109  36.853 0.0000000000
81760  -50.197  6.651  37.261 0.0000000000
82723  -50.721  7.142  37.546 0.0000000000
82724  -51.321  7.635  37.495 0.0000000000
51982  -8.498  -21.769  66.380 0.0000000000
50855  -8.018  -22.591  66.054 0.0000000000
49781  -8.193  -23.392  64.362 0.0000000000
49780  -7.767  -24.049  64.374 0.0000000000
65180  -27.812  -9.739  55.453 0.0000000000
66298  -27.510  -8.704  51.835 0.0000000000
70456  -32.587  -4.603  48.333 0.0000000000
70457  -33.476  -4.499  48.436 0.0000000000
69392  -33.978  -4.949  47.839 0.0000000000
71403  -36.693  -3.659  51.476 0.0000000000
71424  -36.423  -4.072  50.761 0.0000000000
70413  -36.140  -4.511  50.101 0.0000000000
70435  -35.792  -4.918  49.322 0.0000000000
69412  -35.599  -6.127  47.760 0.0000000000
68425  -36.187  -6.484  47.319 0.0000000000
69431  -36.640  -6.192  47.123 0.0000000000
146887  -37.125  -6.091  47.791 0.0000000000
70484  -36.819  -5.192  46.316 0.0000000000
71484  -39.271  -3.330  47.791 0.0000000000
72417  -40.760  -3.061  50.637 0.0000000000
53178  -8.818  -20.846  67.665 0.0000000000
50872  -9.073  -21.982  64.453 0.0000000000
136721  -9.067  -22.589  63.741 0.0000000000
142131  -10.663  -21.130  62.844 0.0000000000
157013  -10.513  -21.801  62.502 0.0000000000
50839  -7.370  -22.455  68.205 0.0000000000
49766  -7.204  -23.286  66.939 0.0000000000
49761  -6.998  -23.074  67.777 0.0000000000
49754  -6.771  -22.949  68.608 0.0000000000
137345  -6.115  -26.356  65.096 0.0000000000
47525  -5.985  -25.059  66.079 0.0000000000
48621  -5.666  -24.607  67.499 0.0000000000
49749  -4.529  -24.034  70.284 0.0000000000
48595  -3.392  -24.717  69.716 0.0000000000
49743  -2.865  -23.638  70.506 0.0000000000
45320  -3.160  -28.281  67.414 0.0000000000
46364  -2.768  -26.263  68.016 0.0000000000
49735  -3.617  -23.211  71.365 0.0000000000
57846  -23.546  -16.525  59.773 0.0000000000
64037  -32.447  -10.438  60.500 0.0000000000
66129  -27.933  -8.305  63.434 0.0000000000
66160  -27.614  -8.176  60.741 0.0000000000
66200  -27.608  -8.560  57.984 0.0000000000
72425  -40.749  -2.827  49.820 0.0000000000
144242  -40.399  -3.386  50.161 0.0000000000
150294  -29.760  -5.569  52.664 0.0000000000
150374  -33.149  -12.001  62.129 0.0000000000
156034  -7.778  -23.522  64.929 0.0000000000
156758  -29.403  -6.320  49.040 0.0000000000
158221  -27.481  -13.126  66.748 0.0000000000
159507  -40.178  -2.720  48.221 0.0000000000
159873  -32.724  -10.669  60.621 0.0000000000
