#!ascii label  , from subject sub-v1s3x0050807_ses-1 vox2ras=TkReg
488
19619  -31.087  -58.591  -27.444 0.6999999881
20709  -30.414  -57.851  -28.620 0.6000000238
20719  -29.651  -57.672  -29.784 0.6000000238
20729  -28.761  -57.949  -31.126 0.4000000060
20590  -28.520  -57.582  -20.843 0.6999999881
21697  -28.770  -56.822  -21.121 0.6999999881
20605  -29.174  -57.521  -21.487 0.6999999881
21698  -29.300  -56.718  -21.789 0.6000000238
20628  -29.675  -57.410  -22.237 0.6999999881
21720  -29.621  -56.631  -22.625 0.6000000238
20629  -30.151  -58.005  -22.648 0.6000000238
20646  -30.042  -57.274  -23.038 0.6000000238
129731  -30.897  -58.426  -23.762 0.6000000238
21739  -30.286  -57.268  -23.758 0.6000000238
21748  -29.681  -56.140  -24.680 0.5000000000
20675  -30.627  -57.379  -25.156 0.5000000000
21759  -29.830  -56.280  -25.710 0.5000000000
135822  -30.070  -56.548  -26.584 0.6000000238
19610  -31.058  -57.947  -26.935 0.6000000238
21780  -30.235  -56.850  -27.393 0.6000000238
21793  -29.553  -56.487  -28.648 0.6000000238
22782  -28.906  -55.985  -21.327 0.6000000238
144069  -29.264  -55.258  -22.363 0.6000000238
146085  -29.326  -55.974  -22.119 0.6000000238
140508  -29.438  -55.840  -22.955 0.6000000238
23902  -28.818  -54.839  -23.973 0.6000000238
124151  -29.331  -55.626  -23.819 0.6000000238
21738  -29.825  -56.539  -23.624 0.6000000238
22839  -29.112  -55.458  -25.398 0.6000000238
22850  -28.628  -54.971  -26.093 0.6000000238
126939  -30.430  -56.984  -25.902 0.6000000238
21768  -29.387  -55.768  -26.468 0.6999999881
134121  -29.179  -55.625  -27.315 0.6000000238
128899  -28.737  -55.338  -27.983 0.6000000238
21805  -29.303  -56.872  -29.614 0.5000000000
21816  -29.017  -57.354  -30.412 0.5000000000
21682  -27.935  -56.128  -20.294 0.6000000238
23859  -29.151  -54.775  -21.774 0.6000000238
131255  -29.193  -54.534  -22.500 0.6000000238
23888  -28.911  -54.222  -23.353 0.6000000238
22816  -29.144  -55.042  -23.156 0.6000000238
24920  -28.493  -53.533  -24.535 0.6000000238
124999  -28.202  -53.963  -24.987 0.6000000238
22838  -28.570  -54.715  -24.841 0.6000000238
22827  -29.063  -55.360  -24.531 0.6000000238
23915  -28.260  -54.389  -25.513 0.6000000238
130781  -27.926  -54.190  -26.195 0.6999999881
21792  -29.050  -55.830  -28.538 0.6000000238
21804  -28.821  -56.060  -29.330 0.6000000238
130558  -28.208  -57.165  -31.183 0.4000000060
23847  -28.353  -54.570  -20.581 0.6000000238
23858  -28.827  -55.101  -21.185 0.6000000238
136312  -29.200  -54.059  -21.888 0.6000000238
23887  -28.771  -53.687  -23.858 0.6000000238
25966  -28.625  -52.866  -24.845 0.5000000000
25977  -28.222  -52.775  -25.559 0.6000000238
137962  -27.883  -53.687  -25.685 0.6999999881
23946  -27.338  -53.950  -27.779 0.6000000238
23930  -28.346  -54.689  -26.839 0.6000000238
23947  -28.154  -54.619  -27.552 0.6000000238
23958  -27.974  -54.697  -28.345 0.6000000238
22881  -27.482  -55.150  -30.070 0.6000000238
145091  -28.393  -55.959  -29.856 0.6000000238
21814  -27.658  -56.421  -31.220 0.4000000060
21815  -28.501  -56.518  -30.279 0.5000000000
23846  -27.708  -54.399  -20.107 0.5000000000
24883  -28.998  -53.449  -21.445 0.6000000238
129209  -28.870  -54.270  -21.239 0.6000000238
143675  -29.392  -52.805  -23.307 0.6000000238
24896  -29.194  -53.383  -23.115 0.5000000000
25967  -29.402  -52.293  -24.515 0.5000000000
24921  -29.087  -52.997  -23.967 0.5000000000
25988  -28.611  -52.284  -25.916 0.6000000238
27006  -28.656  -51.953  -26.561 0.6000000238
25987  -27.988  -52.619  -26.216 0.6999999881
25986  -27.424  -52.934  -26.605 0.6999999881
23914  -27.554  -53.446  -26.391 0.6999999881
27028  -27.675  -52.026  -29.121 0.6000000238
24965  -27.258  -53.320  -27.194 0.6999999881
26004  -27.070  -52.714  -28.531 0.6000000238
24976  -26.868  -53.239  -28.255 0.6000000238
23957  -27.142  -54.102  -28.730 0.6000000238
23967  -27.025  -54.380  -29.685 0.6000000238
22889  -27.912  -55.844  -30.333 0.5000000000
22888  -27.229  -55.586  -31.165 0.4000000060
24869  -28.549  -53.634  -20.804 0.6000000238
25921  -29.280  -52.648  -21.723 0.6000000238
24884  -29.293  -53.353  -22.159 0.5000000000
25955  -29.736  -52.211  -23.510 0.6000000238
26989  -30.138  -51.590  -24.254 0.5000000000
26996  -29.683  -51.664  -25.129 0.6000000238
27008  -30.009  -51.114  -25.850 0.5000000000
25978  -28.987  -52.296  -25.326 0.6000000238
28056  -29.842  -50.781  -26.688 0.5000000000
27007  -29.410  -51.385  -26.453 0.5000000000
128332  -29.247  -50.824  -27.885 0.5000000000
27017  -28.385  -51.920  -27.363 0.6000000238
28076  -29.003  -50.701  -28.605 0.5000000000
27030  -28.711  -51.378  -27.987 0.5000000000
144659  -27.876  -52.324  -27.458 0.6000000238
28093  -28.676  -50.593  -29.471 0.4000000060
26005  -27.936  -52.100  -28.102 0.6999999881
28105  -28.235  -50.596  -30.359 0.4000000060
27047  -27.426  -51.905  -30.105 0.5000000000
26019  -26.885  -52.640  -29.510 0.6000000238
27058  -27.022  -51.642  -31.028 0.5000000000
24975  -26.562  -52.989  -29.042 0.6000000238
26033  -26.548  -52.544  -30.631 0.5000000000
24989  -26.619  -53.544  -29.401 0.6000000238
22887  -26.834  -54.930  -31.465 0.5000000000
24988  -26.432  -53.116  -30.063 0.6000000238
25002  -26.241  -53.585  -30.815 0.6000000238
23975  -26.867  -54.689  -30.612 0.6000000238
25920  -28.761  -52.677  -21.009 0.5000000000
25938  -29.538  -52.576  -22.602 0.5000000000
26997  -30.392  -51.053  -24.954 0.4000000060
28063  -30.212  -50.016  -26.977 0.4000000060
28062  -29.651  -50.487  -27.427 0.5000000000
27018  -29.180  -51.283  -27.209 0.5000000000
29049  -29.507  -50.100  -28.225 0.5000000000
140243  -28.183  -48.502  -30.794 0.4000000060
29079  -28.677  -49.668  -30.104 0.4000000060
29093  -28.162  -49.109  -30.848 0.4000000060
132919  -28.068  -49.916  -30.857 0.5000000000
27059  -27.756  -51.216  -30.490 0.5000000000
28104  -27.478  -50.648  -31.114 0.5000000000
28103  -26.284  -51.221  -31.691 0.5000000000
133754  -26.107  -53.332  -31.594 0.5000000000
25025  -26.291  -53.574  -31.964 0.5000000000
26032  -26.071  -53.029  -31.251 0.6000000238
25014  -26.277  -53.813  -31.459 0.5000000000
138537  -29.893  -49.780  -27.638 0.4000000060
137871  -29.773  -49.229  -28.140 0.5000000000
29065  -29.462  -49.405  -28.746 0.5000000000
29080  -29.222  -49.067  -29.463 0.5000000000
30106  -27.534  -48.523  -31.206 0.4000000060
124500  -26.609  -50.405  -31.617 0.5000000000
26065  -25.531  -52.139  -32.891 0.5000000000
26055  -26.184  -52.882  -32.440 0.3000000119
29091  -25.965  -49.796  -31.866 0.5000000000
27073  -25.413  -51.531  -32.527 0.5000000000
26054  -25.497  -52.041  -32.675 0.5000000000
134458  -29.558  -48.669  -28.794 0.4000000060
30093  -28.705  -48.542  -30.253 0.4000000060
30094  -29.271  -48.157  -29.486 0.4000000060
31107  -27.217  -47.572  -31.087 0.4000000060
31108  -28.119  -47.899  -30.731 0.4000000060
30105  -26.304  -48.183  -31.530 0.4000000060
31106  -25.959  -47.268  -31.346 0.4000000060
130233  -26.513  -49.013  -31.569 0.5000000000
28142  -25.948  -51.234  -33.438 0.4000000060
128262  -25.771  -51.921  -33.236 0.4000000060
28118  -25.588  -50.675  -32.274 0.5000000000
27095  -25.228  -51.568  -33.147 0.5000000000
125594  -25.063  -49.892  -32.719 0.5000000000
27072  -25.009  -50.894  -32.927 0.5000000000
32120  -25.373  -46.399  -30.900 0.4000000060
30104  -25.020  -47.925  -31.890 0.4000000060
29151  -25.418  -50.533  -33.342 0.4000000060
28141  -24.885  -50.669  -33.105 0.5000000000
29090  -25.252  -48.917  -32.095 0.5000000000
29119  -24.825  -49.579  -32.942 0.5000000000
31105  -24.899  -46.861  -31.685 0.4000000060
29134  -25.752  -49.696  -33.358 0.4000000060
29135  -27.000  -49.424  -33.489 0.3000000119
31123  -24.760  -47.451  -32.249 0.5000000000
30148  -24.837  -48.637  -32.690 0.5000000000
29133  -24.888  -50.066  -33.099 0.5000000000
32119  -24.682  -46.019  -31.110 0.4000000060
30149  -26.025  -48.813  -33.344 0.3000000119
30150  -27.368  -48.589  -33.444 0.3000000119
125451  -25.008  -49.216  -33.065 0.5000000000
129079  -24.570  -46.736  -32.232 0.4000000060
131508  -24.807  -48.060  -32.457 0.5000000000
31145  -25.171  -48.223  -33.045 0.5000000000
32118  -24.554  -45.676  -31.361 0.4000000060
31146  -26.332  -47.852  -33.286 0.3000000119
32135  -24.490  -46.401  -31.896 0.4000000060
32152  -25.400  -47.121  -32.971 0.4000000060
32151  -24.812  -47.557  -32.483 0.4000000060
34280  -24.583  -45.075  -31.105 0.5000000000
124957  -26.681  -46.810  -33.169 0.3000000119
123146  -27.832  -47.632  -33.362 0.4000000060
31147  -28.719  -47.181  -33.479 0.4000000060
33196  -24.788  -45.358  -31.871 0.4000000060
32145  -25.777  -46.113  -32.940 0.5000000000
32153  -26.981  -46.109  -33.054 0.4000000060
33207  -24.982  -45.737  -32.457 0.5000000000
32144  -24.792  -46.480  -32.521 0.5000000000
141342  -25.878  -45.568  -32.610 0.5000000000
33208  -26.773  -45.722  -32.787 0.4000000060
33221  -27.749  -45.848  -32.948 0.4000000060
33222  -28.621  -45.928  -33.181 0.4000000060
34281  -25.032  -44.893  -31.396 0.5000000000
33197  -25.481  -45.236  -32.115 0.5000000000
33209  -28.587  -45.590  -32.829 0.4000000060
33210  -29.638  -45.199  -32.898 0.3000000119
34266  -25.430  -44.450  -30.697 0.5000000000
137757  -28.038  -45.319  -32.262 0.4000000060
126566  -29.448  -45.698  -33.347 0.4000000060
32155  -30.140  -45.906  -34.025 0.3000000119
33198  -26.762  -45.281  -32.255 0.5000000000
135330  -27.562  -45.572  -32.616 0.5000000000
34282  -26.137  -44.802  -31.525 0.5000000000
34292  -29.489  -44.989  -32.006 0.4000000060
34293  -30.308  -44.720  -32.400 0.4000000060
34246  -25.623  -43.932  -30.002 0.5000000000
33223  -30.183  -45.286  -33.622 0.3000000119
34267  -26.751  -44.409  -30.672 0.5000000000
34283  -27.686  -44.903  -31.457 0.5000000000
35375  -26.177  -43.454  -29.359 0.5000000000
34269  -29.332  -44.339  -30.137 0.5000000000
34294  -30.928  -44.438  -32.793 0.3000000119
34304  -30.477  -44.796  -33.257 0.3000000119
34247  -27.201  -43.992  -29.877 0.5000000000
34248  -28.487  -44.050  -29.660 0.5000000000
34268  -28.147  -44.462  -30.447 0.5000000000
20697  -30.671  -57.722  -27.683 0.6000000238
20730  -29.409  -58.043  -30.418 0.5000000000
21749  -30.247  -56.965  -24.451 0.6000000238
25976  -27.697  -53.100  -25.921 0.6999999881
23968  -27.729  -54.874  -29.188 0.6000000238
132344  -27.890  -52.446  -26.923 0.6999999881
23966  -26.484  -54.009  -30.239 0.6000000238
25997  -27.320  -52.767  -27.502 0.6999999881
27048  -28.137  -51.325  -29.749 0.5000000000
27029  -28.421  -51.394  -28.834 0.4000000060
27057  -25.920  -52.240  -31.835 0.5000000000
26041  -25.916  -52.701  -32.192 0.5000000000
29092  -27.343  -49.632  -31.347 0.5000000000
31095  -28.715  -47.460  -29.969 0.4000000060
143320  -27.992  -46.478  -33.210 0.4000000060
32154  -29.267  -46.419  -33.557 0.3000000119
11826  -25.911  -66.797  -22.223 0.5000000000
11839  -27.026  -66.633  -23.155 0.5000000000
11827  -26.545  -66.545  -22.595 0.5000000000
13612  -28.800  -64.314  -26.764 0.5000000000
139574  -27.888  -65.507  -24.949 0.5000000000
12736  -27.576  -65.877  -24.317 0.4000000060
12709  -26.716  -65.658  -22.262 0.5000000000
12723  -27.474  -65.552  -23.484 0.6000000238
12710  -27.296  -65.246  -22.655 0.6000000238
12737  -28.202  -65.016  -25.467 0.5000000000
127056  -28.234  -64.773  -24.595 0.5000000000
14543  -28.929  -64.003  -29.187 0.4000000060
13501  -25.573  -64.172  -20.498 0.6999999881
13513  -25.580  -64.848  -20.763 0.6999999881
13529  -27.587  -64.435  -22.175 0.6999999881
13547  -28.292  -64.481  -23.713 0.5000000000
14440  -28.739  -63.870  -23.399 0.6999999881
121580  -29.428  -63.338  -27.153 0.5000000000
13594  -28.840  -64.252  -25.714 0.5000000000
13572  -29.087  -63.905  -24.921 0.5000000000
15549  -29.342  -63.006  -29.667 0.5000000000
123561  -29.200  -63.594  -28.177 0.5000000000
14390  -23.635  -63.483  -20.383 0.5000000000
131078  -24.259  -63.991  -20.280 0.6999999881
14392  -25.979  -63.493  -20.435 0.6999999881
13500  -24.889  -64.479  -20.429 0.6999999881
14393  -26.823  -63.284  -20.672 0.6999999881
13515  -26.962  -64.503  -21.508 0.6000000238
14459  -29.432  -63.377  -24.403 0.6999999881
14441  -29.262  -63.393  -23.568 0.6000000238
15501  -29.875  -62.688  -26.342 0.6000000238
15481  -29.813  -62.900  -25.605 0.6000000238
15517  -29.612  -62.755  -27.881 0.5000000000
132329  -29.621  -62.008  -30.148 0.5000000000
15392  -24.492  -62.251  -20.464 0.5000000000
15393  -25.395  -62.745  -20.353 0.6999999881
143406  -27.392  -63.708  -21.292 0.6999999881
15411  -28.521  -62.173  -21.363 0.6999999881
15396  -27.813  -62.213  -20.900 0.6999999881
14423  -28.943  -63.326  -22.710 0.8000000119
15428  -29.399  -62.502  -22.467 0.6999999881
15482  -30.265  -62.181  -25.586 0.6000000238
15444  -29.776  -62.770  -23.781 0.6999999881
15518  -30.040  -62.230  -27.239 0.6999999881
144808  -30.268  -62.019  -26.422 0.6000000238
16511  -29.821  -61.950  -29.089 0.6000000238
16492  -30.002  -62.027  -28.187 0.6000000238
121879  -29.926  -61.065  -30.226 0.6000000238
123275  -23.710  -61.803  -20.748 0.5000000000
123764  -25.156  -61.049  -20.533 0.6000000238
16367  -26.341  -61.384  -20.498 0.6000000238
124815  -26.702  -61.968  -20.519 0.6000000238
131415  -27.294  -61.872  -20.638 0.6999999881
144658  -29.474  -61.340  -21.846 0.6999999881
144707  -28.275  -61.639  -21.045 0.6000000238
14408  -28.756  -62.777  -21.914 0.6999999881
16395  -29.768  -61.725  -22.347 0.6999999881
14424  -29.537  -62.856  -23.080 0.6999999881
16493  -30.375  -61.379  -27.669 0.6999999881
142712  -30.110  -61.048  -29.511 0.6999999881
17551  -30.307  -61.053  -28.522 0.6999999881
17397  -24.360  -60.569  -20.617 0.5000000000
17399  -26.600  -60.714  -20.505 0.6000000238
16368  -27.024  -61.323  -20.545 0.6000000238
16369  -27.744  -61.336  -20.751 0.6000000238
16396  -30.331  -61.352  -22.819 0.8000000119
17440  -30.756  -60.945  -23.340 0.5000000000
17428  -29.829  -60.173  -21.950 0.6000000238
16448  -30.751  -61.414  -25.199 0.6999999881
133056  -31.177  -60.738  -24.795 0.6999999881
140725  -30.561  -60.700  -27.853 0.6999999881
17502  -30.862  -60.785  -26.533 0.6999999881
17568  -29.715  -60.722  -30.824 0.5000000000
17550  -30.113  -60.203  -30.026 0.6999999881
18596  -29.624  -59.795  -30.839 0.5000000000
17398  -25.200  -60.197  -20.491 0.5000000000
145575  -27.021  -59.127  -20.353 0.6000000238
143301  -26.054  -60.210  -20.455 0.6000000238
18476  -27.689  -59.258  -20.527 0.6000000238
18477  -28.263  -59.844  -20.805 0.6000000238
130406  -28.525  -59.099  -20.893 0.6000000238
18491  -28.812  -59.673  -21.145 0.6000000238
18492  -29.208  -59.111  -21.411 0.6000000238
18528  -31.406  -59.477  -24.663 0.6000000238
19579  -31.298  -58.971  -24.139 0.5000000000
18502  -29.897  -59.372  -22.033 0.5000000000
17503  -31.291  -59.979  -26.189 0.6000000238
18539  -31.451  -59.324  -25.470 0.6000000238
18571  -30.615  -59.362  -28.695 0.6000000238
18563  -30.949  -59.366  -27.909 0.6000000238
19638  -29.936  -58.530  -29.876 0.5000000000
18474  -24.828  -59.363  -20.354 0.5000000000
19524  -26.402  -58.928  -20.206 0.6000000238
19526  -28.133  -58.391  -20.607 0.6000000238
129918  -31.013  -59.161  -23.405 0.5000000000
20647  -30.474  -57.860  -23.407 0.5000000000
19602  -31.375  -58.574  -25.692 0.4000000060
19591  -31.371  -58.768  -24.883 0.5000000000
146477  -31.118  -58.379  -24.415 0.5000000000
19626  -30.750  -58.575  -28.261 0.6000000238
18473  -23.729  -59.170  -20.542 0.5000000000
19523  -25.441  -58.795  -20.125 0.6000000238
142038  -26.580  -58.345  -20.070 0.6000000238
19525  -27.206  -58.476  -20.267 0.6000000238
20676  -31.057  -57.770  -26.016 0.5000000000
19522  -24.498  -58.551  -20.200 0.5000000000
19506  -25.146  -57.987  -19.873 0.5000000000
20576  -26.786  -57.660  -19.912 0.6000000238
20589  -27.733  -57.629  -20.337 0.6000000238
19521  -23.646  -58.202  -20.443 0.5000000000
20588  -24.313  -57.678  -20.059 0.5000000000
20575  -25.829  -57.349  -19.697 0.6000000238
21683  -28.183  -56.872  -20.540 0.6000000238
19542  -22.815  -58.011  -21.363 0.5000000000
141159  -24.264  -56.980  -19.989 0.5000000000
20574  -24.921  -57.130  -19.712 0.5000000000
21666  -27.209  -56.035  -19.776 0.6000000238
20577  -27.438  -56.834  -20.041 0.6000000238
21681  -23.967  -56.427  -20.217 0.5000000000
21663  -24.646  -56.380  -19.776 0.5000000000
21680  -23.358  -56.376  -20.835 0.5000000000
130664  -24.312  -55.828  -20.013 0.5000000000
21665  -26.453  -55.969  -19.579 0.5000000000
126575  -22.983  -55.822  -21.586 0.5000000000
22768  -23.794  -55.699  -20.443 0.5000000000
22751  -25.973  -55.424  -19.529 0.5000000000
22770  -27.702  -55.227  -20.051 0.4000000060
23844  -23.675  -54.874  -20.667 0.5000000000
23826  -25.631  -54.656  -19.611 0.5000000000
131563  -26.382  -54.775  -19.565 0.4000000060
23828  -27.087  -54.573  -19.697 0.4000000060
23825  -24.813  -54.563  -19.851 0.4000000060
23827  -26.359  -53.926  -19.656 0.4000000060
126548  -27.550  -53.262  -20.148 0.4000000060
19611  -31.310  -58.557  -26.592 0.6000000238
19639  -30.421  -58.593  -29.062 0.5000000000
19650  -29.378  -58.802  -30.840 0.4000000060
18503  -30.544  -59.318  -22.715 0.6000000238
24868  -27.969  -53.792  -20.328 0.4000000060
130035  -28.126  -53.029  -20.472 0.4000000060
14422  -28.222  -63.572  -22.001 0.6999999881
16429  -30.755  -61.362  -24.188 0.6999999881
16470  -30.486  -61.448  -26.886 0.6999999881
141233  -30.629  -61.438  -26.078 0.6999999881
130114  -30.009  -60.864  -22.215 0.6000000238
17417  -29.345  -59.903  -21.519 0.6000000238
130307  -30.394  -60.181  -29.089 0.6999999881
17441  -31.160  -60.525  -23.953 0.6999999881
17478  -31.077  -60.755  -25.694 0.6999999881
18584  -30.302  -59.355  -29.501 0.6000000238
18583  -29.934  -59.323  -30.208 0.6000000238
11828  -27.080  -65.978  -22.964 0.5000000000
12694  -27.000  -65.008  -21.975 0.6999999881
12724  -27.821  -65.171  -24.072 0.5000000000
13514  -26.419  -64.197  -20.848 0.6999999881
13530  -28.311  -64.112  -22.819 0.6999999881
13546  -27.789  -64.839  -23.156 0.6000000238
13571  -28.636  -64.398  -25.000 0.5000000000
14391  -25.074  -63.703  -20.325 0.6999999881
14394  -27.479  -62.947  -20.888 0.6999999881
14407  -28.069  -62.921  -21.341 0.6999999881
14458  -28.816  -64.022  -24.234 0.5000000000
14484  -29.457  -63.436  -25.249 0.6000000238
14501  -29.423  -63.492  -26.127 0.5000000000
15394  -26.356  -62.687  -20.461 0.6999999881
15395  -27.103  -62.510  -20.634 0.6999999881
15412  -29.177  -62.013  -21.826 0.6999999881
15445  -30.278  -62.121  -23.968 0.6999999881
15457  -29.948  -62.689  -24.749 0.6000000238
15458  -30.408  -61.966  -24.728 0.6999999881
15532  -29.476  -62.829  -28.672 0.5000000000
16365  -24.416  -61.396  -20.596 0.5000000000
16366  -25.983  -62.009  -20.436 0.6000000238
16381  -28.344  -61.072  -20.990 0.6000000238
16382  -29.412  -60.680  -21.644 0.6000000238
16411  -30.040  -62.182  -23.075 0.6999999881
16412  -30.452  -61.600  -23.454 0.6999999881
17400  -27.337  -60.640  -20.589 0.6000000238
17401  -28.033  -60.563  -20.773 0.6000000238
17416  -28.737  -60.439  -21.151 0.6000000238
17429  -30.331  -60.072  -22.439 0.6000000238
17457  -31.348  -60.104  -24.488 0.6999999881
17479  -31.378  -60.065  -25.209 0.6000000238
17521  -30.864  -60.118  -27.560 0.6999999881
17522  -31.021  -60.241  -26.942 0.6000000238
17535  -30.632  -60.132  -28.275 0.6999999881
18475  -26.837  -59.822  -20.449 0.6000000238
18514  -30.908  -60.058  -23.155 0.5000000000
18515  -31.284  -59.709  -23.921 0.5000000000
18551  -31.435  -59.166  -26.219 0.6000000238
18564  -31.238  -59.424  -27.014 0.6000000238
19507  -26.017  -58.218  -19.924 0.6000000238
19543  -22.998  -58.602  -20.941 0.5000000000
19544  -28.891  -58.329  -21.167 0.6000000238
19545  -29.639  -58.338  -21.890 0.6999999881
19566  -30.194  -58.712  -22.445 0.5000000000
19567  -30.590  -58.561  -23.035 0.6000000238
19601  -31.110  -58.074  -25.067 0.5000000000
20587  -23.631  -57.258  -20.455 0.5000000000
20661  -30.702  -57.748  -24.286 0.5000000000
20688  -30.602  -57.280  -26.748 0.5000000000
20708  -29.946  -57.299  -29.056 0.6000000238
20720  -30.145  -57.971  -29.302 0.6000000238
21664  -25.606  -56.355  -19.577 0.5000000000
21760  -30.193  -56.745  -25.186 0.5000000000
21779  -29.698  -56.228  -27.257 0.6000000238
21794  -30.173  -57.073  -28.215 0.6000000238
22750  -25.001  -55.482  -19.650 0.5000000000
22752  -26.837  -55.331  -19.601 0.4000000060
22769  -24.285  -55.150  -20.143 0.5000000000
22771  -28.415  -55.549  -20.655 0.6000000238
22865  -29.405  -55.978  -27.941 0.6000000238
22875  -28.451  -55.391  -28.817 0.6000000238
22882  -28.163  -55.543  -29.574 0.6000000238
23845  -24.212  -54.490  -20.289 0.4000000060
23871  -29.164  -53.912  -22.580 0.6000000238
23901  -28.546  -54.161  -24.258 0.6000000238
23929  -27.588  -54.022  -26.931 0.6999999881
23974  -26.433  -54.239  -31.045 0.6000000238
23984  -26.625  -54.323  -31.732 0.5000000000
24851  -27.284  -53.827  -19.899 0.4000000060
24934  -28.126  -53.335  -25.266 0.6000000238
27085  -24.938  -51.048  -33.074 0.5000000000
27086  -25.139  -51.571  -32.996 0.5000000000
27107  -25.120  -51.079  -33.220 0.5000000000
28094  -29.175  -49.933  -29.137 0.5000000000
28129  -24.898  -50.363  -33.079 0.5000000000
30122  -24.873  -48.344  -32.437 0.5000000000
32134  -24.388  -45.983  -32.030 0.4000000060
33183  -24.502  -45.170  -30.834 0.5000000000
33195  -24.588  -45.472  -31.446 0.4000000060
33199  -28.908  -45.298  -32.383 0.4000000060
122355  -25.869  -60.842  -20.503 0.6000000238
122926  -24.919  -49.059  -32.712 0.5000000000
123055  -25.793  -59.557  -20.342 0.5000000000
125904  -27.656  -60.031  -20.613 0.6000000238
126317  -30.679  -60.790  -27.253 0.6999999881
126662  -29.222  -51.764  -25.879 0.6000000238
126960  -23.146  -57.871  -20.819 0.5000000000
127559  -24.425  -63.174  -20.325 0.5000000000
128928  -29.837  -56.512  -27.879 0.6000000238
131194  -28.855  -55.276  -26.821 0.6999999881
134502  -28.475  -56.272  -20.760 0.6000000238
135585  -26.574  -56.704  -19.677 0.6000000238
138161  -28.874  -61.352  -21.372 0.6000000238
138543  -23.377  -55.550  -20.929 0.5000000000
140342  -25.225  -61.810  -20.461 0.6000000238
140998  -24.326  -59.862  -20.542 0.5000000000
143845  -29.641  -61.526  -30.760 0.6000000238
144191  -29.143  -55.422  -21.730 0.6000000238
144764  -30.512  -60.658  -22.759 0.6000000238
144796  -28.607  -54.904  -25.451 0.6000000238
145301  -25.739  -61.423  -20.484 0.6000000238
146100  -28.675  -55.143  -27.318 0.6000000238
146823  -26.436  -53.548  -30.110 0.6000000238
