#!ascii label  , from subject sub-v1s3x0050807_ses-1 vox2ras=TkReg
1595
2837  21.671  -70.713  -22.081 0.6999999881
144217  20.605  -71.445  -22.155 0.8000000119
2828  20.579  -70.619  -21.213 0.8000000119
2381  19.416  -71.400  -21.602 0.6999999881
2400  21.827  -71.700  -23.184 0.6000000238
2393  21.316  -71.434  -22.494 0.6000000238
2394  19.922  -71.674  -22.168 0.6000000238
1982  22.113  -72.085  -23.961 0.6000000238
2816  21.004  -70.031  -20.680 0.8000000119
2817  20.135  -70.297  -20.550 0.6999999881
2805  19.628  -69.924  -19.819 0.6999999881
2806  18.722  -70.023  -19.488 0.6999999881
2392  22.048  -71.049  -22.741 0.6000000238
2827  21.358  -70.398  -21.403 0.6999999881
2818  19.295  -70.482  -20.394 0.6999999881
2405  22.565  -71.231  -24.482 0.6000000238
146256  22.549  -71.493  -25.316 0.6000000238
1994  22.319  -72.114  -24.857 0.6000000238
2009  22.167  -71.919  -26.620 0.6000000238
2010  21.751  -72.651  -26.363 0.6000000238
3301  21.365  -69.001  -19.857 0.8000000119
3852  21.013  -68.579  -19.070 0.8000000119
3284  20.162  -68.720  -18.712 0.6999999881
3839  19.660  -68.069  -18.208 0.6999999881
3840  18.773  -68.096  -18.320 0.6999999881
3316  21.565  -69.437  -20.528 0.8000000119
3302  20.660  -69.162  -19.504 0.6999999881
3285  19.187  -68.886  -18.530 0.6999999881
3326  21.680  -69.869  -21.063 0.6999999881
3317  20.399  -69.711  -20.025 0.8000000119
3303  19.214  -69.541  -19.110 0.6999999881
2826  22.084  -69.987  -21.724 0.6999999881
124001  22.330  -71.203  -23.529 0.6999999881
148610  22.859  -70.360  -24.688 0.6000000238
2848  22.716  -70.402  -23.931 0.6000000238
2002  22.307  -72.059  -25.759 0.6000000238
2416  21.724  -72.145  -27.489 0.6000000238
2019  21.331  -72.795  -29.333 0.6999999881
2015  20.816  -73.199  -29.223 0.6000000238
1654  21.719  -73.103  -29.545 0.5000000000
2020  20.972  -73.362  -29.460 0.6000000238
1314  21.521  -73.836  -29.470 0.5000000000
4461  21.024  -67.391  -17.938 0.8999999762
3838  20.551  -68.030  -18.331 0.8000000119
4445  19.896  -66.765  -17.724 0.6999999881
3851  21.779  -68.375  -19.562 0.6999999881
3837  21.417  -67.925  -18.699 0.8999999762
4463  19.387  -67.374  -18.058 0.6999999881
3325  22.182  -69.286  -21.089 0.8000000119
3865  21.994  -68.806  -20.348 0.8000000119
123589  22.492  -69.290  -21.834 0.8000000119
3349  23.359  -69.066  -23.692 0.6999999881
2836  22.193  -70.383  -22.405 0.6999999881
3350  22.913  -69.671  -23.450 0.8000000119
3362  23.159  -69.676  -24.396 0.8000000119
124317  23.074  -69.984  -25.301 0.6999999881
2852  22.950  -70.249  -26.309 0.6999999881
2857  22.633  -70.722  -27.124 0.6000000238
2426  21.646  -72.126  -29.188 0.6999999881
2023  21.431  -72.936  -29.450 0.6999999881
4460  21.875  -67.244  -18.387 0.8999999762
4444  20.649  -66.766  -17.620 0.8000000119
5126  19.772  -66.231  -17.767 0.6999999881
4487  22.475  -68.051  -20.207 0.8000000119
4474  22.193  -67.693  -19.252 0.8000000119
4502  22.928  -67.945  -21.106 0.6999999881
3891  23.484  -68.589  -22.918 0.6999999881
3878  23.270  -68.284  -21.999 0.6000000238
3336  23.047  -69.098  -23.023 0.8000000119
3361  23.697  -69.022  -24.497 0.8000000119
138993  23.514  -69.447  -25.225 0.8000000119
3372  23.323  -69.727  -25.897 0.6999999881
3394  22.935  -70.124  -27.562 0.8000000119
126701  23.631  -69.533  -28.593 0.8000000119
142036  23.249  -70.690  -29.369 0.6999999881
2425  22.135  -71.475  -29.167 0.6999999881
145441  22.776  -70.293  -28.378 0.6999999881
2429  22.761  -71.621  -29.475 0.6999999881
2430  22.213  -71.809  -29.430 0.6999999881
8191  21.498  -62.706  -28.611 0.6000000238
8189  23.174  -63.607  -29.310 0.6000000238
9016  20.904  -60.984  -29.652 0.6000000238
9798  20.447  -60.113  -29.640 0.6999999881
5139  21.530  -66.692  -17.722 0.8999999762
5125  20.320  -66.166  -17.579 0.6999999881
4501  23.668  -67.610  -21.584 0.6000000238
145316  24.574  -67.877  -22.611 0.6000000238
4519  23.916  -68.004  -22.366 0.6000000238
3910  23.893  -68.654  -23.763 0.6999999881
147044  24.803  -68.677  -25.138 0.6999999881
3921  24.369  -68.682  -24.501 0.6999999881
8885  20.597  -61.300  -20.438 0.6999999881
8062  20.406  -62.332  -21.546 0.6999999881
3931  24.108  -68.965  -25.363 0.8000000119
9708  20.770  -60.900  -21.739 0.6000000238
9725  20.916  -61.111  -22.843 0.6000000238
8926  20.840  -62.167  -22.984 0.6999999881
3371  23.709  -69.341  -26.033 0.6999999881
8925  21.215  -61.859  -23.649 0.5000000000
8101  21.231  -62.780  -23.562 0.6999999881
3392  24.012  -69.207  -27.792 0.8000000119
3380  23.774  -69.221  -26.879 0.8000000119
9740  21.396  -61.027  -23.636 0.5000000000
3416  23.836  -70.047  -29.428 0.6999999881
8940  22.523  -61.234  -24.832 0.5000000000
8939  23.510  -61.255  -25.255 0.6000000238
8956  24.214  -61.622  -25.973 0.5000000000
8132  23.291  -62.326  -26.168 0.6000000238
8151  22.891  -63.816  -26.350 0.6999999881
7403  22.247  -64.180  -27.109 0.6999999881
8974  24.041  -62.286  -26.584 0.5000000000
8150  23.639  -63.249  -26.918 0.6000000238
7379  23.233  -64.156  -27.323 0.6000000238
7419  22.843  -64.108  -28.726 0.6000000238
8170  24.038  -63.880  -27.793 0.6000000238
134819  23.967  -64.363  -29.092 0.6000000238
8148  25.328  -62.691  -27.484 0.5000000000
8149  24.447  -62.854  -27.248 0.5000000000
7418  24.025  -64.136  -29.446 0.6000000238
140814  22.047  -61.291  -29.733 0.6000000238
9796  22.107  -60.408  -29.755 0.6999999881
10644  20.141  -59.093  -29.117 0.6000000238
11525  19.247  -58.683  -29.045 0.6999999881
8169  24.893  -63.579  -28.246 0.6000000238
7417  24.556  -64.091  -29.506 0.6000000238
141358  23.182  -62.420  -29.546 0.6000000238
9014  22.700  -61.328  -29.707 0.6999999881
10643  21.158  -59.349  -29.127 0.5000000000
5124  21.121  -66.081  -17.473 0.8999999762
4486  23.373  -67.181  -20.709 0.6000000238
5162  22.815  -67.212  -19.873 0.6999999881
6522  20.493  -63.985  -17.853 0.8000000119
6523  19.649  -65.163  -18.196 0.6999999881
7244  20.176  -63.539  -18.527 0.6999999881
7236  20.715  -63.156  -17.981 0.8000000119
4537  24.986  -68.047  -23.156 0.6999999881
8871  20.595  -61.644  -19.697 0.8000000119
130694  20.240  -62.541  -19.987 0.6000000238
9664  20.902  -60.893  -19.968 0.6999999881
9691  21.277  -60.405  -21.215 0.6000000238
140159  24.383  -68.901  -26.957 0.8000000119
3943  25.226  -68.656  -27.034 0.8000000119
3958  25.569  -68.584  -28.086 0.8000000119
9707  21.339  -60.401  -22.161 0.5000000000
131411  24.306  -69.185  -28.766 0.8000000119
9739  22.203  -60.619  -23.930 0.5000000000
9737  24.237  -60.734  -24.451 0.5000000000
8938  24.666  -61.125  -25.165 0.6000000238
9738  23.227  -60.644  -24.329 0.6000000238
8955  25.178  -61.512  -25.867 0.6000000238
8972  25.717  -61.961  -26.703 0.6000000238
128345  19.651  -59.246  -27.428 0.5000000000
8168  25.867  -63.406  -28.734 0.5000000000
10625  20.533  -59.361  -28.152 0.5000000000
139205  19.706  -58.948  -28.630 0.6000000238
7399  25.191  -63.902  -29.339 0.6000000238
8204  24.114  -63.146  -29.700 0.6999999881
138791  23.622  -61.610  -29.615 0.6999999881
132473  23.027  -60.408  -29.679 0.6999999881
8167  26.812  -63.096  -29.308 0.6000000238
128374  24.020  -60.736  -29.529 0.6000000238
8187  27.030  -62.981  -30.177 0.6999999881
9012  26.038  -62.543  -30.230 0.6000000238
9795  25.181  -61.368  -29.528 0.5000000000
147403  22.508  -67.072  -18.929 0.6999999881
5138  22.440  -66.456  -18.200 0.6999999881
5809  22.185  -65.262  -17.637 0.6999999881
7235  21.229  -63.663  -17.649 0.8000000119
7991  21.309  -62.910  -17.847 0.6999999881
8870  21.173  -61.232  -19.236 0.6999999881
8007  20.928  -62.374  -18.346 0.6999999881
10584  18.516  -58.785  -25.849 0.5000000000
125598  25.784  -60.687  -24.620 0.5000000000
8937  25.544  -61.058  -25.154 0.6000000238
10626  18.926  -59.043  -26.864 0.5000000000
129281  26.792  -61.116  -25.570 0.5000000000
122730  27.173  -60.612  -25.090 0.5000000000
8954  26.170  -61.423  -25.846 0.6000000238
8147  26.346  -62.618  -27.836 0.6000000238
10650  22.583  -59.794  -29.500 0.5000000000
9751  27.441  -61.142  -25.894 0.5000000000
8953  26.939  -61.453  -26.141 0.6000000238
8984  27.484  -62.498  -28.331 0.6000000238
135943  28.332  -62.075  -28.132 0.6000000238
5137  23.131  -65.704  -18.641 0.6999999881
141637  22.836  -64.856  -18.052 0.6999999881
6508  21.935  -64.376  -17.588 0.6999999881
8186  27.748  -62.282  -30.265 0.5000000000
127669  28.089  -60.690  -25.684 0.5000000000
9794  26.480  -61.620  -29.980 0.5000000000
124687  28.640  -61.549  -27.298 0.5000000000
8998  28.453  -62.302  -29.643 0.5000000000
8166  27.556  -62.746  -29.794 0.5000000000
8202  26.738  -62.859  -30.266 0.5000000000
9792  28.693  -61.532  -30.336 0.5000000000
9783  27.207  -61.066  -29.772 0.5000000000
129404  29.995  -61.295  -28.852 0.5000000000
9009  29.334  -61.267  -30.284 0.5000000000
9793  27.710  -61.741  -30.361 0.5000000000
8969  29.472  -61.336  -27.793 0.5000000000
8997  29.216  -61.729  -30.066 0.5000000000
9010  28.773  -61.790  -30.273 0.5000000000
9761  29.038  -60.903  -26.601 0.5000000000
8996  29.883  -61.284  -29.969 0.5000000000
13244  16.018  -56.199  -24.823 0.6000000238
12379  15.827  -56.772  -25.642 0.6000000238
11465  17.277  -56.574  -24.756 0.5000000000
12364  16.001  -56.175  -24.432 0.6999999881
12365  15.755  -56.719  -24.913 0.6000000238
11484  15.497  -57.792  -25.580 0.6000000238
10565  14.380  -59.488  -24.395 0.6999999881
11432  16.459  -57.745  -23.478 0.6000000238
11447  15.850  -58.781  -24.071 0.6999999881
11468  15.102  -58.993  -25.099 0.6999999881
10585  14.137  -59.247  -25.348 0.6999999881
10535  14.057  -59.996  -22.940 0.8000000119
11431  16.847  -57.273  -22.973 0.5000000000
12348  16.258  -56.252  -23.853 0.5000000000
10547  14.607  -59.657  -23.545 0.8000000119
10546  15.465  -59.386  -23.447 0.6000000238
143896  12.372  -60.662  -22.104 0.6999999881
137136  17.457  -56.767  -22.463 0.5000000000
12331  16.762  -56.043  -23.381 0.5000000000
9709  13.730  -60.264  -22.273 0.6999999881
9726  13.147  -60.221  -23.025 0.6999999881
10534  14.852  -59.796  -22.807 0.6999999881
10532  16.682  -58.873  -22.598 0.6999999881
8886  11.352  -61.277  -21.000 0.6999999881
9694  13.553  -60.462  -21.457 0.6999999881
10518  15.049  -59.988  -22.045 0.8000000119
12292  9.463  -57.660  -19.961 0.6999999881
11375  9.876  -58.728  -18.262 0.8000000119
12303  18.879  -57.368  -20.603 0.4000000060
127238  11.130  -61.515  -19.918 0.6999999881
136119  18.458  -58.066  -20.792 0.5000000000
9696  12.132  -61.007  -20.911 0.6999999881
11421  17.473  -58.441  -21.895 0.6000000238
10516  16.891  -59.403  -21.317 0.6000000238
9693  14.340  -60.264  -21.650 0.6999999881
10517  15.947  -59.735  -21.766 0.8000000119
9679  15.191  -60.163  -20.952 0.8000000119
17618  6.255  -50.834  -22.919 0.5000000000
17617  6.855  -51.252  -23.692 0.5000000000
125290  8.163  -51.865  -23.039 0.5000000000
125546  9.128  -55.740  -24.759 0.5000000000
13205  9.956  -56.196  -22.398 0.6000000238
14150  10.091  -55.206  -24.120 0.6000000238
14165  8.114  -56.328  -25.356 0.6000000238
15042  7.584  -54.727  -24.157 0.6000000238
13206  9.136  -56.743  -22.277 0.6999999881
14151  9.594  -55.923  -23.529 0.6999999881
12305  9.501  -57.205  -20.805 0.6999999881
12319  8.697  -57.296  -21.700 0.6999999881
9647  11.987  -60.929  -18.192 0.6999999881
9630  11.586  -60.441  -17.614 0.6999999881
11361  11.194  -59.160  -17.545 0.8000000119
141963  18.200  -58.545  -19.669 0.5000000000
9668  12.449  -60.955  -19.165 0.6999999881
10501  17.363  -59.325  -20.501 0.6000000238
9681  13.405  -60.595  -20.519 0.8000000119
131364  16.084  -59.837  -20.834 0.6999999881
124667  14.013  -60.449  -19.852 0.8000000119
9680  14.225  -60.408  -20.705 0.8000000119
18605  5.300  -49.777  -22.583 0.5000000000
18625  6.151  -50.007  -23.885 0.6000000238
19705  6.613  -49.384  -23.887 0.5000000000
17652  6.384  -50.765  -24.702 0.6000000238
17632  6.399  -51.192  -24.819 0.6000000238
17616  7.120  -51.785  -24.536 0.6000000238
17631  6.751  -51.568  -25.341 0.6000000238
16717  7.323  -52.484  -25.264 0.5000000000
14164  9.650  -55.122  -25.574 0.5000000000
14136  10.440  -55.513  -22.942 0.6000000238
14174  8.214  -55.457  -26.363 0.6000000238
14176  7.045  -55.999  -26.117 0.6999999881
15890  7.890  -53.444  -24.610 0.6000000238
14118  10.880  -55.731  -22.046 0.6000000238
13192  10.522  -56.313  -21.419 0.6999999881
12332  8.291  -57.217  -22.861 0.6999999881
13223  8.576  -56.507  -24.104 0.6999999881
13245  7.204  -56.662  -25.464 0.8000000119
134230  7.047  -55.223  -25.113 0.6999999881
13165  10.920  -56.541  -20.488 0.6999999881
12304  10.224  -57.163  -20.170 0.6999999881
126224  10.949  -57.136  -19.565 0.6999999881
12291  10.244  -57.662  -19.332 0.8000000119
130119  11.441  -58.401  -17.820 0.8000000119
11374  10.660  -58.553  -18.000 0.8000000119
10463  17.118  -59.187  -19.234 0.5000000000
11371  16.111  -58.590  -18.448 0.6000000238
128697  12.359  -60.143  -17.688 0.8000000119
10452  11.771  -59.657  -17.499 0.8000000119
10487  16.514  -59.598  -19.433 0.6000000238
10464  16.370  -59.277  -18.823 0.6999999881
9646  13.626  -60.118  -18.377 0.8000000119
10488  15.728  -59.793  -19.073 0.6999999881
9666  14.211  -60.277  -18.994 0.6999999881
9665  14.907  -60.218  -19.685 0.8000000119
20723  5.631  -48.441  -22.535 0.4000000060
19706  6.269  -49.087  -23.434 0.5000000000
19722  6.936  -49.616  -24.428 0.4000000060
17651  6.423  -51.119  -25.227 0.5000000000
16730  7.422  -52.415  -25.672 0.5000000000
15040  10.645  -54.495  -23.922 0.5000000000
15066  9.272  -55.031  -26.332 0.6000000238
15077  8.713  -55.005  -26.502 0.6000000238
15901  7.468  -53.453  -25.777 0.6000000238
14135  11.105  -55.155  -22.502 0.6000000238
15068  7.415  -55.333  -26.233 0.6999999881
15054  7.404  -54.394  -25.312 0.6999999881
13191  11.304  -55.941  -21.209 0.6000000238
12276  10.985  -57.775  -18.593 0.8000000119
11359  14.125  -58.715  -17.806 0.6999999881
10450  13.785  -59.422  -17.872 0.6999999881
147901  13.228  -59.316  -17.643 0.8000000119
11373  12.222  -58.393  -17.637 0.8000000119
10465  15.489  -59.283  -18.517 0.6999999881
19674  6.282  -48.522  -22.567 0.4000000060
19658  6.522  -48.815  -21.154 0.4000000060
20699  5.614  -48.374  -21.081 0.4000000060
19688  7.704  -49.093  -23.377 0.5000000000
19673  7.190  -48.852  -22.806 0.4000000060
20686  5.328  -48.203  -20.321 0.5000000000
17650  6.944  -51.336  -25.587 0.5000000000
16744  8.726  -53.027  -26.081 0.5000000000
16745  7.721  -52.971  -26.050 0.5000000000
140642  10.499  -52.009  -25.629 0.5000000000
15914  7.567  -53.617  -26.052 0.6999999881
13178  11.662  -56.176  -20.522 0.6000000238
12275  11.852  -57.759  -18.209 0.8000000119
129337  15.043  -57.583  -18.274 0.6000000238
12263  14.214  -57.850  -17.984 0.6000000238
131469  13.719  -57.104  -18.438 0.6999999881
13163  12.428  -56.649  -19.236 0.6999999881
12264  13.604  -58.339  -17.721 0.6999999881
124237  5.014  -47.944  -19.491 0.3000000119
19672  8.418  -49.391  -22.057 0.4000000060
19657  7.446  -49.175  -21.654 0.4000000060
19643  6.233  -48.705  -20.109 0.4000000060
20675  6.061  -48.468  -19.185 0.5000000000
19703  8.495  -49.312  -23.867 0.4000000060
133988  6.809  -48.639  -18.305 0.3000000119
18647  7.650  -50.478  -25.215 0.4000000060
16743  10.125  -52.999  -26.167 0.5000000000
17649  8.141  -51.332  -25.463 0.4000000060
15922  11.364  -53.665  -26.253 0.6000000238
19720  8.651  -49.828  -24.559 0.4000000060
16742  11.159  -52.951  -26.366 0.4000000060
18668  9.388  -51.401  -25.225 0.5000000000
12290  11.682  -57.173  -18.994 0.6999999881
12274  12.606  -57.772  -17.942 0.6999999881
20687  4.536  -48.039  -20.355 0.4000000060
19617  7.122  -49.130  -18.950 0.4000000060
20656  7.095  -48.206  -17.622 0.3000000119
19687  9.041  -49.324  -22.988 0.3000000119
137485  9.752  -50.371  -24.620 0.4000000060
17667  11.766  -52.395  -26.223 0.4000000060
18667  10.189  -51.008  -24.986 0.4000000060
19656  8.428  -49.596  -20.965 0.3000000119
19641  7.850  -49.487  -20.311 0.3000000119
19642  7.115  -49.242  -19.911 0.4000000060
19616  8.178  -49.305  -18.574 0.3000000119
20674  7.664  -48.866  -18.026 0.3000000119
123882  9.302  -49.845  -20.904 0.3000000119
140564  9.558  -49.543  -23.761 0.3000000119
18645  10.817  -50.485  -24.774 0.3000000119
19719  10.125  -50.011  -24.299 0.3000000119
18666  11.467  -51.234  -25.548 0.3000000119
139057  8.582  -49.625  -19.275 0.3000000119
20673  8.582  -48.807  -18.017 0.3000000119
129713  8.933  -49.871  -20.056 0.3000000119
19615  9.085  -49.323  -18.544 0.3000000119
19702  10.691  -49.761  -23.608 0.3000000119
19718  11.338  -50.013  -24.352 0.3000000119
19717  12.392  -49.924  -24.708 0.3000000119
20657  5.890  -48.072  -18.247 0.3000000119
19655  9.861  -49.973  -19.946 0.3000000119
19654  10.753  -49.842  -19.841 0.3000000119
19701  11.652  -49.754  -23.606 0.3000000119
8941  21.714  -61.550  -24.343 0.6000000238
8133  22.561  -63.292  -25.634 0.6999999881
8134  22.082  -63.705  -25.051 0.6999999881
7357  22.343  -64.072  -25.798 0.6999999881
17669  7.745  -52.203  -25.795 0.4000000060
15913  8.347  -53.767  -26.323 0.6000000238
20655  8.025  -48.271  -17.612 0.3000000119
1969  20.598  -71.964  -22.687 0.6999999881
128253  18.604  -69.390  -18.761 0.6999999881
2842  22.495  -70.428  -23.062 0.8000000119
2014  21.253  -72.515  -28.624 0.6000000238
2420  21.852  -71.688  -28.485 0.6999999881
6510  20.217  -64.833  -17.742 0.6999999881
148546  24.123  -69.030  -26.236 0.8000000119
2867  22.676  -70.508  -29.047 0.6999999881
3405  24.010  -69.603  -29.237 0.8000000119
10652  20.857  -59.593  -29.396 0.6999999881
145895  22.686  -61.906  -25.549 0.5000000000
7402  22.921  -64.303  -27.935 0.6000000238
11526  18.283  -58.438  -28.799 0.6000000238
138088  25.954  -63.254  -30.125 0.6999999881
131159  20.451  -62.856  -18.579 0.8000000119
136316  22.123  -59.986  -22.449 0.5000000000
9723  23.113  -60.247  -23.468 0.6000000238
8971  26.691  -61.886  -26.902 0.6000000238
125616  12.853  -60.478  -18.344 0.8000000119
705  22.638  -76.743  -23.734 0.4000000060
974  24.116  -75.855  -23.171 0.4000000060
984  22.438  -75.596  -25.463 0.3000000119
706  21.928  -77.037  -24.216 0.4000000060
696  21.936  -77.241  -23.548 0.4000000060
695  22.859  -76.962  -23.047 0.4000000060
2001  26.051  -72.786  -26.007 0.4000000060
1632  25.922  -73.374  -25.226 0.5000000000
1641  25.409  -73.106  -25.990 0.3000000119
1633  24.898  -73.519  -25.538 0.4000000060
978  23.847  -74.860  -24.574 0.4000000060
1634  24.022  -73.768  -25.951 0.3000000119
983  23.098  -75.211  -24.992 0.3000000119
143937  22.747  -75.946  -24.573 0.3000000119
1293  22.801  -74.849  -26.019 0.3000000119
2008  25.438  -72.688  -26.701 0.4000000060
2007  26.180  -72.326  -26.797 0.4000000060
2413  27.413  -71.667  -26.361 0.5000000000
2011  25.639  -72.199  -27.508 0.3000000119
1642  24.630  -73.230  -26.546 0.3000000119
1302  22.623  -74.621  -27.191 0.4000000060
126046  23.178  -74.026  -27.263 0.3000000119
138800  22.059  -74.178  -28.900 0.4000000060
1309  22.185  -74.587  -28.209 0.4000000060
1310  21.466  -74.779  -29.007 0.4000000060
133514  27.506  -71.430  -27.291 0.4000000060
133276  26.993  -71.529  -27.749 0.4000000060
2418  26.382  -71.833  -27.626 0.4000000060
2422  26.532  -71.257  -28.506 0.4000000060
2864  27.965  -70.566  -29.024 0.5000000000
2012  24.717  -72.609  -27.512 0.4000000060
2423  25.545  -71.258  -28.757 0.4000000060
1308  22.690  -73.963  -28.121 0.4000000060
133895  23.079  -73.216  -28.585 0.5000000000
2424  24.601  -71.536  -28.904 0.4000000060
1652  22.317  -73.542  -29.141 0.4000000060
137253  20.318  -73.666  -29.061 0.6000000238
1319  20.457  -74.195  -29.475 0.4000000060
2868  28.378  -70.077  -29.424 0.6000000238
140754  27.981  -69.822  -29.780 0.6000000238
2866  26.043  -70.632  -29.374 0.6000000238
2870  26.744  -70.186  -29.764 0.6000000238
2871  25.234  -70.255  -29.677 0.6000000238
137730  25.964  -70.083  -29.885 0.6999999881
2021  23.825  -71.898  -29.167 0.5000000000
2428  23.791  -71.295  -29.362 0.6000000238
3415  24.567  -69.861  -29.630 0.6999999881
4620  28.546  -68.163  -30.126 0.6999999881
3980  27.332  -68.321  -29.952 0.6999999881
3418  27.946  -69.289  -30.082 0.6000000238
3419  27.178  -69.014  -30.205 0.6999999881
3957  26.401  -68.318  -28.277 0.6999999881
3942  26.127  -68.408  -27.195 0.6999999881
3944  24.840  -68.787  -26.014 0.6999999881
3982  25.600  -69.051  -29.717 0.6999999881
3972  25.908  -68.558  -29.163 0.6999999881
3983  24.797  -69.347  -29.412 0.6999999881
4597  28.516  -67.395  -28.642 0.5000000000
4585  27.741  -67.741  -27.974 0.6000000238
3971  26.718  -68.266  -29.314 0.6999999881
4586  26.972  -68.092  -27.493 0.6000000238
4570  27.599  -67.683  -26.812 0.6999999881
3981  26.475  -68.775  -29.929 0.6999999881
126328  25.761  -68.472  -26.200 0.6999999881
3930  25.441  -68.485  -25.379 0.6000000238
4584  28.418  -67.457  -27.397 0.6000000238
4571  26.694  -68.067  -26.286 0.6000000238
4554  28.381  -67.232  -26.182 0.6000000238
4500  24.594  -67.437  -21.920 0.5000000000
137644  17.972  -70.286  -19.569 0.6000000238
2819  18.458  -70.630  -20.283 0.6000000238
4556  26.683  -67.731  -25.268 0.6000000238
3908  25.324  -68.379  -24.526 0.6000000238
4536  25.672  -67.644  -23.337 0.5000000000
143872  25.284  -67.543  -22.591 0.5000000000
3287  17.278  -68.898  -18.587 0.6000000238
3286  18.185  -68.823  -18.460 0.6000000238
3304  17.806  -69.619  -18.839 0.6000000238
4555  27.437  -67.495  -25.738 0.6000000238
4547  25.910  -67.850  -24.076 0.5000000000
143542  25.333  -68.129  -23.747 0.5000000000
132983  18.390  -66.475  -20.383 0.6000000238
5834  18.681  -66.054  -19.296 0.6000000238
4464  18.012  -67.447  -18.767 0.6000000238
4465  17.317  -67.893  -18.847 0.6000000238
137653  17.812  -68.147  -18.559 0.6000000238
5822  19.006  -66.167  -18.487 0.6000000238
129864  18.664  -67.421  -18.410 0.6000000238
5148  23.446  -66.002  -19.451 0.6000000238
4545  27.240  -67.204  -24.851 0.6000000238
5848  18.784  -65.766  -20.281 0.6000000238
137581  19.594  -64.263  -20.590 0.6000000238
139092  19.122  -65.322  -19.708 0.6000000238
7276  19.935  -63.414  -20.281 0.6000000238
6551  19.414  -64.706  -19.940 0.6000000238
7293  20.181  -62.884  -20.953 0.5000000000
7260  19.753  -64.005  -19.441 0.6000000238
7259  20.124  -63.085  -19.293 0.5000000000
4488  18.058  -67.061  -21.021 0.6999999881
5849  18.730  -65.947  -21.113 0.6000000238
128571  19.151  -65.155  -20.759 0.6000000238
7294  19.902  -63.730  -21.281 0.6000000238
7311  20.313  -63.229  -21.853 0.6000000238
6622  19.648  -64.475  -24.674 0.6000000238
5862  19.027  -65.510  -21.752 0.6000000238
6565  19.520  -64.633  -21.665 0.6000000238
6580  19.685  -64.661  -22.596 0.6000000238
6595  20.286  -64.292  -23.660 0.6000000238
143886  20.193  -64.351  -24.186 0.6000000238
7344  20.287  -64.174  -24.762 0.6000000238
128257  19.294  -65.229  -22.349 0.6000000238
8082  20.604  -62.688  -22.395 0.6000000238
7331  20.237  -64.206  -22.981 0.6000000238
7330  20.510  -63.541  -22.684 0.5000000000
129678  20.727  -63.831  -23.437 0.6000000238
7343  20.919  -64.098  -24.166 0.5000000000
8118  21.694  -62.946  -24.252 0.6000000238
7342  21.577  -63.825  -24.604 0.6000000238
7359  21.120  -64.144  -24.939 0.6000000238
7382  21.259  -64.077  -25.744 0.6000000238
7404  20.517  -63.329  -26.685 0.6999999881
8152  19.535  -63.033  -26.810 0.6999999881
8173  19.068  -62.250  -27.472 0.6999999881
8986  18.753  -61.648  -28.018 0.6999999881
7358  21.868  -64.083  -25.340 0.6000000238
7381  22.105  -64.241  -26.115 0.6999999881
8171  21.307  -63.344  -27.477 0.6999999881
142204  20.522  -62.804  -27.379 0.6999999881
8172  20.555  -62.217  -28.110 0.6999999881
8985  19.518  -61.576  -28.226 0.6000000238
7420  22.256  -63.851  -28.184 0.6000000238
4499  25.562  -66.905  -21.949 0.5000000000
5160  25.722  -65.825  -20.951 0.5000000000
145104  24.928  -66.852  -21.342 0.5000000000
143039  24.773  -66.227  -20.622 0.6000000238
6550  26.388  -64.391  -20.565 0.6000000238
5845  26.109  -65.102  -20.756 0.6000000238
146188  24.616  -65.681  -20.065 0.6000000238
5847  24.008  -65.926  -19.964 0.6000000238
5832  23.765  -65.403  -19.255 0.6000000238
7275  25.929  -64.045  -19.965 0.5000000000
6535  24.828  -64.562  -19.470 0.6000000238
148452  23.514  -64.964  -18.669 0.6000000238
8027  24.669  -63.089  -18.858 0.6000000238
146018  23.565  -62.781  -18.463 0.5000000000
6520  23.548  -64.118  -18.448 0.6000000238
6521  22.711  -63.926  -17.944 0.6000000238
8004  24.000  -62.388  -18.659 0.5000000000
140203  23.098  -63.151  -18.188 0.6000000238
9678  21.379  -60.464  -20.359 0.5000000000
9677  22.241  -60.196  -20.020 0.5000000000
8006  21.745  -62.375  -18.134 0.6000000238
137131  22.408  -61.750  -18.505 0.6000000238
1651  22.570  -72.752  -29.347 0.6000000238
2872  24.278  -70.452  -29.472 0.6999999881
5175  24.166  -66.968  -21.143 0.5000000000
7329  21.256  -63.512  -23.859 0.6000000238
5161  23.379  -66.526  -20.019 0.6000000238
7234  22.060  -63.218  -17.750 0.6000000238
8869  21.928  -61.082  -18.951 0.6000000238
708  22.154  -76.360  -24.801 0.3000000119
1292  23.546  -74.460  -25.496 0.3000000119
1291  24.341  -74.112  -25.044 0.4000000060
1301  23.326  -74.234  -26.478 0.3000000119
1648  24.084  -73.184  -27.303 0.4000000060
1649  23.446  -73.505  -27.670 0.4000000060
2421  27.532  -71.073  -28.295 0.4000000060
2016  25.120  -71.897  -28.219 0.3000000119
2865  27.096  -70.676  -29.182 0.5000000000
2869  27.592  -70.212  -29.581 0.6000000238
2017  24.277  -72.232  -28.480 0.5000000000
2427  24.943  -70.827  -29.259 0.5000000000
2018  23.427  -72.488  -28.954 0.5000000000
3412  27.288  -69.682  -29.967 0.6000000238
4598  27.778  -67.649  -29.005 0.6999999881
7312  20.061  -64.018  -22.194 0.6000000238
9002  18.147  -61.349  -28.585 0.6000000238
6534  25.433  -64.469  -19.815 0.6000000238
8026  25.399  -62.802  -19.132 0.5000000000
5846  24.449  -65.268  -19.631 0.6000000238
6536  24.117  -64.711  -19.039 0.6000000238
7258  25.249  -63.741  -19.384 0.5000000000
7243  24.436  -63.930  -18.893 0.6000000238
8003  24.782  -62.326  -18.854 0.5000000000
124565  23.169  -62.334  -18.418 0.5000000000
9645  22.821  -61.016  -18.962 0.5000000000
425  22.965  -77.494  -15.854 0.4000000060
424  23.549  -77.109  -16.167 0.4000000060
432  22.927  -77.420  -16.704 0.5000000000
419  19.303  -78.007  -14.771 0.5000000000
270  18.177  -78.055  -14.521 0.5000000000
177  17.014  -78.785  -13.592 0.5000000000
277  20.760  -78.549  -15.477 0.5000000000
140365  20.137  -77.530  -14.829 0.5000000000
912  24.013  -76.318  -15.969 0.4000000060
1197  23.981  -75.188  -15.879 0.4000000060
140811  23.206  -74.961  -16.133 0.5000000000
946  22.604  -75.797  -21.959 0.3000000119
1252  22.565  -74.600  -21.506 0.3000000119
947  21.476  -75.782  -22.314 0.3000000119
129826  22.310  -76.552  -22.452 0.3000000119
137755  19.289  -76.974  -14.741 0.4000000060
420  18.535  -77.325  -14.581 0.5000000000
415  17.417  -77.617  -13.531 0.5000000000
641  20.303  -76.746  -14.734 0.4000000060
417  22.243  -77.435  -15.192 0.4000000060
647  24.055  -76.475  -15.847 0.3000000119
639  22.993  -77.011  -15.061 0.3000000119
123595  22.725  -72.395  -15.397 0.4000000060
1196  24.821  -75.445  -15.417 0.3000000119
1899  24.542  -73.707  -15.203 0.4000000060
1536  23.544  -73.497  -15.493 0.5000000000
142106  24.604  -72.965  -14.898 0.3000000119
142241  23.874  -75.124  -21.245 0.3000000119
1596  21.852  -74.030  -21.447 0.3000000119
134967  23.578  -76.148  -21.912 0.3000000119
962  23.013  -76.513  -22.358 0.3000000119
682  22.518  -76.976  -22.836 0.3000000119
642  19.352  -76.033  -14.585 0.3000000119
643  18.387  -76.499  -14.402 0.4000000060
640  21.658  -76.717  -14.668 0.3000000119
1535  25.301  -74.664  -15.141 0.3000000119
2297  23.622  -71.000  -14.604 0.4000000060
2298  22.752  -70.761  -14.877 0.4000000060
1893  24.105  -72.042  -14.739 0.4000000060
1532  25.578  -73.711  -14.825 0.3000000119
1237  25.351  -75.040  -20.335 0.4000000060
1238  24.416  -75.119  -20.878 0.4000000060
1585  24.283  -74.166  -20.454 0.4000000060
1572  24.022  -73.143  -20.162 0.4000000060
146496  23.423  -72.872  -20.279 0.4000000060
1935  23.391  -72.328  -19.852 0.5000000000
944  24.841  -75.672  -21.334 0.3000000119
945  24.252  -75.661  -21.443 0.3000000119
961  24.189  -76.070  -21.862 0.3000000119
681  23.198  -76.623  -22.685 0.3000000119
141997  24.192  -75.275  -23.863 0.3000000119
902  20.411  -75.835  -14.532 0.3000000119
3222  24.343  -69.238  -13.947 0.3000000119
3226  23.621  -69.191  -14.380 0.3000000119
3227  22.885  -69.166  -14.840 0.4000000060
3234  22.294  -69.237  -15.346 0.4000000060
1891  26.161  -73.044  -14.474 0.3000000119
2735  24.790  -69.912  -13.794 0.3000000119
2295  25.590  -71.913  -14.209 0.3000000119
2296  24.565  -71.392  -14.370 0.3000000119
2789  23.516  -70.371  -18.377 0.5000000000
3283  22.994  -69.782  -17.976 0.5000000000
1945  27.481  -73.417  -20.125 0.3000000119
1583  27.510  -74.582  -20.016 0.3000000119
1584  27.115  -75.055  -20.269 0.3000000119
1229  26.193  -74.921  -19.677 0.3000000119
1927  24.947  -72.236  -19.101 0.5000000000
2340  23.565  -71.071  -18.835 0.5000000000
1235  26.929  -75.281  -20.094 0.3000000119
1571  25.060  -73.914  -19.758 0.4000000060
1934  24.436  -72.722  -19.569 0.4000000060
2354  24.025  -71.843  -19.279 0.5000000000
960  24.730  -75.845  -21.840 0.3000000119
129642  23.976  -76.216  -22.416 0.3000000119
973  24.763  -75.625  -22.587 0.3000000119
1272  24.812  -75.117  -23.425 0.3000000119
1280  25.478  -74.445  -23.867 0.4000000060
3780  24.123  -68.491  -14.272 0.3000000119
3793  23.241  -68.295  -15.443 0.4000000060
2294  26.608  -72.495  -14.163 0.3000000119
2734  25.546  -70.144  -13.509 0.3000000119
3221  25.033  -69.218  -13.590 0.3000000119
3794  22.452  -68.683  -15.753 0.4000000060
2288  26.266  -71.371  -13.722 0.3000000119
3827  22.288  -68.838  -16.888 0.4000000060
125566  22.776  -69.088  -17.415 0.5000000000
3268  24.470  -69.304  -17.571 0.4000000060
3269  23.569  -69.150  -17.544 0.5000000000
2804  28.471  -70.735  -19.756 0.3000000119
2774  24.830  -70.055  -18.018 0.5000000000
2775  23.952  -69.858  -18.048 0.5000000000
128807  27.829  -73.936  -19.547 0.3000000119
2788  25.211  -70.910  -18.327 0.4000000060
2773  25.742  -70.332  -17.901 0.5000000000
1568  27.462  -74.374  -19.510 0.4000000060
1561  27.198  -73.948  -18.882 0.4000000060
124145  25.666  -71.973  -18.583 0.5000000000
122958  24.270  -70.590  -18.428 0.5000000000
1250  26.534  -75.085  -20.543 0.3000000119
1570  25.871  -74.087  -19.260 0.4000000060
1933  25.339  -73.185  -19.228 0.5000000000
143647  25.732  -72.799  -18.848 0.5000000000
1266  26.156  -74.716  -22.005 0.3000000119
1270  26.159  -74.486  -22.793 0.4000000060
1608  26.512  -73.701  -23.357 0.3000000119
1271  25.552  -74.934  -22.917 0.4000000060
1609  26.127  -74.185  -23.582 0.4000000060
980  18.370  -75.186  -25.161 0.5000000000
1622  25.237  -73.921  -24.674 0.3000000119
136744  27.318  -71.516  -13.489 0.3000000119
4418  24.479  -67.678  -15.266 0.3000000119
143404  25.121  -67.867  -16.131 0.3000000119
3824  25.011  -68.768  -17.093 0.5000000000
145652  26.151  -69.809  -17.517 0.4000000060
3266  26.035  -69.002  -17.138 0.3000000119
3300  27.942  -69.541  -19.703 0.3000000119
1932  28.402  -73.144  -19.402 0.3000000119
2324  27.430  -71.579  -17.960 0.4000000060
2772  26.699  -70.562  -17.714 0.4000000060
1559  28.205  -73.713  -19.060 0.4000000060
1560  27.914  -73.892  -18.944 0.4000000060
1925  27.540  -73.243  -18.510 0.4000000060
2338  27.226  -72.273  -18.214 0.4000000060
1946  26.759  -74.011  -20.661 0.3000000119
2378  26.270  -72.090  -21.443 0.3000000119
1926  26.527  -73.055  -18.599 0.4000000060
128228  26.641  -72.380  -18.365 0.5000000000
143581  26.513  -73.319  -22.631 0.3000000119
1981  26.744  -72.873  -23.312 0.4000000060
136398  19.379  -74.367  -24.462 0.5000000000
135258  26.480  -73.643  -24.027 0.4000000060
124742  26.820  -73.124  -24.116 0.5000000000
1295  19.622  -75.139  -25.989 0.5000000000
2733  26.603  -70.374  -13.139 0.3000000119
3841  16.831  -68.455  -18.840 0.5000000000
3265  27.037  -69.726  -17.283 0.3000000119
3247  27.704  -69.153  -16.887 0.3000000119
3305  16.861  -69.559  -18.847 0.5000000000
3853  16.218  -68.382  -19.290 0.6000000238
131825  28.324  -69.000  -19.449 0.3000000119
3314  27.375  -69.250  -20.080 0.3000000119
2353  28.528  -71.994  -19.733 0.3000000119
2352  29.267  -72.656  -19.205 0.3000000119
2771  27.766  -70.783  -17.578 0.4000000060
2382  18.571  -71.593  -21.522 0.5000000000
4521  17.828  -68.057  -22.446 0.5000000000
1923  29.163  -72.970  -18.944 0.3000000119
1924  28.451  -73.361  -18.790 0.3000000119
2337  28.128  -72.687  -18.297 0.3000000119
2322  29.280  -71.851  -18.107 0.3000000119
2395  19.049  -71.990  -22.187 0.5000000000
127106  26.331  -71.134  -21.297 0.3000000119
1985  19.569  -72.771  -23.124 0.5000000000
1967  26.299  -72.390  -22.341 0.3000000119
1612  19.378  -73.373  -23.548 0.5000000000
2399  26.531  -71.751  -23.195 0.4000000060
1624  19.944  -73.862  -24.142 0.6000000238
2841  26.707  -70.857  -23.792 0.4000000060
2404  27.032  -71.816  -24.188 0.5000000000
1282  20.763  -73.866  -24.703 0.5000000000
2847  27.182  -71.037  -24.540 0.4000000060
1993  27.042  -72.479  -24.528 0.3000000119
1631  26.549  -73.313  -24.622 0.4000000060
1294  20.194  -74.609  -26.262 0.6000000238
145068  29.470  -69.664  -26.196 0.3000000119
2851  28.335  -70.536  -26.072 0.4000000060
2409  27.667  -71.236  -25.816 0.4000000060
136941  26.642  -72.822  -25.371 0.3000000119
1645  20.552  -73.993  -26.944 0.6000000238
986  19.370  -75.204  -27.091 0.5000000000
3368  30.112  -69.357  -26.133 0.3000000119
3379  29.042  -70.119  -26.583 0.5000000000
2856  27.987  -71.128  -26.686 0.4000000060
1303  19.906  -74.525  -27.481 0.6000000238
3377  31.296  -68.995  -26.439 0.3000000119
127591  29.794  -69.821  -26.997 0.5000000000
2854  29.187  -70.320  -27.336 0.4000000060
3378  30.647  -69.380  -26.761 0.4000000060
2860  28.803  -70.600  -27.905 0.4000000060
2417  28.269  -70.735  -28.357 0.5000000000
4475  17.458  -67.466  -19.395 0.6000000238
4490  16.659  -67.696  -19.983 0.6000000238
3849  28.267  -68.126  -19.287 0.3000000119
3282  29.176  -69.052  -19.147 0.3000000119
2803  29.598  -70.826  -19.625 0.3000000119
4489  17.487  -67.390  -20.513 0.6000000238
4504  17.747  -67.621  -21.629 0.6000000238
3850  27.729  -68.680  -19.772 0.3000000119
2351  30.280  -71.519  -19.368 0.3000000119
2350  30.549  -71.722  -19.092 0.3000000119
4520  18.185  -67.569  -22.375 0.6000000238
4485  28.101  -67.212  -20.520 0.3000000119
124878  29.907  -72.341  -19.055 0.3000000119
1922  29.731  -72.506  -18.921 0.3000000119
4538  18.464  -67.608  -23.730 0.6000000238
2825  26.236  -70.286  -21.918 0.3000000119
5218  18.658  -66.710  -24.661 0.6000000238
4548  18.589  -67.551  -25.154 0.6000000238
134032  18.630  -66.782  -26.574 0.5000000000
3359  27.825  -69.768  -24.734 0.4000000060
3370  28.251  -69.996  -25.427 0.4000000060
3390  31.155  -69.189  -27.315 0.4000000060
2862  29.571  -70.120  -28.151 0.5000000000
5831  28.728  -66.194  -19.391 0.3000000119
5136  28.663  -66.527  -18.909 0.3000000119
4459  28.595  -67.261  -18.880 0.3000000119
3298  29.959  -70.093  -19.485 0.3000000119
3297  30.987  -70.411  -19.439 0.3000000119
2801  31.121  -71.124  -19.328 0.3000000119
5163  17.919  -67.017  -20.078 0.5000000000
4472  28.170  -67.250  -19.626 0.3000000119
4473  27.675  -67.870  -20.017 0.3000000119
5176  18.443  -66.640  -21.440 0.5000000000
4503  18.242  -67.185  -21.770 0.6000000238
5159  28.514  -66.543  -20.054 0.3000000119
2334  30.557  -71.757  -18.889 0.3000000119
125384  18.416  -67.414  -22.926 0.6000000238
5172  28.702  -66.712  -21.022 0.3000000119
5205  18.695  -66.715  -23.935 0.6000000238
3346  28.170  -69.081  -24.258 0.3000000119
3347  27.375  -69.504  -23.900 0.3000000119
5232  18.615  -66.780  -25.504 0.6000000238
5941  18.660  -65.781  -28.022 0.6000000238
125126  18.653  -66.763  -23.154 0.6000000238
146962  18.880  -65.965  -22.586 0.5000000000
5890  19.262  -65.294  -23.759 0.6000000238
5920  18.754  -66.059  -24.876 0.6000000238
135038  18.704  -65.735  -25.589 0.6000000238
5929  18.579  -65.785  -26.739 0.6000000238
6650  18.323  -64.631  -28.069 0.6000000238
6666  18.016  -63.856  -28.558 0.5000000000
148055  18.696  -66.173  -21.863 0.5000000000
5875  19.319  -65.330  -23.024 0.5000000000
5904  19.108  -65.200  -24.591 0.5000000000
6634  18.498  -64.731  -26.806 0.6000000238
8209  15.965  -62.604  -29.780 0.5000000000
144231  17.054  -61.059  -29.191 0.6000000238
135512  16.654  -61.960  -29.283 0.6000000238
9018  16.060  -61.666  -29.479 0.6000000238
9020  14.374  -61.558  -29.616 0.6000000238
7383  19.299  -63.542  -26.346 0.5000000000
7405  18.310  -63.182  -27.524 0.5000000000
7384  18.672  -63.677  -26.814 0.6000000238
8153  18.897  -62.904  -27.096 0.6000000238
7406  17.912  -62.773  -28.015 0.5000000000
7421  17.606  -63.158  -28.847 0.5000000000
8174  18.437  -62.220  -27.769 0.6000000238
8999  21.011  -61.811  -29.158 0.6000000238
9003  17.355  -61.526  -28.881 0.6000000238
133144  14.847  -60.807  -29.393 0.5000000000
8053  7.554  -62.924  -20.715 0.5000000000
6596  19.721  -64.701  -23.319 0.5000000000
7360  19.585  -64.058  -25.459 0.5000000000
7266  6.434  -63.300  -19.537 0.5000000000
8054  5.414  -63.039  -20.058 0.6000000238
7280  7.610  -63.080  -19.812 0.6000000238
8051  9.026  -62.354  -20.379 0.6000000238
7299  6.213  -63.474  -21.106 0.5000000000
8068  8.926  -62.221  -21.403 0.5000000000
8902  9.061  -62.059  -22.247 0.5000000000
143717  13.268  -59.500  -29.358 0.5000000000
132069  13.835  -60.559  -29.478 0.5000000000
10467  10.389  -59.370  -17.644 0.6000000238
10468  9.443  -59.537  -17.830 0.6999999881
142396  9.373  -60.441  -17.543 0.6000000238
10454  8.746  -60.108  -17.758 0.6999999881
9635  7.076  -61.396  -17.765 0.6000000238
8017  5.942  -62.312  -18.452 0.6000000238
126824  9.114  -61.652  -17.534 0.6000000238
8845  7.727  -61.880  -17.548 0.6000000238
8841  10.917  -60.763  -17.567 0.6000000238
8842  10.329  -61.261  -17.613 0.6000000238
7996  8.028  -62.377  -17.715 0.6000000238
7997  7.213  -62.251  -17.753 0.5000000000
8036  5.044  -62.196  -19.677 0.6000000238
146048  10.895  -61.312  -17.823 0.6000000238
147482  9.062  -62.453  -18.124 0.6000000238
7250  6.910  -63.190  -18.804 0.5000000000
7251  6.234  -63.022  -18.945 0.6000000238
8012  10.030  -62.153  -18.819 0.6000000238
8034  8.543  -62.711  -19.430 0.6000000238
8874  10.345  -61.889  -19.804 0.6000000238
8033  9.523  -62.299  -19.648 0.6000000238
8888  9.826  -61.953  -20.811 0.6000000238
8915  9.451  -61.791  -22.833 0.5000000000
143280  10.245  -61.410  -23.150 0.5000000000
9743  10.784  -61.022  -24.397 0.5000000000
9753  11.171  -60.585  -25.081 0.5000000000
9648  8.193  -60.535  -17.715 0.6000000238
135899  6.773  -60.527  -18.212 0.6999999881
8872  11.646  -61.365  -19.035 0.5000000000
8887  10.627  -61.604  -20.650 0.6000000238
8899  11.190  -61.192  -22.024 0.6000000238
133269  10.440  -61.415  -22.362 0.5000000000
9712  11.021  -61.057  -22.907 0.6000000238
9728  11.612  -60.622  -23.469 0.5000000000
9741  11.970  -60.180  -24.158 0.6000000238
10568  11.637  -60.055  -24.986 0.6000000238
14095  12.624  -55.514  -20.322 0.4000000060
12320  7.916  -57.785  -21.420 0.6999999881
12322  6.798  -57.525  -21.689 0.5000000000
12293  6.343  -57.899  -19.959 0.5000000000
14072  12.948  -55.988  -19.676 0.6000000238
13177  12.262  -56.112  -20.112 0.5000000000
125267  6.825  -58.437  -20.120 0.6000000238
11377  6.021  -59.213  -18.733 0.5000000000
14051  14.040  -56.360  -18.790 0.5000000000
124762  8.655  -57.688  -20.702 0.6000000238
11393  7.523  -58.642  -19.887 0.8000000119
11376  9.019  -58.807  -18.698 0.6999999881
10491  7.388  -59.382  -19.043 0.8000000119
10471  5.991  -60.137  -18.400 0.6999999881
9711  11.799  -60.777  -22.577 0.6000000238
9727  12.331  -60.349  -23.401 0.6000000238
13194  6.459  -57.049  -21.667 0.5000000000
14096  12.001  -55.689  -20.834 0.5000000000
126938  7.696  -57.587  -22.285 0.6999999881
12309  6.167  -57.157  -20.127 0.5000000000
14050  14.418  -55.547  -18.854 0.4000000060
14071  13.648  -55.770  -19.289 0.4000000060
144017  14.724  -56.272  -18.587 0.4000000060
13146  15.465  -56.764  -18.368 0.5000000000
132522  15.850  -57.751  -18.286 0.4000000060
127184  6.685  -57.273  -22.616 0.5000000000
14099  6.591  -56.189  -21.363 0.5000000000
142804  12.869  -54.824  -20.386 0.3000000119
15008  11.975  -54.659  -21.508 0.3000000119
126477  6.967  -57.525  -22.573 0.6000000238
14048  16.190  -56.003  -18.135 0.4000000060
13145  16.453  -56.987  -18.219 0.4000000060
11370  16.976  -58.647  -18.711 0.4000000060
12350  6.913  -57.119  -24.555 0.6000000238
13224  7.701  -57.174  -23.908 0.6000000238
12272  16.756  -57.863  -18.392 0.4000000060
14153  6.584  -56.432  -23.615 0.5000000000
14121  6.532  -56.512  -22.470 0.5000000000
15845  13.473  -53.100  -19.835 0.3000000119
14987  12.433  -54.281  -20.933 0.3000000119
15009  11.536  -54.572  -22.157 0.3000000119
15024  11.078  -54.508  -22.970 0.4000000060
124603  18.181  -57.259  -18.539 0.3000000119
11369  17.714  -58.635  -19.155 0.4000000060
11368  18.375  -57.936  -19.179 0.4000000060
137356  11.448  -53.733  -22.646 0.4000000060
14167  6.671  -56.483  -24.740 0.6000000238
14137  6.809  -55.734  -22.887 0.4000000060
15888  11.142  -53.711  -23.751 0.4000000060
16672  14.140  -51.850  -19.979 0.3000000119
17600  13.489  -51.813  -21.113 0.3000000119
14152  6.795  -55.631  -24.186 0.5000000000
15889  10.758  -53.996  -24.742 0.4000000060
15065  10.249  -54.513  -26.167 0.4000000060
15076  9.936  -54.432  -26.404 0.5000000000
15900  10.963  -54.189  -25.940 0.4000000060
15912  10.884  -54.070  -26.359 0.4000000060
16739  14.223  -52.110  -26.326 0.3000000119
17680  13.373  -52.273  -26.416 0.3000000119
16753  13.212  -52.625  -26.276 0.3000000119
17681  12.642  -52.743  -26.357 0.3000000119
134730  12.404  -50.943  -25.829 0.3000000119
20712  5.207  -48.441  -22.041 0.4000000060
18683  14.496  -51.086  -26.373 0.3000000119
2320  30.436  -71.655  -18.475 0.3000000119
3360  27.174  -70.255  -24.306 0.4000000060
15911  11.495  -53.629  -26.192 0.3000000119
10549  12.794  -59.986  -23.940 0.6000000238
20701  4.232  -48.391  -20.897 0.4000000060
13147  14.539  -57.004  -18.445 0.5000000000
15921  12.301  -53.108  -26.240 0.3000000119
6623  19.116  -64.669  -25.320 0.5000000000
136840  23.712  -76.834  -15.646 0.4000000060
427  21.252  -78.187  -15.335 0.5000000000
130490  17.586  -78.055  -14.170 0.5000000000
1537  22.576  -73.377  -15.728 0.5000000000
1595  23.483  -74.407  -21.100 0.4000000060
1900  23.775  -72.736  -15.129 0.4000000060
145417  22.469  -71.423  -15.180 0.4000000060
942  24.934  -75.544  -20.897 0.4000000060
1587  22.461  -73.535  -21.044 0.4000000060
1947  22.808  -72.800  -20.414 0.4000000060
635  17.948  -76.003  -13.770 0.3000000119
1531  26.128  -74.642  -14.634 0.3000000119
2742  24.125  -70.200  -14.188 0.3000000119
2743  23.161  -69.991  -14.577 0.4000000060
2751  22.374  -69.906  -14.997 0.4000000060
941  25.521  -75.331  -20.722 0.3000000119
1251  26.068  -75.108  -21.287 0.4000000060
3781  23.480  -68.442  -14.817 0.4000000060
3235  21.786  -69.271  -15.787 0.4000000060
2339  24.602  -71.392  -18.783 0.5000000000
1273  18.444  -74.338  -24.278 0.5000000000
142014  25.306  -75.484  -22.125 0.4000000060
3220  25.826  -69.256  -13.215 0.3000000119
4431  23.786  -67.943  -15.689 0.4000000060
3814  23.089  -68.238  -16.092 0.4000000060
3826  23.107  -68.475  -16.899 0.5000000000
3267  25.362  -69.527  -17.549 0.5000000000
2366  26.598  -72.056  -20.690 0.3000000119
1594  26.400  -74.544  -21.226 0.3000000119
1599  26.429  -74.095  -22.370 0.3000000119
1283  20.084  -74.591  -25.095 0.6000000238
137085  25.496  -68.315  -16.592 0.3000000119
3812  24.651  -68.176  -16.527 0.4000000060
2323  28.442  -71.824  -17.973 0.3000000119
1611  20.104  -73.185  -23.585 0.5000000000
141965  26.926  -72.491  -23.900 0.4000000060
3246  28.697  -69.404  -16.859 0.3000000119
3357  29.512  -69.208  -25.453 0.4000000060
2846  27.679  -70.630  -25.170 0.4000000060
1992  27.116  -72.405  -25.151 0.4000000060
3927  31.641  -68.708  -25.591 0.3000000119
3835  29.866  -68.562  -18.727 0.3000000119
3358  28.616  -69.426  -25.050 0.3000000119
3281  30.523  -69.613  -19.222 0.3000000119
3280  31.689  -70.031  -19.318 0.3000000119
5171  29.534  -66.426  -21.446 0.3000000119
8192  17.659  -62.141  -28.376 0.6000000238
138773  8.667  -59.439  -18.327 0.6999999881
10470  6.741  -59.753  -18.683 0.6999999881
11392  8.593  -58.297  -19.756 0.6999999881
12307  7.406  -57.923  -21.170 0.6000000238
14986  13.039  -53.879  -20.245 0.3000000119
15857  12.539  -53.322  -20.898 0.3000000119
1995  21.839  -72.757  -24.580 0.5000000000
1983  21.019  -72.414  -23.280 0.5000000000
4611  28.598  -67.664  -29.849 0.6000000238
137586  20.126  -63.723  -25.740 0.5000000000
131771  15.773  -60.909  -29.403 0.5000000000
9017  19.946  -60.789  -29.490 0.5000000000
9786  18.504  -60.297  -29.385 0.5000000000
9787  17.665  -60.641  -29.202 0.5000000000
135161  15.356  -60.036  -29.266 0.5000000000
9801  16.371  -60.032  -29.357 0.5000000000
8206  21.680  -61.843  -29.443 0.5000000000
9802  14.355  -59.841  -29.225 0.4000000060
9799  19.485  -59.934  -29.609 0.5000000000
9800  18.023  -59.641  -29.465 0.5000000000
10657  15.835  -59.254  -29.128 0.5000000000
141860  13.791  -58.798  -28.944 0.5000000000
146373  18.840  -59.492  -29.499 0.6000000238
128085  17.247  -59.408  -29.349 0.5000000000
11537  15.475  -58.560  -28.815 0.5000000000
10587  11.920  -59.550  -25.690 0.5000000000
11534  18.164  -58.482  -29.115 0.6000000238
11513  12.038  -58.425  -28.070 0.5000000000
10608  11.664  -59.340  -26.688 0.5000000000
11536  16.262  -58.534  -28.875 0.6000000238
133288  13.757  -58.316  -28.561 0.6000000238
11514  12.348  -58.355  -28.618 0.5000000000
10653  19.392  -58.995  -29.272 0.6000000238
11527  17.408  -58.275  -28.652 0.6000000238
11529  15.648  -58.012  -28.511 0.6000000238
11500  12.819  -58.423  -27.583 0.6000000238
12411  15.881  -57.643  -28.163 0.6000000238
10606  12.893  -58.822  -26.706 0.5000000000
10586  12.969  -59.326  -25.669 0.5000000000
12412  15.067  -57.718  -28.223 0.6000000238
11531  13.274  -58.271  -28.408 0.6000000238
8875  5.324  -61.818  -18.879 0.5000000000
9651  5.333  -60.385  -18.437 0.5000000000
9650  6.190  -61.029  -18.107 0.5000000000
10566  13.364  -59.609  -24.603 0.6000000238
12402  15.432  -57.519  -27.796 0.6000000238
11486  13.886  -58.874  -26.308 0.6000000238
11511  14.354  -57.923  -27.594 0.6000000238
11499  13.689  -58.362  -27.221 0.6000000238
12391  15.066  -57.640  -27.368 0.6000000238
16716  11.546  -52.876  -23.983 0.3000000119
18606  4.840  -49.294  -22.048 0.3000000119
2863  28.752  -70.365  -28.752 0.4000000060
3411  28.627  -69.526  -29.738 0.5000000000
1311  19.833  -74.222  -28.846 0.5000000000
1650  20.705  -73.177  -28.447 0.5000000000
3979  29.947  -68.605  -29.709 0.4000000060
133125  21.193  -72.861  -27.537 0.4000000060
5291  29.707  -66.950  -29.563 0.4000000060
141441  20.589  -73.473  -24.024 0.4000000060
1635  21.480  -73.349  -25.344 0.4000000060
1623  21.223  -73.262  -24.300 0.4000000060
1636  20.823  -74.093  -25.772 0.4000000060
126644  21.148  -73.430  -26.573 0.4000000060
5262  31.266  -66.270  -28.256 0.4000000060
5264  29.805  -66.939  -27.967 0.4000000060
1984  20.294  -72.568  -23.165 0.4000000060
5263  30.518  -66.566  -28.231 0.4000000060
5279  29.328  -66.920  -28.979 0.4000000060
5248  29.176  -66.806  -26.152 0.4000000060
5230  28.754  -66.577  -25.426 0.5000000000
11510  17.306  -58.070  -28.162 0.5000000000
143048  17.945  -58.381  -27.940 0.5000000000
12390  15.726  -57.337  -27.078 0.5000000000
131169  17.317  -57.973  -27.232 0.5000000000
11496  17.477  -57.981  -26.196 0.5000000000
11497  15.403  -57.569  -26.460 0.5000000000
12377  16.789  -56.751  -25.697 0.5000000000
139089  5.274  -59.406  -18.476 0.4000000060
11395  5.823  -58.268  -18.944 0.4000000060
12388  16.621  -57.127  -26.624 0.5000000000
11485  14.797  -58.543  -25.992 0.5000000000
4612  27.876  -67.806  -29.710 0.5000000000
5278  30.092  -66.590  -29.120 0.4000000060
4569  29.168  -67.169  -27.020 0.4000000060
271  17.838  -79.075  -14.433 0.4000000060
183  17.981  -79.919  -14.818 0.4000000060
117  16.421  -80.815  -19.358 0.4000000060
269  19.810  -78.927  -15.111 0.4000000060
182  18.832  -79.469  -15.004 0.4000000060
144039  17.171  -80.645  -19.542 0.4000000060
189  18.631  -79.841  -15.350 0.4000000060
204  19.017  -79.723  -19.997 0.4000000060
139256  18.402  -80.248  -19.825 0.4000000060
109  17.773  -80.414  -17.736 0.4000000060
282  21.124  -78.690  -16.089 0.5000000000
187  20.406  -79.037  -15.843 0.5000000000
192  20.987  -78.972  -16.763 0.4000000060
193  20.116  -79.402  -16.584 0.4000000060
139091  18.478  -80.265  -18.099 0.4000000060
275  22.389  -77.972  -16.339 0.5000000000
436  22.548  -77.689  -17.201 0.5000000000
281  21.814  -78.455  -16.792 0.5000000000
136613  20.713  -79.232  -17.621 0.4000000060
194  19.132  -79.860  -16.288 0.4000000060
437  21.967  -77.934  -17.721 0.4000000060
195  21.393  -78.710  -17.646 0.4000000060
670  20.643  -77.010  -18.049 0.4000000060
131909  20.530  -78.561  -18.851 0.4000000060
298  19.754  -79.348  -19.439 0.4000000060
115  19.196  -79.999  -18.333 0.4000000060
108  18.895  -80.075  -17.267 0.4000000060
125331  19.334  -79.076  -19.903 0.4000000060
121  18.978  -80.011  -19.773 0.4000000060
438  21.338  -77.524  -18.015 0.5000000000
287  21.393  -78.499  -18.084 0.4000000060
199  20.945  -78.962  -18.363 0.4000000060
197  19.799  -79.679  -17.593 0.4000000060
659  21.103  -76.643  -17.707 0.5000000000
288  20.846  -78.861  -18.644 0.4000000060
200  20.310  -79.234  -18.947 0.4000000060
1206  19.637  -73.782  -16.613 0.3000000119
1213  19.201  -74.633  -17.009 0.3000000119
1546  19.568  -72.691  -16.391 0.4000000060
916  20.159  -74.879  -16.919 0.3000000119
140391  20.259  -72.338  -16.088 0.4000000060
1545  20.390  -73.284  -16.277 0.4000000060
2327  18.868  -71.769  -17.350 0.3000000119
1908  18.920  -72.366  -16.734 0.4000000060
145651  20.321  -71.796  -16.048 0.4000000060
2760  19.962  -70.834  -16.985 0.4000000060
147441  20.011  -71.136  -16.597 0.4000000060
2759  20.501  -70.642  -16.466 0.4000000060
3236  21.359  -69.821  -15.890 0.3000000119
660  20.166  -76.297  -17.721 0.3000000119
2306  21.222  -70.925  -15.599 0.3000000119
1539  21.028  -72.872  -15.917 0.4000000060
2326  19.484  -71.319  -17.516 0.4000000060
2753  21.010  -70.433  -15.903 0.3000000119
2778  20.629  -70.292  -17.097 0.4000000060
3270  22.059  -69.471  -17.451 0.4000000060
3271  21.280  -69.634  -16.948 0.4000000060
915  21.176  -75.278  -16.911 0.4000000060
1205  20.720  -74.287  -16.586 0.4000000060
2345  18.742  -71.678  -17.950 0.4000000060
2752  21.658  -69.992  -15.512 0.3000000119
2342  21.446  -71.275  -18.780 0.4000000060
2343  20.079  -71.216  -18.163 0.4000000060
2341  22.492  -71.255  -18.968 0.4000000060
2791  21.851  -70.652  -18.374 0.4000000060
923  21.626  -76.190  -17.301 0.4000000060
1204  21.751  -74.765  -16.559 0.4000000060
1901  21.783  -72.569  -15.670 0.3000000119
1538  21.821  -73.402  -15.927 0.4000000060
122980  21.982  -70.717  -15.233 0.3000000119
2356  21.876  -71.764  -19.406 0.4000000060
1937  21.365  -72.274  -19.856 0.4000000060
2355  23.236  -71.633  -19.314 0.4000000060
2790  22.773  -70.543  -18.466 0.4000000060
2776  22.222  -70.109  -18.034 0.4000000060
913  22.833  -76.061  -16.757 0.4000000060
148424  23.576  -76.523  -16.370 0.4000000060
922  22.533  -76.647  -17.147 0.4000000060
1203  22.707  -75.278  -16.472 0.4000000060
914  22.152  -75.728  -16.858 0.4000000060
1543  22.381  -74.270  -16.136 0.4000000060
5231  27.954  -66.875  -25.206 0.4000000060
2792  20.824  -70.737  -18.053 0.4000000060
116  18.765  -80.208  -19.110 0.4000000060
188  19.515  -79.456  -15.597 0.4000000060
196  20.414  -79.361  -18.335 0.4000000060
201  19.819  -79.636  -18.706 0.4000000060
203  19.517  -79.607  -19.391 0.4000000060
268  20.498  -78.248  -15.022 0.5000000000
276  21.598  -78.337  -15.867 0.5000000000
280  22.494  -77.959  -17.029 0.5000000000
284  22.008  -78.157  -17.507 0.4000000060
289  19.905  -78.842  -19.406 0.4000000060
418  21.218  -77.619  -14.961 0.5000000000
421  17.865  -77.319  -14.284 0.5000000000
426  21.999  -77.900  -15.572 0.5000000000
431  23.307  -77.047  -16.631 0.5000000000
445  21.211  -78.344  -18.317 0.4000000060
446  20.615  -77.696  -18.474 0.4000000060
650  24.071  -76.275  -15.875 0.3000000119
651  23.644  -76.634  -16.275 0.4000000060
652  23.205  -76.938  -16.774 0.4000000060
657  22.626  -77.395  -17.204 0.5000000000
658  21.965  -77.114  -17.582 0.5000000000
694  23.392  -76.530  -23.103 0.4000000060
909  24.289  -75.883  -15.830 0.4000000060
924  20.656  -75.768  -17.349 0.3000000119
940  26.145  -75.210  -20.537 0.3000000119
943  25.475  -75.469  -21.373 0.4000000060
959  25.819  -75.099  -22.101 0.3000000119
979  23.452  -75.828  -23.975 0.3000000119
1004  20.835  -75.434  -29.091 0.4000000060
1198  23.322  -74.297  -15.813 0.5000000000
1202  23.634  -75.808  -16.266 0.5000000000
1227  27.304  -75.128  -19.994 0.3000000119
1228  26.983  -75.218  -19.814 0.3000000119
1236  26.371  -75.281  -20.120 0.3000000119
1281  24.669  -74.614  -24.241 0.4000000060
1317  21.105  -73.507  -29.545 0.5000000000
1318  20.912  -74.094  -29.647 0.4000000060
1544  21.333  -73.799  -16.261 0.4000000060
1562  26.249  -73.641  -18.931 0.4000000060
1569  26.715  -74.501  -19.295 0.4000000060
1586  23.403  -73.435  -20.585 0.4000000060
1610  20.806  -72.962  -23.662 0.4000000060
1621  26.061  -73.816  -24.323 0.4000000060
1625  19.160  -73.903  -23.957 0.5000000000
1643  23.757  -73.634  -26.845 0.3000000119
1644  20.745  -73.397  -27.572 0.6000000238
1653  20.596  -73.757  -29.416 0.6000000238
1655  20.785  -73.778  -29.544 0.6000000238
1892  25.094  -72.521  -14.604 0.3000000119
1902  20.896  -71.867  -15.745 0.4000000060
1907  19.706  -71.761  -16.467 0.4000000060
1921  30.132  -72.166  -18.970 0.3000000119
1956  26.387  -73.304  -21.599 0.3000000119
1968  21.295  -71.988  -22.988 0.6000000238
1970  19.743  -72.224  -22.664 0.5000000000
2000  27.006  -72.223  -25.894 0.5000000000
2003  22.022  -72.655  -25.355 0.6000000238
2013  23.816  -72.847  -28.026 0.4000000060
2022  23.027  -72.043  -29.499 0.5000000000
2304  23.207  -71.722  -14.960 0.4000000060
2305  21.801  -71.613  -15.451 0.3000000119
2312  20.484  -71.205  -16.070 0.4000000060
2313  19.465  -71.393  -16.929 0.4000000060
2314  19.029  -71.868  -16.918 0.4000000060
2321  29.944  -71.748  -18.222 0.3000000119
2325  20.148  -70.847  -17.495 0.4000000060
2335  30.056  -72.094  -18.715 0.3000000119
2336  29.579  -72.329  -18.586 0.3000000119
2349  31.195  -71.333  -19.086 0.3000000119
2357  20.993  -71.771  -19.231 0.4000000060
2367  18.954  -71.054  -20.972 0.6999999881
2368  18.112  -71.195  -20.867 0.6000000238
2379  20.990  -71.003  -21.790 0.8000000119
2380  20.212  -71.160  -21.667 0.8000000119
2391  26.115  -71.334  -22.133 0.3000000119
2403  27.358  -71.712  -24.997 0.4000000060
2410  22.566  -71.226  -26.247 0.6000000238
2412  28.155  -70.980  -27.620 0.4000000060
2414  26.882  -71.956  -26.850 0.4000000060
2415  22.256  -71.413  -27.345 0.6000000238
2419  25.877  -71.694  -28.165 0.3000000119
2431  21.793  -72.281  -29.391 0.6999999881
2741  25.092  -70.808  -13.927 0.3000000119
2777  21.444  -70.122  -17.662 0.4000000060
2787  26.332  -71.372  -18.165 0.4000000060
2802  30.453  -70.833  -19.541 0.3000000119
2829  19.767  -70.835  -21.093 0.6999999881
2855  28.623  -70.662  -27.014 0.4000000060
2861  22.432  -70.826  -28.204 0.6999999881
3249  21.745  -69.182  -16.764 0.4000000060
3250  21.473  -69.434  -16.284 0.3000000119
3251  21.009  -70.030  -16.374 0.4000000060
3288  16.576  -68.984  -18.747 0.5000000000
3296  31.761  -70.614  -19.242 0.3000000119
3299  28.872  -69.834  -19.547 0.3000000119
3337  22.608  -69.640  -22.552 0.6999999881
3367  30.857  -68.996  -25.934 0.3000000119
3369  28.866  -69.794  -25.830 0.4000000060
3381  23.328  -69.651  -26.711 0.8000000119
3391  30.422  -69.578  -27.743 0.5000000000
3393  23.431  -69.590  -27.662 0.8000000119
3406  23.310  -69.951  -29.152 0.6999999881
3407  23.073  -69.934  -28.482 0.8000000119
3410  29.385  -69.099  -29.713 0.5000000000
3413  26.333  -69.446  -30.027 0.6000000238
3414  25.384  -69.655  -29.871 0.6999999881
3417  28.707  -68.830  -30.067 0.6000000238
3782  22.833  -68.720  -15.220 0.4000000060
3795  21.935  -68.894  -16.227 0.4000000060
3813  23.822  -68.099  -16.385 0.4000000060
3825  24.081  -68.531  -17.061 0.5000000000
3836  28.947  -68.078  -18.791 0.3000000119
3879  22.698  -68.694  -21.544 0.6000000238
3890  24.215  -68.281  -23.092 0.6999999881
3892  22.908  -68.876  -22.349 0.8000000119
3909  24.691  -68.411  -23.771 0.5000000000
3920  26.090  -68.049  -24.785 0.6000000238
3929  26.100  -68.231  -25.472 0.6000000238
3956  27.147  -67.997  -28.573 0.6999999881
3959  24.746  -68.894  -27.931 0.8000000119
3973  25.066  -68.842  -28.991 0.8000000119
3985  29.411  -68.489  -29.926 0.4000000060
3986  28.981  -68.340  -30.091 0.6999999881
3987  27.922  -68.590  -30.179 0.6999999881
4430  24.468  -67.812  -15.907 0.4000000060
4462  20.159  -67.399  -17.854 0.6999999881
4476  16.709  -67.961  -19.305 0.6000000238
4477  15.995  -68.135  -19.808 0.6000000238
4505  16.898  -67.869  -20.994 0.6000000238
4546  26.558  -67.493  -24.457 0.6000000238
4583  29.088  -67.280  -27.991 0.4000000060
4619  29.256  -67.834  -30.030 0.6000000238
4621  27.994  -68.002  -30.089 0.6999999881
5123  21.961  -65.950  -17.551 0.6999999881
5140  19.266  -66.661  -18.085 0.6999999881
5141  18.621  -66.756  -18.625 0.6000000238
5147  28.470  -66.721  -19.349 0.3000000119
5149  18.190  -66.852  -19.306 0.6000000238
5158  29.152  -66.155  -20.611 0.3000000119
5189  18.520  -66.837  -22.308 0.5000000000
5280  28.991  -67.273  -29.475 0.4000000060
5810  21.494  -65.295  -17.501 0.8999999762
5811  20.665  -65.434  -17.520 0.6999999881
5812  19.967  -65.621  -17.707 0.6999999881
5821  19.455  -65.906  -18.065 0.6000000238
5833  19.191  -65.542  -18.774 0.6000000238
5891  18.917  -65.996  -23.460 0.6000000238
5905  18.867  -65.972  -24.206 0.6000000238
6509  20.980  -64.576  -17.525 0.8000000119
6537  19.464  -64.824  -19.063 0.6999999881
6612  19.690  -64.682  -23.995 0.6000000238
7245  19.878  -64.351  -18.384 0.6999999881
7265  7.033  -63.318  -19.377 0.5000000000
7267  5.918  -63.239  -19.627 0.6000000238
7281  6.764  -63.354  -20.249 0.5000000000
7282  5.873  -63.427  -20.385 0.5000000000
7361  18.978  -64.137  -26.045 0.6000000238
7380  22.587  -64.153  -26.727 0.6999999881
7400  24.358  -64.239  -28.802 0.6000000238
7401  23.589  -64.281  -28.387 0.6000000238
7431  25.296  -63.677  -29.873 0.6999999881
7432  24.712  -63.820  -29.763 0.6000000238
7995  8.943  -62.271  -17.773 0.6000000238
8005  22.496  -62.532  -18.147 0.6000000238
8013  9.581  -62.245  -18.115 0.6000000238
8014  8.413  -62.677  -18.283 0.6000000238
8015  7.463  -62.780  -18.195 0.5000000000
8016  6.682  -62.648  -18.257 0.5000000000
8028  20.472  -62.310  -19.061 0.8000000119
8035  5.625  -62.683  -19.250 0.6000000238
8046  20.368  -62.003  -20.641 0.6000000238
8052  8.274  -62.606  -20.549 0.5000000000
8102  20.898  -63.116  -23.147 0.6000000238
8188  26.141  -63.411  -29.938 0.6999999881
8190  22.329  -63.178  -29.005 0.6000000238
8203  25.225  -63.281  -30.022 0.6999999881
8205  22.473  -62.297  -29.466 0.6000000238
8207  17.174  -62.576  -29.153 0.5000000000
8843  9.704  -61.815  -17.701 0.6000000238
8844  8.429  -61.799  -17.518 0.6000000238
8855  21.453  -61.711  -18.626 0.6000000238
8856  20.845  -61.774  -18.907 0.6999999881
8857  11.367  -61.049  -17.822 0.6000000238
8858  10.409  -61.782  -18.108 0.6000000238
8859  6.428  -61.889  -17.947 0.6000000238
8860  5.722  -61.384  -18.337 0.5000000000
8861  5.079  -61.017  -18.624 0.5000000000
8873  10.834  -61.726  -18.939 0.5000000000
8898  20.526  -61.468  -21.216 0.6999999881
8900  10.518  -61.510  -21.492 0.6000000238
8901  9.738  -61.772  -21.975 0.5000000000
8914  20.602  -61.731  -22.139 0.6000000238
8957  22.139  -62.399  -25.029 0.6999999881
8970  27.646  -61.691  -26.910 0.5000000000
8973  24.779  -62.061  -26.603 0.6000000238
8983  29.229  -61.782  -28.801 0.5000000000
9000  20.380  -61.448  -29.144 0.5000000000
9001  18.944  -60.935  -28.976 0.5000000000
9011  27.047  -62.300  -30.387 0.5000000000
9013  24.738  -62.139  -29.741 0.6999999881
9015  21.570  -60.906  -29.751 0.6000000238
9019  15.339  -61.706  -29.570 0.6000000238
9629  13.100  -59.793  -17.808 0.8000000119
9631  10.175  -60.371  -17.477 0.6000000238
9632  9.603  -61.125  -17.489 0.6000000238
9633  8.786  -60.998  -17.487 0.6999999881
9634  7.939  -61.214  -17.562 0.6000000238
9649  7.507  -60.579  -17.918 0.6000000238
9663  21.612  -60.680  -19.598 0.5000000000
9667  13.341  -60.583  -19.319 0.8000000119
9669  11.923  -61.185  -20.078 0.6999999881
9682  12.664  -60.834  -20.258 0.8000000119
9692  20.807  -60.816  -20.788 0.6999999881
9695  12.717  -60.707  -21.325 0.6999999881
9710  12.446  -60.501  -22.728 0.6999999881
9722  23.982  -60.403  -23.641 0.5000000000
9724  21.597  -60.453  -23.088 0.5000000000
9729  10.863  -60.951  -23.721 0.5000000000
9742  11.335  -60.552  -24.315 0.5000000000
9752  26.297  -60.873  -25.098 0.5000000000
9780  30.063  -60.573  -30.139 0.5000000000
9797  21.280  -60.246  -29.682 0.6999999881
10449  14.615  -59.277  -18.168 0.6999999881
10451  12.620  -59.198  -17.524 0.8000000119
10453  11.018  -59.973  -17.454 0.8000000119
10466  14.234  -59.789  -18.395 0.6999999881
10469  7.966  -59.839  -18.329 0.6000000238
10486  17.141  -59.451  -19.790 0.6000000238
10489  14.893  -59.842  -18.731 0.6999999881
10490  8.166  -59.077  -19.078 0.8000000119
10502  16.676  -59.683  -20.248 0.6000000238
10503  15.881  -59.980  -19.947 0.6999999881
10531  21.909  -59.971  -21.535 0.5000000000
10533  15.744  -59.522  -22.701 0.8000000119
10545  16.169  -58.762  -23.474 0.6000000238
10548  13.708  -59.838  -23.714 0.8000000119
10564  15.275  -59.243  -24.237 0.8000000119
10567  12.366  -59.746  -24.806 0.6000000238
10588  11.407  -59.915  -25.880 0.5000000000
10605  19.537  -59.309  -26.208 0.5000000000
10607  12.048  -58.764  -27.189 0.5000000000
10651  21.711  -59.723  -29.463 0.6999999881
10654  18.609  -58.874  -29.353 0.6000000238
10655  17.932  -58.876  -29.355 0.5000000000
10656  16.608  -59.149  -29.212 0.5000000000
10658  14.919  -59.127  -28.980 0.5000000000
11360  13.395  -58.888  -17.595 0.6999999881
11372  15.066  -58.453  -18.160 0.6000000238
11389  17.782  -59.089  -19.862 0.6000000238
11390  10.265  -58.175  -18.635 0.8000000119
11391  9.579  -58.204  -19.108 0.8000000119
11394  6.431  -58.646  -19.427 0.5000000000
11406  18.265  -58.601  -20.212 0.5000000000
11407  17.932  -58.764  -20.857 0.6000000238
11408  7.184  -58.198  -20.703 0.6000000238
11409  6.787  -57.896  -20.813 0.5000000000
11422  6.988  -57.875  -21.256 0.5000000000
11466  15.991  -57.325  -24.229 0.6999999881
11467  15.710  -58.296  -24.775 0.6999999881
11498  14.565  -58.187  -26.870 0.6000000238
11508  18.830  -58.799  -28.045 0.5000000000
11509  18.134  -58.601  -26.986 0.5000000000
11512  13.670  -58.034  -27.982 0.6000000238
11528  16.540  -58.079  -28.556 0.6000000238
11530  14.674  -58.214  -28.604 0.6000000238
11533  18.823  -58.592  -29.133 0.6000000238
11535  17.244  -58.569  -29.072 0.6000000238
11538  12.910  -58.435  -28.783 0.5000000000
12265  12.974  -58.392  -17.603 0.6999999881
12271  17.589  -57.947  -18.633 0.4000000060
12273  13.344  -57.761  -17.901 0.6999999881
12289  12.296  -57.298  -18.586 0.8000000119
12306  7.859  -58.132  -20.666 0.6999999881
12308  6.489  -57.402  -20.872 0.5000000000
12321  7.225  -57.722  -21.752 0.6000000238
12333  7.335  -57.456  -23.250 0.6000000238
12334  6.863  -57.302  -23.573 0.6000000238
12349  7.110  -57.332  -24.073 0.6000000238
12378  16.144  -56.628  -25.794 0.6000000238
12389  16.169  -57.113  -26.819 0.5000000000
12400  16.620  -57.505  -27.473 0.5000000000
12401  16.082  -57.404  -27.609 0.6000000238
12403  14.639  -57.698  -27.957 0.6000000238
12410  16.615  -57.792  -28.135 0.6000000238
12413  14.192  -58.003  -28.260 0.6000000238
13148  13.271  -56.474  -18.985 0.6000000238
13149  12.936  -57.168  -18.512 0.6999999881
13164  11.652  -56.598  -19.817 0.6999999881
13179  10.171  -56.755  -20.853 0.6999999881
13193  9.680  -56.719  -21.535 0.6999999881
13207  6.593  -57.075  -23.333 0.5000000000
13225  7.110  -57.106  -24.739 0.8000000119
13226  6.694  -57.033  -24.185 0.6000000238
13246  6.937  -56.834  -25.263 0.8000000119
13247  6.839  -56.884  -24.943 0.6000000238
13257  16.362  -56.137  -24.865 0.6000000238
13258  7.020  -56.471  -25.811 0.6999999881
13259  6.898  -56.536  -25.542 0.6000000238
14049  15.243  -55.778  -18.447 0.4000000060
14094  13.232  -55.282  -19.829 0.4000000060
14116  12.320  -55.098  -20.990 0.3000000119
14117  11.626  -55.292  -21.650 0.6000000238
14166  6.767  -55.906  -25.467 0.6999999881
14175  7.529  -56.087  -26.103 0.6999999881
14185  7.541  -55.663  -26.259 0.6999999881
15025  10.703  -55.021  -23.232 0.5000000000
15053  10.324  -54.556  -25.097 0.4000000060
15055  7.105  -55.291  -25.889 0.6999999881
15067  7.899  -54.632  -26.418 0.6999999881
15078  7.901  -55.296  -26.445 0.6999999881
15899  11.346  -53.476  -25.171 0.3000000119
15902  7.414  -54.521  -26.043 0.6999999881
15923  10.738  -54.032  -26.476 0.6000000238
15924  8.978  -54.420  -26.495 0.6000000238
16673  13.505  -52.306  -20.319 0.3000000119
16674  12.895  -52.468  -20.943 0.3000000119
16752  13.737  -52.304  -26.347 0.3000000119
16754  11.814  -53.238  -26.366 0.3000000119
16755  10.981  -53.623  -26.461 0.6000000238
16756  9.815  -53.882  -26.550 0.5000000000
17633  6.344  -50.751  -23.953 0.6000000238
17664  14.806  -51.755  -26.172 0.3000000119
17666  12.547  -51.831  -26.293 0.3000000119
17668  9.090  -52.179  -25.588 0.5000000000
17678  14.583  -51.770  -26.322 0.3000000119
17679  14.054  -51.958  -26.484 0.3000000119
18604  5.838  -50.332  -23.164 0.6000000238
18624  6.495  -50.045  -24.485 0.6000000238
18626  5.781  -49.376  -23.143 0.5000000000
18644  11.859  -50.414  -25.155 0.3000000119
18646  8.927  -50.678  -24.960 0.4000000060
18648  6.713  -50.455  -25.075 0.5000000000
19684  12.210  -49.655  -22.949 0.3000000119
19689  6.640  -48.851  -23.299 0.4000000060
19690  5.942  -48.586  -23.005 0.4000000060
19691  5.359  -48.802  -22.519 0.4000000060
19704  7.643  -49.359  -24.206 0.4000000060
19721  7.429  -49.836  -24.783 0.4000000060
20711  5.583  -48.386  -21.966 0.4000000060
123104  21.018  -69.486  -20.133 0.8000000119
123538  23.441  -64.321  -28.857 0.6000000238
123690  12.808  -58.277  -28.183 0.6000000238
124642  12.016  -59.012  -29.397 0.5000000000
124962  24.314  -74.494  -15.553 0.4000000060
125543  22.543  -65.672  -17.874 0.6999999881
125583  7.043  -49.199  -23.829 0.5000000000
125952  25.840  -64.673  -20.260 0.6000000238
127072  22.977  -66.496  -19.220 0.6999999881
127138  19.889  -69.351  -19.247 0.6999999881
127559  22.541  -71.224  -29.299 0.6999999881
127577  19.163  -75.048  -25.102 0.5000000000
127589  25.253  -65.261  -20.143 0.6000000238
127777  22.790  -70.741  -25.374 0.6000000238
128099  11.927  -60.925  -21.678 0.6999999881
128583  9.219  -62.478  -18.667 0.6000000238
128779  8.636  -55.635  -25.949 0.5000000000
128791  28.337  -67.516  -29.405 0.5000000000
128843  9.029  -56.542  -23.064 0.6999999881
129706  23.888  -66.537  -20.524 0.6000000238
129710  20.303  -73.777  -28.142 0.5000000000
129997  7.682  -56.788  -24.739 0.8000000119
132314  21.569  -72.201  -23.452 0.5000000000
133012  29.026  -72.700  -18.572 0.3000000119
133157  12.741  -58.706  -29.116 0.5000000000
133510  23.392  -75.363  -21.518 0.3000000119
133541  16.519  -61.002  -29.330 0.5000000000
133580  29.313  -67.349  -29.785 0.4000000060
133914  26.529  -72.881  -20.864 0.3000000119
135100  12.983  -60.459  -22.160 0.6999999881
135666  20.697  -71.366  -18.628 0.4000000060
136427  17.163  -60.292  -29.337 0.5000000000
136606  6.843  -59.067  -19.414 0.6999999881
136921  18.645  -58.112  -20.012 0.4000000060
137633  29.431  -71.796  -19.515 0.3000000119
138474  7.629  -63.117  -18.888 0.5000000000
138888  22.400  -77.133  -23.177 0.4000000060
138907  21.479  -72.667  -23.843 0.5000000000
139176  22.141  -72.349  -29.522 0.6999999881
139380  17.939  -80.483  -19.042 0.4000000060
139652  22.337  -60.649  -19.366 0.5000000000
139912  20.101  -59.461  -29.388 0.6999999881
140082  11.216  -61.390  -18.258 0.6000000238
140246  28.141  -61.209  -26.374 0.5000000000
140668  19.797  -74.884  -26.650 0.5000000000
140737  23.913  -63.254  -18.579 0.5000000000
140892  27.319  -71.859  -25.616 0.4000000060
141793  19.876  -62.476  -27.390 0.6999999881
141894  7.803  -49.439  -19.346 0.4000000060
142500  21.749  -74.809  -21.817 0.3000000119
142551  12.049  -60.564  -23.056 0.6000000238
142619  19.216  -80.031  -18.928 0.4000000060
142734  11.859  -58.983  -17.484 0.8000000119
143552  15.857  -56.965  -26.365 0.5000000000
143690  21.545  -63.964  -26.537 0.6999999881
143773  26.894  -72.895  -24.738 0.3000000119
144141  18.693  -64.940  -25.990 0.5000000000
144158  18.574  -67.319  -24.405 0.6000000238
144160  26.566  -72.419  -26.143 0.4000000060
144203  7.269  -59.998  -18.478 0.6999999881
144292  20.375  -79.067  -19.126 0.4000000060
144407  18.855  -78.888  -14.711 0.4000000060
144696  17.960  -75.921  -13.004 0.3000000119
144706  22.672  -71.815  -19.525 0.4000000060
144772  27.336  -67.951  -29.386 0.6999999881
144888  22.377  -60.171  -23.161 0.6000000238
145076  9.965  -61.590  -22.585 0.5000000000
145245  8.414  -56.870  -23.448 0.6999999881
145596  25.758  -68.305  -25.025 0.6000000238
145897  30.251  -66.707  -27.519 0.4000000060
146674  12.228  -59.169  -26.365 0.5000000000
146964  22.942  -77.299  -16.884 0.5000000000
147008  22.886  -67.576  -20.506 0.6000000238
147033  14.387  -60.095  -22.349 0.6999999881
147330  22.461  -68.565  -20.854 0.6999999881
147846  29.425  -72.699  -18.821 0.3000000119
148154  17.483  -59.080  -21.149 0.6000000238
148192  13.031  -52.992  -20.383 0.3000000119
148274  23.580  -76.317  -22.262 0.3000000119
148314  22.517  -68.571  -16.351 0.4000000060
