#!ascii label  , from subject sub-v1s3x0050820_ses-1 vox2ras=TkReg
780
63278  -24.429  -3.392  -20.296 0.4285714328
64286  -24.519  -2.462  -21.269 0.2857142985
64287  -25.383  -2.279  -20.911 0.4285714328
65288  -26.009  -1.617  -21.644 0.4285714328
140413  -24.739  -1.655  -22.733 0.2857142985
65300  -25.511  -1.304  -22.448 0.4285714328
66307  -26.743  -0.594  -22.453 0.4285714328
66320  -25.547  -0.216  -23.621 0.4285714328
66321  -26.422  -0.139  -23.143 0.4285714328
67311  -25.646  0.380  -24.334 0.4285714328
67312  -26.445  0.887  -24.519 0.4285714328
67345  -25.099  1.060  -25.993 0.5714285970
67326  -25.622  0.847  -25.177 0.5714285970
68267  -26.925  1.496  -24.910 0.4285714328
69248  -27.346  1.974  -25.204 0.2857142985
68280  -25.879  1.542  -25.811 0.7142857313
68281  -26.693  1.975  -25.619 0.7142857313
128913  -27.544  2.591  -25.848 0.7142857313
69265  -28.370  3.260  -26.092 0.4285714328
144085  -26.838  2.432  -26.114 0.7142857313
70263  -28.936  3.813  -26.272 0.5714285970
70261  -26.958  2.839  -26.576 0.5714285970
145666  -28.322  3.761  -26.546 0.5714285970
71307  -27.880  4.079  -27.044 0.5714285970
71308  -28.668  4.348  -26.716 0.5714285970
70283  -27.085  3.556  -27.197 0.5714285970
71309  -29.503  4.478  -26.411 0.4285714328
72458  -28.827  5.650  -27.393 0.5714285970
72459  -29.505  6.133  -27.275 0.5714285970
71340  -27.182  5.043  -28.127 0.7142857313
135121  -28.933  6.567  -27.622 0.7142857313
73568  -29.703  6.905  -27.348 0.5714285970
72457  -27.931  5.397  -27.768 0.5714285970
71338  -25.795  4.104  -29.019 0.5714285970
72476  -27.469  5.868  -28.382 0.8571428657
74640  -29.015  7.421  -27.723 0.7142857313
74641  -29.548  7.702  -27.466 0.5714285970
72475  -26.696  5.438  -28.774 0.7142857313
74649  -28.512  7.925  -28.197 0.7142857313
75684  -29.711  8.244  -27.363 0.5714285970
73581  -27.713  6.732  -28.529 0.7142857313
75698  -28.532  8.808  -28.248 0.5714285970
74656  -27.914  7.572  -28.577 0.7142857313
133645  -29.569  8.982  -27.422 0.5714285970
76705  -28.932  10.152  -28.080 0.7142857313
76686  -29.011  9.289  -27.872 0.7142857313
75714  -27.421  8.732  -29.139 0.7142857313
76703  -27.989  9.358  -28.723 0.7142857313
77640  -28.748  11.036  -28.455 0.7142857313
74655  -26.592  7.078  -29.626 0.5714285970
78610  -28.751  11.926  -28.616 0.5714285970
79613  -29.260  12.330  -28.290 0.5714285970
76714  -27.360  9.570  -29.337 0.8571428657
128829  -26.802  9.019  -29.744 0.8571428657
78617  -27.804  11.577  -29.322 0.7142857313
144344  -27.290  10.237  -29.516 0.8571428657
77647  -27.505  10.860  -29.422 0.7142857313
80594  -27.686  13.498  -29.559 0.8571428657
80595  -28.290  13.147  -29.218 0.5714285970
131976  -27.520  12.255  -29.627 0.8571428657
130653  -27.114  11.541  -29.821 0.8571428657
77646  -26.925  10.674  -29.887 0.8571428657
80593  -27.033  13.808  -29.953 0.8571428657
81584  -26.856  14.606  -29.821 0.8571428657
82571  -26.202  14.981  -30.213 0.8571428657
81594  -26.383  14.173  -30.351 0.8571428657
81593  -25.669  14.531  -30.688 1.0000000000
80601  -26.501  13.361  -30.407 0.8571428657
82570  -25.504  15.318  -30.525 1.0000000000
80600  -25.799  13.711  -30.788 1.0000000000
135344  -25.297  15.992  -30.284 1.0000000000
83492  -23.952  16.143  -31.161 0.7142857313
81592  -25.022  14.908  -31.146 1.0000000000
83482  -24.623  16.607  -30.378 1.0000000000
86139  -23.124  19.246  -31.327 1.0000000000
85223  -23.128  18.632  -31.592 0.8571428657
86957  -22.451  20.529  -31.536 0.8571428657
86121  -22.825  19.819  -31.344 1.0000000000
88718  -21.226  22.617  -33.234 0.8571428657
87840  -21.547  21.833  -32.744 0.8571428657
87836  -22.069  21.145  -32.095 1.0000000000
89547  -20.564  23.519  -33.625 0.8571428657
89529  -21.307  23.418  -33.347 0.8571428657
89546  -20.246  23.618  -33.625 0.7142857313
88734  -20.093  23.034  -33.720 0.5714285970
90476  -19.758  24.287  -33.180 0.7142857313
90477  -20.121  24.246  -33.550 0.5714285970
90443  -19.821  24.280  -31.271 0.5714285970
89528  -19.647  23.522  -33.033 0.5714285970
91368  -19.948  25.641  -30.821 0.4285714328
134884  -19.478  25.806  -32.122 0.4285714328
91354  -19.835  25.459  -28.720 0.2857142985
91345  -19.989  25.798  -28.131 0.2857142985
91346  -20.408  26.279  -27.837 0.2857142985
64301  -25.098  -1.920  -21.907 0.2857142985
71326  -28.339  4.839  -27.262 0.5714285970
79612  -28.771  12.729  -28.738 0.5714285970
77648  -28.066  10.914  -28.928 0.7142857313
142170  -28.309  11.559  -28.888 0.7142857313
79619  -27.795  12.840  -29.519 0.8571428657
81585  -27.561  14.264  -29.518 0.8571428657
82559  -26.658  15.408  -29.641 0.8571428657
84349  -23.724  17.070  -30.946 0.8571428657
142123  -23.506  25.717  -27.237 0.1428571492
64300  -24.285  -2.254  -22.197 0.2857142985
66306  -25.886  -0.653  -22.819 0.4285714328
128900  -26.942  0.253  -23.375 0.4285714328
66319  -24.551  -0.642  -23.955 0.2857142985
65312  -25.094  -0.958  -23.174 0.4285714328
122139  -27.100  0.676  -23.882 0.4285714328
67310  -24.998  0.303  -24.856 0.5714285970
67327  -26.308  1.344  -25.196 0.5714285970
68296  -25.398  1.622  -26.632 0.2857142985
69264  -26.235  2.250  -26.459 0.7142857313
70262  -27.679  3.333  -26.563 0.4285714328
69277  -26.381  2.908  -27.220 0.5714285970
72443  -30.618  5.610  -26.518 0.4285714328
70282  -26.487  3.520  -27.683 0.7142857313
138692  -26.882  4.194  -27.816 0.7142857313
72441  -29.026  4.962  -26.921 0.7142857313
73567  -28.237  6.215  -27.996 0.7142857313
73582  -28.418  7.065  -28.146 0.7142857313
71339  -26.464  4.603  -28.531 0.5714285970
76687  -29.511  9.883  -27.564 0.5714285970
72490  -26.206  5.745  -29.438 0.5714285970
75697  -27.986  8.400  -28.626 0.7142857313
73593  -27.270  7.297  -29.046 0.8571428657
77638  -27.751  10.198  -29.050 0.7142857313
138824  -26.974  12.279  -29.988 1.0000000000
82558  -25.942  15.759  -29.974 1.0000000000
83491  -23.120  16.581  -31.759 0.7142857313
84336  -24.308  17.564  -30.316 1.0000000000
84335  -23.647  18.032  -30.917 1.0000000000
142956  -23.006  17.672  -31.807 0.7142857313
91362  -19.845  24.870  -30.720 0.7142857313
88733  -19.722  22.832  -33.412 0.5714285970
89490  -19.820  23.554  -30.670 0.4285714328
92233  -20.000  26.013  -29.451 0.2857142985
135849  -19.498  25.120  -32.691 0.4285714328
92238  -19.862  26.471  -31.585 0.4285714328
91355  -20.130  26.551  -28.275 0.2857142985
92239  -20.228  26.426  -30.356 0.4285714328
69276  -25.536  2.256  -27.401 0.4285714328
70281  -25.895  3.082  -27.928 0.4285714328
91367  -19.621  25.059  -31.725 0.7142857313
63293  -24.053  -2.983  -20.838 0.4285714328
64285  -23.776  -2.735  -21.608 0.2857142985
142905  -26.225  -2.037  -20.865 0.4285714328
129303  -26.184  -1.057  -22.247 0.4285714328
66338  -25.038  -0.048  -24.259 0.2857142985
67296  -26.319  0.343  -23.788 0.4285714328
139231  -24.862  0.585  -25.508 0.4285714328
146381  -27.349  4.095  -27.431 0.5714285970
71325  -27.569  4.613  -27.575 0.5714285970
72442  -29.724  5.428  -26.811 0.4285714328
73558  -30.162  6.185  -26.968 0.5714285970
70297  -26.199  3.810  -28.289 0.7142857313
73580  -26.880  6.368  -29.047 0.5714285970
75683  -29.110  8.339  -27.745 0.5714285970
76704  -28.566  9.562  -28.303 0.7142857313
132068  -27.495  8.006  -28.963 0.8571428657
77639  -28.349  10.202  -28.583 0.7142857313
75713  -26.827  8.041  -29.548 0.8571428657
79620  -28.210  12.302  -29.170 0.8571428657
80602  -27.156  12.968  -29.935 0.8571428657
82569  -24.788  15.693  -30.813 1.0000000000
88717  -20.353  22.785  -33.682 0.8571428657
89545  -19.982  23.499  -33.504 0.5714285970
90456  -19.646  24.344  -32.423 0.5714285970
89512  -19.757  23.548  -32.018 0.5714285970
90430  -19.735  24.292  -30.030 0.4285714328
90415  -20.307  25.270  -27.927 0.2857142985
91363  -19.762  25.114  -29.722 0.2857142985
91347  -21.513  26.333  -27.687 0.2857142985
92199  -22.785  26.118  -27.540 0.1428571492
131973  -20.525  28.741  -32.333 0.2857142985
94746  -21.692  29.225  -30.694 0.1428571492
93159  -20.329  27.319  -31.681 0.2857142985
94750  -19.331  28.633  -32.813 0.2857142985
93984  -21.253  28.348  -30.841 0.1428571492
127428  -21.812  30.191  -30.812 0.1428571492
92240  -20.512  27.076  -30.030 0.1428571492
136749  -20.282  26.982  -30.890 0.2857142985
93153  -20.937  27.747  -29.890 0.1428571492
93989  -19.036  28.114  -33.019 0.2857142985
93982  -19.978  27.845  -32.425 0.2857142985
93174  -22.638  27.547  -33.626 0.2857142985
92265  -20.138  26.957  -34.252 0.2857142985
93978  -22.073  28.816  -29.966 0.1428571492
91392  -21.233  25.987  -33.824 0.2857142985
93172  -19.192  27.659  -33.440 0.2857142985
93158  -19.650  27.051  -32.259 0.2857142985
91378  -22.841  25.739  -32.851 0.1428571492
139079  -19.810  26.605  -33.922 0.2857142985
93977  -21.509  28.425  -30.174 0.1428571492
92252  -19.437  26.795  -33.301 0.2857142985
93166  -19.251  27.313  -32.859 0.2857142985
92241  -25.106  26.168  -31.966 0.1428571492
91380  -24.311  26.000  -32.040 0.1428571492
135096  -22.118  25.992  -33.323 0.4285714328
91391  -20.474  25.243  -33.728 0.2857142985
89514  -23.431  23.565  -30.966 0.2857142985
131390  -22.327  24.117  -32.744 0.4285714328
90479  -21.504  25.094  -33.542 0.2857142985
89493  -24.725  23.488  -30.124 0.1428571492
90444  -23.620  24.342  -31.292 0.2857142985
89513  -22.848  23.636  -31.884 0.5714285970
90457  -21.444  24.189  -33.428 0.7142857313
135329  -24.303  22.014  -29.436 0.1428571492
88690  -24.028  22.894  -30.154 0.1428571492
90478  -20.665  24.260  -33.677 0.4285714328
88706  -22.887  22.922  -31.379 0.4285714328
86948  -25.049  20.643  -28.770 0.2857142985
87819  -24.608  21.442  -29.047 0.7142857313
89530  -22.038  23.289  -32.712 0.7142857313
86958  -23.062  20.538  -30.783 0.8571428657
87829  -23.377  21.298  -30.366 0.8571428657
88688  -22.592  22.055  -31.497 0.5714285970
86097  -26.237  19.861  -28.395 0.2857142985
86936  -25.846  20.620  -28.467 0.2857142985
132451  -23.163  21.897  -30.702 0.7142857313
87835  -20.887  20.739  -33.297 0.5714285970
86947  -24.317  20.613  -29.460 0.7142857313
85184  -26.701  19.074  -28.056 0.1428571492
79641  -24.083  12.065  -32.981 0.5714285970
81600  -24.443  14.427  -31.766 0.8571428657
82580  -24.236  15.263  -31.514 0.5714285970
85209  -23.560  18.868  -30.724 0.8571428657
84325  -24.766  17.984  -29.691 0.8571428657
86122  -23.447  19.736  -30.566 0.8571428657
85202  -26.133  18.085  -28.558 0.2857142985
85200  -24.668  18.807  -29.565 0.8571428657
86111  -23.999  19.956  -29.880 0.8571428657
87828  -22.747  21.260  -31.083 0.8571428657
130103  -27.031  18.108  -27.891 0.4285714328
85201  -25.321  18.440  -29.125 0.7142857313
86112  -24.662  19.733  -29.323 0.7142857313
78642  -23.647  11.332  -34.166 0.2857142985
80608  -25.308  13.250  -31.431 0.5714285970
80616  -23.863  12.956  -32.668 0.5714285970
85210  -24.168  18.408  -30.226 0.8571428657
84327  -26.188  17.072  -29.010 0.4285714328
129346  -25.448  17.561  -29.294 0.8571428657
139706  -26.756  17.405  -28.422 0.4285714328
75728  -25.708  8.078  -30.888 0.7142857313
75755  -24.998  8.792  -32.485 0.4285714328
75729  -26.313  8.515  -30.309 0.7142857313
76721  -26.029  9.833  -31.106 0.8571428657
131401  -25.687  10.169  -31.698 0.5714285970
78644  -25.064  10.939  -32.632 0.5714285970
77674  -24.560  10.367  -33.818 0.4285714328
77655  -25.937  10.783  -31.096 0.8571428657
78632  -25.511  11.416  -31.701 0.5714285970
78631  -24.904  11.790  -32.376 0.5714285970
79627  -26.539  12.565  -30.391 0.8571428657
79626  -25.906  12.860  -30.851 0.7142857313
79632  -25.408  12.343  -31.513 0.5714285970
82560  -27.403  15.043  -29.374 0.7142857313
83473  -25.503  16.621  -29.688 0.7142857313
83464  -28.506  15.839  -28.381 0.2857142985
83463  -27.767  16.255  -28.531 0.4285714328
84313  -26.955  16.638  -28.711 0.5714285970
139387  -26.290  6.411  -29.665 0.4285714328
73606  -25.311  6.377  -30.710 0.4285714328
74689  -25.042  7.580  -31.580 0.4285714328
76713  -26.822  9.861  -29.884 0.7142857313
76722  -26.388  9.409  -30.425 0.7142857313
77656  -26.427  10.288  -30.459 0.7142857313
78624  -26.019  11.871  -30.825 0.8571428657
82548  -27.930  15.437  -28.841 0.2857142985
72505  -25.031  5.539  -30.605 0.5714285970
73607  -25.976  6.792  -30.177 0.5714285970
74668  -25.521  7.212  -30.781 0.5714285970
80586  -28.763  13.534  -28.759 0.4285714328
81573  -28.703  14.314  -28.710 0.4285714328
82549  -28.628  15.073  -28.604 0.4285714328
81572  -28.108  14.676  -29.094 0.4285714328
70296  -25.532  3.279  -28.765 0.5714285970
75685  -30.146  8.608  -26.998 0.4285714328
76688  -30.079  9.511  -27.051 0.4285714328
78598  -29.651  11.869  -27.759 0.4285714328
78611  -29.203  11.607  -28.215 0.4285714328
79599  -29.707  12.714  -27.805 0.4285714328
80587  -29.297  13.139  -28.356 0.4285714328
68254  -27.928  1.151  -23.896 0.1428571492
77627  -30.083  10.420  -27.205 0.4285714328
78599  -30.218  11.362  -27.259 0.4285714328
69237  -28.031  2.209  -25.040 0.1428571492
69238  -28.872  2.381  -24.838 0.1428571492
71295  -30.141  4.125  -25.847 0.2857142985
74628  -31.465  7.856  -26.197 0.2857142985
77594  -31.863  10.138  -25.661 0.2857142985
75668  -31.333  8.727  -26.182 0.2857142985
73569  -30.382  6.819  -26.941 0.4285714328
76667  -30.689  9.132  -26.589 0.2857142985
75667  -30.780  8.195  -26.583 0.2857142985
77613  -31.206  10.677  -26.277 0.2857142985
126877  -30.629  10.034  -26.668 0.4285714328
68269  -28.464  1.784  -24.397 0.1428571492
68270  -29.338  1.983  -24.237 0.1428571492
68268  -27.633  1.626  -24.627 0.1428571492
70243  -29.862  3.383  -25.376 0.2857142985
72434  -31.804  5.386  -25.765 0.2857142985
73561  -32.097  6.691  -25.873 0.2857142985
73560  -31.499  6.507  -26.279 0.2857142985
142547  -31.642  7.147  -26.164 0.2857142985
68271  -30.055  2.145  -24.057 0.1428571492
70236  -31.956  4.310  -24.902 0.2857142985
70234  -30.510  3.167  -24.775 0.2857142985
70245  -31.297  4.041  -25.183 0.2857142985
70244  -30.646  3.760  -25.326 0.2857142985
69250  -29.248  2.884  -25.254 0.2857142985
71297  -31.573  4.709  -25.517 0.2857142985
65301  -26.759  -1.152  -21.799 0.2857142985
67297  -27.739  0.411  -23.209 0.1428571492
66322  -27.195  -0.090  -22.844 0.2857142985
67298  -28.610  0.786  -23.248 0.1428571492
133236  -25.055  -3.238  -19.996 0.2857142985
63262  -24.764  -3.814  -19.824 0.2857142985
139240  -24.168  -3.936  -20.110 0.2857142985
144045  -27.344  -0.401  -22.437 0.2857142985
63279  -25.702  -3.110  -19.813 0.1428571492
62230  -24.428  -4.557  -19.724 0.2857142985
70233  -29.787  2.641  -24.674 0.1428571492
129018  -31.050  3.524  -24.850 0.2857142985
71298  -32.268  4.967  -25.305 0.2857142985
74612  -32.155  7.558  -25.751 0.2857142985
72444  -31.366  5.811  -26.255 0.2857142985
75656  -31.852  8.349  -25.805 0.2857142985
74642  -30.192  7.639  -27.082 0.4285714328
78586  -31.343  11.506  -26.200 0.2857142985
75742  -25.324  8.474  -31.729 0.7142857313
82550  -29.255  14.727  -28.286 0.2857142985
86967  -21.709  20.342  -32.397 0.7142857313
88705  -22.281  22.700  -32.280 0.7142857313
130979  -27.632  17.226  -28.119 0.2857142985
86946  -23.656  20.573  -30.090 0.8571428657
91390  -19.812  25.983  -33.576 0.2857142985
89492  -23.923  23.390  -30.463 0.4285714328
91379  -23.558  25.680  -32.330 0.1428571492
93181  -19.185  27.817  -34.041 0.2857142985
64263  -25.988  -2.562  -20.292 0.1428571492
133718  -27.314  -1.289  -21.390 0.1428571492
68255  -28.919  1.399  -23.762 0.1428571492
68257  -30.677  1.881  -23.602 0.1428571492
69229  -31.238  2.443  -23.778 0.1428571492
70264  -29.529  3.811  -25.957 0.2857142985
71296  -30.871  4.444  -25.705 0.2857142985
132251  -32.732  6.907  -25.527 0.2857142985
71310  -30.367  4.859  -26.264 0.2857142985
73592  -25.728  6.041  -30.056 0.5714285970
73559  -30.837  6.329  -26.608 0.2857142985
73622  -24.843  6.723  -31.404 0.2857142985
131143  -31.056  12.086  -26.495 0.2857142985
126421  -25.944  8.953  -31.068 0.7142857313
76743  -24.538  9.556  -33.795 0.4285714328
76731  -25.496  9.389  -31.888 0.5714285970
78585  -30.792  11.390  -26.644 0.4285714328
78643  -24.380  11.224  -33.510 0.5714285970
125597  -30.567  11.939  -26.925 0.2857142985
77626  -29.474  10.907  -27.789 0.4285714328
77662  -25.556  10.687  -31.942 0.7142857313
80575  -30.256  13.092  -27.388 0.1428571492
80574  -29.738  13.543  -27.819 0.4285714328
81574  -29.291  13.938  -28.343 0.4285714328
81560  -29.796  14.364  -27.827 0.1428571492
83475  -27.184  15.824  -29.084 0.5714285970
85185  -27.537  18.813  -27.753 0.2857142985
145865  -20.285  26.638  -29.318 0.2857142985
86114  -25.811  19.087  -28.554 0.4285714328
86937  -26.667  20.605  -28.365 0.1428571492
88671  -23.742  22.147  -30.022 0.5714285970
87810  -26.309  21.240  -28.433 0.1428571492
89475  -25.319  23.034  -29.468 0.1428571492
93154  -21.555  28.032  -29.643 0.1428571492
88689  -23.362  22.701  -30.690 0.5714285970
131209  -24.936  22.291  -29.012 0.1428571492
144918  -22.209  25.393  -33.227 0.2857142985
90459  -22.999  25.014  -32.474 0.2857142985
90445  -24.508  24.814  -31.058 0.1428571492
91370  -24.830  25.582  -31.506 0.1428571492
92255  -21.949  26.827  -33.630 0.2857142985
92256  -22.945  26.795  -33.100 0.1428571492
93167  -23.958  27.049  -32.984 0.1428571492
65268  -27.544  -1.680  -20.827 0.1428571492
67299  -29.493  1.021  -23.205 0.1428571492
75657  -32.589  8.415  -25.427 0.2857142985
142743  -29.024  16.176  -27.950 0.2857142985
92248  -25.375  26.514  -32.598 0.1428571492
63277  -23.734  -3.621  -20.580 0.2857142985
64262  -24.758  -2.803  -20.521 0.2857142985
64288  -26.802  -1.635  -21.139 0.1428571492
65302  -27.473  -0.773  -21.924 0.1428571492
67313  -27.202  1.154  -24.369 0.1428571492
69249  -28.544  2.775  -25.494 0.2857142985
70242  -29.088  3.329  -25.738 0.2857142985
74669  -26.185  7.611  -30.222 0.5714285970
78625  -26.501  11.182  -30.376 0.7142857313
83474  -26.421  16.234  -29.396 0.7142857313
81601  -25.179  14.101  -31.319 0.8571428657
129329  -19.773  25.112  -33.309 0.2857142985
92246  -19.439  26.558  -32.563 0.2857142985
81586  -28.228  13.918  -29.204 0.4285714328
72433  -31.144  5.134  -26.055 0.2857142985
86123  -24.048  19.227  -30.027 0.8571428657
91377  -19.439  25.899  -32.950 0.2857142985
93983  -20.884  28.120  -31.773 0.2857142985
134354  -21.225  28.987  -31.678 0.1428571492
93160  -20.708  27.590  -30.823 0.2857142985
92264  -19.493  27.210  -33.947 0.2857142985
92253  -20.431  26.256  -33.965 0.2857142985
90458  -22.258  24.890  -33.115 0.2857142985
132366  -23.721  26.332  -32.616 0.1428571492
91369  -23.840  25.193  -31.732 0.1428571492
92247  -24.584  26.561  -32.527 0.1428571492
90432  -24.185  24.053  -30.656 0.1428571492
142310  -23.154  24.460  -32.024 0.4285714328
90433  -25.154  24.304  -30.560 0.1428571492
88672  -24.479  22.683  -29.656 0.1428571492
87818  -23.961  21.364  -29.694 0.4285714328
86113  -25.460  19.861  -28.676 0.5714285970
79631  -24.776  12.702  -32.172 0.5714285970
80607  -24.619  13.590  -31.972 0.5714285970
81599  -23.525  14.727  -32.208 0.4285714328
84326  -24.862  17.226  -29.777 0.8571428657
142386  -25.169  19.170  -29.040 0.8571428657
76744  -24.958  9.330  -32.794 0.4285714328
77675  -25.197  10.075  -32.637 0.5714285970
77685  -24.096  9.815  -35.017 0.2857142985
83465  -29.175  15.498  -28.146 0.2857142985
79600  -30.204  12.263  -27.372 0.4285714328
74627  -30.966  7.199  -26.563 0.2857142985
76668  -31.279  9.657  -26.195 0.2857142985
77612  -30.564  10.778  -26.793 0.4285714328
68256  -29.823  1.603  -23.677 0.1428571492
73544  -32.002  6.012  -25.948 0.2857142985
69239  -30.581  2.544  -24.202 0.1428571492
63263  -25.404  -3.692  -19.628 0.1428571492
62231  -25.102  -4.220  -19.540 0.1428571492
63280  -26.494  -2.946  -19.779 0.1428571492
65289  -27.958  -1.192  -21.289 0.1428571492
93147  -21.076  27.373  -29.268 0.1428571492
86966  -21.175  19.907  -33.690 0.5714285970
86157  -21.376  19.033  -32.613 0.4285714328
86137  -21.513  19.670  -32.544 0.4285714328
86138  -22.461  19.234  -31.905 0.4285714328
83490  -22.380  16.963  -32.312 0.4285714328
84348  -21.982  17.682  -32.463 0.4285714328
85222  -22.374  18.471  -32.167 0.5714285970
135191  -22.219  19.898  -31.877 0.5714285970
82579  -23.258  15.624  -31.937 0.5714285970
77596  -33.249  10.543  -24.747 0.1428571492
78564  -31.932  11.178  -25.594 0.1428571492
76652  -31.888  9.159  -25.683 0.1428571492
136133  -35.359  9.937  -24.288 0.1428571492
76654  -33.673  9.648  -24.666 0.1428571492
77582  -35.009  10.626  -24.320 0.1428571492
78550  -35.854  11.259  -24.419 0.1428571492
67325  -24.342  0.161  -25.355 0.2857142985
74602  -33.335  7.866  -25.111 0.1428571492
75645  -33.976  8.057  -24.688 0.1428571492
76640  -34.209  8.907  -24.541 0.1428571492
77584  -36.824  10.384  -24.565 0.1428571492
76641  -35.113  9.161  -24.261 0.1428571492
77614  -37.661  10.713  -26.442 0.1428571492
77597  -37.073  11.011  -24.897 0.1428571492
78587  -37.308  11.516  -26.115 0.1428571492
66353  -23.854  -0.321  -25.195 0.2857142985
72421  -32.898  5.259  -25.055 0.1428571492
73546  -33.240  6.366  -25.225 0.1428571492
72435  -32.443  5.590  -25.499 0.1428571492
134086  -33.364  7.095  -25.199 0.1428571492
75646  -34.787  8.242  -24.352 0.1428571492
74603  -34.471  7.394  -24.504 0.1428571492
132699  -36.761  8.767  -24.206 0.1428571492
76643  -37.182  9.561  -24.506 0.1428571492
77615  -37.968  10.001  -25.932 0.1428571492
77629  -38.059  9.986  -26.797 0.1428571492
77598  -37.484  10.737  -25.499 0.1428571492
66337  -24.448  -0.203  -24.690 0.2857142985
66336  -23.757  -0.748  -24.672 0.2857142985
65330  -23.735  -1.296  -24.060 0.2857142985
71290  -32.666  4.597  -24.697 0.1428571492
72403  -33.996  5.235  -24.193 0.1428571492
72422  -33.533  5.707  -24.789 0.1428571492
73526  -33.995  6.586  -24.680 0.1428571492
74604  -35.355  7.611  -24.137 0.1428571492
75648  -37.640  8.675  -24.470 0.1428571492
76656  -38.233  9.255  -25.464 0.1428571492
77628  -37.672  10.611  -27.339 0.1428571492
70235  -31.610  3.607  -24.564 0.1428571492
71274  -33.094  4.251  -24.099 0.1428571492
72404  -34.764  5.597  -23.819 0.1428571492
71276  -34.426  4.774  -23.534 0.1428571492
73529  -36.946  7.045  -23.770 0.1428571492
72423  -34.198  5.846  -24.407 0.1428571492
74605  -36.489  7.847  -24.016 0.1428571492
128626  -34.921  6.817  -24.229 0.1428571492
144403  -37.150  8.267  -24.190 0.1428571492
76669  -38.389  9.315  -26.316 0.1428571492
75649  -38.255  8.676  -24.914 0.1428571492
76689  -37.922  9.846  -27.694 0.1428571492
70227  -32.997  3.668  -23.666 0.1428571492
69240  -31.146  3.027  -24.346 0.1428571492
71277  -35.273  4.999  -23.081 0.1428571492
70228  -34.036  4.044  -23.250 0.1428571492
72405  -35.773  5.705  -23.329 0.1428571492
71275  -33.715  4.544  -23.862 0.1428571492
73531  -38.737  6.468  -24.207 0.1428571492
73517  -38.223  6.205  -23.693 0.1428571492
138132  -38.433  7.365  -24.378 0.1428571492
74614  -38.725  7.837  -24.993 0.1428571492
74606  -37.605  7.760  -24.118 0.1428571492
129827  -38.221  8.083  -24.555 0.1428571492
71257  -36.958  4.269  -22.463 0.1428571492
71255  -34.830  4.233  -22.835 0.1428571492
146716  -38.503  5.231  -23.561 0.1428571492
71279  -37.472  4.921  -22.878 0.1428571492
72408  -38.646  5.686  -23.800 0.1428571492
74629  -38.972  7.915  -25.838 0.1428571492
74615  -39.159  7.117  -25.329 0.1428571492
71278  -36.363  5.054  -22.788 0.1428571492
73515  -36.341  6.353  -23.547 0.1428571492
73528  -35.863  7.000  -23.868 0.1428571492
73545  -32.599  6.201  -25.567 0.1428571492
78613  -37.334  11.220  -27.907 0.1428571492
76642  -36.151  9.569  -24.266 0.1428571492
76655  -37.776  9.934  -25.312 0.1428571492
129085  -38.608  8.726  -25.902 0.1428571492
76690  -38.376  9.235  -27.207 0.1428571492
77642  -37.482  10.420  -28.202 0.1428571492
77641  -36.935  10.943  -28.711 0.1428571492
78600  -37.416  11.396  -27.030 0.1428571492
78551  -36.528  11.737  -24.776 0.1428571492
141396  -32.680  11.150  -25.067 0.1428571492
128835  -20.291  21.767  -33.800 0.4285714328
93998  -23.213  28.100  -33.929 0.1428571492
93997  -22.322  27.975  -34.159 0.1428571492
76653  -32.710  9.598  -25.197 0.1428571492
70226  -32.399  3.769  -24.205 0.1428571492
70225  -31.828  2.942  -23.871 0.1428571492
74613  -32.837  7.572  -25.411 0.1428571492
79586  -30.649  12.625  -26.875 0.1428571492
75658  -33.383  8.733  -24.927 0.1428571492
77595  -32.469  10.527  -25.281 0.1428571492
129081  -34.558  9.769  -24.397 0.1428571492
77581  -34.111  10.327  -24.498 0.1428571492
77583  -35.974  10.489  -24.347 0.1428571492
78548  -34.181  11.075  -24.489 0.1428571492
78549  -35.021  11.412  -24.373 0.1428571492
142433  -36.539  11.025  -24.598 0.1428571492
143986  -33.821  7.367  -24.835 0.1428571492
77585  -37.426  10.230  -24.904 0.1428571492
71291  -33.345  4.915  -24.505 0.1428571492
141974  -32.983  5.801  -25.267 0.1428571492
75647  -35.767  8.539  -24.155 0.1428571492
76644  -37.806  9.434  -24.895 0.1428571492
73527  -34.639  6.208  -24.265 0.1428571492
69231  -32.612  3.050  -23.445 0.1428571492
146811  -33.456  3.962  -23.585 0.1428571492
73530  -37.973  6.902  -23.837 0.1428571492
73516  -37.432  6.298  -23.543 0.1428571492
73514  -35.332  6.292  -23.828 0.1428571492
72406  -36.879  5.679  -23.211 0.1428571492
73532  -39.198  6.396  -24.867 0.1428571492
74630  -39.318  7.041  -26.084 0.1428571492
72407  -37.999  5.555  -23.349 0.1428571492
60220  -23.276  -6.080  -19.933 0.1428571492
62246  -23.524  -4.454  -20.306 0.1428571492
61233  -22.343  -5.463  -20.761 0.1428571492
62245  -22.661  -4.745  -20.823 0.1428571492
62257  -23.009  -3.969  -20.972 0.1428571492
63292  -23.383  -3.310  -21.226 0.1428571492
63306  -23.100  -3.075  -22.048 0.1428571492
64308  -23.270  -2.304  -23.312 0.1428571492
64299  -23.529  -2.550  -22.503 0.1428571492
127889  -23.669  -1.800  -23.570 0.1428571492
63305  -22.400  -3.433  -22.610 0.1428571492
64298  -22.800  -2.814  -22.921 0.1428571492
65310  -23.064  -1.895  -23.992 0.1428571492
65328  -22.280  -1.996  -24.495 0.1428571492
65340  -23.038  -0.822  -25.505 0.1428571492
67324  -23.622  -0.091  -25.826 0.2857142985
67344  -24.259  0.542  -26.162 0.1428571492
67343  -23.374  0.142  -26.614 0.2857142985
68312  -24.954  1.588  -27.294 0.2857142985
70312  -25.123  3.478  -29.639 0.4285714328
71352  -26.019  4.928  -29.230 0.4285714328
72489  -25.515  5.242  -29.894 0.4285714328
85235  -20.739  19.076  -33.488 0.2857142985
86156  -21.095  19.535  -34.022 0.2857142985
86980  -20.738  19.887  -34.139 0.4285714328
66367  -22.826  -0.426  -26.268 0.1428571492
68295  -24.666  1.103  -26.813 0.1428571492
63291  -22.691  -3.656  -21.708 0.1428571492
64306  -21.662  -2.423  -23.911 0.1428571492
65339  -22.063  -1.461  -25.500 0.1428571492
66352  -22.304  -0.919  -26.067 0.1428571492
67358  -22.878  0.320  -27.432 0.2857142985
67359  -23.859  0.654  -27.141 0.2857142985
68311  -24.283  1.243  -27.605 0.2857142985
69290  -25.174  2.514  -28.386 0.4285714328
70295  -24.776  2.688  -29.357 0.4285714328
141891  -24.221  2.882  -30.260 0.2857142985
81608  -23.717  13.864  -32.475 0.2857142985
81607  -22.653  14.142  -32.964 0.2857142985
82586  -21.523  15.448  -33.576 0.2857142985
82578  -22.140  16.039  -32.579 0.2857142985
84363  -21.067  17.766  -32.694 0.2857142985
84362  -20.969  17.235  -32.810 0.2857142985
69275  -24.694  1.875  -27.961 0.2857142985
82587  -22.429  15.056  -32.744 0.2857142985
83498  -21.132  16.572  -33.434 0.2857142985
83499  -21.447  16.876  -32.814 0.2857142985
85236  -21.336  18.373  -32.565 0.2857142985
82585  -21.291  15.747  -33.759 0.2857142985
129162  -21.281  16.133  -33.667 0.2857142985
64309  -23.985  -2.049  -22.997 0.1428571492
65311  -24.315  -1.398  -23.436 0.1428571492
65329  -22.963  -1.451  -24.765 0.1428571492
61234  -22.983  -5.333  -20.303 0.1428571492
64307  -22.494  -2.432  -23.692 0.1428571492
67342  -22.679  -0.118  -26.816 0.2857142985
127888  -20.977  18.397  -32.685 0.2857142985
128967  -21.214  16.211  -33.667 0.2857142985
72504  -24.203  4.919  -31.346 0.2857142985
71366  -24.792  4.656  -30.511 0.2857142985
95555  -19.967  30.494  -36.067 0.1428571492
94787  -19.933  29.698  -36.321 0.1428571492
94771  -19.960  29.345  -35.074 0.1428571492
94009  -20.038  28.307  -34.617 0.1428571492
94010  -21.368  28.224  -34.592 0.1428571492
124531  -19.119  28.792  -33.208 0.1428571492
95517  -19.958  31.107  -32.280 0.1428571492
73605  -24.562  5.862  -31.381 0.2857142985
94011  -22.421  28.399  -34.604 0.1428571492
126335  -20.620  29.639  -36.552 0.1428571492
93173  -21.711  27.474  -34.170 0.1428571492
94772  -20.665  28.887  -34.901 0.1428571492
94019  -21.601  28.894  -35.058 0.1428571492
92254  -21.008  26.787  -34.193 0.1428571492
93996  -18.990  28.308  -33.670 0.1428571492
93183  -20.614  27.561  -34.421 0.1428571492
144696  -19.369  29.717  -34.008 0.1428571492
95526  -19.773  30.457  -32.810 0.1428571492
131659  -19.429  29.659  -33.348 0.1428571492
94754  -19.664  29.617  -32.754 0.1428571492
126275  -20.408  29.933  -32.132 0.1428571492
93182  -19.610  27.641  -34.363 0.1428571492
71351  -25.345  4.365  -29.781 0.2857142985
94786  -19.634  29.724  -35.952 0.1428571492
96283  -20.019  30.783  -34.961 0.1428571492
142344  -20.635  29.348  -35.646 0.1428571492
94008  -19.309  28.443  -34.328 0.1428571492
94770  -19.718  29.466  -34.729 0.1428571492
132177  -20.424  31.118  -35.240 0.1428571492
94759  -19.017  28.992  -33.884 0.1428571492
80613  -21.732  14.084  -33.607 0.1428571492
81606  -21.795  14.567  -33.577 0.1428571492
83497  -21.003  16.719  -33.439 0.1428571492
83488  -19.691  16.589  -31.767 0.1428571492
83496  -20.307  17.005  -32.634 0.1428571492
80615  -22.912  13.266  -33.241 0.1428571492
84347  -19.397  17.908  -31.251 0.1428571492
85220  -19.973  18.485  -31.925 0.1428571492
75754  -24.432  8.835  -33.464 0.2857142985
74723  -23.759  8.438  -33.945 0.1428571492
79652  -22.950  11.626  -34.031 0.1428571492
79640  -23.214  12.327  -33.541 0.1428571492
80620  -22.013  13.128  -33.733 0.1428571492
127666  -21.339  14.646  -33.589 0.1428571492
86155  -20.570  19.536  -34.099 0.1428571492
85221  -20.520  19.056  -32.991 0.1428571492
86135  -19.798  19.229  -31.842 0.2857142985
86978  -19.730  20.807  -33.541 0.2857142985
133736  -19.625  22.150  -30.053 0.2857142985
89491  -19.669  23.544  -29.415 0.2857142985
92234  -20.570  27.022  -29.142 0.1428571492
90401  -22.372  24.696  -27.469 0.1428571492
86965  -19.904  19.991  -32.841 0.2857142985
88716  -19.805  22.329  -33.785 0.2857142985
87834  -19.207  21.475  -32.904 0.2857142985
87827  -19.704  21.408  -31.025 0.2857142985
88715  -19.515  22.835  -32.852 0.2857142985
135265  -19.667  21.980  -31.705 0.2857142985
90431  -19.679  24.381  -29.121 0.1428571492
88670  -19.525  22.651  -28.830 0.2857142985
92217  -20.913  26.884  -27.978 0.1428571492
92218  -22.010  26.684  -27.902 0.1428571492
87816  -19.664  21.471  -29.753 0.1428571492
86945  -19.731  21.012  -29.667 0.1428571492
88687  -19.539  22.740  -29.140 0.2857142985
89474  -19.603  23.470  -28.934 0.2857142985
141657  -19.883  24.581  -28.575 0.1428571492
89461  -19.731  23.352  -28.640 0.1428571492
84334  -18.812  17.880  -30.310 0.2857142985
88656  -19.693  22.607  -28.600 0.1428571492
127834  -20.350  23.066  -28.271 0.1428571492
84308  -18.618  17.364  -28.714 0.1428571492
134386  -27.976  18.198  -27.672 0.1428571492
78657  -23.554  10.717  -34.650 0.1428571492
79650  -22.015  12.603  -33.783 0.1428571492
79638  -21.704  13.229  -33.608 0.1428571492
81598  -20.803  14.708  -33.205 0.1428571492
82577  -20.745  15.517  -33.010 0.1428571492
82568  -19.349  15.939  -31.189 0.1428571492
85233  -20.714  18.478  -32.671 0.1428571492
85208  -19.098  18.546  -30.547 0.2857142985
86964  -19.687  20.708  -31.893 0.1428571492
86956  -19.612  20.678  -30.262 0.1428571492
87817  -19.455  22.171  -28.650 0.2857142985
89462  -20.394  24.042  -28.189 0.1428571492
90400  -21.492  24.349  -27.781 0.1428571492
127809  -28.455  16.645  -28.037 0.1428571492
84314  -28.588  17.547  -27.644 0.1428571492
135256  -19.267  22.179  -33.130 0.2857142985
91328  -21.430  25.421  -27.630 0.1428571492
131059  -19.819  22.889  -29.966 0.2857142985
87839  -20.184  20.696  -33.901 0.2857142985
78658  -24.035  10.542  -34.828 0.1428571492
82537  -29.786  15.184  -27.804 0.1428571492
85234  -20.551  19.157  -33.691 0.1428571492
80614  -22.081  13.657  -33.653 0.1428571492
130048  -21.210  15.333  -33.673 0.1428571492
82584  -21.134  15.988  -33.715 0.1428571492
80612  -21.064  13.872  -33.331 0.1428571492
83489  -20.655  16.320  -32.855 0.1428571492
141684  -19.754  17.287  -31.767 0.1428571492
84361  -20.818  17.623  -32.702 0.1428571492
79639  -22.413  12.665  -33.708 0.1428571492
84360  -20.210  17.770  -32.251 0.1428571492
79651  -22.344  12.157  -33.795 0.1428571492
86136  -20.188  19.431  -33.725 0.2857142985
86979  -20.177  20.032  -34.073 0.2857142985
88704  -19.725  22.731  -31.475 0.2857142985
88669  -19.496  21.979  -29.053 0.1428571492
87838  -19.681  21.552  -33.595 0.2857142985
92227  -22.281  27.103  -28.275 0.1428571492
127558  -19.561  19.953  -31.017 0.1428571492
67341  -21.729  0.205  -27.071 0.1428571492
68310  -23.423  0.910  -27.954 0.1428571492
67356  -21.389  0.760  -27.344 0.1428571492
68308  -21.678  1.299  -28.018 0.1428571492
69286  -21.699  2.001  -28.673 0.1428571492
68309  -22.541  0.918  -28.115 0.1428571492
69287  -21.953  1.995  -29.469 0.1428571492
68322  -22.983  1.340  -28.684 0.1428571492
68323  -23.852  1.474  -28.406 0.1428571492
69302  -22.005  2.097  -30.384 0.1428571492
69303  -22.462  2.056  -30.237 0.1428571492
70311  -22.975  2.559  -30.620 0.1428571492
69304  -23.727  2.253  -29.848 0.1428571492
69301  -21.840  2.252  -29.655 0.1428571492
70310  -21.974  2.362  -30.968 0.1428571492
70328  -23.450  3.228  -30.888 0.1428571492
71365  -23.876  4.014  -31.119 0.1428571492
131320  -24.161  6.247  -31.984 0.1428571492
74688  -24.253  6.994  -32.277 0.1428571492
66365  -21.763  -0.362  -26.520 0.1428571492
67340  -21.267  0.301  -26.668 0.1428571492
75741  -24.453  8.030  -32.694 0.1428571492
139530  -24.546  3.743  -30.427 0.1428571492
67357  -22.037  0.505  -27.595 0.1428571492
66376  -22.178  -0.030  -27.062 0.1428571492
69289  -24.317  2.042  -28.873 0.1428571492
68307  -20.959  1.450  -27.473 0.1428571492
68321  -22.242  1.616  -28.694 0.1428571492
69288  -22.386  1.844  -29.484 0.1428571492
126152  -23.293  1.762  -29.279 0.1428571492
70309  -22.065  2.441  -30.772 0.1428571492
70327  -22.418  2.928  -31.051 0.1428571492
70280  -21.290  2.803  -28.457 0.1428571492
66364  -21.125  -0.151  -26.001 0.1428571492
74607  -38.932  7.051  -24.751 0.1428571492
75659  -38.551  8.502  -25.378 0.1428571492
77684  -23.825  10.053  -35.155 0.1428571492
81605  -21.506  15.023  -33.677 0.1428571492
94801  -19.935  29.915  -36.540 0.1428571492
143779  -25.342  -2.789  -20.246 0.2857142985
144683  -26.624  11.900  -30.275 1.0000000000
