#!ascii label  , from subject sub-v1s3x0050789_ses-1 vox2ras=TkReg
1075
52647  34.845  -17.000  34.462 0.0000000000
71365  41.441  0.715  17.803 0.0000000000
61472  34.638  -9.250  23.767 0.0000000000
45906  14.140  -23.299  39.297 0.0000000000
57035  28.895  -13.976  35.767 0.0000000000
66446  34.516  -4.903  23.434 0.0000000000
142799  19.798  -17.238  35.599 0.0000000000
47110  18.137  -22.383  37.536 0.0000000000
52668  23.802  -17.022  33.990 0.0000000000
71372  46.437  0.845  16.774 0.0000000000
57067  33.728  -13.462  33.516 0.0000000000
58124  34.774  -12.110  30.357 0.0000000000
54793  38.689  -15.582  33.191 0.0000000000
75432  43.689  4.051  16.770 0.0000000000
74488  47.438  3.471  13.839 0.0000000000
71327  37.907  0.198  20.680 0.0000000000
68509  42.419  -2.717  19.777 0.0000000000
67436  37.439  -3.736  20.566 0.0000000000
62544  39.102  -8.024  22.871 0.0000000000
132788  32.968  -19.487  36.733 0.0000000000
41937  12.153  -26.990  42.875 0.0000000000
43759  7.522  -24.925  43.932 0.0000000000
45779  5.111  -23.951  48.037 0.0000000000
54780  31.141  -15.849  34.589 0.0000000000
51623  28.457  -18.313  35.363 0.0000000000
61389  29.659  -9.061  28.460 0.0000000000
60254  37.382  -10.369  29.688 0.0000000000
77450  49.476  6.535  13.456 0.0000000000
71362  44.104  0.445  17.219 0.0000000000
70375  44.775  -0.716  18.280 0.0000000000
54797  34.636  -15.463  33.586 0.0000000000
55944  36.144  -14.892  32.911 0.0000000000
53647  37.299  -16.506  34.027 0.0000000000
73447  41.619  2.112  18.447 0.0000000000
123745  42.792  3.404  18.791 0.0000000000
130735  42.812  2.241  16.927 0.0000000000
72436  44.791  2.096  16.024 0.0000000000
41849  4.599  -27.720  48.184 0.0000000000
68513  37.641  -1.727  20.399 0.0000000000
69394  35.740  -2.075  21.900 0.0000000000
64505  33.832  -7.078  22.486 0.0000000000
63605  36.207  -7.221  21.703 0.0000000000
61470  37.150  -8.827  22.920 0.0000000000
61432  38.345  -9.479  25.188 0.0000000000
45937  16.238  -23.173  37.961 0.0000000000
45890  17.656  -24.238  40.234 0.0000000000
42887  15.711  -26.082  39.939 0.0000000000
139184  14.886  -27.237  42.373 0.0000000000
42872  13.353  -26.115  40.639 0.0000000000
45867  9.049  -23.319  42.749 0.0000000000
45819  6.072  -23.703  45.153 0.0000000000
55928  29.834  -14.935  34.575 0.0000000000
52652  29.557  -17.268  34.304 0.0000000000
54799  28.193  -15.497  33.810 0.0000000000
51604  22.582  -18.413  36.407 0.0000000000
52595  24.904  -17.615  36.874 0.0000000000
57111  39.122  -12.861  31.219 0.0000000000
59133  35.579  -10.696  29.937 0.0000000000
68462  35.695  -2.877  24.099 0.0000000000
66425  33.756  -5.296  25.036 0.0000000000
65483  31.851  -6.304  24.778 0.0000000000
50463  21.291  -19.212  36.177 0.0000000000
49355  19.784  -21.070  37.849 0.0000000000
142565  18.774  -19.985  36.034 0.0000000000
50467  17.142  -20.045  36.927 0.0000000000
49345  15.574  -20.934  38.378 0.0000000000
55951  25.949  -14.523  33.440 0.0000000000
57072  24.034  -13.795  34.053 0.0000000000
129635  21.981  -16.753  34.383 0.0000000000
59087  32.568  -11.778  33.409 0.0000000000
58115  31.768  -12.133  31.415 0.0000000000
57116  34.256  -13.479  31.589 0.0000000000
140295  37.153  -13.981  32.036 0.0000000000
76406  47.032  5.641  15.068 0.0000000000
75441  45.217  4.295  15.424 0.0000000000
72434  47.496  1.913  15.729 0.0000000000
71354  39.709  0.507  18.894 0.0000000000
69438  41.951  -1.358  18.658 0.0000000000
69421  39.632  -1.469  19.494 0.0000000000
147088  40.247  -3.757  20.527 0.0000000000
129977  40.972  -5.630  21.674 0.0000000000
66470  36.097  -4.350  21.293 0.0000000000
64522  38.809  -6.396  21.426 0.0000000000
51618  34.205  -18.327  35.479 0.0000000000
51616  36.615  -17.978  35.799 0.0000000000
140094  40.639  1.641  21.076 0.0000000000
45891  12.168  -23.115  40.673 0.0000000000
43787  11.231  -25.229  41.486 0.0000000000
140995  9.739  -25.784  42.923 0.0000000000
41909  8.996  -26.915  45.042 0.0000000000
42804  7.323  -26.446  45.515 0.0000000000
43726  5.031  -25.672  46.079 0.0000000000
44740  3.805  -25.135  47.743 0.0000000000
44721  2.319  -25.722  51.015 0.0000000000
53652  32.954  -16.241  33.863 0.0000000000
51638  31.817  -17.691  34.915 0.0000000000
50461  30.845  -19.226  36.312 0.0000000000
53658  26.450  -16.984  34.123 0.0000000000
61438  31.690  -9.009  25.764 0.0000000000
133786  32.113  -11.251  29.301 0.0000000000
60294  33.519  -9.886  27.645 0.0000000000
60308  36.256  -10.097  26.181 0.0000000000
52619  38.592  -17.703  35.561 0.0000000000
76445  49.998  5.951  10.682 0.0000000000
76425  48.392  5.318  13.364 0.0000000000
74515  49.609  3.885  11.848 0.0000000000
71363  43.199  0.600  17.290 0.0000000000
70390  44.445  -0.181  17.686 0.0000000000
70377  43.072  -0.672  18.022 0.0000000000
53673  34.922  -15.930  33.688 0.0000000000
53672  35.821  -15.988  33.636 0.0000000000
52646  35.831  -17.060  34.585 0.0000000000
72397  41.185  1.518  18.220 0.0000000000
73456  41.786  2.015  17.821 0.0000000000
72409  42.249  1.727  17.403 0.0000000000
71376  42.941  1.423  17.088 0.0000000000
41850  3.594  -27.572  48.304 0.0000000000
69393  36.118  -1.371  22.335 0.0000000000
69382  36.191  -1.426  23.260 0.0000000000
61473  34.273  -8.749  23.166 0.0000000000
148639  35.579  -8.690  22.598 0.0000000000
61471  35.839  -9.163  23.278 0.0000000000
61451  37.856  -9.391  24.338 0.0000000000
60333  36.048  -9.573  24.258 0.0000000000
45924  15.516  -23.684  38.432 0.0000000000
44847  15.772  -24.526  38.609 0.0000000000
44836  14.589  -24.605  39.131 0.0000000000
42871  14.146  -26.075  40.232 0.0000000000
44837  13.854  -24.629  39.619 0.0000000000
145187  29.525  -14.564  34.961 0.0000000000
141764  29.259  -14.970  34.286 0.0000000000
55948  28.504  -14.756  34.094 0.0000000000
51562  21.972  -18.736  37.782 0.0000000000
61345  30.560  -9.496  32.338 0.0000000000
144160  38.827  -11.851  31.033 0.0000000000
123588  32.309  -5.677  25.183 0.0000000000
65459  32.085  -5.508  25.992 0.0000000000
51629  20.365  -18.790  35.526 0.0000000000
49374  20.108  -20.022  36.012 0.0000000000
51630  19.586  -18.762  35.639 0.0000000000
51583  17.510  -18.523  37.479 0.0000000000
51584  16.960  -18.913  37.928 0.0000000000
49344  16.140  -20.331  37.966 0.0000000000
57057  25.572  -13.363  35.252 0.0000000000
54771  20.656  -15.638  35.443 0.0000000000
54784  21.586  -15.293  34.382 0.0000000000
52629  20.674  -17.246  35.144 0.0000000000
51628  21.732  -18.225  35.304 0.0000000000
58088  32.705  -12.705  32.679 0.0000000000
57082  33.559  -13.920  32.778 0.0000000000
135166  37.804  -15.393  33.114 0.0000000000
55971  36.819  -14.482  32.540 0.0000000000
54821  38.367  -14.943  32.754 0.0000000000
55969  38.942  -14.340  32.375 0.0000000000
54820  39.293  -15.049  32.772 0.0000000000
75423  43.537  4.143  17.644 0.0000000000
76408  45.663  4.991  15.675 0.0000000000
75442  44.566  4.244  15.906 0.0000000000
72424  45.143  1.490  16.264 0.0000000000
136247  45.557  2.093  15.682 0.0000000000
72422  46.955  1.387  16.257 0.0000000000
72387  38.868  0.664  19.884 0.0000000000
70381  39.824  -0.178  18.832 0.0000000000
70361  38.627  -0.430  19.670 0.0000000000
128209  37.606  -2.761  20.486 0.0000000000
68512  38.411  -2.390  20.189 0.0000000000
67435  38.475  -3.424  20.368 0.0000000000
66479  40.620  -4.265  20.812 0.0000000000
65533  39.555  -4.894  20.941 0.0000000000
66445  35.026  -4.300  23.003 0.0000000000
67415  35.288  -3.608  22.405 0.0000000000
66459  35.162  -4.470  22.123 0.0000000000
63585  37.978  -7.800  22.192 0.0000000000
64523  37.468  -6.792  21.520 0.0000000000
63602  39.210  -6.992  21.932 0.0000000000
64504  40.063  -6.850  22.163 0.0000000000
50458  33.641  -19.171  36.364 0.0000000000
51597  34.492  -18.854  36.101 0.0000000000
71304  38.190  0.796  21.744 0.0000000000
72367  38.953  1.296  21.257 0.0000000000
72386  39.337  1.030  19.716 0.0000000000
48226  18.827  -22.069  37.942 0.0000000000
127455  18.699  -22.523  39.376 0.0000000000
41936  13.647  -27.000  42.471 0.0000000000
41010  14.617  -27.834  44.265 0.0000000000
124948  13.152  -27.389  43.847 0.0000000000
41921  12.335  -27.297  43.586 0.0000000000
47045  11.353  -22.559  41.492 0.0000000000
44823  11.906  -23.842  40.663 0.0000000000
45878  10.655  -23.448  41.386 0.0000000000
44783  8.227  -24.187  43.251 0.0000000000
43772  9.394  -24.939  42.654 0.0000000000
43757  9.084  -25.535  43.274 0.0000000000
42816  9.753  -26.952  44.416 0.0000000000
42817  8.415  -26.321  44.609 0.0000000000
42803  8.126  -26.643  45.319 0.0000000000
42818  7.608  -26.074  44.847 0.0000000000
45806  5.269  -23.941  46.528 0.0000000000
43738  5.381  -25.064  45.666 0.0000000000
44752  4.842  -24.494  46.583 0.0000000000
43715  4.179  -25.490  47.125 0.0000000000
148273  4.317  -24.707  47.474 0.0000000000
124374  32.136  -15.837  34.151 0.0000000000
54779  32.806  -15.907  33.815 0.0000000000
127211  31.984  -16.049  34.034 0.0000000000
52649  32.306  -16.883  34.489 0.0000000000
52650  31.393  -16.868  34.650 0.0000000000
51641  29.348  -18.138  34.699 0.0000000000
51621  30.610  -18.480  35.175 0.0000000000
51622  29.260  -18.497  35.399 0.0000000000
53680  25.096  -16.313  33.734 0.0000000000
53679  26.009  -16.323  33.737 0.0000000000
53659  25.522  -16.906  34.148 0.0000000000
52606  26.373  -17.438  36.905 0.0000000000
139867  42.192  -2.081  19.268 0.0000000000
69417  43.608  -1.729  19.039 0.0000000000
68507  44.249  -2.988  20.195 0.0000000000
63516  29.690  -7.636  27.593 0.0000000000
63528  30.402  -7.342  26.463 0.0000000000
61421  30.816  -8.863  26.826 0.0000000000
58113  33.146  -12.901  30.877 0.0000000000
127571  31.368  -11.477  30.325 0.0000000000
58125  33.458  -12.081  30.224 0.0000000000
59131  36.969  -10.738  29.802 0.0000000000
60257  35.129  -10.252  29.444 0.0000000000
60271  35.555  -9.993  28.703 0.0000000000
60293  34.852  -9.816  27.338 0.0000000000
60290  36.965  -10.267  27.680 0.0000000000
60306  37.795  -9.935  26.933 0.0000000000
127264  37.391  -17.864  35.746 0.0000000000
129604  50.086  6.704  12.185 0.0000000000
75450  47.070  4.644  14.091 0.0000000000
76417  47.374  5.361  14.362 0.0000000000
75460  47.550  4.164  13.623 0.0000000000
74496  49.359  3.648  12.441 0.0000000000
73528  50.600  3.159  11.611 0.0000000000
54751  19.992  -15.948  36.192 0.0000000000
52609  19.179  -17.085  36.222 0.0000000000
71373  45.530  0.873  16.723 0.0000000000
70387  47.325  0.055  17.951 0.0000000000
70389  45.380  -0.188  17.849 0.0000000000
55946  34.311  -14.970  33.044 0.0000000000
140427  34.751  -14.633  32.586 0.0000000000
55945  35.310  -14.918  32.809 0.0000000000
54795  36.357  -15.474  33.314 0.0000000000
53670  38.069  -16.088  33.557 0.0000000000
74428  43.255  2.885  20.130 0.0000000000
74436  42.144  2.729  18.796 0.0000000000
74448  42.528  3.081  17.476 0.0000000000
74458  43.458  3.460  16.537 0.0000000000
73481  44.001  3.206  16.006 0.0000000000
73466  43.415  2.731  16.469 0.0000000000
139580  44.330  1.679  16.406 0.0000000000
133763  6.135  -27.421  47.532 0.0000000000
71305  37.534  0.300  22.035 0.0000000000
129313  37.408  -0.251  20.836 0.0000000000
69409  36.793  -0.811  21.153 0.0000000000
68497  36.415  -1.937  21.170 0.0000000000
68514  36.775  -3.072  20.865 0.0000000000
65497  33.852  -6.193  22.644 0.0000000000
65530  35.008  -6.042  21.805 0.0000000000
64526  35.035  -6.770  21.837 0.0000000000
62566  36.558  -7.880  21.920 0.0000000000
62519  38.672  -8.534  23.301 0.0000000000
62500  38.927  -8.768  24.028 0.0000000000
61431  39.171  -9.216  25.675 0.0000000000
50443  32.345  -19.658  37.357 0.0000000000
45922  17.069  -23.278  37.936 0.0000000000
139969  17.663  -23.306  38.560 0.0000000000
44845  17.073  -23.985  38.672 0.0000000000
43812  16.754  -25.311  39.788 0.0000000000
42856  16.397  -26.660  41.341 0.0000000000
125625  13.972  -26.607  40.984 0.0000000000
42859  13.137  -26.510  41.314 0.0000000000
47027  10.062  -22.420  42.693 0.0000000000
47006  8.149  -22.879  43.655 0.0000000000
45836  7.248  -23.496  43.984 0.0000000000
44774  6.468  -24.401  44.641 0.0000000000
46960  6.582  -22.947  45.053 0.0000000000
45805  6.016  -23.338  46.481 0.0000000000
45790  6.287  -23.340  47.519 0.0000000000
53653  30.969  -16.254  34.516 0.0000000000
53654  30.161  -16.215  34.371 0.0000000000
53655  29.292  -16.276  34.132 0.0000000000
140259  28.065  -17.363  34.140 0.0000000000
51642  23.646  -17.819  34.902 0.0000000000
52628  24.580  -17.640  35.170 0.0000000000
51602  24.159  -17.817  36.464 0.0000000000
66476  43.042  -4.031  20.960 0.0000000000
61366  29.791  -9.406  30.136 0.0000000000
58109  36.643  -12.526  30.630 0.0000000000
59123  35.197  -11.254  30.178 0.0000000000
58121  37.022  -11.799  30.218 0.0000000000
59120  37.320  -10.987  30.124 0.0000000000
77443  49.485  7.075  14.673 0.0000000000
41837  1.781  -27.684  50.004 0.0000000000
67373  35.819  -4.285  25.313 0.0000000000
130846  34.740  -4.970  24.812 0.0000000000
66434  34.242  -4.999  24.203 0.0000000000
65481  33.157  -5.666  24.021 0.0000000000
64491  32.607  -7.057  23.480 0.0000000000
62522  32.730  -7.937  23.581 0.0000000000
50447  21.301  -19.419  37.163 0.0000000000
49342  20.398  -20.424  38.139 0.0000000000
50448  20.614  -20.081  37.197 0.0000000000
136785  19.553  -21.084  37.114 0.0000000000
48253  18.264  -21.394  36.636 0.0000000000
51606  18.208  -18.822  36.441 0.0000000000
134204  17.611  -20.267  36.574 0.0000000000
48254  17.537  -21.425  36.735 0.0000000000
48239  16.388  -21.670  37.381 0.0000000000
48240  15.718  -21.650  37.954 0.0000000000
48227  14.784  -21.985  38.869 0.0000000000
57068  27.620  -13.795  34.321 0.0000000000
57069  26.780  -13.527  34.232 0.0000000000
57088  24.576  -13.945  33.575 0.0000000000
54804  23.590  -15.392  33.534 0.0000000000
55918  22.452  -14.356  35.024 0.0000000000
54805  22.647  -14.973  33.675 0.0000000000
53661  22.876  -16.757  33.977 0.0000000000
51644  22.281  -17.912  34.974 0.0000000000
51605  21.886  -18.659  35.890 0.0000000000
60196  31.902  -10.356  33.669 0.0000000000
60210  31.511  -10.623  32.930 0.0000000000
59098  32.157  -11.913  32.652 0.0000000000
57118  32.696  -13.232  31.682 0.0000000000
58112  34.153  -12.824  31.011 0.0000000000
57102  34.422  -14.112  32.104 0.0000000000
57115  35.206  -13.349  31.457 0.0000000000
57114  36.105  -13.284  31.332 0.0000000000
57112  38.170  -13.059  31.077 0.0000000000
57097  39.561  -13.653  31.941 0.0000000000
76394  46.183  5.572  16.086 0.0000000000
75440  45.950  4.667  14.981 0.0000000000
74478  46.306  3.590  14.474 0.0000000000
73480  44.795  2.797  15.615 0.0000000000
73494  45.938  3.084  14.825 0.0000000000
70394  41.040  0.216  18.123 0.0000000000
70378  42.280  -0.645  18.117 0.0000000000
70380  40.597  -0.391  18.542 0.0000000000
69439  40.983  -1.183  18.818 0.0000000000
68523  40.820  -2.424  19.740 0.0000000000
68526  38.379  -1.637  20.016 0.0000000000
68524  39.930  -2.247  19.776 0.0000000000
68510  41.208  -3.042  20.147 0.0000000000
66478  41.385  -4.216  20.886 0.0000000000
66468  41.878  -4.728  21.379 0.0000000000
68478  35.553  -2.568  23.297 0.0000000000
68498  35.544  -3.006  21.831 0.0000000000
67437  36.678  -4.038  20.880 0.0000000000
65529  35.605  -5.494  21.578 0.0000000000
65536  36.974  -5.234  20.829 0.0000000000
65535  37.692  -5.169  20.715 0.0000000000
65525  39.225  -5.653  21.162 0.0000000000
52624  34.288  -17.675  34.897 0.0000000000
52623  35.317  -17.599  35.058 0.0000000000
140452  34.936  -18.225  35.542 0.0000000000
50456  36.065  -19.060  36.851 0.0000000000
73427  40.925  1.897  19.786 0.0000000000
72398  40.446  1.197  18.651 0.0000000000
48212  14.561  -21.711  39.676 0.0000000000
47059  13.409  -22.594  40.349 0.0000000000
47076  13.674  -22.860  39.819 0.0000000000
44822  12.427  -24.439  40.470 0.0000000000
43804  11.892  -24.822  40.852 0.0000000000
42861  11.590  -26.156  41.823 0.0000000000
45879  10.041  -23.717  41.832 0.0000000000
125189  10.151  -25.478  42.411 0.0000000000
42842  11.191  -26.480  42.533 0.0000000000
41923  11.003  -27.343  43.935 0.0000000000
41907  10.447  -27.400  44.511 0.0000000000
42791  7.032  -26.773  46.216 0.0000000000
43748  6.454  -25.152  44.877 0.0000000000
42806  5.686  -25.971  45.811 0.0000000000
41881  5.742  -26.933  46.949 0.0000000000
42777  4.868  -26.706  47.022 0.0000000000
42778  4.158  -26.330  47.284 0.0000000000
42766  2.882  -26.939  48.336 0.0000000000
44730  3.865  -24.414  49.178 0.0000000000
43703  2.906  -25.542  48.430 0.0000000000
42767  2.299  -27.106  49.987 0.0000000000
53674  33.882  -15.952  33.828 0.0000000000
53675  33.220  -16.002  33.733 0.0000000000
52648  33.872  -16.797  34.264 0.0000000000
52625  33.214  -17.375  34.628 0.0000000000
148860  33.028  -18.221  35.288 0.0000000000
50472  32.800  -19.028  35.855 0.0000000000
51639  30.955  -17.822  34.831 0.0000000000
51620  31.434  -18.452  35.264 0.0000000000
143924  31.480  -19.272  36.148 0.0000000000
54800  27.346  -15.510  33.657 0.0000000000
53657  27.323  -17.217  34.125 0.0000000000
52654  27.837  -17.965  34.797 0.0000000000
52627  25.406  -17.455  35.456 0.0000000000
52626  26.381  -17.440  35.790 0.0000000000
51624  27.850  -18.169  35.783 0.0000000000
69436  43.370  -1.213  18.479 0.0000000000
65471  31.007  -6.219  26.007 0.0000000000
62503  31.719  -7.873  24.736 0.0000000000
142698  33.587  -9.336  24.570 0.0000000000
59112  30.865  -11.026  31.399 0.0000000000
60240  30.376  -10.586  30.388 0.0000000000
60275  30.350  -10.171  28.896 0.0000000000
59134  34.772  -10.802  29.943 0.0000000000
59145  33.379  -10.811  28.884 0.0000000000
134493  31.633  -10.210  27.707 0.0000000000
60310  33.235  -9.637  26.870 0.0000000000
60324  34.531  -9.716  25.961 0.0000000000
60334  35.496  -9.806  24.979 0.0000000000
60322  36.898  -9.962  25.633 0.0000000000
52621  37.124  -17.532  35.250 0.0000000000
52644  37.717  -17.155  34.718 0.0000000000
53645  39.296  -16.788  34.325 0.0000000000
52617  40.479  -17.447  35.628 0.0000000000
53668  39.886  -16.322  33.822 0.0000000000
78438  51.226  7.407  11.461 0.0000000000
77444  48.721  6.559  14.579 0.0000000000
76424  48.948  5.771  12.917 0.0000000000
75468  48.753  4.065  12.790 0.0000000000
76432  48.731  4.905  12.700 0.0000000000
76431  49.209  5.372  12.066 0.0000000000
76446  49.576  5.275  11.310 0.0000000000
76459  49.874  4.938  10.599 0.0000000000
71364  42.231  0.821  17.490 0.0000000000
70392  42.678  -0.025  17.666 0.0000000000
53649  35.364  -16.466  34.074 0.0000000000
72410  41.553  1.327  17.752 0.0000000000
61492  35.065  -8.985  23.144 0.0000000000
140583  35.337  -9.329  23.749 0.0000000000
45925  14.692  -23.851  38.877 0.0000000000
44848  15.160  -24.390  38.762 0.0000000000
132449  14.114  -24.021  39.320 0.0000000000
57053  28.972  -14.247  34.997 0.0000000000
55929  29.085  -14.595  34.536 0.0000000000
55930  28.388  -14.215  34.428 0.0000000000
61336  31.110  -9.488  33.029 0.0000000000
126755  20.094  -18.056  35.438 0.0000000000
53631  20.207  -16.470  35.491 0.0000000000
52660  20.814  -16.295  34.927 0.0000000000
131910  20.931  -18.129  35.273 0.0000000000
57083  33.290  -13.148  33.114 0.0000000000
146314  37.533  -14.826  32.757 0.0000000000
54792  39.577  -15.666  33.294 0.0000000000
75416  44.145  4.645  18.254 0.0000000000
75422  44.215  4.553  17.274 0.0000000000
75431  44.356  4.396  16.456 0.0000000000
75430  44.977  4.717  16.075 0.0000000000
72423  46.018  1.379  16.169 0.0000000000
71371  47.315  0.923  16.901 0.0000000000
41862  7.822  -27.670  47.519 0.0000000000
71326  38.397  0.432  20.289 0.0000000000
71341  38.669  0.203  19.734 0.0000000000
70362  38.011  -0.217  20.218 0.0000000000
66480  39.019  -4.265  20.565 0.0000000000
66481  38.041  -4.384  20.515 0.0000000000
66460  34.725  -5.011  22.612 0.0000000000
128643  38.748  -7.632  22.310 0.0000000000
146744  33.638  -19.512  37.042 0.0000000000
71315  38.276  0.708  20.924 0.0000000000
72376  38.837  0.973  20.389 0.0000000000
47090  19.029  -22.102  38.903 0.0000000000
47091  18.338  -22.638  38.496 0.0000000000
42841  12.830  -26.794  42.156 0.0000000000
41920  13.758  -27.264  43.308 0.0000000000
124682  12.975  -27.087  43.043 0.0000000000
47046  10.819  -22.821  41.486 0.0000000000
44784  7.611  -24.234  43.658 0.0000000000
43773  8.717  -24.793  43.064 0.0000000000
43758  8.209  -25.081  43.545 0.0000000000
42830  8.745  -25.952  43.923 0.0000000000
43746  7.938  -25.624  44.230 0.0000000000
45791  5.481  -23.694  47.273 0.0000000000
134053  4.777  -24.291  47.239 0.0000000000
125491  4.387  -24.853  47.000 0.0000000000
54768  32.346  -15.590  34.949 0.0000000000
145454  28.675  -18.208  34.904 0.0000000000
131754  29.539  -18.790  36.129 0.0000000000
51600  28.700  -18.482  36.200 0.0000000000
53681  24.217  -16.335  33.696 0.0000000000
53660  24.640  -16.974  34.095 0.0000000000
68521  43.014  -2.263  19.364 0.0000000000
68508  43.258  -2.872  19.944 0.0000000000
62442  29.555  -8.358  28.988 0.0000000000
63507  29.581  -7.558  28.347 0.0000000000
62451  29.571  -8.329  28.057 0.0000000000
62462  30.208  -8.520  27.162 0.0000000000
61403  30.457  -9.215  27.410 0.0000000000
135165  34.048  -12.303  30.521 0.0000000000
60255  36.717  -10.427  29.452 0.0000000000
60270  36.377  -10.208  28.739 0.0000000000
60291  36.050  -10.180  27.785 0.0000000000
60269  37.218  -10.269  28.824 0.0000000000
60268  37.964  -10.090  29.035 0.0000000000
77456  50.142  7.086  13.065 0.0000000000
75461  46.892  3.903  14.008 0.0000000000
132198  19.629  -15.817  37.045 0.0000000000
53619  19.363  -16.424  36.622 0.0000000000
125393  20.530  -15.389  36.164 0.0000000000
71361  45.011  0.370  17.235 0.0000000000
71360  45.940  0.334  17.334 0.0000000000
70374  45.696  -0.751  18.481 0.0000000000
124792  34.822  -15.104  32.970 0.0000000000
54796  35.389  -15.378  33.253 0.0000000000
147400  36.601  -16.086  33.645 0.0000000000
53671  37.193  -15.781  33.429 0.0000000000
73437  41.565  2.199  19.283 0.0000000000
145378  42.119  2.540  19.623 0.0000000000
73455  42.342  2.456  17.388 0.0000000000
73446  42.108  2.612  17.964 0.0000000000
74447  43.045  3.589  17.086 0.0000000000
73467  42.776  2.981  16.852 0.0000000000
71375  43.796  1.179  16.868 0.0000000000
71374  44.657  0.989  16.755 0.0000000000
41848  5.560  -27.788  48.180 0.0000000000
70330  37.034  -0.229  22.346 0.0000000000
70340  37.129  -0.228  21.540 0.0000000000
69400  36.345  -1.367  21.590 0.0000000000
146352  36.560  -2.479  21.003 0.0000000000
143523  36.160  -2.676  21.309 0.0000000000
128439  34.447  -6.562  22.113 0.0000000000
63587  34.669  -7.485  22.118 0.0000000000
61491  36.355  -8.829  22.743 0.0000000000
62548  36.101  -8.350  22.155 0.0000000000
62547  36.844  -8.408  22.344 0.0000000000
62546  37.590  -8.351  22.534 0.0000000000
62520  37.919  -8.727  23.089 0.0000000000
134970  38.223  -8.974  23.771 0.0000000000
144438  38.485  -9.145  24.419 0.0000000000
61416  39.336  -9.389  26.582 0.0000000000
71293  38.142  0.603  22.675 0.0000000000
47112  16.684  -22.538  37.492 0.0000000000
45923  16.391  -23.925  38.354 0.0000000000
43826  15.895  -25.192  38.927 0.0000000000
44835  16.461  -25.121  39.182 0.0000000000
43813  16.123  -25.628  39.450 0.0000000000
43801  16.433  -25.910  40.144 0.0000000000
42869  16.061  -26.421  40.591 0.0000000000
42857  15.583  -26.777  41.161 0.0000000000
42870  15.272  -26.462  40.491 0.0000000000
43802  13.587  -25.407  40.074 0.0000000000
42873  12.710  -26.135  41.005 0.0000000000
46983  7.932  -22.593  44.359 0.0000000000
47007  7.588  -22.970  43.945 0.0000000000
46984  7.150  -22.916  44.447 0.0000000000
46959  7.338  -22.597  45.091 0.0000000000
55915  30.082  -14.791  35.267 0.0000000000
54770  30.555  -15.285  34.872 0.0000000000
54781  30.331  -15.540  34.555 0.0000000000
54798  28.944  -15.502  34.081 0.0000000000
53676  28.617  -16.158  33.925 0.0000000000
53656  28.687  -16.956  34.003 0.0000000000
53677  27.896  -16.473  33.820 0.0000000000
51626  23.305  -18.037  35.343 0.0000000000
51625  23.997  -17.880  35.531 0.0000000000
51603  23.357  -18.123  36.142 0.0000000000
62420  29.661  -8.648  30.508 0.0000000000
61354  29.722  -9.271  30.915 0.0000000000
58108  37.509  -12.448  30.660 0.0000000000
58107  38.289  -12.260  30.775 0.0000000000
59109  38.769  -10.644  31.671 0.0000000000
59118  38.327  -11.058  30.850 0.0000000000
59119  38.112  -10.715  30.486 0.0000000000
128089  35.286  -4.540  24.837 0.0000000000
144457  33.612  -5.343  24.357 0.0000000000
66447  33.840  -5.357  23.719 0.0000000000
66435  33.019  -5.477  24.785 0.0000000000
65482  32.481  -5.945  24.365 0.0000000000
64478  32.162  -6.667  24.073 0.0000000000
63547  32.117  -7.481  24.034 0.0000000000
50464  20.691  -19.751  36.426 0.0000000000
49375  19.366  -20.077  35.959 0.0000000000
49365  19.589  -20.637  36.506 0.0000000000
48252  19.009  -21.278  36.746 0.0000000000
49366  18.711  -20.655  36.305 0.0000000000
52610  18.630  -17.625  36.571 0.0000000000
130223  18.569  -18.266  36.319 0.0000000000
52596  18.056  -18.174  36.924 0.0000000000
50449  17.293  -19.261  37.234 0.0000000000
50466  17.761  -19.526  36.600 0.0000000000
49368  17.217  -20.783  36.721 0.0000000000
47133  17.105  -21.953  37.044 0.0000000000
49356  16.569  -20.723  37.209 0.0000000000
49357  16.004  -21.054  37.687 0.0000000000
134531  15.271  -21.597  38.508 0.0000000000
48211  15.068  -21.305  38.977 0.0000000000
57055  27.360  -13.358  35.086 0.0000000000
57056  26.457  -13.233  34.996 0.0000000000
133605  24.819  -13.576  34.633 0.0000000000
57071  24.950  -13.702  33.818 0.0000000000
55953  24.146  -14.537  33.490 0.0000000000
55954  23.315  -14.442  33.680 0.0000000000
53662  21.413  -16.091  34.433 0.0000000000
54783  22.070  -14.878  33.959 0.0000000000
144933  22.134  -15.734  33.925 0.0000000000
128314  22.908  -15.828  33.675 0.0000000000
52659  22.530  -17.446  34.559 0.0000000000
50476  21.137  -18.790  35.579 0.0000000000
51582  21.929  -18.794  36.753 0.0000000000
60195  32.494  -10.953  33.912 0.0000000000
59088  32.055  -11.154  33.203 0.0000000000
57104  33.117  -13.610  32.298 0.0000000000
57117  33.402  -13.485  31.634 0.0000000000
55972  35.855  -14.465  32.492 0.0000000000
57100  36.416  -13.967  31.968 0.0000000000
57113  37.121  -13.291  31.284 0.0000000000
57099  37.782  -13.671  31.708 0.0000000000
55968  39.901  -14.401  32.401 0.0000000000
74435  43.414  3.496  19.604 0.0000000000
77424  46.780  6.104  16.496 0.0000000000
75451  46.409  4.347  14.473 0.0000000000
75452  45.759  4.060  14.805 0.0000000000
72435  46.570  1.916  15.641 0.0000000000
73479  45.550  2.746  15.250 0.0000000000
73478  46.207  2.501  15.123 0.0000000000
73493  46.592  2.936  14.562 0.0000000000
71353  40.316  0.377  18.465 0.0000000000
70360  39.355  -0.688  19.323 0.0000000000
69440  40.137  -0.947  19.049 0.0000000000
69420  40.479  -1.712  19.349 0.0000000000
70348  37.378  -0.845  20.529 0.0000000000
69423  38.058  -0.963  20.024 0.0000000000
132672  39.289  -2.777  20.138 0.0000000000
68511  40.280  -3.051  20.205 0.0000000000
67432  41.691  -3.582  20.487 0.0000000000
67433  40.909  -3.652  20.507 0.0000000000
66469  41.000  -4.915  21.300 0.0000000000
65523  41.636  -5.406  21.760 0.0000000000
68477  35.888  -2.095  23.726 0.0000000000
67424  35.592  -3.930  21.742 0.0000000000
67423  36.130  -3.516  21.295 0.0000000000
64525  35.735  -6.414  21.624 0.0000000000
147823  38.030  -6.421  21.309 0.0000000000
65527  37.314  -5.945  21.079 0.0000000000
65526  38.282  -5.779  21.018 0.0000000000
50457  35.143  -19.214  36.798 0.0000000000
73418  41.181  1.824  20.652 0.0000000000
72374  40.330  1.675  20.381 0.0000000000
72399  39.769  0.999  19.057 0.0000000000
123708  40.117  1.431  19.492 0.0000000000
145784  40.166  0.890  18.595 0.0000000000
49327  20.457  -20.354  39.204 0.0000000000
49343  19.963  -21.002  38.783 0.0000000000
45905  17.661  -23.782  39.420 0.0000000000
127520  15.054  -27.457  43.002 0.0000000000
136455  12.611  -22.606  40.839 0.0000000000
130464  13.405  -22.255  40.917 0.0000000000
47077  12.957  -23.048  40.300 0.0000000000
45908  12.652  -23.704  40.331 0.0000000000
44807  11.192  -24.110  41.043 0.0000000000
43786  12.057  -25.777  41.167 0.0000000000
47028  9.366  -22.750  42.873 0.0000000000
45866  9.626  -23.109  42.281 0.0000000000
44794  9.440  -23.982  42.329 0.0000000000
42843  10.403  -26.209  42.792 0.0000000000
43771  10.844  -25.858  42.146 0.0000000000
42828  10.830  -26.817  43.284 0.0000000000
41908  9.789  -27.438  45.107 0.0000000000
41895  7.821  -26.934  46.025 0.0000000000
41879  7.579  -27.272  46.801 0.0000000000
44762  5.964  -24.679  45.132 0.0000000000
42792  6.171  -26.593  46.318 0.0000000000
42793  5.294  -26.344  46.395 0.0000000000
42794  4.594  -25.919  46.607 0.0000000000
42779  3.359  -25.979  47.770 0.0000000000
41865  3.665  -26.799  47.785 0.0000000000
148520  3.137  -24.772  49.277 0.0000000000
44731  2.633  -25.402  49.641 0.0000000000
43704  2.462  -26.065  49.337 0.0000000000
43692  2.133  -26.463  50.741 0.0000000000
54778  33.359  -15.846  33.790 0.0000000000
53651  33.614  -16.220  33.866 0.0000000000
135331  32.523  -17.723  34.917 0.0000000000
51619  32.262  -18.398  35.318 0.0000000000
52651  30.522  -17.091  34.571 0.0000000000
50475  30.188  -18.857  35.705 0.0000000000
50474  31.060  -18.963  35.684 0.0000000000
50460  31.502  -19.461  36.827 0.0000000000
57085  27.175  -13.964  33.841 0.0000000000
55950  26.832  -14.572  33.602 0.0000000000
53678  26.924  -16.392  33.742 0.0000000000
129266  26.845  -17.449  34.800 0.0000000000
52608  24.787  -17.678  35.963 0.0000000000
52607  25.609  -17.462  36.391 0.0000000000
52605  27.164  -17.674  36.544 0.0000000000
142047  27.161  -17.720  35.548 0.0000000000
70379  41.445  -0.576  18.312 0.0000000000
69437  42.691  -1.133  18.395 0.0000000000
65461  30.844  -5.793  26.723 0.0000000000
64457  30.454  -6.559  26.531 0.0000000000
62473  31.161  -8.709  26.233 0.0000000000
62488  30.892  -7.598  25.958 0.0000000000
62486  31.983  -8.704  24.983 0.0000000000
61455  32.816  -9.093  24.576 0.0000000000
61437  32.427  -9.272  25.405 0.0000000000
59111  31.431  -11.463  31.764 0.0000000000
59100  31.178  -10.779  32.168 0.0000000000
58138  32.153  -11.667  29.921 0.0000000000
138117  31.550  -11.198  29.647 0.0000000000
60258  30.429  -10.415  29.647 0.0000000000
59147  31.629  -10.869  28.968 0.0000000000
59122  35.950  -11.214  30.037 0.0000000000
60272  33.888  -10.138  28.383 0.0000000000
59144  34.294  -10.448  29.191 0.0000000000
60273  32.968  -10.468  28.178 0.0000000000
60274  32.029  -10.605  28.174 0.0000000000
60295  32.514  -10.016  27.508 0.0000000000
60312  31.704  -9.737  27.191 0.0000000000
60309  35.627  -9.963  26.914 0.0000000000
132904  34.958  -9.820  26.581 0.0000000000
60335  34.819  -9.743  25.138 0.0000000000
142001  35.416  -9.908  25.846 0.0000000000
60323  36.135  -9.919  25.289 0.0000000000
51617  35.804  -18.044  35.651 0.0000000000
52622  36.254  -17.551  35.179 0.0000000000
52620  37.940  -17.611  35.357 0.0000000000
52643  38.696  -17.283  34.916 0.0000000000
52641  40.300  -17.074  35.093 0.0000000000
53667  40.700  -16.237  34.042 0.0000000000
77468  50.418  6.731  11.449 0.0000000000
77434  47.437  6.319  15.822 0.0000000000
76426  47.730  4.974  13.712 0.0000000000
76416  48.153  5.737  14.086 0.0000000000
77451  48.890  6.111  13.774 0.0000000000
75467  49.219  4.437  12.099 0.0000000000
147456  49.350  4.852  11.671 0.0000000000
70391  43.552  -0.126  17.618 0.0000000000
70376  43.893  -0.697  18.114 0.0000000000
53648  36.297  -16.519  34.101 0.0000000000
70319  36.578  -0.786  22.771 0.0000000000
69383  35.658  -1.975  22.828 0.0000000000
62550  34.001  -7.983  22.685 0.0000000000
62549  34.795  -8.390  22.547 0.0000000000
132220  36.656  -9.215  23.465 0.0000000000
61469  37.479  -9.136  23.604 0.0000000000
61452  37.052  -9.520  24.228 0.0000000000
61433  37.453  -9.709  25.020 0.0000000000
45938  15.571  -22.892  38.195 0.0000000000
43827  15.228  -25.033  38.959 0.0000000000
43814  15.401  -25.616  39.393 0.0000000000
42888  14.933  -26.069  39.954 0.0000000000
43815  14.526  -25.402  39.553 0.0000000000
46939  7.793  -22.484  45.899 0.0000000000
130675  23.125  -18.154  36.910 0.0000000000
51581  22.614  -18.385  37.314 0.0000000000
58106  39.621  -12.167  31.516 0.0000000000
66426  32.848  -5.365  25.638 0.0000000000
65470  31.603  -5.963  25.531 0.0000000000
50477  20.603  -19.386  35.819 0.0000000000
50478  19.888  -19.457  35.711 0.0000000000
50479  19.148  -19.418  35.827 0.0000000000
50450  16.712  -19.766  37.588 0.0000000000
57059  23.848  -13.805  35.132 0.0000000000
55920  21.048  -15.014  35.798 0.0000000000
124334  21.250  -15.093  34.988 0.0000000000
54785  21.088  -15.621  34.805 0.0000000000
143172  21.291  -16.801  34.731 0.0000000000
51645  21.635  -17.522  34.889 0.0000000000
57103  33.610  -14.032  32.187 0.0000000000
54794  36.959  -15.094  33.003 0.0000000000
55970  37.849  -14.263  32.361 0.0000000000
54819  40.181  -15.076  32.843 0.0000000000
75417  43.501  4.092  18.730 0.0000000000
76395  45.560  5.260  16.512 0.0000000000
72421  47.849  1.498  16.440 0.0000000000
71340  39.248  0.600  19.420 0.0000000000
70382  39.176  0.029  19.239 0.0000000000
67434  39.531  -3.586  20.411 0.0000000000
127746  39.876  -4.249  20.709 0.0000000000
145821  40.260  -4.752  21.044 0.0000000000
67401  35.355  -3.446  23.378 0.0000000000
66471  35.572  -4.744  21.641 0.0000000000
63604  36.962  -7.314  21.721 0.0000000000
64524  36.656  -6.542  21.468 0.0000000000
136134  37.599  -7.408  21.840 0.0000000000
63603  38.277  -7.100  21.753 0.0000000000
51598  33.646  -18.649  35.707 0.0000000000
130440  34.303  -19.360  36.885 0.0000000000
71303  39.058  1.128  22.424 0.0000000000
140911  39.677  1.374  21.800 0.0000000000
72366  39.865  1.567  21.080 0.0000000000
72375  39.505  1.382  20.352 0.0000000000
48225  19.415  -21.569  38.385 0.0000000000
48210  19.555  -21.546  39.348 0.0000000000
41935  14.369  -27.232  42.769 0.0000000000
41919  14.497  -27.512  43.531 0.0000000000
41904  13.904  -27.535  44.096 0.0000000000
125526  13.332  -27.743  44.741 0.0000000000
126913  11.795  -27.529  44.135 0.0000000000
47044  12.088  -22.383  41.522 0.0000000000
47060  11.839  -22.720  41.024 0.0000000000
45877  11.319  -23.137  40.969 0.0000000000
45853  8.449  -23.426  43.193 0.0000000000
44795  8.828  -24.097  42.813 0.0000000000
42829  9.752  -26.396  43.595 0.0000000000
124416  9.134  -26.516  44.325 0.0000000000
42819  6.842  -25.825  45.092 0.0000000000
45820  5.648  -23.725  45.854 0.0000000000
140016  5.602  -24.259  45.527 0.0000000000
44763  5.178  -24.375  46.033 0.0000000000
43727  4.720  -25.071  46.366 0.0000000000
51640  30.142  -17.999  34.646 0.0000000000
135085  29.908  -18.427  35.070 0.0000000000
50462  30.112  -19.121  36.566 0.0000000000
54802  25.537  -15.440  33.490 0.0000000000
54801  26.452  -15.459  33.548 0.0000000000
52655  25.954  -17.221  34.801 0.0000000000
52594  25.624  -17.472  37.294 0.0000000000
69418  42.798  -1.655  18.844 0.0000000000
68520  43.882  -2.352  19.562 0.0000000000
64439  29.765  -6.743  28.633 0.0000000000
64449  29.748  -6.863  27.769 0.0000000000
64458  29.918  -7.044  27.041 0.0000000000
62475  30.013  -7.819  27.007 0.0000000000
62474  30.655  -8.147  26.468 0.0000000000
58114  32.244  -12.758  31.112 0.0000000000
58127  31.834  -12.084  30.713 0.0000000000
58126  32.602  -12.288  30.419 0.0000000000
58137  32.959  -11.788  29.864 0.0000000000
59132  36.360  -10.738  29.833 0.0000000000
60256  35.937  -10.272  29.501 0.0000000000
126262  34.710  -9.925  28.520 0.0000000000
145428  34.740  -9.806  27.919 0.0000000000
137192  34.293  -9.812  27.838 0.0000000000
60292  35.259  -9.914  27.858 0.0000000000
126987  36.398  -10.070  27.000 0.0000000000
60307  37.012  -10.066  26.553 0.0000000000
139854  36.433  -18.494  36.344 0.0000000000
51595  37.214  -18.252  36.240 0.0000000000
51615  38.058  -18.046  36.005 0.0000000000
51614  38.954  -18.023  36.014 0.0000000000
76418  46.637  5.022  14.643 0.0000000000
75459  48.212  4.493  13.244 0.0000000000
74495  49.984  3.306  12.081 0.0000000000
75484  49.680  4.456  11.374 0.0000000000
74514  50.070  3.727  11.418 0.0000000000
53632  19.668  -16.605  35.992 0.0000000000
53620  18.707  -16.879  37.049 0.0000000000
132657  46.832  0.403  17.408 0.0000000000
70388  46.408  -0.178  18.056 0.0000000000
57081  33.944  -14.327  33.254 0.0000000000
55947  33.924  -14.454  32.655 0.0000000000
73436  42.721  2.944  19.562 0.0000000000
74443  42.441  3.110  18.163 0.0000000000
74442  42.925  3.621  17.953 0.0000000000
74457  44.040  3.916  16.170 0.0000000000
72437  44.129  2.426  16.163 0.0000000000
72425  43.528  1.947  16.623 0.0000000000
71316  37.678  0.279  21.264 0.0000000000
70331  36.603  -0.759  21.901 0.0000000000
147114  36.569  -1.359  21.157 0.0000000000
69408  36.874  -1.425  20.822 0.0000000000
145917  36.958  -2.223  20.769 0.0000000000
65496  34.123  -5.486  22.990 0.0000000000
65511  34.486  -5.758  22.254 0.0000000000
63606  35.475  -7.317  21.821 0.0000000000
63586  35.401  -8.073  22.070 0.0000000000
62567  35.935  -7.818  21.858 0.0000000000
62565  37.266  -7.901  22.069 0.0000000000
62545  38.342  -8.224  22.688 0.0000000000
62499  39.599  -8.538  24.389 0.0000000000
62485  39.745  -8.696  25.212 0.0000000000
61450  39.039  -8.965  24.827 0.0000000000
50442  33.254  -19.722  37.526 0.0000000000
49353  32.940  -19.845  38.096 0.0000000000
45921  17.716  -22.859  37.904 0.0000000000
44834  17.087  -24.618  39.407 0.0000000000
44846  16.457  -24.612  38.773 0.0000000000
129416  17.253  -24.890  40.181 0.0000000000
41950  15.165  -27.065  41.780 0.0000000000
148057  14.618  -26.424  40.512 0.0000000000
42858  14.801  -26.779  41.077 0.0000000000
41951  14.337  -26.980  41.860 0.0000000000
41952  13.578  -26.789  41.718 0.0000000000
47029  8.812  -22.820  43.279 0.0000000000
45854  7.831  -23.471  43.579 0.0000000000
44773  7.013  -24.290  44.100 0.0000000000
45837  6.681  -23.537  44.514 0.0000000000
128587  6.173  -23.243  45.640 0.0000000000
46940  6.799  -22.787  45.877 0.0000000000
140101  5.789  -23.596  48.038 0.0000000000
54769  31.411  -15.609  34.925 0.0000000000
146937  30.662  -15.873  34.502 0.0000000000
54782  29.672  -15.514  34.303 0.0000000000
52653  28.654  -17.770  34.441 0.0000000000
52657  24.162  -17.504  34.558 0.0000000000
127055  24.101  -17.776  34.992 0.0000000000
137289  23.658  -17.937  36.925 0.0000000000
51579  24.220  -17.736  37.339 0.0000000000
67431  42.563  -3.420  20.366 0.0000000000
67430  43.544  -3.499  20.497 0.0000000000
62431  29.616  -8.749  29.755 0.0000000000
61376  29.688  -9.204  29.257 0.0000000000
58110  35.785  -12.574  30.671 0.0000000000
58123  35.504  -11.928  30.186 0.0000000000
58122  36.238  -11.806  30.147 0.0000000000
59121  36.650  -11.182  29.972 0.0000000000
58120  37.740  -11.574  30.376 0.0000000000
146574  37.331  -10.639  29.939 0.0000000000
73506  47.969  2.985  13.928 0.0000000000
41851  2.706  -27.817  49.021 0.0000000000
67382  36.047  -3.274  25.030 0.0000000000
67383  35.502  -3.820  24.444 0.0000000000
66433  34.957  -4.388  23.990 0.0000000000
143779  33.454  -5.890  23.334 0.0000000000
64490  33.230  -6.635  23.060 0.0000000000
65498  32.789  -6.282  23.680 0.0000000000
63563  33.242  -7.520  23.028 0.0000000000
62521  33.493  -8.404  23.313 0.0000000000
61474  33.792  -9.092  23.861 0.0000000000
50430  21.434  -19.237  38.303 0.0000000000
130907  20.903  -19.784  37.925 0.0000000000
49354  20.064  -20.663  37.211 0.0000000000
49364  20.216  -20.286  36.605 0.0000000000
48238  19.221  -21.534  37.479 0.0000000000
47131  18.573  -21.844  37.124 0.0000000000
52630  19.204  -17.975  35.843 0.0000000000
51631  18.846  -18.777  35.944 0.0000000000
50465  18.472  -19.436  36.148 0.0000000000
51607  17.734  -18.844  36.919 0.0000000000
137917  18.189  -20.146  36.284 0.0000000000
49367  17.903  -20.822  36.468 0.0000000000
47132  17.851  -22.010  36.941 0.0000000000
47111  17.433  -22.519  37.419 0.0000000000
47113  15.971  -22.385  37.805 0.0000000000
47093  14.835  -22.916  38.671 0.0000000000
57054  28.272  -13.795  34.955 0.0000000000
57086  26.326  -13.862  33.685 0.0000000000
57070  25.810  -13.511  34.139 0.0000000000
57087  25.441  -13.872  33.560 0.0000000000
55952  25.046  -14.504  33.375 0.0000000000
54803  24.602  -15.419  33.489 0.0000000000
55917  23.182  -14.034  34.559 0.0000000000
55933  21.904  -14.733  34.546 0.0000000000
55932  22.617  -14.380  34.067 0.0000000000
53682  23.494  -16.354  33.726 0.0000000000
52658  23.342  -17.483  34.432 0.0000000000
51643  22.955  -17.902  34.880 0.0000000000
51627  22.583  -18.238  35.514 0.0000000000
60197  31.365  -10.061  33.218 0.0000000000
59099  31.709  -11.291  32.498 0.0000000000
58100  31.824  -11.905  32.074 0.0000000000
58099  32.149  -12.570  31.920 0.0000000000
58111  34.992  -12.678  30.879 0.0000000000
57101  35.468  -14.014  31.988 0.0000000000
57098  38.635  -13.658  31.775 0.0000000000
77435  46.744  5.782  15.734 0.0000000000
76407  46.339  5.276  15.306 0.0000000000
74477  46.879  3.341  14.170 0.0000000000
74467  44.601  3.687  15.655 0.0000000000
74479  45.352  3.435  15.169 0.0000000000
147605  45.816  3.549  14.789 0.0000000000
73492  47.271  2.912  14.242 0.0000000000
70393  41.837  0.069  17.856 0.0000000000
69419  41.349  -1.895  19.263 0.0000000000
68522  41.647  -2.547  19.709 0.0000000000
69422  38.827  -1.184  19.704 0.0000000000
68525  39.073  -1.964  19.859 0.0000000000
148489  41.900  -3.058  20.105 0.0000000000
66477  42.192  -4.095  20.922 0.0000000000
128224  42.651  -4.586  21.428 0.0000000000
68487  35.439  -2.716  22.555 0.0000000000
66482  37.188  -4.584  20.668 0.0000000000
66472  35.060  -5.259  21.937 0.0000000000
131155  36.015  -4.998  21.296 0.0000000000
65528  36.379  -5.613  21.248 0.0000000000
66483  36.543  -4.818  20.981 0.0000000000
65534  38.636  -5.025  20.770 0.0000000000
65524  40.210  -5.489  21.364 0.0000000000
64521  39.713  -6.300  21.607 0.0000000000
64520  40.561  -6.204  21.849 0.0000000000
51596  35.567  -18.631  36.187 0.0000000000
73438  40.975  1.676  18.952 0.0000000000
72411  40.763  0.983  18.089 0.0000000000
45904  18.228  -23.060  39.402 0.0000000000
47075  14.276  -22.485  39.356 0.0000000000
48213  13.981  -22.347  39.889 0.0000000000
45907  13.461  -23.676  39.809 0.0000000000
44838  13.080  -24.527  40.110 0.0000000000
43803  12.704  -25.369  40.573 0.0000000000
42860  12.378  -26.413  41.590 0.0000000000
125348  11.945  -26.677  42.284 0.0000000000
45865  10.262  -22.900  41.860 0.0000000000
44808  10.582  -24.399  41.585 0.0000000000
43789  10.008  -24.642  42.090 0.0000000000
43788  10.557  -25.159  41.937 0.0000000000
144409  11.531  -26.840  42.877 0.0000000000
41922  11.566  -27.150  43.427 0.0000000000
147110  10.379  -27.004  43.936 0.0000000000
41906  11.195  -27.719  44.666 0.0000000000
41894  8.554  -27.147  45.814 0.0000000000
41880  6.653  -27.086  46.904 0.0000000000
43747  7.082  -25.233  44.474 0.0000000000
43737  6.119  -25.533  45.319 0.0000000000
42805  6.515  -26.242  45.673 0.0000000000
41863  5.207  -27.313  47.553 0.0000000000
41864  4.342  -27.115  47.629 0.0000000000
140040  4.797  -24.036  48.788 0.0000000000
127067  4.301  -24.475  48.118 0.0000000000
44741  3.331  -24.878  48.596 0.0000000000
42780  2.668  -26.175  48.567 0.0000000000
53650  34.406  -16.355  34.008 0.0000000000
148625  33.678  -18.077  35.191 0.0000000000
50473  31.861  -19.028  35.726 0.0000000000
50459  32.151  -19.412  36.391 0.0000000000
57084  27.855  -14.235  34.061 0.0000000000
55949  27.668  -14.674  33.804 0.0000000000
52656  25.037  -17.308  34.674 0.0000000000
69435  44.192  -1.246  18.651 0.0000000000
65460  31.686  -5.360  26.694 0.0000000000
143262  31.409  -5.737  26.180 0.0000000000
64468  31.314  -6.632  25.316 0.0000000000
64469  30.826  -6.918  25.902 0.0000000000
63537  31.234  -7.382  25.309 0.0000000000
64479  31.630  -7.049  24.606 0.0000000000
62502  32.347  -8.346  24.234 0.0000000000
146752  33.323  -9.098  24.203 0.0000000000
61454  34.326  -9.469  24.483 0.0000000000
60211  30.958  -10.137  32.621 0.0000000000
60225  30.458  -10.265  31.740 0.0000000000
59125  31.286  -11.609  31.034 0.0000000000
127173  30.343  -10.687  31.036 0.0000000000
60226  29.947  -10.027  30.885 0.0000000000
60241  30.107  -10.060  30.108 0.0000000000
60259  29.993  -9.853  29.477 0.0000000000
60276  29.891  -9.638  28.824 0.0000000000
59124  34.401  -11.601  30.144 0.0000000000
58136  33.753  -11.220  29.706 0.0000000000
59135  32.810  -11.357  29.345 0.0000000000
59146  32.486  -10.958  28.766 0.0000000000
124516  31.060  -10.395  28.317 0.0000000000
61402  30.956  -9.864  27.582 0.0000000000
142295  31.073  -9.400  27.114 0.0000000000
61420  31.532  -9.269  26.574 0.0000000000
61419  32.110  -9.386  26.083 0.0000000000
128561  34.171  -9.706  26.914 0.0000000000
126154  33.703  -9.598  26.061 0.0000000000
61436  33.239  -9.466  25.281 0.0000000000
61435  34.047  -9.576  25.229 0.0000000000
61453  35.102  -9.570  24.391 0.0000000000
61434  36.734  -9.776  24.875 0.0000000000
61418  37.701  -9.861  25.917 0.0000000000
61417  38.522  -9.648  26.237 0.0000000000
52645  36.773  -17.078  34.645 0.0000000000
53646  38.363  -16.713  34.202 0.0000000000
53669  38.996  -16.248  33.686 0.0000000000
51613  39.863  -17.905  35.975 0.0000000000
52618  39.276  -17.590  35.472 0.0000000000
52642  39.604  -17.168  34.939 0.0000000000
54791  40.427  -15.654  33.431 0.0000000000
77445  47.824  6.072  14.868 0.0000000000
124214  49.387  6.670  14.133 0.0000000000
74487  48.222  3.640  13.428 0.0000000000
77457  49.514  6.283  12.518 0.0000000000
77469  49.696  6.065  11.650 0.0000000000
75483  50.206  4.147  10.746 0.0000000000
47092  15.337  -22.243  38.308 0.0000000000
48255  16.900  -21.335  36.918 0.0000000000
53644  40.125  -16.755  34.466 0.0000000000
55904  21.649  -14.683  36.406 0.0000000000
55931  23.362  -14.046  33.951 0.0000000000
59126  30.775  -11.125  30.685 0.0000000000
59136  30.895  -10.973  29.896 0.0000000000
59148  30.925  -10.632  29.191 0.0000000000
60296  30.218  -9.667  28.131 0.0000000000
60311  32.369  -9.584  26.771 0.0000000000
60325  32.870  -9.518  26.080 0.0000000000
61404  29.826  -8.876  27.744 0.0000000000
62463  29.783  -8.251  27.496 0.0000000000
62487  31.329  -8.229  25.621 0.0000000000
62501  33.063  -8.743  23.903 0.0000000000
133712  39.909  -17.457  35.411 0.0000000000
142903  31.265  -5.327  27.260 0.0000000000
147005  31.253  -10.906  29.436 0.0000000000
147957  36.104  -18.276  36.017 0.0000000000
148779  23.863  -14.061  33.709 0.0000000000
