#!ascii label  , from subject sub-v1s3x0050789_ses-1 vox2ras=TkReg
338
20369  48.608  -49.961  -9.654 0.0000000000
15297  41.582  -57.589  -20.601 0.0000000000
145455  50.692  -54.923  -13.147 0.0000000000
134001  44.406  -56.027  -14.730 0.0000000000
13659  48.856  -58.907  -19.984 0.0000000000
16076  50.643  -57.330  -16.156 0.0000000000
12791  47.732  -61.001  -17.404 0.0000000000
133745  41.986  -58.859  -17.483 0.0000000000
16051  39.930  -56.171  -14.909 0.0000000000
20386  50.783  -51.739  -11.198 0.0000000000
17813  48.175  -53.711  -14.382 0.0000000000
15252  45.636  -57.431  -16.670 0.0000000000
126687  44.411  -59.330  -20.359 0.0000000000
12877  46.947  -59.754  -22.510 0.0000000000
22082  46.220  -49.782  -6.841 0.0000000000
19507  50.501  -52.623  -6.842 0.0000000000
17771  51.203  -54.441  -9.357 0.0000000000
17791  41.969  -54.044  -11.815 0.0000000000
13592  48.113  -59.626  -15.849 0.0000000000
14467  41.441  -59.247  -18.919 0.0000000000
15277  40.346  -57.937  -17.485 0.0000000000
123945  50.722  -53.066  -11.853 0.0000000000
17811  50.403  -54.627  -13.760 0.0000000000
14444  49.950  -58.497  -18.493 0.0000000000
16078  48.301  -56.864  -16.630 0.0000000000
14446  47.151  -57.983  -18.256 0.0000000000
13661  45.512  -58.993  -18.546 0.0000000000
13680  47.235  -59.072  -20.520 0.0000000000
15318  46.245  -57.769  -23.629 0.0000000000
18668  50.170  -53.782  -6.159 0.0000000000
18680  51.079  -53.710  -7.377 0.0000000000
17751  50.379  -54.437  -7.554 0.0000000000
17815  45.802  -54.024  -13.808 0.0000000000
16915  43.273  -55.383  -13.531 0.0000000000
144284  37.782  -55.501  -14.507 0.0000000000
16908  38.169  -54.977  -13.012 0.0000000000
16034  50.499  -56.214  -13.546 0.0000000000
16045  50.744  -56.278  -15.084 0.0000000000
14398  50.744  -57.938  -15.962 0.0000000000
14424  50.294  -58.693  -17.138 0.0000000000
12789  49.353  -59.524  -18.573 0.0000000000
15236  43.441  -57.240  -15.693 0.0000000000
16048  42.526  -56.499  -14.645 0.0000000000
15238  41.443  -57.111  -15.863 0.0000000000
16082  39.058  -56.712  -16.251 0.0000000000
148487  42.740  -55.397  -21.654 0.0000000000
138093  49.945  -50.733  -10.286 0.0000000000
18743  47.592  -53.140  -13.754 0.0000000000
17831  46.395  -54.552  -14.591 0.0000000000
16949  49.262  -55.665  -15.849 0.0000000000
16951  46.626  -55.783  -15.613 0.0000000000
126131  44.793  -56.545  -15.393 0.0000000000
14425  44.257  -58.016  -17.059 0.0000000000
146542  43.096  -59.577  -18.527 0.0000000000
14481  42.755  -58.784  -20.816 0.0000000000
13695  48.030  -59.405  -21.162 0.0000000000
13713  46.783  -59.018  -21.911 0.0000000000
14495  44.455  -58.443  -21.936 0.0000000000
15309  43.068  -57.199  -21.663 0.0000000000
22988  46.185  -48.451  -8.752 0.0000000000
22095  47.556  -48.952  -8.771 0.0000000000
21201  48.117  -50.387  -7.139 0.0000000000
21217  49.820  -50.278  -8.964 0.0000000000
20357  51.249  -51.966  -8.899 0.0000000000
18697  51.541  -53.240  -10.087 0.0000000000
143611  51.038  -54.456  -11.343 0.0000000000
16889  50.059  -55.850  -10.407 0.0000000000
16029  49.962  -56.460  -11.750 0.0000000000
16918  40.665  -55.618  -13.435 0.0000000000
21224  47.776  -49.229  -9.499 0.0000000000
149169  45.851  -50.560  -9.312 0.0000000000
20370  47.530  -50.388  -9.666 0.0000000000
14482  41.456  -58.643  -20.108 0.0000000000
14476  40.311  -58.066  -19.070 0.0000000000
17796  50.594  -53.762  -12.363 0.0000000000
18740  50.439  -53.883  -12.843 0.0000000000
17810  50.545  -54.508  -13.067 0.0000000000
14464  49.309  -58.679  -19.345 0.0000000000
14445  48.666  -58.059  -18.571 0.0000000000
14465  48.112  -58.334  -19.186 0.0000000000
14466  46.708  -58.471  -18.684 0.0000000000
13660  47.294  -58.838  -19.600 0.0000000000
14530  46.874  -57.696  -25.501 0.0000000000
17731  50.361  -54.266  -6.889 0.0000000000
16932  44.600  -55.335  -14.141 0.0000000000
147371  44.191  -54.686  -13.351 0.0000000000
128796  43.774  -55.723  -14.106 0.0000000000
17821  36.504  -54.370  -13.739 0.0000000000
137736  50.049  -57.295  -14.456 0.0000000000
14399  49.681  -58.355  -15.308 0.0000000000
130777  47.986  -60.464  -16.888 0.0000000000
13591  49.516  -59.321  -16.509 0.0000000000
12764  48.775  -60.241  -17.468 0.0000000000
12790  48.486  -60.546  -18.174 0.0000000000
15255  42.958  -57.691  -16.222 0.0000000000
15237  42.707  -57.267  -15.687 0.0000000000
14428  41.520  -58.165  -16.863 0.0000000000
15258  39.423  -57.099  -16.811 0.0000000000
137591  38.828  -56.710  -16.866 0.0000000000
16952  37.735  -55.862  -15.892 0.0000000000
20381  50.465  -51.259  -10.745 0.0000000000
19531  49.832  -51.376  -10.783 0.0000000000
19544  50.373  -51.762  -11.344 0.0000000000
17814  46.957  -53.729  -14.250 0.0000000000
17830  47.585  -54.343  -14.875 0.0000000000
16058  50.836  -56.944  -15.743 0.0000000000
16927  50.555  -55.622  -15.015 0.0000000000
16059  50.081  -56.564  -16.020 0.0000000000
16079  47.069  -56.850  -16.517 0.0000000000
16061  47.462  -56.190  -16.221 0.0000000000
126132  46.561  -56.393  -16.050 0.0000000000
16062  45.764  -56.345  -15.672 0.0000000000
16080  46.094  -56.924  -16.263 0.0000000000
15253  44.704  -57.544  -16.459 0.0000000000
15276  45.199  -57.876  -17.221 0.0000000000
128727  44.488  -59.464  -18.661 0.0000000000
13638  44.392  -59.089  -18.122 0.0000000000
13662  43.595  -59.638  -18.834 0.0000000000
13683  42.521  -59.535  -19.522 0.0000000000
13698  43.104  -59.386  -20.236 0.0000000000
12081  43.136  -60.840  -23.120 0.0000000000
12878  45.944  -59.680  -23.263 0.0000000000
12080  45.906  -60.380  -22.269 0.0000000000
12858  47.008  -60.413  -22.064 0.0000000000
12876  47.353  -59.908  -22.051 0.0000000000
13696  47.119  -59.143  -21.252 0.0000000000
140828  46.961  -59.026  -22.522 0.0000000000
14506  45.234  -57.963  -22.781 0.0000000000
149157  45.360  -57.326  -23.234 0.0000000000
14507  43.984  -57.583  -22.183 0.0000000000
15319  44.650  -56.730  -22.895 0.0000000000
22097  45.215  -48.572  -7.651 0.0000000000
22096  46.112  -48.737  -7.850 0.0000000000
128369  46.792  -48.654  -8.767 0.0000000000
21211  46.936  -49.257  -7.792 0.0000000000
19503  49.299  -52.581  -5.531 0.0000000000
20344  48.750  -51.454  -6.309 0.0000000000
20343  49.716  -51.989  -6.532 0.0000000000
21209  49.099  -50.590  -7.810 0.0000000000
20349  50.077  -51.452  -7.816 0.0000000000
20358  50.583  -51.128  -8.903 0.0000000000
20348  50.914  -52.191  -7.908 0.0000000000
17749  51.314  -54.100  -8.458 0.0000000000
18689  51.599  -53.445  -8.957 0.0000000000
135316  51.550  -53.869  -9.397 0.0000000000
17770  51.516  -53.890  -10.188 0.0000000000
17787  51.211  -54.523  -10.430 0.0000000000
15184  48.533  -57.074  -11.051 0.0000000000
16017  49.374  -56.609  -10.890 0.0000000000
16016  50.339  -55.970  -11.187 0.0000000000
16050  40.794  -56.366  -14.778 0.0000000000
16935  41.181  -56.138  -14.018 0.0000000000
16936  40.281  -55.942  -14.150 0.0000000000
17804  38.595  -54.574  -12.253 0.0000000000
14451  41.648  -59.173  -18.269 0.0000000000
14452  41.042  -58.548  -17.615 0.0000000000
19543  50.861  -52.352  -11.479 0.0000000000
19557  49.972  -52.317  -12.105 0.0000000000
19556  50.477  -52.648  -11.961 0.0000000000
17812  49.433  -54.071  -14.144 0.0000000000
15272  50.244  -58.186  -17.697 0.0000000000
16077  49.676  -57.057  -16.504 0.0000000000
15273  49.061  -57.857  -17.718 0.0000000000
15274  47.581  -57.703  -17.595 0.0000000000
15275  46.272  -57.741  -17.400 0.0000000000
14447  45.852  -58.165  -18.007 0.0000000000
123641  45.705  -59.331  -19.388 0.0000000000
13725  46.902  -59.026  -22.811 0.0000000000
135048  46.459  -58.503  -23.636 0.0000000000
14519  46.641  -57.887  -24.446 0.0000000000
19502  50.136  -53.052  -5.930 0.0000000000
19506  51.084  -53.208  -7.234 0.0000000000
18667  50.716  -53.774  -6.811 0.0000000000
17730  50.878  -54.135  -7.365 0.0000000000
17750  50.862  -54.426  -8.269 0.0000000000
17799  43.324  -54.290  -12.621 0.0000000000
17818  42.849  -54.950  -12.951 0.0000000000
16938  38.507  -55.666  -14.366 0.0000000000
16920  38.787  -55.427  -13.614 0.0000000000
16921  37.902  -55.275  -13.831 0.0000000000
17820  37.284  -54.714  -13.344 0.0000000000
16038  50.709  -55.443  -13.427 0.0000000000
16912  50.618  -55.139  -13.801 0.0000000000
15212  50.699  -56.465  -14.641 0.0000000000
15223  50.858  -57.148  -15.578 0.0000000000
15233  50.708  -57.547  -16.126 0.0000000000
14413  50.153  -58.615  -16.234 0.0000000000
14412  50.505  -58.098  -16.616 0.0000000000
13612  50.148  -58.612  -18.141 0.0000000000
13657  49.581  -58.896  -19.137 0.0000000000
16063  43.885  -56.706  -15.206 0.0000000000
16047  43.420  -56.318  -14.640 0.0000000000
16064  43.010  -56.862  -15.165 0.0000000000
16065  42.088  -56.946  -15.357 0.0000000000
16067  40.361  -56.586  -15.495 0.0000000000
15257  40.236  -57.490  -16.723 0.0000000000
16081  39.859  -56.929  -16.156 0.0000000000
16068  39.483  -56.460  -15.588 0.0000000000
133694  38.144  -55.858  -15.065 0.0000000000
16939  37.388  -55.490  -15.069 0.0000000000
15310  42.255  -56.806  -21.218 0.0000000000
20368  49.372  -50.240  -9.775 0.0000000000
19521  48.152  -51.262  -10.024 0.0000000000
20382  49.210  -50.837  -10.164 0.0000000000
17832  45.429  -54.917  -14.265 0.0000000000
128064  45.147  -55.538  -14.596 0.0000000000
17829  48.932  -54.452  -14.875 0.0000000000
16060  48.777  -56.190  -16.297 0.0000000000
16950  47.885  -55.537  -15.863 0.0000000000
16930  47.078  -55.035  -15.262 0.0000000000
149439  45.906  -55.833  -15.332 0.0000000000
15235  44.287  -57.142  -15.800 0.0000000000
15254  43.820  -57.638  -16.329 0.0000000000
14426  43.364  -58.158  -16.909 0.0000000000
14448  44.801  -58.435  -17.743 0.0000000000
14449  43.853  -58.697  -17.529 0.0000000000
14450  42.919  -58.910  -17.447 0.0000000000
13664  42.075  -59.555  -18.887 0.0000000000
13699  42.201  -59.203  -20.167 0.0000000000
130755  42.045  -58.471  -20.590 0.0000000000
12029  48.342  -60.377  -20.345 0.0000000000
12879  44.428  -60.322  -23.225 0.0000000000
12839  47.899  -60.247  -21.235 0.0000000000
13679  48.475  -59.176  -20.596 0.0000000000
13681  45.740  -59.290  -20.247 0.0000000000
13697  45.856  -59.105  -21.015 0.0000000000
14494  45.859  -58.676  -22.370 0.0000000000
13714  45.122  -58.902  -21.466 0.0000000000
13715  43.776  -58.947  -21.092 0.0000000000
14496  43.366  -58.184  -21.465 0.0000000000
16132  42.940  -56.037  -21.743 0.0000000000
23001  45.020  -48.095  -8.615 0.0000000000
22990  44.943  -48.008  -8.168 0.0000000000
23000  45.818  -48.349  -8.953 0.0000000000
22108  46.478  -48.581  -9.165 0.0000000000
22107  47.197  -48.892  -9.357 0.0000000000
21219  48.054  -49.217  -9.337 0.0000000000
20329  47.544  -51.821  -4.958 0.0000000000
129275  47.140  -50.246  -6.664 0.0000000000
143681  47.643  -49.566  -7.781 0.0000000000
21210  48.298  -49.491  -8.483 0.0000000000
21223  48.656  -49.695  -9.501 0.0000000000
21222  49.436  -50.144  -9.592 0.0000000000
20367  50.187  -50.675  -10.127 0.0000000000
20380  50.801  -51.415  -10.734 0.0000000000
19513  51.372  -52.734  -8.128 0.0000000000
20356  51.347  -52.116  -9.689 0.0000000000
19530  51.065  -52.036  -11.101 0.0000000000
19542  51.098  -52.555  -11.176 0.0000000000
17790  50.890  -53.686  -11.737 0.0000000000
16904  50.751  -54.474  -12.315 0.0000000000
16888  50.779  -55.240  -10.813 0.0000000000
16901  50.763  -55.186  -11.690 0.0000000000
16033  50.725  -55.221  -12.581 0.0000000000
16933  42.919  -56.024  -14.010 0.0000000000
16916  42.438  -55.561  -13.437 0.0000000000
17801  41.563  -54.685  -12.195 0.0000000000
16919  39.720  -55.526  -13.502 0.0000000000
16906  40.140  -55.242  -12.740 0.0000000000
13613  49.681  -59.433  -17.425 0.0000000000
13614  48.741  -59.970  -16.717 0.0000000000
13639  43.532  -59.376  -18.149 0.0000000000
13640  42.552  -59.418  -18.219 0.0000000000
13663  42.840  -59.668  -18.901 0.0000000000
13682  43.425  -59.587  -19.506 0.0000000000
13684  41.740  -59.284  -19.513 0.0000000000
13712  47.687  -59.602  -21.808 0.0000000000
13724  47.269  -59.425  -22.280 0.0000000000
14423  50.321  -58.194  -17.464 0.0000000000
14427  42.434  -58.207  -16.818 0.0000000000
14429  40.803  -58.011  -16.964 0.0000000000
14443  50.211  -58.275  -18.075 0.0000000000
14475  41.008  -58.737  -19.393 0.0000000000
14505  46.556  -58.631  -22.988 0.0000000000
15224  50.354  -57.731  -15.235 0.0000000000
15234  45.185  -57.015  -15.998 0.0000000000
15239  40.710  -57.033  -16.007 0.0000000000
15248  50.428  -57.856  -16.747 0.0000000000
15249  49.338  -57.552  -17.000 0.0000000000
15250  47.937  -57.388  -17.003 0.0000000000
15251  46.675  -57.356  -16.880 0.0000000000
15256  42.031  -57.554  -16.147 0.0000000000
15296  42.454  -57.880  -21.123 0.0000000000
16028  50.484  -55.777  -11.953 0.0000000000
16039  50.679  -55.736  -14.334 0.0000000000
16046  45.330  -55.942  -15.093 0.0000000000
16049  41.656  -56.503  -14.693 0.0000000000
16052  39.018  -56.054  -14.973 0.0000000000
16066  41.198  -56.743  -15.391 0.0000000000
16069  38.597  -56.270  -15.692 0.0000000000
16083  38.371  -56.336  -16.468 0.0000000000
16131  43.675  -56.470  -22.255 0.0000000000
16905  41.094  -55.247  -12.744 0.0000000000
16907  39.134  -55.162  -12.817 0.0000000000
16914  44.056  -55.106  -13.639 0.0000000000
16917  41.568  -55.640  -13.408 0.0000000000
16928  49.758  -55.227  -15.312 0.0000000000
16929  48.390  -54.939  -15.444 0.0000000000
16931  45.962  -55.367  -14.947 0.0000000000
16934  42.043  -56.174  -13.977 0.0000000000
16937  39.387  -55.793  -14.261 0.0000000000
16940  36.827  -55.109  -15.019 0.0000000000
16948  50.414  -56.115  -15.458 0.0000000000
17709  50.445  -54.061  -6.667 0.0000000000
17710  50.001  -54.237  -6.348 0.0000000000
17729  51.295  -53.794  -7.937 0.0000000000
17786  51.247  -53.763  -11.012 0.0000000000
17800  42.450  -54.406  -12.327 0.0000000000
17803  39.629  -54.775  -12.098 0.0000000000
17816  44.778  -54.614  -13.618 0.0000000000
17817  43.636  -54.779  -13.167 0.0000000000
17819  41.996  -55.111  -12.825 0.0000000000
17833  37.071  -55.085  -14.285 0.0000000000
18701  51.291  -53.097  -10.836 0.0000000000
18709  51.015  -52.991  -11.380 0.0000000000
18724  50.152  -53.097  -12.537 0.0000000000
19501  50.569  -53.396  -6.504 0.0000000000
19505  51.406  -53.332  -8.015 0.0000000000
19512  51.581  -52.764  -8.922 0.0000000000
19520  51.517  -52.718  -9.930 0.0000000000
19529  51.294  -52.586  -10.731 0.0000000000
19532  48.736  -51.835  -10.690 0.0000000000
19545  49.420  -52.052  -11.540 0.0000000000
20366  50.874  -51.235  -9.906 0.0000000000
20379  51.206  -51.974  -10.513 0.0000000000
21218  48.948  -49.650  -9.164 0.0000000000
21225  46.832  -49.472  -9.521 0.0000000000
22989  45.578  -48.287  -8.414 0.0000000000
124960  44.478  -59.536  -19.416 0.0000000000
126288  41.095  -57.578  -16.393 0.0000000000
128615  50.188  -50.509  -9.614 0.0000000000
136989  46.484  -58.547  -23.426 0.0000000000
138707  49.889  -57.023  -13.515 0.0000000000
140209  50.562  -52.068  -11.588 0.0000000000
142160  42.271  -55.775  -21.317 0.0000000000
145736  50.514  -53.327  -12.272 0.0000000000
146206  46.685  -59.318  -22.928 0.0000000000
147567  47.166  -48.924  -9.474 0.0000000000
