#!ascii label  , from subject sub-v1s3x0050775_ses-1 vox2ras=TkReg
1910
34244  -20.340  -44.622  -38.258 0.5000000000
35391  -20.657  -43.756  -37.779 0.4000000060
35376  -19.939  -43.094  -37.503 0.6000000238
35389  -18.043  -43.407  -38.195 0.6000000238
157105  -19.101  -43.440  -38.018 0.5000000000
147619  -16.881  -42.796  -38.516 0.6000000238
141408  -20.923  -43.124  -37.118 0.6999999881
36524  -19.458  -42.390  -36.801 0.6999999881
35375  -18.811  -42.870  -37.572 0.6999999881
36534  -16.732  -42.575  -38.027 0.6999999881
37543  -17.142  -41.513  -38.192 0.5000000000
153383  -16.502  -42.250  -37.996 0.6999999881
37553  -17.568  -42.040  -38.769 0.5000000000
31877  -20.100  -45.740  -29.285 0.5000000000
36525  -20.422  -42.516  -36.600 0.6999999881
36523  -18.334  -42.303  -36.944 0.6999999881
36508  -19.047  -41.778  -36.199 0.6999999881
36506  -16.982  -41.614  -36.486 0.6999999881
36507  -17.992  -41.726  -36.311 0.6999999881
37522  -17.683  -41.198  -35.689 0.6999999881
38578  -17.984  -40.655  -37.648 0.6000000238
35332  -24.562  -43.106  -33.247 0.6999999881
150875  -23.619  -42.037  -33.577 0.6999999881
137151  -20.784  -42.100  -35.770 0.6999999881
36510  -21.515  -42.339  -35.472 0.6999999881
159628  -20.320  -45.291  -28.922 0.6000000238
136052  -18.304  -45.859  -30.707 0.4000000060
36509  -19.973  -41.897  -36.021 0.6999999881
138972  -16.477  -42.097  -37.644 0.6999999881
37542  -16.422  -41.726  -37.816 0.6999999881
38564  -15.553  -40.888  -37.027 0.6999999881
38565  -18.727  -40.070  -36.984 0.6000000238
37479  -25.133  -41.888  -32.192 0.6999999881
36459  -24.868  -42.458  -32.655 0.6999999881
36496  -23.208  -42.507  -34.128 0.6999999881
37496  -24.092  -41.577  -33.246 0.6999999881
37478  -24.628  -41.519  -32.709 0.6999999881
136773  -21.213  -44.534  -28.065 0.6000000238
36476  -22.922  -41.722  -33.901 0.6999999881
37510  -20.708  -41.177  -34.687 0.6999999881
37512  -22.170  -41.457  -34.233 0.6999999881
37495  -23.493  -41.246  -33.485 0.6999999881
38527  -23.554  -40.414  -33.377 0.6999999881
33014  -18.525  -45.217  -30.028 0.5000000000
33015  -19.320  -45.452  -29.621 0.5000000000
151351  -18.452  -40.897  -35.260 0.6999999881
37524  -19.551  -41.408  -35.444 0.6999999881
39515  -22.909  -39.811  -33.606 0.6999999881
153497  -16.743  -41.196  -36.090 0.6999999881
37509  -19.972  -41.023  -34.860 0.6999999881
159438  -21.702  -40.747  -34.137 0.6999999881
37494  -22.643  -40.789  -33.754 0.6999999881
134140  -17.076  -45.707  -32.030 0.4000000060
147665  -18.712  -40.484  -34.887 0.6999999881
39514  -21.457  -39.518  -34.006 0.6999999881
150125  -21.962  -40.023  -33.872 0.6999999881
37535  -16.130  -41.391  -36.790 0.6999999881
37506  -17.070  -40.771  -35.607 0.6999999881
39512  -19.957  -39.196  -34.358 0.6999999881
39513  -20.789  -39.411  -34.196 0.6999999881
148938  -15.964  -40.230  -37.333 0.6999999881
39511  -19.124  -39.368  -34.522 0.6999999881
39547  -18.394  -39.331  -36.874 0.6000000238
39563  -15.582  -39.541  -37.191 0.6999999881
39546  -15.423  -39.622  -36.659 0.6999999881
149154  -19.481  -37.816  -36.689 0.5000000000
150892  -20.169  -38.048  -36.532 0.5000000000
147977  -22.809  -38.154  -36.347 0.4000000060
149477  -21.898  -37.998  -36.369 0.5000000000
38515  -24.618  -40.539  -32.552 0.6999999881
35233  -20.930  -43.382  -27.503 0.6000000238
37511  -21.411  -41.304  -34.505 0.6999999881
148882  -19.006  -44.829  -29.484 0.5000000000
38542  -18.195  -40.100  -34.866 0.6999999881
38543  -19.574  -40.419  -34.607 0.6999999881
153402  -16.146  -40.221  -35.916 0.6999999881
39510  -18.519  -38.851  -34.762 0.6999999881
41776  -16.816  -37.482  -37.263 0.6999999881
156311  -16.900  -39.936  -37.390 0.6999999881
141541  -17.646  -37.759  -37.040 0.6999999881
40637  -16.922  -38.428  -37.320 0.6999999881
41759  -18.579  -37.575  -36.871 0.6999999881
142797  -24.631  -41.894  -28.138 0.6999999881
147032  -25.260  -40.846  -28.953 0.8000000119
147984  -25.443  -39.884  -30.307 0.8000000119
36375  -23.396  -42.427  -27.274 0.6000000238
37392  -23.524  -41.649  -27.145 0.6000000238
37407  -24.836  -40.978  -28.319 0.6000000238
148865  -25.461  -40.689  -30.442 0.8000000119
36354  -22.816  -41.957  -26.802 0.6000000238
37375  -22.218  -41.398  -26.606 0.6000000238
38496  -25.117  -40.077  -31.873 0.6999999881
140478  -22.110  -42.929  -27.136 0.6000000238
36353  -21.965  -42.255  -26.778 0.6000000238
35253  -19.550  -43.681  -28.285 0.6000000238
35232  -20.060  -43.203  -27.632 0.6000000238
39498  -23.800  -39.595  -33.252 0.6999999881
34107  -19.057  -44.189  -28.977 0.5000000000
39499  -24.540  -39.538  -32.608 0.6999999881
38541  -17.394  -40.208  -35.252 0.6999999881
38524  -18.916  -40.010  -34.563 0.6999999881
150412  -21.320  -38.888  -34.074 0.6999999881
150312  -15.298  -37.757  -37.074 0.8000000119
40635  -15.365  -38.674  -37.065 0.6999999881
39528  -17.765  -39.486  -35.032 0.6999999881
40582  -20.616  -38.679  -34.279 0.6999999881
41775  -15.797  -37.215  -37.273 0.8000000119
39538  -15.839  -39.672  -36.027 0.6999999881
40598  -17.842  -38.684  -35.105 0.6999999881
41761  -20.156  -37.319  -36.716 0.5000000000
41764  -23.234  -37.447  -36.426 0.5000000000
142848  -22.714  -36.811  -36.606 0.5000000000
41765  -24.070  -37.419  -36.441 0.4000000060
37393  -24.207  -41.166  -27.565 0.6000000238
38455  -25.077  -40.126  -28.597 0.6999999881
39451  -25.269  -39.367  -28.972 0.8000000119
38467  -25.373  -40.201  -29.508 0.8999999762
147903  -23.562  -40.985  -27.080 0.6000000238
39477  -25.475  -39.205  -30.751 0.8000000119
149562  -25.387  -38.883  -31.424 0.8000000119
36352  -21.175  -42.253  -26.843 0.6000000238
37373  -20.552  -41.864  -26.844 0.6000000238
39500  -25.121  -39.121  -31.965 0.8000000119
35272  -18.146  -43.837  -29.041 0.6000000238
36390  -19.146  -43.038  -27.734 0.6000000238
146012  -19.698  -42.313  -27.261 0.6000000238
143837  -24.412  -37.934  -33.053 0.6999999881
34149  -17.929  -44.757  -30.025 0.5000000000
145485  -22.689  -38.210  -33.835 0.6999999881
149733  -23.649  -38.075  -33.540 0.6999999881
34148  -17.288  -44.707  -30.213 0.5000000000
34127  -16.804  -44.139  -29.626 0.5000000000
40583  -22.176  -39.099  -33.807 0.6999999881
41774  -14.967  -36.958  -36.839 0.8000000119
40608  -15.502  -38.866  -36.212 0.8000000119
146781  -17.106  -38.893  -35.368 0.6999999881
40599  -18.212  -37.994  -35.109 0.6999999881
151049  -19.978  -38.413  -34.433 0.6999999881
39527  -16.160  -38.968  -35.739 0.6999999881
41762  -21.564  -37.316  -36.574 0.5000000000
38446  -23.842  -40.373  -27.224 0.6999999881
39437  -23.992  -39.565  -27.252 0.6999999881
158947  -24.532  -40.086  -27.803 0.6999999881
39450  -24.885  -39.298  -28.306 0.8000000119
40527  -25.364  -38.569  -29.262 0.8000000119
38431  -22.528  -40.716  -26.585 0.6999999881
39438  -24.466  -39.068  -27.698 0.8000000119
37374  -21.363  -41.578  -26.649 0.6000000238
40570  -25.334  -38.252  -31.862 0.6999999881
35252  -18.671  -43.448  -28.385 0.6000000238
153441  -18.438  -42.901  -27.899 0.6000000238
41708  -25.014  -37.730  -32.501 0.6999999881
35271  -17.277  -43.606  -29.117 0.6000000238
42836  -24.479  -36.686  -33.536 0.8000000119
34147  -16.427  -44.616  -30.269 0.4000000060
160452  -21.099  -38.284  -34.217 0.6999999881
147882  -21.780  -38.296  -34.060 0.6999999881
41722  -23.201  -37.283  -34.039 0.6999999881
33062  -14.975  -45.516  -32.406 0.4000000060
41720  -21.298  -37.647  -34.292 0.6999999881
41721  -22.149  -37.533  -34.175 0.6999999881
139478  -15.109  -37.977  -36.231 0.8000000119
41735  -16.839  -37.647  -35.453 0.8000000119
143831  -20.457  -37.829  -34.426 0.6999999881
41737  -18.810  -37.477  -35.022 0.6999999881
42883  -16.664  -36.538  -37.115 0.8000000119
41777  -17.766  -37.019  -37.026 0.6999999881
41760  -19.446  -37.013  -36.888 0.5000000000
42874  -22.656  -36.128  -36.876 0.5000000000
42872  -20.896  -36.825  -36.789 0.5000000000
42877  -25.056  -36.582  -36.696 0.4000000060
39425  -23.355  -39.131  -26.851 0.6000000238
149566  -23.989  -38.791  -27.208 0.6999999881
40510  -25.140  -38.701  -28.651 0.8000000119
41669  -25.474  -37.746  -29.567 0.8000000119
38430  -21.682  -40.617  -26.518 0.6999999881
38429  -20.706  -40.971  -26.673 0.6999999881
41679  -25.565  -37.688  -30.492 0.8000000119
37391  -19.865  -41.304  -26.974 0.6000000238
37390  -19.051  -41.569  -27.338 0.6000000238
42805  -25.586  -36.710  -31.748 0.8000000119
41709  -25.400  -37.464  -32.017 0.8000000119
35251  -17.769  -43.100  -28.371 0.6000000238
36389  -18.021  -42.381  -27.864 0.6000000238
41723  -24.108  -37.311  -33.583 0.8999999762
42821  -24.971  -36.441  -33.140 0.8000000119
136874  -22.415  -36.736  -34.369 0.8000000119
147508  -23.201  -36.360  -34.380 0.8000000119
42853  -21.088  -36.210  -34.752 0.8000000119
42834  -21.579  -36.877  -34.419 0.6999999881
34146  -15.451  -44.548  -30.206 0.4000000060
42870  -14.666  -36.350  -36.394 0.8000000119
41734  -15.912  -37.522  -35.636 0.8000000119
146733  -16.639  -36.976  -35.475 0.8000000119
143152  -18.186  -37.208  -35.235 0.8000000119
42833  -20.761  -36.972  -34.544 0.6999999881
158282  -15.545  -36.520  -37.137 0.8000000119
41736  -17.526  -37.406  -35.337 0.8000000119
42832  -19.957  -37.058  -34.774 0.6999999881
42849  -17.565  -36.526  -35.379 0.8000000119
44049  -15.802  -35.875  -36.948 0.8000000119
42848  -16.353  -36.106  -35.521 0.8000000119
42884  -19.629  -36.215  -37.133 0.6000000238
142372  -18.875  -35.991  -37.134 0.6000000238
42873  -21.863  -36.590  -36.794 0.5000000000
143549  -22.646  -38.907  -26.595 0.6000000238
40509  -24.846  -38.446  -28.140 0.6999999881
39423  -21.622  -39.742  -26.497 0.6000000238
146925  -24.825  -37.587  -27.964 0.6999999881
42785  -25.630  -36.960  -29.934 0.6999999881
38445  -20.059  -40.339  -26.944 0.6000000238
140171  -21.935  -39.040  -26.465 0.6000000238
40481  -22.261  -38.280  -26.508 0.6000000238
39435  -19.498  -39.732  -27.415 0.6000000238
152777  -25.663  -36.920  -30.823 0.8000000119
37389  -18.379  -41.776  -27.625 0.6000000238
38444  -19.282  -40.654  -27.331 0.6000000238
139235  -25.797  -36.360  -30.288 0.6999999881
35250  -16.859  -42.947  -28.688 0.5000000000
145248  -25.407  -36.116  -32.546 0.8000000119
36409  -16.084  -42.800  -28.952 0.3000000119
44000  -23.869  -35.753  -34.410 0.8000000119
44001  -24.579  -35.895  -33.819 0.8000000119
161673  -22.555  -36.098  -34.571 0.8000000119
157494  -23.078  -35.624  -34.689 0.8000000119
143594  -20.601  -35.399  -35.214 0.8000000119
141141  -15.439  -36.709  -35.693 0.8000000119
41738  -19.288  -37.079  -34.987 0.8000000119
42852  -20.257  -36.286  -34.970 0.8000000119
42850  -18.625  -36.622  -35.255 0.8000000119
156267  -17.263  -35.553  -35.430 0.8000000119
140489  -17.991  -36.183  -36.989 0.6999999881
44054  -21.116  -35.487  -37.457 0.6000000238
161874  -25.149  -35.061  -37.461 0.3000000119
41621  -23.366  -37.572  -26.854 0.6000000238
41632  -24.129  -37.218  -27.287 0.6999999881
159089  -24.765  -36.891  -27.841 0.6999999881
41633  -25.181  -36.930  -28.389 0.6999999881
39460  -15.801  -39.309  -29.756 0.5000000000
141905  -21.104  -39.152  -26.567 0.6000000238
40480  -21.444  -38.352  -26.515 0.6000000238
43957  -25.784  -36.092  -29.514 0.6999999881
37406  -17.722  -41.491  -28.052 0.5000000000
39434  -18.769  -40.010  -27.813 0.5000000000
39436  -20.234  -39.287  -27.014 0.6000000238
43965  -26.072  -35.660  -30.264 0.6999999881
147065  -15.924  -42.081  -28.933 0.3000000119
37405  -17.023  -41.719  -28.422 0.5000000000
42791  -25.871  -36.129  -31.014 0.8000000119
140778  -25.529  -35.094  -32.726 0.8000000119
138021  -22.063  -34.855  -35.229 0.8999999762
44020  -23.671  -34.969  -34.765 0.8999999762
44021  -24.391  -35.033  -34.317 0.8000000119
44002  -24.979  -35.033  -33.639 0.8000000119
34126  -15.904  -44.034  -29.652 0.4000000060
45217  -20.580  -34.538  -35.399 0.8999999762
44018  -21.517  -35.517  -34.986 0.8999999762
137155  -22.898  -34.924  -35.111 0.8999999762
44040  -14.814  -35.662  -36.352 0.8000000119
42847  -15.087  -35.766  -35.839 0.8000000119
44016  -18.816  -35.710  -35.363 0.8000000119
42851  -19.449  -36.404  -35.157 0.8000000119
44048  -15.254  -35.376  -36.600 0.8000000119
44050  -17.173  -35.489  -36.882 0.6999999881
44052  -19.388  -35.450  -37.310 0.6000000238
135488  -22.605  -35.458  -37.448 0.6000000238
41620  -22.633  -37.529  -26.571 0.6000000238
42742  -23.182  -36.724  -26.713 0.6000000238
42759  -24.497  -36.443  -27.535 0.6999999881
41619  -21.787  -37.595  -26.464 0.6000000238
42760  -25.034  -36.276  -28.010 0.6999999881
40479  -20.646  -38.416  -26.802 0.6000000238
42776  -25.520  -36.085  -28.666 0.8000000119
147708  -17.106  -40.026  -28.833 0.6000000238
40492  -19.945  -38.389  -27.315 0.6000000238
43966  -26.418  -34.793  -30.330 0.8000000119
37426  -15.880  -41.285  -29.178 0.4000000060
43977  -26.192  -35.297  -31.070 0.6999999881
36387  -16.585  -42.254  -28.621 0.4000000060
43976  -25.800  -35.703  -31.831 0.8000000119
45220  -23.455  -34.185  -35.123 0.8000000119
45201  -25.317  -34.212  -33.370 0.8000000119
45219  -22.640  -34.115  -35.363 0.8000000119
45200  -24.748  -34.260  -34.091 0.8000000119
45228  -21.011  -33.958  -35.492 0.8000000119
158012  -18.301  -34.434  -35.444 0.8000000119
44017  -19.658  -35.561  -35.315 0.6999999881
44013  -15.260  -34.831  -35.867 0.8000000119
138850  -18.928  -34.732  -35.430 0.8000000119
45216  -18.058  -35.014  -35.420 0.8000000119
138924  -16.130  -35.131  -36.747 0.8000000119
45214  -16.067  -34.358  -35.558 0.8000000119
137872  -19.149  -34.797  -37.389 0.6999999881
44053  -20.213  -35.493  -37.386 0.6999999881
45252  -21.182  -34.131  -38.108 0.6000000238
45254  -22.435  -34.301  -38.644 0.6000000238
134907  -23.240  -34.646  -38.753 0.6000000238
41618  -21.001  -37.651  -26.604 0.6000000238
43930  -23.776  -35.349  -26.990 0.8000000119
43931  -24.598  -35.637  -27.527 0.6999999881
137689  -16.572  -37.778  -29.716 0.5000000000
40491  -19.314  -38.358  -27.798 0.5000000000
153115  -25.886  -35.500  -29.042 0.8000000119
43958  -26.159  -35.242  -29.569 0.6999999881
40507  -18.035  -38.737  -28.636 0.5000000000
39449  -19.031  -39.123  -27.876 0.5000000000
43945  -25.657  -35.232  -28.557 0.8000000119
43946  -26.134  -34.879  -28.978 0.8000000119
159085  -16.485  -39.066  -29.488 0.5000000000
160823  -26.402  -34.567  -31.156 0.8000000119
45192  -26.379  -33.864  -31.696 0.8000000119
45183  -26.079  -34.780  -31.841 0.8000000119
45191  -25.820  -34.073  -32.521 0.8000000119
46368  -23.879  -33.466  -34.934 0.8000000119
45229  -21.795  -34.040  -35.438 0.8000000119
46369  -24.463  -33.532  -34.425 0.8000000119
45215  -17.077  -34.672  -35.432 0.8000000119
46365  -19.274  -33.827  -35.456 0.8000000119
46364  -18.438  -33.858  -35.451 0.8999999762
45213  -15.357  -34.135  -35.842 0.8000000119
159518  -17.848  -34.718  -37.012 0.6999999881
45237  -16.972  -34.532  -36.797 0.6999999881
139441  -20.689  -34.803  -37.672 0.6999999881
139609  -17.809  -33.831  -37.172 0.6999999881
45238  -18.568  -34.387  -37.322 0.6999999881
45239  -19.380  -34.003  -37.596 0.6999999881
45240  -20.298  -34.062  -37.825 0.6999999881
45126  -22.024  -35.102  -26.663 0.8000000119
43911  -22.538  -35.916  -26.574 0.6000000238
45127  -22.937  -35.172  -26.694 0.6000000238
139069  -16.281  -33.717  -30.803 0.6000000238
43955  -17.168  -35.310  -30.010 0.5000000000
42739  -20.696  -36.897  -26.860 0.6000000238
42757  -20.850  -36.048  -26.887 0.6000000238
45144  -25.182  -34.843  -27.898 0.8000000119
45173  -14.913  -32.815  -31.094 0.6000000238
45174  -15.507  -32.446  -30.947 0.6000000238
45166  -17.269  -33.756  -30.386 0.6000000238
43943  -18.540  -35.662  -28.984 0.5000000000
42755  -19.493  -36.845  -27.856 0.5000000000
45137  -15.810  -34.712  -27.785 0.5000000000
45152  -15.884  -34.642  -28.348 0.5000000000
46321  -15.938  -31.810  -30.347 0.6000000238
45175  -16.473  -32.545  -30.734 0.6000000238
41668  -17.925  -37.337  -28.961 0.5000000000
42775  -19.047  -36.253  -28.437 0.5000000000
45157  -25.789  -34.360  -28.441 0.8000000119
45176  -26.652  -34.094  -30.093 0.8000000119
45153  -16.471  -33.990  -28.083 0.5000000000
41651  -19.096  -37.641  -28.140 0.5000000000
138247  -14.634  -35.478  -27.636 0.4000000060
40508  -18.633  -38.395  -28.338 0.5000000000
46330  -26.842  -33.444  -30.357 0.6999999881
47424  -24.661  -32.782  -34.143 0.8000000119
46351  -25.557  -33.332  -33.106 0.8000000119
46346  -26.495  -33.051  -31.825 0.6999999881
46375  -20.772  -33.306  -35.523 0.8000000119
46377  -22.306  -33.273  -35.481 0.8000000119
47425  -25.218  -32.617  -33.538 0.8000000119
47441  -24.195  -32.905  -34.643 0.8000000119
47440  -23.602  -32.537  -34.991 0.8000000119
46382  -15.182  -33.639  -36.112 0.8999999762
46361  -15.818  -33.549  -35.582 0.8999999762
46366  -20.193  -33.770  -35.468 0.8000000119
46363  -17.763  -34.147  -35.433 1.0000000000
145847  -18.688  -32.922  -35.472 0.8000000119
45236  -15.780  -34.349  -36.518 0.8000000119
142304  -16.792  -33.665  -36.792 0.6999999881
45140  -21.482  -34.214  -27.278 0.8000000119
45142  -23.425  -34.505  -26.932 0.8000000119
47388  -17.095  -31.468  -30.241 0.6000000238
45139  -20.573  -34.585  -27.595 0.6000000238
43929  -21.145  -35.229  -27.018 0.6000000238
45143  -24.322  -34.682  -27.309 0.8000000119
46297  -24.832  -34.008  -27.609 0.8000000119
45165  -16.049  -33.266  -29.352 0.5000000000
46328  -16.003  -31.861  -30.538 0.6000000238
45167  -18.035  -33.554  -29.872 0.6000000238
45138  -19.834  -34.900  -27.999 0.6000000238
158733  -25.330  -34.170  -27.977 0.8000000119
46313  -26.244  -33.531  -28.622 0.6999999881
46309  -17.102  -33.210  -28.335 0.5000000000
45155  -19.261  -34.172  -28.727 0.6000000238
43928  -20.369  -35.510  -27.404 0.6000000238
45136  -14.975  -34.823  -27.487 0.4000000060
46292  -16.134  -33.943  -27.262 0.4000000060
46294  -17.633  -32.949  -28.033 0.4000000060
136053  -27.033  -32.870  -29.834 0.6999999881
46278  -15.805  -33.289  -26.685 0.4000000060
46279  -16.518  -33.314  -26.759 0.4000000060
47378  -18.632  -31.574  -28.890 0.4000000060
46338  -26.746  -33.285  -31.168 0.6999999881
47346  -16.749  -32.663  -26.249 0.4000000060
47348  -18.427  -32.243  -26.758 0.5000000000
47416  -25.773  -32.462  -32.883 0.6999999881
47345  -15.175  -32.701  -26.525 0.3000000119
47347  -17.635  -32.578  -26.360 0.5000000000
47361  -18.647  -31.863  -27.997 0.5000000000
46376  -21.452  -33.256  -35.526 0.8000000119
47439  -22.744  -32.490  -35.374 0.8000000119
146900  -24.218  -32.180  -34.442 0.8000000119
48513  -25.355  -31.753  -33.284 0.8000000119
48512  -24.751  -31.948  -33.831 0.8000000119
149162  -15.284  -33.018  -35.786 0.8000000119
158372  -16.637  -33.104  -35.445 1.0000000000
160113  -18.136  -32.523  -35.458 0.8000000119
135172  -18.440  -31.985  -35.488 0.8000000119
47438  -19.618  -32.992  -35.506 0.8000000119
47450  -20.933  -32.504  -35.548 0.8000000119
48535  -21.447  -31.683  -35.460 0.8000000119
47434  -15.854  -32.701  -35.472 1.0000000000
48533  -19.768  -31.393  -35.500 0.8000000119
46387  -15.218  -33.637  -36.171 0.8000000119
155588  -17.688  -32.043  -35.442 0.8000000119
47437  -19.241  -32.117  -35.513 0.8000000119
46388  -16.187  -33.381  -36.684 0.8999999762
46389  -17.402  -33.049  -37.163 0.6999999881
46390  -18.641  -33.630  -37.477 0.6999999881
46391  -19.132  -33.070  -37.736 0.6999999881
46392  -19.918  -33.235  -37.986 0.6999999881
46399  -20.668  -33.378  -38.286 0.6999999881
46402  -22.843  -33.972  -39.362 0.6000000238
46400  -21.388  -33.247  -38.636 0.6999999881
144527  -19.621  -32.344  -38.090 0.6999999881
46411  -23.228  -33.325  -39.845 0.6000000238
46410  -22.555  -32.975  -39.540 0.6000000238
45141  -22.514  -34.336  -26.882 0.8000000119
155255  -23.026  -33.756  -27.009 0.8000000119
46322  -17.240  -32.267  -30.418 0.5000000000
150717  -20.718  -33.711  -27.822 0.8000000119
143171  -21.179  -33.045  -27.752 0.8000000119
160521  -22.193  -33.266  -27.354 0.8000000119
137193  -23.905  -33.714  -27.232 0.8000000119
47377  -17.158  -31.680  -29.577 0.5000000000
46323  -18.051  -32.062  -29.787 0.6000000238
161174  -19.160  -31.906  -29.094 0.5000000000
46298  -25.459  -33.465  -27.968 0.6999999881
46280  -17.355  -33.151  -26.897 0.4000000060
46295  -20.393  -32.773  -28.308 0.6999999881
45156  -19.954  -33.683  -28.334 0.6999999881
47366  -24.602  -33.133  -27.495 0.6999999881
47381  -26.028  -32.648  -28.239 0.6999999881
47389  -26.724  -32.696  -28.989 0.6999999881
156923  -27.109  -32.282  -29.537 0.6999999881
47398  -27.312  -31.862  -30.641 0.6999999881
47324  -17.978  -32.211  -25.915 0.5000000000
48490  -26.819  -31.956  -31.722 0.6999999881
48427  -16.208  -32.080  -25.879 0.4000000060
161286  -17.212  -31.415  -25.238 0.4000000060
48525  -23.048  -31.704  -35.040 0.8000000119
48502  -25.933  -31.586  -32.672 0.6999999881
48524  -22.264  -31.720  -35.335 0.8000000119
158724  -21.831  -31.083  -35.230 0.8000000119
49516  -22.763  -30.252  -34.269 0.6999999881
48534  -20.605  -31.558  -35.501 0.8000000119
47432  -14.651  -32.094  -35.883 0.8999999762
47457  -14.911  -32.822  -36.055 0.8999999762
47433  -15.121  -32.353  -35.674 0.8999999762
48520  -15.789  -31.664  -35.341 0.8000000119
49527  -16.222  -30.398  -35.228 0.8000000119
49528  -17.431  -30.226  -35.341 0.8000000119
47456  -14.743  -32.026  -36.257 0.8999999762
47447  -14.517  -32.057  -36.046 0.8000000119
47465  -16.595  -32.818  -36.893 0.8999999762
147369  -16.357  -31.991  -37.017 0.8000000119
140848  -24.172  -34.594  -38.853 0.4000000060
47466  -17.430  -32.093  -37.370 0.8000000119
146838  -18.471  -31.748  -37.681 0.6999999881
47469  -20.429  -32.443  -38.443 0.6999999881
47485  -23.450  -32.336  -40.258 0.5000000000
47364  -22.463  -32.227  -27.546 0.6999999881
46296  -23.115  -32.996  -27.268 0.8000000119
138083  -21.141  -31.437  -28.015 0.6999999881
141955  -23.327  -32.214  -27.413 0.6999999881
48429  -20.429  -31.131  -27.232 0.6000000238
47367  -25.201  -32.351  -27.641 0.6999999881
47368  -25.839  -31.865  -28.014 0.6999999881
47382  -26.443  -31.902  -28.507 0.6999999881
48472  -26.989  -31.826  -29.062 0.6999999881
143376  -19.341  -31.317  -25.485 0.5000000000
48473  -27.327  -31.606  -29.794 0.6999999881
49408  -17.690  -31.052  -24.864 0.4000000060
48491  -27.135  -31.337  -31.375 0.6999999881
49386  -16.820  -30.706  -24.973 0.3000000119
160444  -19.058  -30.915  -24.823 0.5000000000
49530  -22.504  -30.985  -34.871 0.6999999881
141442  -24.819  -31.155  -33.488 0.6999999881
49487  -26.707  -30.552  -31.811 0.6999999881
49387  -18.329  -30.483  -24.580 0.4000000060
49531  -23.314  -31.011  -34.461 0.6999999881
49504  -25.341  -30.860  -32.989 0.6999999881
49518  -24.361  -30.521  -33.461 0.6999999881
151927  -21.789  -30.284  -34.709 0.6999999881
136157  -16.976  -31.126  -35.339 0.8000000119
48521  -17.958  -31.146  -35.414 0.8000000119
48522  -18.873  -31.080  -35.461 0.8000000119
155733  -19.529  -30.615  -35.396 0.8000000119
49529  -18.200  -30.291  -35.346 0.8000000119
49526  -15.150  -30.724  -35.270 0.8000000119
48550  -14.456  -31.443  -36.233 0.8000000119
49537  -14.209  -30.812  -35.853 0.8000000119
49525  -14.499  -31.111  -35.618 0.8999999762
48551  -15.120  -31.364  -36.588 0.8999999762
48552  -16.068  -31.249  -36.901 0.8000000119
140849  -17.939  -31.000  -37.585 0.8000000119
47476  -21.837  -32.304  -39.251 0.6999999881
155118  -22.913  -32.366  -39.888 0.6000000238
141549  -19.287  -31.508  -38.048 0.6999999881
47468  -20.047  -31.441  -38.444 0.6999999881
50603  -17.829  -29.473  -37.418 0.6999999881
49433  -21.093  -30.756  -26.632 0.6000000238
159485  -21.610  -30.827  -27.238 0.6000000238
48431  -22.266  -30.850  -27.184 0.6999999881
48451  -23.669  -31.527  -27.257 0.6999999881
48452  -24.596  -31.541  -27.281 0.6999999881
148401  -19.644  -31.467  -26.614 0.5000000000
48448  -20.550  -31.272  -28.044 0.6000000238
48433  -24.066  -30.905  -26.877 0.6999999881
48453  -25.419  -31.368  -27.539 0.6999999881
49407  -16.085  -30.804  -25.393 0.3000000119
48412  -20.204  -31.088  -26.007 0.5000000000
142031  -21.863  -30.516  -26.562 0.6000000238
48465  -27.163  -31.071  -29.129 0.6999999881
49388  -19.284  -30.258  -24.518 0.4000000060
49410  -19.834  -30.785  -25.040 0.5000000000
50429  -21.152  -29.966  -24.847 0.6000000238
49461  -27.298  -30.423  -29.146 0.6999999881
49488  -27.230  -30.391  -31.125 0.6999999881
49505  -26.056  -30.716  -32.422 0.6999999881
51497  -18.127  -28.708  -24.228 0.3000000119
133581  -18.895  -29.973  -35.274 0.8000000119
133627  -19.788  -29.958  -35.178 0.8000000119
133065  -20.721  -29.938  -34.897 0.6999999881
50547  -21.402  -29.385  -34.326 0.6999999881
50549  -23.064  -29.602  -33.583 0.6999999881
148376  -16.802  -29.943  -35.222 0.8000000119
133067  -18.336  -29.129  -34.818 0.8000000119
50556  -14.353  -30.380  -35.477 0.8000000119
49514  -17.104  -29.168  -34.928 0.8000000119
146686  -13.942  -29.992  -35.829 0.8000000119
51609  -15.306  -27.828  -34.448 0.8000000119
51610  -16.088  -27.862  -34.423 0.8000000119
52653  -16.823  -27.503  -34.021 0.8000000119
53857  -15.494  -26.788  -33.897 0.8000000119
47484  -22.444  -31.747  -39.667 0.6000000238
48566  -21.460  -31.143  -39.185 0.6999999881
50602  -16.940  -29.620  -37.154 0.8000000119
48564  -19.716  -30.555  -38.328 0.6000000238
51651  -17.273  -28.923  -37.142 0.6999999881
50604  -18.670  -29.392  -37.569 0.6000000238
48565  -20.495  -30.533  -38.565 0.6000000238
49434  -22.558  -30.406  -26.513 0.6000000238
49412  -21.525  -30.328  -25.713 0.6000000238
49450  -24.912  -30.807  -26.991 0.6999999881
49451  -25.699  -30.531  -27.371 0.6999999881
50444  -22.867  -29.864  -26.002 0.6000000238
49452  -26.430  -30.168  -27.843 0.6999999881
48454  -26.228  -31.097  -28.056 0.6999999881
50415  -19.614  -29.446  -24.183 0.4000000060
49389  -20.214  -30.090  -24.658 0.4000000060
50431  -22.645  -29.533  -25.356 0.5000000000
49436  -25.150  -29.987  -26.689 0.6999999881
49460  -26.899  -30.538  -28.564 0.6999999881
50430  -21.966  -29.770  -25.121 0.5000000000
50418  -22.324  -29.062  -24.768 0.5000000000
147334  -27.279  -29.968  -28.868 0.6999999881
49478  -27.387  -30.162  -30.355 0.6999999881
150087  -19.026  -28.863  -23.956 0.3000000119
51499  -19.935  -28.496  -23.911 0.3000000119
50416  -20.597  -29.306  -24.307 0.4000000060
49517  -23.596  -30.367  -33.800 0.6999999881
50494  -27.322  -29.376  -30.246 0.6999999881
51498  -18.944  -28.080  -24.042 0.3000000119
52561  -19.729  -27.468  -24.214 0.3000000119
50530  -26.135  -29.873  -32.117 0.6999999881
50508  -26.749  -29.615  -31.438 0.6999999881
50528  -24.690  -29.296  -32.553 0.6999999881
50507  -26.003  -29.057  -31.791 0.6999999881
50559  -18.178  -29.622  -35.136 0.8000000119
50525  -21.780  -28.880  -33.702 0.6999999881
50548  -22.229  -29.523  -34.010 0.6999999881
51601  -25.143  -28.547  -32.019 0.6999999881
50526  -22.525  -28.914  -33.380 0.6999999881
51599  -23.496  -28.275  -32.580 0.6999999881
50558  -15.994  -29.602  -35.043 0.8000000119
49501  -16.776  -29.102  -32.967 0.8000000119
133422  -20.614  -29.085  -34.406 0.6999999881
51598  -22.749  -28.285  -32.896 0.6999999881
141430  -22.978  -27.617  -32.612 0.6999999881
50557  -14.934  -29.776  -35.088 0.8000000119
50545  -16.518  -28.758  -34.744 0.8000000119
49515  -16.981  -29.398  -33.183 0.8000000119
134138  -17.300  -28.273  -34.438 0.8000000119
133073  -18.413  -28.333  -34.396 0.8000000119
51611  -21.338  -28.344  -33.588 0.8000000119
148013  -22.457  -27.132  -32.781 0.6999999881
159512  -14.111  -29.607  -35.200 0.8000000119
49485  -16.696  -29.386  -31.807 0.8000000119
133483  -18.159  -28.417  -32.217 0.8000000119
133068  -19.019  -27.859  -34.032 0.8000000119
50566  -13.913  -29.804  -35.577 0.8000000119
51615  -13.079  -28.601  -34.871 0.8000000119
52665  -16.052  -27.518  -34.199 0.8000000119
51579  -16.852  -28.346  -31.801 0.8000000119
152048  -18.736  -27.195  -32.880 0.8000000119
139433  -14.314  -29.986  -36.302 0.8000000119
52664  -14.358  -27.547  -34.396 0.8000000119
53858  -16.304  -27.016  -33.749 0.8000000119
53839  -17.282  -27.398  -33.775 0.8000000119
53841  -17.892  -26.168  -33.389 0.8000000119
51634  -13.168  -28.509  -35.435 0.8000000119
155539  -15.789  -26.318  -33.634 0.8000000119
148204  -14.421  -29.108  -36.421 0.8000000119
48601  -23.144  -30.267  -40.069 0.5000000000
140115  -21.236  -30.468  -38.791 0.6000000238
51635  -13.989  -28.345  -36.211 0.8000000119
142960  -15.298  -28.494  -36.651 0.8000000119
49599  -21.987  -30.417  -39.200 0.6000000238
49580  -21.527  -30.294  -38.592 0.6000000238
148547  -19.899  -29.574  -38.017 0.6000000238
49579  -20.877  -30.077  -38.428 0.6000000238
142806  -23.134  -30.221  -26.402 0.6999999881
49435  -23.745  -30.302  -26.490 0.6999999881
140386  -24.354  -29.699  -26.244 0.6999999881
50446  -25.534  -29.172  -26.545 0.6999999881
50459  -26.000  -29.685  -27.157 0.6999999881
50432  -23.355  -29.237  -25.448 0.5000000000
157967  -24.975  -29.427  -26.308 0.6999999881
51500  -21.027  -28.500  -24.178 0.4000000060
52563  -21.428  -27.826  -24.276 0.4000000060
51501  -21.880  -28.388  -24.436 0.5000000000
50471  -26.954  -29.708  -28.356 0.6999999881
49469  -27.404  -29.819  -29.535 0.6999999881
53702  -21.290  -27.077  -24.443 0.3000000119
52573  -23.113  -27.588  -24.688 0.5000000000
51547  -27.326  -28.485  -28.777 0.6999999881
51566  -27.188  -28.713  -30.264 0.6999999881
52560  -18.912  -27.221  -24.538 0.3000000119
53728  -21.058  -26.313  -24.901 0.3000000119
51565  -26.789  -28.326  -30.634 0.6999999881
53727  -20.235  -26.172  -25.141 0.3000000119
52639  -25.640  -27.417  -31.369 0.6999999881
133066  -19.709  -28.618  -34.372 0.8000000119
52657  -24.603  -27.724  -31.980 0.6999999881
159683  -21.175  -28.796  -34.025 0.6999999881
140682  -22.029  -28.317  -33.219 0.6999999881
52656  -23.836  -27.498  -32.330 0.6999999881
50544  -15.730  -28.919  -34.849 0.8000000119
50524  -17.169  -28.639  -32.579 0.8000000119
51596  -20.074  -28.063  -33.944 0.6999999881
140775  -21.546  -27.763  -33.240 0.8000000119
50543  -14.660  -29.052  -34.910 0.8000000119
52655  -20.982  -27.247  -33.309 0.8000000119
51608  -14.231  -28.397  -34.645 0.8000000119
133606  -18.067  -27.019  -33.555 0.8000000119
53843  -19.465  -26.271  -33.404 0.8000000119
52672  -12.690  -27.841  -34.882 0.8000000119
51619  -12.852  -28.559  -35.063 0.8000000119
157100  -15.189  -27.239  -34.193 0.8000000119
135147  -16.501  -26.176  -33.500 0.8000000119
55020  -16.936  -25.560  -33.449 0.8000000119
55023  -18.684  -25.768  -33.420 0.8000000119
52696  -13.231  -27.634  -35.609 0.8000000119
52676  -12.516  -27.174  -34.976 0.8000000119
53838  -14.929  -26.106  -33.686 0.8000000119
55019  -15.514  -25.618  -33.553 0.8000000119
56179  -18.350  -25.050  -33.545 0.8000000119
152185  -16.268  -28.254  -36.755 0.8000000119
50433  -24.004  -29.237  -25.760 0.6000000238
50417  -21.520  -29.190  -24.557 0.5000000000
51511  -24.856  -28.783  -25.862 0.6000000238
51509  -23.383  -28.444  -24.889 0.5000000000
51512  -25.792  -28.292  -26.390 0.6999999881
51536  -26.862  -27.976  -27.424 0.6999999881
52574  -23.846  -27.722  -24.933 0.6000000238
52576  -25.347  -27.704  -25.839 0.6999999881
51521  -26.450  -27.905  -26.833 0.6999999881
51537  -27.203  -28.159  -28.081 0.6999999881
53700  -19.599  -26.687  -24.768 0.3000000119
150357  -21.906  -26.492  -24.783 0.3000000119
52587  -26.065  -27.374  -26.433 0.6999999881
53726  -19.429  -26.092  -25.363 0.3000000119
56096  -22.303  -24.704  -26.437 0.3000000119
52602  -27.181  -27.350  -27.921 0.6999999881
147381  -27.322  -28.063  -29.253 0.6999999881
56118  -18.984  -24.124  -27.175 0.3000000119
56093  -19.771  -24.337  -27.005 0.3000000119
56094  -20.588  -24.466  -26.791 0.3000000119
144544  -18.918  -23.453  -27.645 0.3000000119
52658  -25.210  -27.812  -31.705 0.6999999881
140678  -25.024  -27.129  -31.765 0.6999999881
145859  -21.757  -27.183  -33.014 0.8000000119
145858  -20.302  -26.735  -33.361 0.8000000119
145081  -19.575  -25.638  -33.475 0.8000000119
53855  -13.329  -26.420  -34.336 0.8000000119
55037  -13.818  -25.755  -33.892 0.8000000119
55036  -13.123  -25.132  -34.050 0.8000000119
55017  -13.809  -24.983  -33.781 0.8000000119
56176  -15.658  -24.894  -33.581 0.8000000119
56177  -16.557  -24.808  -33.593 0.8000000119
56178  -17.493  -25.052  -33.514 0.8000000119
53893  -13.667  -26.627  -35.669 0.8000000119
56175  -14.771  -24.954  -33.604 0.8000000119
52698  -14.941  -27.777  -36.495 0.8000000119
53894  -15.326  -27.067  -36.203 0.6999999881
52699  -16.801  -27.814  -36.581 0.6000000238
52575  -24.544  -27.805  -25.383 0.6000000238
53754  -25.522  -26.787  -26.012 0.6000000238
52601  -26.748  -27.098  -27.160 0.6999999881
54930  -22.644  -25.265  -25.839 0.4000000060
54933  -25.546  -25.868  -26.303 0.6000000238
53755  -26.222  -26.502  -26.628 0.6999999881
56099  -25.082  -25.053  -26.416 0.4000000060
53777  -27.018  -26.487  -27.878 0.6999999881
53796  -27.175  -26.883  -28.608 0.6999999881
52622  -26.608  -27.500  -30.426 0.6999999881
57180  -22.600  -23.649  -27.506 0.3000000119
56124  -25.400  -24.539  -27.059 0.4000000060
54956  -26.627  -25.501  -27.785 0.6000000238
54987  -26.673  -25.614  -29.948 0.6999999881
53828  -26.243  -25.973  -30.835 0.6999999881
53848  -24.931  -26.296  -32.161 0.6999999881
52654  -20.166  -27.408  -33.550 0.8000000119
133680  -19.463  -27.035  -33.459 0.8000000119
53844  -21.196  -26.652  -33.234 0.8000000119
55022  -17.954  -25.529  -33.447 0.8000000119
55038  -21.016  -25.321  -33.582 0.8000000119
143289  -16.253  -25.393  -33.514 0.8000000119
56193  -17.989  -24.456  -33.768 0.8000000119
55060  -12.602  -25.825  -35.073 0.8000000119
57246  -12.974  -24.228  -34.260 0.8000000119
57248  -14.923  -23.570  -34.149 0.8000000119
151531  -16.476  -24.175  -33.879 0.8000000119
57247  -13.838  -23.695  -34.104 0.8000000119
50605  -19.355  -29.389  -37.595 0.6000000238
53875  -14.796  -26.291  -35.762 0.8000000119
52700  -17.693  -27.791  -36.354 0.6000000238
53876  -15.811  -26.304  -35.692 0.6999999881
53877  -16.686  -26.315  -35.594 0.6999999881
53731  -24.183  -26.874  -25.215 0.6000000238
53753  -24.825  -26.316  -25.660 0.6000000238
56097  -23.166  -24.776  -26.297 0.3000000119
53776  -26.640  -26.258  -27.280 0.6000000238
56122  -22.887  -24.235  -26.935 0.3000000119
155406  -24.606  -24.521  -26.695 0.3000000119
54955  -25.929  -25.201  -26.924 0.5000000000
57182  -24.700  -23.880  -27.298 0.3000000119
159540  -26.843  -25.835  -29.266 0.6999999881
57205  -21.324  -22.989  -28.176 0.3000000119
57206  -22.259  -23.066  -28.065 0.3000000119
56153  -26.549  -24.385  -29.257 0.4000000060
159261  -26.478  -25.348  -30.586 0.6999999881
58241  -20.918  -21.911  -28.930 0.3000000119
55008  -26.326  -25.155  -31.103 0.6000000238
55028  -25.248  -25.164  -32.487 0.6000000238
55007  -25.752  -25.665  -31.661 0.6000000238
55026  -23.361  -26.159  -33.083 0.8000000119
55027  -24.363  -25.752  -32.814 0.6999999881
157599  -22.660  -26.656  -32.942 0.8000000119
55041  -23.867  -25.255  -33.340 0.6999999881
55042  -24.625  -24.988  -33.104 0.6999999881
140625  -20.463  -25.993  -33.376 0.8000000119
55025  -22.381  -26.106  -33.263 0.8000000119
55040  -22.914  -25.409  -33.503 0.6999999881
56180  -19.206  -25.100  -33.587 0.8000000119
55039  -21.944  -25.396  -33.546 0.8000000119
56198  -22.429  -24.731  -33.808 0.6999999881
56199  -23.399  -24.658  -33.733 0.6999999881
56195  -19.692  -24.557  -33.858 0.8000000119
56181  -20.096  -25.193  -33.612 0.8000000119
56213  -22.007  -24.141  -34.173 0.6999999881
56214  -22.896  -24.107  -34.152 0.6999999881
55048  -12.672  -25.900  -34.687 0.8000000119
56189  -12.732  -25.110  -34.590 0.8000000119
56192  -17.165  -24.349  -33.798 0.8000000119
57268  -12.558  -23.357  -34.872 0.8000000119
57249  -15.929  -23.599  -34.174 0.8000000119
57251  -18.464  -23.912  -34.139 0.8000000119
53874  -12.757  -26.762  -35.265 0.8000000119
56225  -12.616  -23.848  -34.991 0.8000000119
58279  -17.144  -23.024  -34.456 0.8000000119
55081  -13.189  -25.779  -35.412 0.8000000119
143129  -13.763  -24.853  -35.569 0.8000000119
55061  -14.753  -25.238  -35.610 0.6999999881
51638  -18.228  -28.428  -36.705 0.6000000238
50582  -19.541  -29.021  -36.752 0.6000000238
55082  -14.063  -25.763  -35.634 0.8000000119
55062  -15.478  -25.640  -35.588 0.6999999881
55063  -16.221  -25.533  -35.519 0.6999999881
56144  -26.415  -24.598  -28.327 0.5000000000
54978  -26.784  -25.234  -29.017 0.5000000000
57181  -23.550  -23.731  -27.392 0.3000000119
56143  -25.774  -24.091  -27.772 0.4000000060
58236  -23.836  -22.558  -28.448 0.3000000119
149125  -26.678  -24.824  -29.776 0.5000000000
54997  -26.576  -24.774  -30.506 0.6000000238
58235  -22.833  -22.522  -28.500 0.3000000119
58237  -24.958  -22.677  -28.533 0.3000000119
56159  -26.634  -24.180  -30.101 0.6000000238
157197  -26.439  -24.502  -31.208 0.6000000238
58243  -22.450  -21.978  -29.013 0.3000000119
58246  -25.498  -22.346  -29.308 0.3000000119
59453  -22.064  -21.458  -29.437 0.3000000119
56168  -26.015  -24.788  -31.789 0.6000000238
60731  -20.062  -20.526  -29.700 0.3000000119
56200  -25.138  -24.258  -33.123 0.6999999881
139429  -24.298  -24.485  -33.560 0.6999999881
57272  -20.694  -23.651  -34.439 0.6999999881
56212  -21.279  -24.132  -34.199 0.6999999881
57253  -20.037  -24.039  -34.201 0.6999999881
57269  -18.053  -23.213  -34.474 0.8000000119
57270  -18.946  -23.327  -34.494 0.6999999881
58292  -12.788  -22.501  -34.971 0.8000000119
149112  -14.160  -21.851  -34.845 0.6999999881
58277  -15.058  -22.685  -34.497 0.8000000119
58296  -17.531  -22.410  -34.911 0.6000000238
136382  -21.863  -29.559  -36.360 0.6000000238
56246  -13.301  -23.597  -35.470 0.6999999881
56247  -14.505  -23.993  -35.795 0.6999999881
57301  -13.922  -22.838  -35.877 0.6999999881
53878  -17.583  -26.344  -35.505 0.6999999881
52680  -18.081  -27.112  -35.666 0.6999999881
56226  -15.567  -24.847  -35.593 0.6999999881
57305  -18.065  -23.526  -36.822 0.5000000000
56251  -18.674  -24.185  -36.237 0.5000000000
56169  -26.622  -24.007  -30.900 0.6000000238
56183  -26.304  -23.920  -31.775 0.6000000238
57237  -25.806  -23.616  -32.640 0.6000000238
57256  -25.321  -23.319  -33.405 0.6999999881
57254  -23.838  -23.979  -34.084 0.6999999881
61881  -17.828  -18.841  -30.137 0.3000000119
57255  -24.640  -23.717  -33.810 0.6999999881
57275  -23.305  -23.443  -34.451 0.6999999881
58295  -16.484  -22.151  -35.001 0.6999999881
57273  -21.596  -23.571  -34.508 0.6000000238
57271  -19.803  -23.440  -34.502 0.6999999881
57287  -12.722  -22.808  -35.106 0.6999999881
58314  -13.134  -22.226  -35.182 0.6999999881
58294  -15.215  -21.752  -35.050 0.6999999881
59488  -15.872  -21.412  -35.587 0.6000000238
58334  -14.002  -21.940  -36.115 0.6999999881
52681  -19.296  -27.852  -35.796 0.6000000238
51640  -20.418  -29.023  -36.379 0.5000000000
56227  -16.535  -24.656  -35.612 0.6999999881
56228  -17.498  -24.809  -35.544 0.6999999881
55066  -18.881  -25.524  -35.462 0.6000000238
57234  -26.515  -23.274  -31.256 0.5000000000
58264  -26.373  -22.602  -31.496 0.4000000060
57238  -26.322  -23.036  -32.071 0.6000000238
58267  -25.857  -22.765  -32.832 0.6000000238
159450  -17.694  -18.347  -30.621 0.3000000119
61882  -18.645  -19.164  -30.255 0.3000000119
57276  -24.165  -23.237  -34.371 0.6000000238
57274  -22.439  -23.540  -34.489 0.6000000238
58297  -18.503  -22.605  -34.872 0.6000000238
58300  -21.190  -22.978  -34.902 0.6000000238
136758  -14.203  -21.556  -35.453 0.6999999881
58298  -19.422  -22.765  -34.873 0.6000000238
59487  -15.049  -21.236  -35.900 0.6999999881
59500  -15.975  -20.994  -36.374 0.6000000238
56248  -15.553  -23.816  -35.972 0.6999999881
55065  -17.997  -25.524  -35.422 0.6999999881
137064  -19.076  -27.061  -35.510 0.6000000238
158704  -21.392  -28.168  -35.604 0.5000000000
53879  -19.253  -26.170  -35.383 0.6000000238
52682  -20.041  -27.422  -35.517 0.6000000238
52683  -21.847  -27.568  -35.462 0.5000000000
151545  -17.101  -24.115  -35.893 0.6000000238
55067  -19.823  -25.561  -35.535 0.5000000000
146156  -20.482  -26.005  -35.445 0.5000000000
56231  -20.103  -24.812  -35.976 0.5000000000
150397  -20.210  -24.289  -36.613 0.5000000000
59465  -26.146  -21.877  -31.151 0.4000000060
58268  -26.154  -22.118  -32.161 0.4000000060
59470  -25.849  -21.280  -31.797 0.4000000060
60751  -23.932  -20.249  -30.310 0.4000000060
62937  -19.050  -18.823  -30.698 0.3000000119
62938  -19.801  -18.963  -30.749 0.3000000119
149898  -21.940  -19.371  -30.689 0.3000000119
64180  -19.198  -17.831  -31.612 0.3000000119
58302  -23.535  -22.732  -34.753 0.6000000238
58321  -21.717  -22.368  -35.325 0.5000000000
136720  -22.816  -23.006  -34.762 0.6000000238
58318  -18.933  -22.071  -35.426 0.6000000238
58319  -19.887  -22.267  -35.381 0.6000000238
58317  -17.905  -21.804  -35.486 0.6000000238
58320  -20.797  -22.349  -35.353 0.6000000238
59489  -16.826  -21.550  -35.571 0.6000000238
59503  -19.406  -21.562  -35.912 0.6000000238
58316  -14.377  -21.383  -36.124 0.6999999881
59501  -17.053  -21.016  -36.345 0.6000000238
57303  -15.614  -22.716  -36.562 0.6999999881
56250  -17.833  -24.113  -36.012 0.5000000000
56230  -19.235  -24.858  -35.751 0.5000000000
57307  -19.765  -23.777  -37.160 0.5000000000
60752  -25.259  -20.773  -30.709 0.4000000060
60758  -25.476  -20.604  -31.436 0.4000000060
135153  -25.798  -22.020  -32.963 0.5000000000
60767  -25.255  -19.883  -31.803 0.4000000060
58281  -25.436  -22.448  -33.572 0.4000000060
58280  -24.891  -22.903  -34.092 0.5000000000
62952  -20.207  -18.525  -31.215 0.3000000119
64182  -20.708  -18.085  -31.606 0.3000000119
61896  -21.361  -18.880  -30.962 0.4000000060
140350  -24.346  -22.415  -34.597 0.4000000060
64196  -21.190  -17.684  -31.957 0.3000000119
140677  -22.277  -18.694  -31.167 0.4000000060
58322  -22.741  -22.346  -35.205 0.5000000000
59505  -21.290  -21.744  -35.735 0.5000000000
59506  -22.205  -21.703  -35.670 0.5000000000
59502  -18.247  -21.230  -36.258 0.6000000238
59525  -18.958  -21.059  -36.637 0.6000000238
58342  -15.753  -21.248  -36.821 0.6000000238
59523  -16.548  -20.743  -37.105 0.6000000238
58337  -16.719  -22.279  -37.357 0.5000000000
57304  -17.148  -23.357  -36.703 0.5000000000
57314  -17.481  -22.865  -37.383 0.5000000000
57315  -18.168  -23.009  -37.666 0.5000000000
56268  -20.639  -23.957  -37.098 0.5000000000
59474  -25.749  -21.330  -32.619 0.4000000060
60768  -25.578  -20.556  -32.227 0.4000000060
59481  -25.493  -21.468  -33.556 0.4000000060
61910  -25.347  -19.821  -32.637 0.4000000060
59492  -25.104  -21.254  -34.293 0.4000000060
58303  -25.052  -22.039  -34.257 0.4000000060
64194  -19.754  -17.349  -32.091 0.3000000119
59490  -23.694  -21.957  -35.107 0.4000000060
65339  -19.518  -16.664  -32.789 0.3000000119
59529  -22.604  -21.119  -36.055 0.4000000060
59504  -20.366  -21.708  -35.807 0.5000000000
59528  -21.781  -21.247  -36.202 0.5000000000
60788  -17.265  -20.651  -37.004 0.6000000238
59526  -19.872  -21.189  -36.494 0.5000000000
58344  -17.337  -21.973  -37.928 0.5000000000
58343  -16.424  -21.230  -37.406 0.6000000238
60817  -17.146  -20.522  -37.772 0.6000000238
59524  -18.003  -20.613  -37.271 0.6000000238
59537  -17.147  -20.777  -38.061 0.6000000238
57316  -19.133  -23.165  -37.918 0.5000000000
56269  -21.541  -24.145  -37.008 0.5000000000
58356  -17.725  -21.401  -38.419 0.5000000000
66436  -17.830  -14.750  -36.189 0.3000000119
154325  -19.995  -15.533  -34.714 0.4000000060
66423  -20.741  -15.494  -34.746 0.4000000060
60818  -17.884  -20.142  -38.246 0.5000000000
67465  -18.172  -14.110  -36.860 0.4000000060
60833  -17.701  -20.293  -38.332 0.5000000000
61943  -19.613  -19.477  -38.718 0.5000000000
60820  -20.862  -20.412  -37.920 0.5000000000
59545  -18.706  -21.174  -39.222 0.5000000000
61959  -18.929  -19.212  -39.303 0.5000000000
58345  -18.277  -22.369  -38.262 0.5000000000
58358  -19.267  -22.271  -39.041 0.6000000238
57319  -22.005  -23.713  -37.547 0.5000000000
57317  -20.191  -23.418  -37.813 0.6000000238
57331  -20.714  -23.146  -38.513 0.5000000000
57332  -21.665  -23.257  -38.275 0.6000000238
155142  -22.500  -23.394  -38.043 0.4000000060
66438  -19.932  -15.033  -35.835 0.4000000060
66425  -22.544  -15.737  -34.517 0.4000000060
59560  -18.267  -19.785  -39.186 0.5000000000
59561  -19.298  -20.653  -39.651 0.5000000000
58371  -19.572  -21.814  -39.434 0.5000000000
58372  -20.281  -21.746  -39.778 0.5000000000
59562  -20.173  -20.744  -40.032 0.5000000000
58347  -19.733  -22.948  -38.608 0.5000000000
58359  -20.281  -22.565  -39.290 0.5000000000
57333  -23.083  -23.094  -38.494 0.4000000060
58360  -21.328  -22.850  -39.142 0.5000000000
146512  -22.244  -22.964  -38.791 0.5000000000
66449  -21.418  -15.002  -36.414 0.4000000060
67475  -18.821  -13.782  -36.881 0.4000000060
60849  -18.926  -19.318  -39.480 0.5000000000
61944  -20.669  -19.480  -38.778 0.4000000060
58373  -21.161  -22.323  -39.841 0.4000000060
144009  -22.000  -22.567  -39.642 0.4000000060
58361  -22.844  -22.633  -39.190 0.5000000000
58362  -23.710  -22.674  -38.857 0.3000000119
61992  -19.966  -18.658  -40.270 0.4000000060
59563  -21.967  -22.008  -40.343 0.4000000060
58375  -23.400  -22.197  -39.534 0.5000000000
58364  -25.344  -22.284  -38.807 0.4000000060
59565  -23.861  -21.636  -39.905 0.4000000060
59580  -22.522  -21.260  -40.650 0.4000000060
158943  -27.403  -22.117  -36.612 0.4000000060
59564  -22.930  -21.801  -40.216 0.4000000060
155235  -25.244  -21.748  -39.251 0.4000000060
147447  -23.813  -20.761  -40.945 0.4000000060
59547  -26.624  -21.697  -38.463 0.4000000060
59538  -27.099  -21.751  -37.939 0.4000000060
59530  -27.287  -21.416  -36.105 0.4000000060
59509  -27.439  -21.649  -35.327 0.4000000060
59582  -24.275  -21.090  -40.384 0.4000000060
59566  -24.758  -21.412  -39.711 0.3000000119
59568  -26.325  -20.984  -39.017 0.4000000060
60867  -25.267  -19.980  -40.453 0.4000000060
61996  -24.696  -19.847  -40.981 0.4000000060
60836  -26.448  -20.196  -38.913 0.3000000119
142801  -26.716  -20.980  -38.375 0.4000000060
60808  -27.034  -20.905  -36.673 0.4000000060
139262  -27.343  -20.948  -35.279 0.4000000060
60852  -25.907  -20.224  -39.676 0.3000000119
158500  -26.673  -20.166  -37.434 0.4000000060
60807  -26.729  -20.041  -36.696 0.5000000000
61947  -26.497  -19.580  -37.520 0.4000000060
37525  -20.368  -41.535  -35.280 0.6999999881
38497  -25.364  -40.807  -31.295 0.6999999881
139812  -19.864  -44.314  -28.616 0.6000000238
40569  -24.765  -38.550  -32.513 0.8000000119
40545  -25.496  -38.487  -30.154 0.8000000119
39424  -22.561  -39.825  -26.567 0.6000000238
40493  -23.773  -38.115  -27.102 0.6000000238
40494  -24.386  -38.209  -27.552 0.6999999881
43989  -25.138  -35.722  -33.225 0.8000000119
38465  -15.719  -40.391  -29.506 0.4000000060
44014  -16.166  -35.197  -35.559 0.8000000119
43912  -23.304  -35.880  -26.767 0.6000000238
42784  -17.520  -36.675  -29.437 0.5000000000
45184  -26.626  -34.021  -30.808 0.8000000119
46350  -25.016  -33.462  -33.811 0.8000000119
47380  -19.966  -31.885  -28.553 0.6000000238
160808  -24.214  -32.284  -27.384 0.6999999881
48523  -21.124  -30.846  -35.316 0.6999999881
50445  -23.527  -29.753  -26.067 0.6999999881
53840  -17.311  -26.297  -33.457 0.8000000119
50447  -26.355  -28.735  -27.054 0.6999999881
148436  -24.440  -27.047  -32.097 0.6999999881
53847  -24.021  -26.612  -32.512 0.6999999881
53827  -25.597  -26.570  -31.454 0.6999999881
54913  -23.976  -25.863  -25.508 0.6000000238
58258  -26.401  -22.678  -30.736 0.4000000060
58301  -22.066  -22.979  -34.882 0.6000000238
57318  -21.142  -23.561  -37.667 0.5000000000
60783  -25.315  -20.600  -33.897 0.4000000060
140676  -21.038  -21.548  -40.183 0.4000000060
151638  -18.568  -44.114  -38.474 0.5000000000
35388  -17.090  -43.256  -38.560 0.5000000000
34229  -22.419  -44.494  -36.545 0.6999999881
38579  -19.069  -40.648  -37.491 0.5000000000
33016  -20.865  -45.680  -28.803 0.5000000000
150121  -17.775  -40.017  -37.248 0.6999999881
38514  -24.182  -40.178  -33.015 0.6999999881
38544  -20.438  -40.596  -34.478 0.6999999881
38526  -21.080  -40.159  -34.173 0.6999999881
40581  -19.330  -38.620  -34.563 0.6999999881
38525  -20.233  -39.965  -34.318 0.6999999881
40638  -17.996  -38.455  -36.932 0.6999999881
150846  -20.958  -37.818  -36.479 0.5000000000
40617  -18.900  -38.522  -36.705 0.6000000238
42871  -20.121  -36.677  -36.939 0.5000000000
36373  -21.432  -42.837  -27.140 0.6000000238
40584  -23.245  -38.924  -33.528 0.6999999881
148269  -15.946  -38.053  -37.349 0.6999999881
36374  -22.670  -42.626  -27.098 0.6000000238
39490  -25.339  -39.462  -31.431 0.8000000119
40585  -24.115  -38.766  -33.126 0.6999999881
42875  -23.566  -36.607  -36.570 0.4000000060
39462  -25.433  -39.293  -29.812 0.8000000119
36371  -18.760  -42.373  -27.564 0.6000000238
41748  -15.024  -37.325  -35.921 0.8000000119
137961  -23.414  -39.889  -26.909 0.6999999881
41693  -25.543  -37.580  -31.359 0.6999999881
35270  -16.393  -43.463  -29.224 0.5000000000
42835  -23.956  -36.575  -34.060 0.8000000119
42886  -21.240  -36.153  -37.098 0.5000000000
41652  -25.239  -37.839  -28.686 0.6999999881
38443  -18.489  -40.960  -27.677 0.6000000238
42854  -21.888  -36.171  -34.624 0.8000000119
44051  -18.464  -35.310  -37.137 0.6999999881
145099  -21.880  -35.811  -37.227 0.6000000238
138045  -25.504  -36.937  -29.082 0.6999999881
150405  -19.596  -38.970  -27.499 0.6000000238
134718  -19.864  -34.661  -35.411 0.8999999762
153965  -24.704  -34.685  -37.921 0.4000000060
38481  -15.026  -39.833  -30.041 0.3000000119
38454  -17.911  -40.291  -28.303 0.5000000000
38453  -17.105  -40.949  -28.536 0.5000000000
37404  -16.479  -41.507  -28.745 0.5000000000
37425  -15.312  -41.128  -29.470 0.4000000060
45218  -21.255  -34.747  -35.321 0.8999999762
45227  -15.162  -34.358  -36.143 0.8000000119
42741  -22.069  -36.736  -26.454 0.6000000238
42758  -23.944  -36.211  -27.085 0.6000000238
43932  -25.251  -35.627  -28.120 0.8000000119
41631  -20.324  -37.682  -27.110 0.5000000000
39447  -17.655  -39.348  -28.696 0.5000000000
39448  -18.375  -39.316  -28.329 0.5000000000
46367  -23.157  -33.341  -35.330 0.8000000119
134045  -19.868  -34.780  -37.517 0.6999999881
46401  -22.147  -33.538  -39.015 0.6000000238
45265  -23.684  -34.193  -39.659 0.4000000060
42740  -21.312  -36.513  -26.610 0.6000000238
41666  -16.888  -37.104  -29.667 0.5000000000
40526  -16.863  -38.495  -29.397 0.5000000000
148239  -20.053  -37.092  -27.354 0.5000000000
41649  -17.968  -38.049  -28.766 0.5000000000
46324  -26.650  -33.637  -29.461 0.6999999881
43910  -21.639  -35.906  -26.614 0.6000000238
43956  -17.984  -34.901  -29.630 0.6000000238
143732  -17.959  -35.918  -29.395 0.5000000000
42783  -16.793  -36.294  -29.940 0.5000000000
42756  -20.177  -36.371  -27.345 0.5000000000
45164  -15.249  -33.110  -30.276 0.6000000238
46320  -15.541  -32.302  -30.720 0.6000000238
42774  -18.347  -36.651  -28.877 0.5000000000
43944  -19.189  -35.293  -28.510 0.6000000238
41650  -18.479  -37.516  -28.578 0.5000000000
43927  -19.664  -35.865  -27.852 0.5000000000
135111  -15.312  -34.206  -27.291 0.4000000060
47397  -27.086  -32.663  -30.704 0.6999999881
47417  -26.395  -32.324  -32.209 0.6999999881
47449  -20.074  -32.266  -35.520 0.8000000119
47436  -17.660  -33.097  -35.435 0.8999999762
139228  -17.819  -31.715  -29.420 0.5000000000
46311  -19.106  -32.675  -29.145 0.6000000238
45154  -18.653  -34.599  -29.183 0.6000000238
46312  -19.643  -32.409  -28.749 0.6000000238
47360  -18.146  -32.522  -27.440 0.4000000060
137049  -18.065  -31.713  -28.733 0.4000000060
48463  -19.612  -31.583  -28.402 0.5000000000
48446  -19.183  -31.579  -28.345 0.5000000000
47407  -27.101  -32.097  -31.232 0.6999999881
47323  -17.152  -32.082  -25.691 0.4000000060
48411  -18.748  -31.856  -25.954 0.5000000000
48428  -19.129  -31.707  -27.318 0.5000000000
48526  -24.149  -31.236  -34.054 0.6999999881
47435  -16.792  -32.308  -35.406 0.8000000119
141945  -21.130  -32.267  -38.799 0.6999999881
47362  -20.740  -31.918  -28.263 0.6999999881
47363  -21.614  -32.181  -27.820 0.6999999881
48481  -27.402  -31.017  -30.535 0.6999999881
49409  -18.503  -31.298  -25.075 0.5000000000
48503  -26.570  -31.414  -32.093 0.6999999881
48409  -16.515  -31.429  -25.458 0.4000000060
48553  -16.966  -31.178  -37.313 0.8000000119
48449  -21.834  -31.364  -27.648 0.6000000238
48430  -21.094  -31.009  -27.666 0.6000000238
48450  -22.749  -31.468  -27.392 0.6999999881
48464  -20.131  -31.537  -28.298 0.6000000238
48447  -19.791  -31.360  -27.855 0.5000000000
153143  -17.464  -30.326  -24.646 0.3000000119
159549  -24.842  -30.665  -33.252 0.6999999881
50414  -18.663  -29.578  -24.244 0.3000000119
49555  -14.671  -30.789  -36.447 0.8999999762
49557  -16.538  -30.458  -37.078 0.8000000119
50600  -15.117  -30.143  -36.637 0.8000000119
49559  -18.389  -30.041  -37.694 0.6000000238
148320  -20.794  -31.337  -38.763 0.6000000238
49560  -19.356  -29.800  -38.031 0.6000000238
50581  -16.316  -28.970  -36.862 0.8000000119
49411  -20.712  -30.577  -25.427 0.6000000238
48432  -23.138  -30.808  -26.914 0.6999999881
150407  -24.430  -30.351  -26.627 0.6999999881
50529  -25.428  -30.042  -32.580 0.6999999881
133069  -20.006  -29.396  -34.707 0.8000000119
50527  -23.921  -28.915  -32.679 0.6999999881
155035  -13.501  -29.167  -35.403 0.8000000119
50601  -16.015  -29.855  -36.808 0.8000000119
156963  -22.939  -28.977  -24.933 0.5000000000
50472  -27.323  -29.294  -28.881 0.6999999881
50493  -27.022  -29.067  -30.820 0.6999999881
53699  -18.945  -26.598  -25.038 0.3000000119
158442  -25.492  -29.360  -32.233 0.6999999881
51581  -26.490  -28.698  -31.257 0.6999999881
51580  -25.801  -28.239  -31.527 0.6999999881
133072  -17.634  -27.673  -34.019 0.8000000119
133566  -18.301  -27.673  -33.992 0.8000000119
50460  -26.622  -29.325  -27.712 0.6999999881
52562  -20.652  -27.688  -24.149 0.3000000119
52564  -22.186  -27.457  -24.496 0.5000000000
50461  -27.077  -28.933  -28.254 0.6999999881
51559  -27.356  -28.815  -29.571 0.6999999881
53701  -20.429  -26.856  -24.530 0.3000000119
150247  -23.539  -27.025  -24.853 0.5000000000
53729  -22.837  -26.625  -24.839 0.4000000060
52623  -27.144  -27.992  -29.933 0.6999999881
52640  -26.243  -27.868  -31.030 0.6999999881
54908  -19.215  -25.478  -25.928 0.3000000119
136738  -26.105  -26.961  -30.862 0.6999999881
53732  -24.905  -27.088  -25.555 0.6000000238
54931  -23.372  -25.317  -25.801 0.3000000119
52617  -26.871  -27.204  -29.851 0.6999999881
56120  -21.207  -24.048  -27.209 0.3000000119
56121  -22.024  -24.169  -27.089 0.3000000119
52678  -16.262  -27.074  -36.050 0.6999999881
54932  -24.720  -25.562  -25.895 0.6000000238
54934  -26.288  -25.828  -26.921 0.6000000238
56098  -24.091  -24.997  -26.125 0.4000000060
53795  -26.981  -26.044  -28.656 0.6999999881
53805  -26.915  -26.504  -29.408 0.6999999881
53812  -26.574  -26.609  -30.225 0.6999999881
56197  -21.532  -24.706  -33.856 0.8000000119
57252  -19.311  -23.974  -34.168 0.8000000119
57250  -16.782  -23.687  -34.169 0.8000000119
52679  -17.167  -27.102  -35.845 0.6000000238
52701  -18.534  -27.828  -36.030 0.6000000238
56123  -23.799  -24.342  -26.789 0.3000000119
56125  -26.123  -24.739  -27.538 0.5000000000
140185  -21.304  -22.368  -28.633 0.3000000119
56182  -25.717  -24.353  -32.404 0.6000000238
56196  -20.622  -24.518  -33.950 0.6999999881
55064  -17.101  -25.504  -35.460 0.6999999881
57208  -24.255  -23.185  -27.909 0.3000000119
57216  -25.878  -23.071  -28.966 0.3000000119
59452  -21.275  -21.402  -29.403 0.3000000119
59454  -22.930  -21.460  -29.452 0.3000000119
57302  -14.667  -22.737  -36.272 0.6999999881
58299  -20.309  -22.906  -34.885 0.6000000238
158825  -20.419  -27.904  -35.623 0.5000000000
59499  -15.312  -21.188  -36.484 0.6000000238
59522  -16.022  -20.935  -36.985 0.6000000238
53881  -20.694  -26.697  -35.388 0.6000000238
55083  -20.714  -25.391  -35.755 0.4000000060
59469  -25.692  -21.191  -31.129 0.4000000060
61887  -23.337  -19.755  -30.575 0.4000000060
61895  -20.566  -18.989  -30.810 0.3000000119
62951  -19.467  -18.440  -31.181 0.3000000119
64181  -19.971  -17.967  -31.604 0.3000000119
58335  -14.994  -21.691  -36.529 0.5000000000
62953  -21.579  -18.188  -31.561 0.4000000060
59507  -23.063  -21.533  -35.585 0.4000000060
59527  -20.864  -21.271  -36.333 0.5000000000
66422  -19.384  -15.412  -35.088 0.3000000119
66424  -21.679  -15.518  -34.631 0.4000000060
60819  -18.529  -19.591  -38.676 0.5000000000
66439  -21.125  -15.265  -35.550 0.4000000060
59581  -23.405  -21.250  -40.622 0.4000000060
60792  -27.058  -20.558  -35.952 0.4000000060
61975  -25.773  -19.309  -40.236 0.4000000060
61928  -27.137  -20.148  -35.215 0.3000000119
161522  -25.367  -47.835  -34.402 0.5000000000
30881  -24.845  -47.538  -35.545 0.5000000000
29831  -25.490  -48.588  -31.544 0.4000000060
137378  -25.591  -47.828  -31.914 0.5000000000
137400  -25.566  -47.890  -32.783 0.5000000000
156699  -25.369  -47.247  -33.966 0.5000000000
30873  -25.069  -46.495  -34.323 0.6000000238
31955  -24.544  -46.144  -34.905 0.6000000238
136810  -25.482  -47.826  -31.047 0.5000000000
143508  -25.418  -47.051  -30.580 0.5000000000
139599  -25.578  -47.006  -32.434 0.5000000000
158467  -25.552  -46.324  -32.563 0.5000000000
30807  -25.120  -46.980  -29.971 0.5000000000
33082  -25.198  -45.708  -33.612 0.6000000238
34201  -24.331  -44.476  -34.198 0.6000000238
33093  -24.703  -45.686  -34.352 0.6000000238
33092  -23.956  -44.860  -34.859 0.6000000238
34214  -23.392  -44.514  -35.349 0.6000000238
34200  -23.720  -44.100  -34.627 0.6000000238
34213  -22.800  -44.130  -35.821 0.6000000238
35378  -22.233  -43.712  -36.283 0.6000000238
35362  -22.532  -43.366  -35.506 0.6000000238
31896  -25.552  -46.262  -30.921 0.5000000000
31910  -25.612  -46.129  -31.882 0.5000000000
34177  -25.271  -44.915  -33.106 0.6000000238
31882  -24.748  -46.373  -29.510 0.5000000000
33033  -25.507  -45.572  -30.376 0.5000000000
34189  -24.833  -44.107  -33.355 0.6000000238
31869  -23.231  -46.227  -28.732 0.5000000000
33017  -24.068  -45.970  -28.910 0.5000000000
35347  -24.134  -43.656  -33.916 0.6000000238
35363  -23.148  -43.722  -35.105 0.6000000238
35377  -21.600  -43.362  -36.677 0.6000000238
33065  -25.592  -45.203  -31.949 0.5000000000
154253  -25.467  -44.867  -32.467 0.5000000000
33019  -25.223  -45.650  -29.652 0.5000000000
34132  -25.439  -44.878  -29.846 0.5000000000
34150  -25.582  -44.758  -31.407 0.5000000000
140239  -25.346  -44.194  -32.595 0.6000000238
33007  -23.512  -45.423  -28.462 0.5000000000
33008  -24.304  -45.192  -28.720 0.5000000000
33006  -22.646  -45.600  -28.397 0.5000000000
35331  -23.856  -42.824  -33.709 0.6000000238
35346  -23.481  -43.296  -34.375 0.6000000238
35361  -21.925  -42.996  -35.912 0.6000000238
36511  -22.205  -42.641  -35.133 0.6000000238
34131  -24.994  -44.989  -29.173 0.5000000000
142318  -25.481  -42.929  -31.294 0.5000000000
35301  -25.457  -43.569  -31.985 0.6000000238
36460  -25.303  -42.652  -32.048 0.6000000238
34112  -24.621  -44.355  -28.616 0.5000000000
33005  -21.280  -45.145  -28.391 0.5000000000
35345  -22.848  -42.965  -34.773 0.6000000238
36494  -21.805  -41.956  -34.766 0.6000000238
35256  -24.856  -43.382  -28.634 0.5000000000
34113  -25.250  -44.071  -29.306 0.5000000000
149903  -25.516  -43.275  -30.468 0.5000000000
34111  -23.857  -44.620  -28.186 0.5000000000
34110  -22.994  -44.836  -27.970 0.5000000000
34092  -23.371  -44.015  -27.686 0.6000000238
36392  -25.274  -42.533  -29.182 0.6000000238
36410  -25.445  -42.821  -29.811 0.5000000000
36425  -25.496  -42.396  -30.519 0.5000000000
36443  -25.392  -41.801  -31.367 0.6000000238
35255  -24.201  -43.752  -27.986 0.6000000238
34090  -21.222  -43.966  -27.723 0.5000000000
35235  -22.731  -43.336  -27.393 0.5000000000
151423  -23.633  -43.137  -27.543 0.6000000238
34108  -20.546  -44.828  -28.574 0.4000000060
36376  -24.370  -42.805  -27.940 0.6000000238
36391  -24.930  -42.542  -28.609 0.6000000238
37408  -25.208  -41.719  -28.896 0.6000000238
143801  -25.443  -42.032  -29.725 0.5000000000
37444  -25.481  -41.545  -30.429 0.6000000238
38516  -25.091  -41.093  -32.029 0.6000000238
137176  -25.421  -41.175  -29.635 0.6999999881
45241  -21.918  -34.518  -38.077 0.5000000000
51510  -23.998  -28.567  -25.341 0.5000000000
53846  -23.183  -26.944  -32.606 0.6000000238
51652  -18.055  -28.898  -37.251 0.5000000000
50583  -20.078  -29.473  -37.254 0.5000000000
150342  -18.479  -26.317  -35.429 0.5000000000
60791  -26.856  -19.884  -35.820 0.4000000060
137487  -27.205  -19.580  -34.477 0.3000000119
137262  -27.619  -18.108  -32.685 0.3000000119
64183  -27.808  -17.535  -32.122 0.3000000119
28834  -25.268  -49.268  -31.273 0.4000000060
28854  -25.561  -49.286  -32.851 0.5000000000
137448  -25.489  -48.029  -33.659 0.5000000000
31967  -24.006  -46.199  -35.584 0.5000000000
33103  -23.636  -45.332  -35.495 0.6000000238
34230  -23.018  -44.949  -36.055 0.5000000000
29818  -23.893  -48.843  -30.139 0.4000000060
30806  -24.469  -47.244  -29.721 0.5000000000
31880  -22.955  -46.994  -29.109 0.5000000000
31881  -23.847  -46.731  -29.240 0.5000000000
31868  -22.361  -46.406  -28.756 0.3000000119
136196  -20.650  -46.307  -29.248 0.4000000060
155931  -19.604  -46.074  -29.742 0.4000000060
45243  -23.318  -35.110  -37.803 0.4000000060
139251  -23.946  -34.809  -38.067 0.4000000060
45242  -22.586  -34.855  -38.062 0.4000000060
53730  -23.515  -26.428  -25.152 0.5000000000
54912  -23.092  -25.868  -25.396 0.4000000060
50606  -20.519  -29.743  -37.980 0.5000000000
49561  -21.237  -30.041  -37.890 0.5000000000
50584  -21.016  -29.716  -36.816 0.5000000000
57227  -26.542  -23.436  -30.421 0.4000000060
62972  -27.371  -18.321  -33.421 0.3000000119
65326  -28.073  -16.109  -31.079 0.3000000119
28818  -24.937  -49.147  -30.780 0.4000000060
35317  -25.126  -43.345  -32.646 0.6000000238
35254  -20.488  -43.977  -28.075 0.5000000000
34109  -22.018  -44.935  -28.031 0.5000000000
155025  -21.745  -44.256  -27.745 0.6000000238
31879  -21.420  -46.567  -29.057 0.4000000060
30874  -25.149  -47.343  -34.771 0.6000000238
29844  -25.577  -48.598  -32.343 0.4000000060
30862  -25.495  -47.335  -33.236 0.5000000000
31926  -25.444  -46.529  -33.271 0.6000000238
140339  -25.585  -47.020  -31.444 0.5000000000
30822  -25.003  -47.791  -30.282 0.5000000000
147500  -25.571  -44.785  -30.699 0.5000000000
138080  -25.519  -44.081  -30.198 0.5000000000
61922  -26.844  -18.910  -34.862 0.4000000060
29807  -24.187  -48.078  -29.905 0.4000000060
33120  -23.266  -45.811  -36.212 0.4000000060
33119  -22.507  -45.381  -36.850 0.4000000060
30805  -23.577  -47.530  -29.529 0.4000000060
143975  -15.320  -37.918  -30.531 0.4000000060
40544  -15.913  -37.831  -30.159 0.3000000119
40525  -16.200  -38.513  -29.760 0.4000000060
154832  -16.464  -39.782  -29.330 0.4000000060
42790  -15.477  -35.871  -30.848 0.4000000060
41678  -16.214  -36.823  -30.218 0.4000000060
43962  -13.136  -33.529  -31.500 0.4000000060
45182  -14.049  -34.195  -31.623 0.4000000060
43964  -15.203  -34.356  -31.292 0.4000000060
43954  -16.097  -35.157  -30.687 0.4000000060
41647  -13.748  -37.630  -28.669 0.3000000119
42781  -14.010  -35.284  -30.258 0.3000000119
41648  -14.142  -37.031  -28.442 0.4000000060
42782  -14.540  -36.466  -29.016 0.4000000060
43952  -14.925  -35.495  -29.334 0.5000000000
42773  -14.610  -36.414  -28.343 0.4000000060
43941  -15.078  -35.891  -28.251 0.4000000060
45163  -14.687  -33.385  -30.625 0.5000000000
43942  -15.348  -35.484  -27.944 0.4000000060
54911  -22.294  -25.876  -25.329 0.3000000119
57210  -26.163  -23.821  -28.644 0.3000000119
57209  -25.337  -23.407  -28.145 0.3000000119
57217  -26.409  -23.612  -29.543 0.3000000119
60802  -19.054  -20.566  -37.482 0.4000000060
59463  -24.858  -21.009  -30.031 0.3000000119
157519  -24.660  -20.547  -30.367 0.3000000119
140040  -19.746  -20.300  -37.983 0.4000000060
61888  -24.161  -19.668  -30.780 0.3000000119
60804  -21.376  -20.871  -36.897 0.4000000060
60861  -19.456  -18.990  -39.930 0.4000000060
60862  -20.036  -19.713  -40.230 0.3000000119
60757  -24.871  -20.084  -30.919 0.3000000119
61899  -24.605  -19.405  -31.390 0.3000000119
61909  -24.935  -19.191  -32.197 0.3000000119
61897  -22.844  -19.198  -30.803 0.3000000119
61898  -23.806  -19.130  -30.999 0.3000000119
60775  -25.529  -20.574  -33.061 0.3000000119
62964  -23.825  -18.071  -32.056 0.3000000119
61917  -25.072  -19.101  -33.049 0.3000000119
61918  -25.299  -19.842  -33.473 0.3000000119
59491  -24.466  -21.488  -34.802 0.3000000119
62963  -22.751  -17.989  -31.731 0.3000000119
64197  -22.081  -17.437  -32.253 0.3000000119
65342  -21.864  -16.777  -32.820 0.3000000119
59508  -23.818  -21.092  -35.407 0.3000000119
65354  -21.065  -16.653  -32.966 0.3000000119
66411  -21.091  -16.129  -33.549 0.3000000119
60805  -22.269  -20.763  -36.655 0.3000000119
66437  -18.829  -14.879  -36.026 0.3000000119
60821  -21.938  -20.466  -37.426 0.3000000119
67476  -19.694  -14.067  -37.174 0.3000000119
67474  -17.665  -13.906  -36.874 0.3000000119
61960  -19.672  -18.952  -39.463 0.3000000119
59579  -21.593  -21.038  -40.498 0.3000000119
62965  -24.553  -18.497  -32.544 0.3000000119
154226  -25.141  -19.966  -34.184 0.3000000119
60782  -24.793  -20.620  -34.652 0.3000000119
158489  -24.352  -20.906  -35.090 0.3000000119
64198  -23.313  -17.460  -32.465 0.3000000119
62970  -24.203  -17.763  -32.873 0.3000000119
62971  -24.649  -18.389  -33.399 0.3000000119
61921  -24.720  -19.766  -34.735 0.3000000119
60790  -24.275  -20.324  -35.344 0.3000000119
64202  -22.853  -16.848  -32.899 0.3000000119
64203  -23.758  -17.102  -33.240 0.3000000119
64204  -24.309  -17.634  -33.722 0.3000000119
154862  -23.222  -20.939  -35.866 0.3000000119
65353  -20.344  -16.418  -33.216 0.3000000119
154374  -21.656  -16.368  -33.287 0.3000000119
60806  -23.030  -20.547  -36.364 0.3000000119
156471  -21.201  -15.672  -34.077 0.3000000119
66448  -20.547  -14.752  -36.470 0.3000000119
151128  -21.636  -20.091  -38.174 0.3000000119
147108  -20.533  -14.205  -37.310 0.3000000119
61973  -19.720  -18.571  -39.965 0.3000000119
60864  -21.941  -20.189  -40.785 0.3000000119
60863  -20.885  -19.819  -40.503 0.3000000119
136059  -24.979  -19.165  -33.994 0.3000000119
140193  -24.572  -18.363  -34.254 0.3000000119
159327  -24.633  -19.049  -34.709 0.3000000119
140351  -24.396  -19.421  -35.351 0.3000000119
65356  -23.263  -16.509  -33.623 0.3000000119
64209  -24.276  -17.647  -34.632 0.3000000119
65355  -22.419  -16.372  -33.362 0.3000000119
65360  -22.777  -16.037  -33.900 0.3000000119
65361  -23.326  -16.245  -34.509 0.3000000119
61925  -23.517  -19.720  -36.533 0.3000000119
61946  -23.223  -19.349  -37.623 0.3000000119
66440  -22.224  -15.475  -35.446 0.3000000119
61945  -22.439  -19.915  -37.923 0.3000000119
66450  -22.349  -15.324  -36.477 0.3000000119
67477  -21.499  -14.582  -37.310 0.3000000119
66467  -22.442  -15.058  -37.361 0.3000000119
61961  -21.789  -19.453  -38.779 0.3000000119
61974  -20.456  -18.532  -39.687 0.3000000119
149075  -20.129  -17.980  -40.180 0.3000000119
61994  -22.473  -19.521  -41.204 0.3000000119
64215  -23.918  -16.940  -35.077 0.3000000119
64216  -24.199  -17.812  -35.613 0.3000000119
61926  -24.000  -19.775  -35.855 0.3000000119
64223  -24.001  -17.994  -36.572 0.3000000119
154988  -24.160  -18.890  -36.049 0.3000000119
66426  -22.970  -15.779  -35.114 0.3000000119
65368  -23.448  -16.291  -35.489 0.3000000119
66441  -22.992  -15.682  -35.866 0.3000000119
66468  -23.134  -15.548  -37.481 0.3000000119
61962  -22.684  -19.276  -38.464 0.3000000119
66484  -22.585  -14.772  -38.214 0.3000000119
63005  -22.008  -18.617  -39.427 0.3000000119
63020  -20.652  -17.863  -40.005 0.3000000119
63041  -20.776  -17.802  -40.311 0.3000000119
61993  -20.952  -18.507  -40.694 0.3000000119
61995  -23.793  -20.058  -41.329 0.3000000119
136726  -23.798  -17.065  -36.116 0.3000000119
62987  -23.732  -18.796  -36.919 0.3000000119
159649  -23.796  -17.403  -36.756 0.3000000119
66451  -23.060  -15.598  -36.689 0.3000000119
65388  -23.465  -16.220  -37.659 0.3000000119
63006  -23.141  -18.703  -38.593 0.3000000119
67509  -21.743  -13.412  -38.931 0.3000000119
66485  -23.217  -15.587  -38.306 0.3000000119
67492  -21.496  -14.040  -38.109 0.3000000119
67510  -22.749  -14.723  -39.051 0.3000000119
63021  -21.365  -17.729  -40.111 0.3000000119
62012  -21.943  -18.332  -41.243 0.3000000119
62013  -23.298  -19.052  -41.509 0.3000000119
62014  -24.436  -19.343  -41.474 0.3000000119
159186  -23.769  -18.266  -37.125 0.3000000119
62999  -23.567  -18.497  -37.705 0.3000000119
137493  -23.740  -17.713  -37.372 0.3000000119
147172  -23.648  -17.011  -37.951 0.3000000119
153989  -23.524  -17.043  -38.752 0.3000000119
64244  -22.731  -17.962  -39.468 0.3000000119
65400  -23.460  -16.350  -38.487 0.3000000119
66503  -22.622  -14.680  -39.962 0.3000000119
66504  -23.199  -15.620  -39.145 0.3000000119
62011  -21.191  -17.812  -40.831 0.3000000119
63058  -22.899  -18.096  -41.563 0.3000000119
61976  -26.177  -19.382  -39.450 0.3000000119
63022  -25.979  -18.489  -39.987 0.3000000119
61997  -25.208  -19.305  -40.952 0.3000000119
64245  -23.494  -17.825  -38.521 0.3000000119
67527  -22.058  -13.554  -39.906 0.3000000119
64264  -23.156  -17.271  -39.456 0.3000000119
145670  -22.679  -16.684  -40.154 0.3000000119
64279  -21.769  -16.950  -41.033 0.3000000119
64291  -22.497  -17.078  -41.559 0.3000000119
63057  -21.726  -17.555  -41.164 0.3000000119
64292  -23.798  -17.724  -42.013 0.3000000119
64280  -25.744  -17.746  -40.761 0.3000000119
64294  -25.401  -17.935  -41.541 0.3000000119
63060  -25.023  -18.680  -41.579 0.3000000119
64266  -25.958  -18.146  -39.247 0.3000000119
63043  -25.603  -18.571  -40.862 0.3000000119
68496  -21.762  -12.478  -40.561 0.3000000119
66517  -21.928  -13.453  -41.073 0.3000000119
67549  -22.404  -13.445  -41.572 0.3000000119
145835  -22.359  -15.276  -41.281 0.3000000119
65429  -22.104  -15.939  -40.999 0.3000000119
141927  -22.061  -16.538  -40.863 0.3000000119
149723  -22.710  -15.631  -41.761 0.3000000119
65449  -22.823  -16.408  -41.767 0.3000000119
137688  -25.525  -17.066  -41.559 0.3000000119
64310  -24.664  -17.287  -42.240 0.3000000119
64309  -23.666  -16.891  -42.070 0.3000000119
135289  -25.725  -16.906  -40.645 0.3000000119
64311  -25.198  -17.454  -42.031 0.3000000119
63007  -26.120  -18.590  -38.635 0.3000000119
64246  -25.776  -17.355  -39.073 0.3000000119
152912  -26.480  -19.067  -36.812 0.3000000119
149946  -26.201  -18.648  -37.709 0.3000000119
156209  -26.666  -19.277  -36.050 0.3000000119
68513  -22.165  -12.686  -41.300 0.3000000119
68525  -22.983  -13.051  -41.839 0.3000000119
66524  -22.328  -14.238  -41.342 0.3000000119
67563  -24.421  -14.771  -42.358 0.3000000119
157284  -24.997  -15.250  -42.399 0.3000000119
65450  -23.598  -16.083  -42.156 0.3000000119
150671  -25.375  -16.313  -42.006 0.3000000119
65451  -24.565  -16.489  -42.327 0.3000000119
64247  -25.912  -17.947  -38.375 0.3000000119
159593  -26.505  -18.653  -36.238 0.3000000119
149290  -26.634  -18.634  -35.533 0.3000000119
67550  -23.083  -13.778  -42.004 0.3000000119
33118  -22.001  -44.726  -37.164 0.4000000060
147171  -13.549  -36.295  -30.090 0.3000000119
145143  -15.205  -33.263  -31.248 0.4000000060
43963  -13.918  -33.521  -31.000 0.4000000060
43953  -15.460  -35.078  -28.823 0.4000000060
58247  -26.248  -22.835  -29.838 0.3000000119
62954  -23.325  -18.574  -31.362 0.3000000119
60803  -20.348  -20.805  -37.115 0.4000000060
66410  -20.369  -15.809  -33.947 0.3000000119
67466  -19.027  -14.265  -36.767 0.3000000119
66412  -21.956  -15.838  -33.826 0.3000000119
42788  -12.670  -34.539  -31.272 0.4000000060
43961  -12.337  -33.497  -31.830 0.4000000060
43974  -13.719  -33.569  -31.789 0.4000000060
43975  -14.583  -33.366  -31.400 0.4000000060
41629  -13.624  -37.519  -28.082 0.3000000119
62955  -24.264  -18.724  -31.713 0.3000000119
60822  -22.770  -20.152  -37.048 0.3000000119
60789  -23.606  -20.396  -35.873 0.3000000119
64208  -23.914  -16.930  -34.098 0.3000000119
67491  -20.257  -13.615  -37.390 0.3000000119
62975  -24.412  -18.521  -35.117 0.3000000119
147765  -23.427  -16.196  -36.324 0.3000000119
67508  -20.994  -13.126  -38.421 0.3000000119
65374  -23.404  -16.026  -36.985 0.3000000119
137764  -23.628  -16.804  -36.992 0.3000000119
64263  -22.078  -17.281  -40.443 0.3000000119
65418  -23.284  -16.478  -39.331 0.3000000119
63059  -24.125  -18.596  -41.890 0.3000000119
145161  -22.235  -14.879  -40.923 0.3000000119
65417  -22.715  -15.804  -40.267 0.3000000119
67561  -22.709  -14.526  -41.804 0.3000000119
65439  -22.169  -16.253  -41.221 0.3000000119
62988  -26.295  -18.269  -36.795 0.3000000119
66537  -25.116  -15.994  -42.334 0.3000000119
66518  -25.484  -15.222  -41.227 0.3000000119
41663  -12.897  -36.640  -30.409 0.4000000060
44055  -24.296  -35.260  -37.360 0.4000000060
33029  -16.015  -45.047  -30.988 0.3000000119
33048  -16.523  -45.498  -32.019 0.3000000119
33028  -14.969  -45.076  -30.752 0.3000000119
33031  -17.783  -45.206  -30.628 0.3000000119
148885  -13.797  -36.483  -27.702 0.3000000119
43926  -14.639  -36.184  -27.879 0.3000000119
43925  -13.659  -35.629  -27.539 0.3000000119
41692  -13.386  -36.080  -32.128 0.3000000119
43973  -12.942  -33.320  -31.820 0.3000000119
42804  -14.716  -34.735  -31.453 0.3000000119
41677  -15.440  -37.106  -30.610 0.3000000119
42789  -14.938  -36.238  -31.143 0.3000000119
42787  -11.783  -34.124  -32.169 0.3000000119
42802  -13.025  -33.892  -32.245 0.3000000119
44042  -24.343  -36.060  -36.718 0.3000000119
28833  -24.830  -49.774  -31.020 0.4000000060
29806  -23.343  -48.313  -29.770 0.4000000060
29819  -24.622  -48.633  -30.410 0.4000000060
29820  -25.218  -48.572  -30.824 0.4000000060
29859  -25.573  -48.546  -33.066 0.5000000000
31867  -21.758  -45.737  -28.533 0.5000000000
31883  -25.365  -46.340  -30.100 0.5000000000
31909  -18.110  -46.407  -31.169 0.4000000060
33018  -24.685  -45.644  -29.186 0.5000000000
33030  -17.020  -45.176  -31.155 0.5000000000
33032  -19.016  -45.981  -30.172 0.4000000060
33047  -15.519  -45.340  -31.699 0.4000000060
33049  -17.611  -45.799  -31.426 0.4000000060
33050  -25.584  -45.450  -31.208 0.5000000000
33081  -24.784  -45.019  -33.835 0.6000000238
33104  -24.237  -45.554  -34.972 0.6000000238
34091  -22.459  -44.181  -27.658 0.6000000238
34128  -17.637  -44.277  -29.581 0.5000000000
34129  -18.386  -44.507  -29.547 0.5000000000
34130  -19.745  -44.926  -29.090 0.5000000000
34164  -25.547  -44.414  -31.951 0.5000000000
34228  -21.846  -44.068  -36.987 0.4000000060
34242  -17.551  -43.855  -38.691 0.5000000000
35234  -21.800  -43.561  -27.453 0.5000000000
35257  -25.261  -43.203  -29.257 0.5000000000
35273  -25.437  -43.491  -29.794 0.5000000000
35286  -25.572  -43.964  -31.163 0.5000000000
35374  -17.581  -42.799  -37.747 0.6999999881
35390  -19.768  -43.864  -38.180 0.5000000000
36372  -20.636  -42.647  -27.182 0.6000000238
36388  -17.302  -42.340  -28.285 0.5000000000
36477  -24.322  -42.244  -33.212 0.6999999881
36495  -22.515  -42.223  -34.451 0.6000000238
36521  -16.437  -41.817  -37.158 0.6999999881
36522  -17.064  -42.180  -37.199 0.6999999881
36526  -21.234  -42.689  -36.297 0.6000000238
37376  -22.998  -41.219  -26.732 0.6000000238
37507  -17.933  -40.597  -35.244 0.6999999881
37508  -19.173  -40.926  -35.053 0.6999999881
37523  -18.663  -41.325  -35.580 0.6999999881
37526  -21.112  -41.708  -35.070 0.6999999881
37541  -16.247  -41.577  -37.451 0.6999999881
38432  -23.180  -40.512  -26.785 0.6999999881
38466  -16.470  -40.656  -29.034 0.4000000060
38528  -24.158  -40.894  -33.112 0.6999999881
38539  -16.700  -39.744  -35.480 0.6999999881
38540  -16.680  -40.382  -35.625 0.6999999881
38553  -15.644  -40.286  -36.539 0.6999999881
38554  -16.160  -40.794  -36.233 0.6999999881
38563  -15.382  -40.380  -36.898 0.6999999881
38576  -15.901  -41.043  -37.306 0.6999999881
38577  -16.709  -40.761  -37.648 0.6999999881
39422  -20.873  -40.027  -26.611 0.6000000238
39461  -17.024  -39.216  -29.137 0.5000000000
39529  -18.500  -39.604  -34.706 0.6999999881
39562  -15.327  -39.625  -36.946 0.6999999881
39564  -16.434  -39.369  -37.392 0.6999999881
39565  -17.465  -39.252  -37.211 0.6999999881
40482  -23.094  -38.297  -26.739 0.6000000238
40506  -17.481  -38.596  -28.976 0.5000000000
40558  -25.537  -38.364  -31.030 0.6999999881
40596  -15.536  -38.158  -35.863 0.6999999881
40597  -16.479  -38.237  -35.551 0.8000000119
40616  -15.258  -38.787  -36.651 0.8000000119
40636  -15.967  -38.805  -37.384 0.6999999881
41630  -19.672  -37.665  -27.587 0.5000000000
41665  -14.080  -36.898  -29.245 0.4000000060
41667  -17.339  -37.743  -29.285 0.5000000000
41719  -18.888  -38.143  -34.808 0.6999999881
41724  -24.731  -37.190  -33.061 0.6999999881
41758  -14.731  -37.138  -36.258 0.8000000119
41763  -22.332  -37.374  -36.498 0.5000000000
41778  -18.739  -36.670  -37.015 0.6999999881
42754  -14.085  -36.846  -27.951 0.3000000119
42803  -14.124  -35.404  -31.699 0.3000000119
42822  -25.227  -36.955  -32.514 0.8000000119
42861  -14.730  -36.515  -36.000 0.8000000119
42876  -24.393  -36.801  -36.536 0.4000000060
42882  -14.980  -36.102  -36.816 0.8000000119
42885  -20.532  -36.139  -37.159 0.6000000238
44015  -18.095  -35.883  -35.398 0.8000000119
44019  -22.310  -35.551  -34.845 0.8999999762
44030  -14.921  -35.264  -36.141 0.8000000119
44041  -23.442  -35.712  -37.020 0.4000000060
45168  -26.418  -34.500  -29.535 0.8000000119
45171  -13.411  -33.430  -31.577 0.3000000119
45172  -14.177  -33.331  -31.052 0.4000000060
45221  -24.151  -34.249  -34.675 0.8000000119
45233  -15.110  -34.684  -36.181 0.8000000119
45253  -21.826  -33.977  -38.488 0.6000000238
46293  -16.931  -33.599  -27.462 0.4000000060
46310  -18.674  -33.456  -29.393 0.6000000238
46329  -16.614  -31.674  -30.514 0.6000000238
46345  -26.093  -33.184  -32.398 0.6999999881
46362  -16.877  -33.822  -35.425 0.8000000119
46374  -15.013  -33.624  -35.924 0.8999999762
47365  -23.835  -32.871  -27.324 0.6999999881
47376  -16.462  -31.524  -30.355 0.6000000238
47379  -19.189  -31.632  -28.813 0.5000000000
47390  -27.270  -32.294  -30.093 0.6999999881
47406  -26.789  -32.577  -31.510 0.6999999881
47448  -14.929  -32.796  -36.046 0.8999999762
47451  -21.881  -32.472  -35.515 0.8000000119
47464  -15.503  -32.689  -36.507 0.8999999762
47467  -18.963  -32.307  -37.775 0.6999999881
47486  -23.899  -33.482  -40.185 0.6000000238
48410  -17.877  -31.682  -25.402 0.4000000060
48519  -14.836  -31.639  -35.583 0.8999999762
48532  -14.417  -31.573  -35.880 0.8000000119
48542  -14.296  -31.490  -36.057 0.8000000119
48554  -18.885  -30.719  -37.915 0.6000000238
48582  -22.002  -31.059  -39.496 0.6999999881
48583  -22.550  -30.633  -39.629 0.6000000238
48584  -22.926  -31.195  -40.069 0.5000000000
49413  -22.230  -30.073  -25.923 0.6000000238
49486  -16.904  -29.481  -31.733 0.8000000119
49502  -16.704  -29.633  -32.235 0.8000000119
49503  -24.763  -30.166  -32.995 0.6999999881
49513  -16.501  -29.324  -34.984 0.8000000119
49542  -14.222  -30.852  -36.086 0.8000000119
49556  -15.598  -30.641  -36.752 0.8000000119
49558  -17.451  -30.277  -37.406 0.8000000119
49578  -20.172  -29.911  -38.335 0.6000000238
50505  -16.835  -29.145  -31.556 0.8000000119
50506  -17.431  -28.861  -31.345 0.8000000119
50509  -27.218  -29.714  -30.832 0.6999999881
50523  -16.570  -28.934  -32.422 0.8000000119
50542  -13.710  -29.041  -34.920 0.8000000119
50546  -17.683  -29.631  -35.176 0.8000000119
50550  -23.960  -29.662  -33.163 0.6999999881
50555  -13.370  -29.100  -35.190 0.8000000119
50565  -13.719  -29.177  -36.005 0.8000000119
50580  -15.245  -29.412  -36.664 0.8000000119
51502  -22.676  -28.330  -24.633 0.5000000000
51564  -17.655  -27.888  -31.831 0.8000000119
51595  -16.696  -28.622  -32.271 0.8000000119
51597  -20.792  -27.878  -33.581 0.8000000119
51600  -24.265  -28.371  -32.324 0.6999999881
51620  -19.902  -28.334  -35.939 0.6000000238
51621  -20.738  -28.338  -35.753 0.5000000000
51636  -16.859  -28.454  -36.854 0.6999999881
51637  -17.476  -28.417  -36.837 0.5000000000
51639  -19.023  -28.434  -36.407 0.6000000238
51653  -18.767  -28.984  -37.162 0.6000000238
52609  -27.298  -27.697  -28.636 0.6999999881
52618  -27.167  -27.384  -29.282 0.6999999881
52638  -17.490  -27.628  -33.831 0.8000000119
52663  -13.399  -27.246  -34.490 0.8000000119
52666  -19.464  -27.586  -33.748 0.8000000119
52671  -12.736  -26.950  -34.720 0.8000000119
52677  -12.615  -27.668  -35.056 0.8000000119
52697  -14.282  -27.318  -36.090 0.8000000119
53842  -18.711  -27.008  -32.845 0.8000000119
53845  -21.984  -26.675  -33.046 0.8000000119
53854  -12.806  -26.300  -34.594 0.8000000119
53856  -14.387  -26.687  -34.113 0.8000000119
53864  -12.539  -26.515  -34.900 0.8000000119
53873  -12.495  -26.687  -35.001 0.8000000119
53880  -19.911  -26.471  -35.400 0.6000000238
55018  -14.582  -25.477  -33.642 0.8000000119
55021  -17.483  -25.709  -33.432 0.8000000119
55024  -21.484  -26.061  -33.315 0.8000000119
55035  -13.016  -25.728  -34.321 0.8000000119
55059  -12.554  -25.850  -34.917 0.8000000119
56190  -14.881  -24.322  -33.774 0.8000000119
56191  -15.785  -24.261  -33.809 0.8000000119
56194  -18.836  -24.514  -33.792 0.8000000119
56211  -12.636  -24.231  -34.791 0.8000000119
56224  -12.607  -24.914  -34.923 0.8000000119
56229  -18.360  -24.844  -35.599 0.5000000000
56249  -16.405  -23.597  -36.250 0.6000000238
56252  -19.497  -24.249  -36.451 0.5000000000
57300  -13.377  -22.377  -35.533 0.6999999881
57306  -18.900  -23.649  -37.048 0.5000000000
57320  -23.257  -23.597  -37.826 0.4000000060
57334  -23.901  -23.256  -38.252 0.4000000060
58275  -12.997  -23.198  -34.567 0.8000000119
58276  -13.658  -22.567  -34.568 0.8000000119
58278  -16.158  -22.822  -34.517 0.8000000119
58293  -13.410  -21.917  -35.109 0.6999999881
58315  -13.683  -21.827  -35.612 0.6999999881
58336  -15.914  -21.838  -37.022 0.5000000000
58346  -18.966  -22.582  -38.562 0.5000000000
58357  -18.420  -21.767  -38.771 0.6000000238
58363  -24.596  -22.779  -38.567 0.3000000119
58374  -22.608  -22.259  -39.830 0.4000000060
58376  -24.426  -22.130  -39.240 0.4000000060
59451  -20.476  -21.321  -29.343 0.3000000119
59539  -27.233  -21.625  -37.101 0.4000000060
59544  -17.893  -20.482  -38.696 0.5000000000
59546  -25.969  -21.697  -38.945 0.4000000060
59567  -25.611  -21.128  -39.468 0.3000000119
59578  -20.796  -20.652  -40.300 0.4000000060
60784  -27.434  -20.574  -34.468 0.4000000060
60834  -18.097  -19.795  -38.806 0.5000000000
60835  -18.303  -19.328  -39.116 0.5000000000
60850  -19.463  -19.735  -39.927 0.5000000000
60851  -25.099  -20.719  -40.078 0.4000000060
60865  -23.030  -20.636  -41.087 0.3000000119
60866  -24.545  -20.440  -40.722 0.4000000060
61886  -22.449  -19.881  -30.481 0.3000000119
61927  -26.858  -19.409  -35.310 0.4000000060
61963  -26.351  -19.351  -38.529 0.3000000119
61972  -19.352  -18.999  -39.688 0.4000000060
62976  -27.082  -18.663  -34.221 0.4000000060
63023  -26.157  -18.810  -39.224 0.3000000119
63042  -21.375  -17.608  -40.683 0.3000000119
64195  -20.522  -17.540  -32.025 0.3000000119
64238  -26.010  -17.731  -37.450 0.3000000119
64265  -25.891  -17.572  -39.960 0.3000000119
64293  -24.811  -18.017  -42.059 0.3000000119
65325  -27.935  -16.744  -31.660 0.3000000119
65452  -25.191  -16.799  -42.201 0.3000000119
66525  -25.316  -15.425  -42.061 0.3000000119
66535  -23.528  -15.186  -42.205 0.3000000119
66536  -24.458  -15.637  -42.377 0.3000000119
67562  -23.568  -14.404  -42.200 0.3000000119
133070  -19.210  -29.278  -34.755 0.8000000119
133071  -18.314  -27.592  -32.837 0.8000000119
133345  -18.662  -27.155  -32.874 0.8000000119
133346  -18.659  -27.152  -32.874 0.8000000119
133386  -20.630  -28.443  -33.997 0.6999999881
133451  -17.853  -27.373  -33.703 0.8000000119
133513  -18.740  -27.558  -32.940 0.8000000119
133614  -17.486  -28.976  -34.843 0.8000000119
133701  -17.898  -27.461  -33.658 0.8000000119
134118  -26.615  -20.206  -38.079 0.3000000119
136857  -13.381  -27.992  -34.610 0.8000000119
138747  -25.542  -16.180  -41.340 0.3000000119
139250  -21.911  -35.155  -37.678 0.6000000238
139714  -26.740  -18.196  -34.843 0.3000000119
140390  -17.390  -38.140  -35.323 0.8000000119
140790  -16.612  -20.806  -37.445 0.6000000238
141634  -25.430  -40.020  -31.036 0.8000000119
142705  -15.836  -27.722  -36.566 0.6999999881
143634  -12.877  -24.777  -35.185 0.8000000119
143664  -22.247  -27.701  -32.882 0.6999999881
144135  -14.035  -24.434  -33.822 0.8000000119
144167  -14.695  -35.903  -36.133 0.8000000119
144359  -18.908  -36.999  -28.409 0.5000000000
144894  -20.957  -27.552  -35.480 0.6000000238
145190  -26.892  -20.836  -37.505 0.4000000060
145310  -24.653  -46.796  -35.195 0.6000000238
145973  -24.065  -42.112  -27.564 0.6999999881
146717  -15.329  -28.444  -34.654 0.8000000119
146859  -15.529  -31.890  -36.685 0.8999999762
147217  -26.317  -34.225  -28.971 0.8000000119
147297  -25.497  -45.656  -32.701 0.6000000238
147498  -20.309  -32.984  -35.527 0.8000000119
147501  -18.271  -32.826  -37.489 0.6999999881
148852  -27.389  -30.688  -29.742 0.6999999881
149401  -15.945  -32.683  -26.345 0.3000000119
149445  -15.043  -37.865  -36.659 0.8000000119
150356  -16.420  -32.158  -29.610 0.5000000000
150452  -17.611  -23.822  -34.144 0.8000000119
150507  -16.371  -22.741  -36.827 0.6999999881
150665  -21.361  -37.063  -26.539 0.6000000238
151133  -24.413  -45.123  -34.464 0.6000000238
151704  -18.622  -27.122  -32.869 0.8000000119
151705  -18.713  -27.197  -32.881 0.8000000119
151706  -18.705  -27.190  -32.880 0.8000000119
151707  -18.699  -27.185  -32.879 0.8000000119
151708  -18.699  -27.185  -32.879 0.8000000119
151888  -19.102  -27.451  -33.525 0.8000000119
151986  -17.620  -28.259  -32.441 0.8000000119
152045  -19.059  -27.118  -33.474 0.8000000119
152046  -18.688  -27.176  -32.878 0.8000000119
152047  -18.643  -27.139  -32.872 0.8000000119
152049  -18.682  -27.171  -32.877 0.8000000119
152050  -18.639  -27.136  -32.872 0.8000000119
152051  -18.730  -27.212  -32.883 0.8000000119
152052  -18.636  -27.133  -32.871 0.8000000119
152053  -18.678  -27.168  -32.876 0.8000000119
152054  -18.722  -27.205  -32.882 0.8000000119
152055  -18.672  -27.163  -32.876 0.8000000119
152154  -18.630  -27.128  -32.870 0.8000000119
152155  -18.655  -27.149  -32.873 0.8000000119
152156  -18.718  -27.201  -32.881 0.8000000119
152157  -18.726  -27.205  -32.882 0.8000000119
152158  -18.629  -27.128  -32.870 0.8000000119
152159  -18.672  -27.163  -32.876 0.8000000119
152160  -18.651  -27.146  -32.873 0.8000000119
152161  -18.738  -27.245  -32.888 0.8000000119
152162  -18.693  -27.181  -32.878 0.8000000119
152163  -18.628  -27.127  -32.870 0.8000000119
152164  -18.647  -27.143  -32.873 0.8000000119
152165  -18.709  -27.194  -32.880 0.8000000119
152166  -18.687  -27.176  -32.878 0.8000000119
152167  -18.666  -27.158  -32.875 0.8000000119
152179  -18.738  -27.223  -32.885 0.8000000119
152222  -20.267  -30.704  -35.380 0.6999999881
152784  -26.759  -31.285  -28.652 0.6999999881
154316  -18.654  -31.684  -29.176 0.4000000060
154492  -19.527  -37.791  -34.684 0.6999999881
154504  -26.842  -28.630  -27.696 0.6999999881
155249  -16.778  -42.321  -38.392 0.6000000238
157109  -23.296  -28.931  -33.036 0.6999999881
157331  -15.206  -40.301  -36.977 0.6999999881
157526  -21.309  -43.722  -37.316 0.4000000060
158604  -19.558  -39.823  -34.433 0.6999999881
158791  -24.143  -34.039  -40.062 0.4000000060
159002  -23.684  -31.719  -34.612 0.8000000119
159142  -25.115  -42.913  -28.906 0.6000000238
159515  -21.055  -40.800  -34.370 0.6999999881
159881  -23.558  -38.586  -26.983 0.6000000238
160410  -14.402  -31.755  -36.111 0.8000000119
161080  -23.916  -42.631  -27.555 0.6000000238
161134  -21.378  -34.813  -37.789 0.6999999881
161316  -20.897  -32.879  -38.550 0.6999999881
161417  -25.456  -41.205  -30.888 0.6000000238
161443  -23.105  -42.880  -27.307 0.6000000238
161505  -21.944  -16.466  -40.995 0.3000000119
161630  -17.048  -29.838  -31.857 0.8000000119
161811  -22.702  -23.839  -37.497 0.5000000000
