#!ascii label  , from subject sub-v1s3x0050787_ses-1 vox2ras=TkReg
721
36239  26.452  -39.865  51.241 0.0000000000
57799  45.024  -19.058  36.154 0.0000000000
58792  54.520  -18.408  36.018 0.0000000000
51646  45.111  -25.853  46.179 0.0000000000
37383  33.217  -39.219  44.532 0.0000000000
35280  30.472  -40.774  49.313 0.0000000000
59733  50.158  -18.032  36.804 0.0000000000
58689  49.540  -18.084  41.586 0.0000000000
48594  41.252  -28.927  47.684 0.0000000000
39265  36.860  -38.260  46.689 0.0000000000
137984  58.939  -12.383  29.083 0.0000000000
60669  54.947  -15.992  32.230 0.0000000000
52853  43.346  -24.915  41.270 0.0000000000
57708  44.786  -19.767  42.957 0.0000000000
39236  30.290  -37.541  48.568 0.0000000000
36253  28.493  -39.666  50.353 0.0000000000
142834  47.869  -18.955  37.040 0.0000000000
59708  50.499  -17.080  39.348 0.0000000000
119397  47.113  -18.620  39.412 0.0000000000
43292  41.880  -33.840  46.650 0.0000000000
36295  34.642  -41.667  47.610 0.0000000000
37381  35.195  -39.326  44.341 0.0000000000
127352  37.103  -41.635  46.574 0.0000000000
63851  56.958  -12.562  28.704 0.0000000000
61644  58.061  -14.283  30.406 0.0000000000
62697  56.534  -14.076  30.912 0.0000000000
58806  52.246  -18.209  33.934 0.0000000000
59781  52.475  -17.755  31.583 0.0000000000
59761  54.834  -17.077  34.231 0.0000000000
58836  55.861  -17.790  33.376 0.0000000000
57817  55.529  -19.742  34.765 0.0000000000
49581  43.090  -27.320  47.890 0.0000000000
49618  42.654  -27.264  45.142 0.0000000000
51661  43.502  -24.918  46.257 0.0000000000
141150  43.922  -22.210  42.635 0.0000000000
137782  44.911  -22.995  46.088 0.0000000000
55779  46.374  -21.681  44.774 0.0000000000
122182  46.402  -24.962  44.391 0.0000000000
37323  32.960  -39.406  48.070 0.0000000000
58808  50.469  -18.338  34.366 0.0000000000
59731  52.483  -17.125  36.930 0.0000000000
59694  52.144  -17.329  39.016 0.0000000000
57746  51.398  -19.152  40.339 0.0000000000
43261  37.455  -33.714  48.700 0.0000000000
45399  40.045  -31.384  49.346 0.0000000000
125874  42.630  -30.902  47.671 0.0000000000
47596  44.367  -29.555  45.468 0.0000000000
48652  45.702  -28.491  43.605 0.0000000000
42162  35.027  -33.964  47.086 0.0000000000
39233  38.191  -37.275  47.875 0.0000000000
63859  58.559  -13.827  27.324 0.0000000000
61647  54.804  -15.297  30.049 0.0000000000
127629  56.233  -15.497  32.007 0.0000000000
57860  56.808  -19.867  32.256 0.0000000000
58726  44.369  -18.294  39.574 0.0000000000
58675  46.713  -18.616  42.608 0.0000000000
55807  48.483  -21.207  42.476 0.0000000000
36254  26.790  -40.211  51.073 0.0000000000
36238  27.103  -39.636  50.950 0.0000000000
118846  27.625  -39.923  50.707 0.0000000000
57797  46.585  -19.195  36.556 0.0000000000
58760  47.786  -18.840  37.791 0.0000000000
57787  46.307  -19.133  37.384 0.0000000000
35330  36.098  -42.210  46.784 0.0000000000
63852  55.949  -13.054  28.120 0.0000000000
63820  56.991  -13.496  30.553 0.0000000000
120141  56.049  -13.862  29.748 0.0000000000
119326  53.748  -17.292  35.293 0.0000000000
120743  53.715  -17.446  34.541 0.0000000000
59753  54.731  -17.573  34.948 0.0000000000
58805  55.280  -18.388  34.719 0.0000000000
50580  43.851  -26.399  47.370 0.0000000000
50596  43.497  -26.016  47.340 0.0000000000
52770  44.023  -24.955  47.307 0.0000000000
53826  44.193  -23.431  46.309 0.0000000000
52784  44.894  -24.250  46.783 0.0000000000
53825  45.843  -23.511  45.726 0.0000000000
51660  45.634  -25.753  45.262 0.0000000000
38285  31.532  -38.495  49.012 0.0000000000
37286  32.278  -40.095  49.044 0.0000000000
36284  32.925  -40.828  48.681 0.0000000000
58795  49.452  -18.363  35.283 0.0000000000
119588  49.027  -18.554  33.675 0.0000000000
58794  50.285  -18.215  35.198 0.0000000000
58793  51.164  -18.114  35.142 0.0000000000
120325  51.556  -17.501  36.749 0.0000000000
59705  52.611  -17.158  38.188 0.0000000000
59718  51.244  -17.111  38.293 0.0000000000
59687  49.766  -17.338  40.862 0.0000000000
59685  51.074  -17.324  40.047 0.0000000000
58688  50.279  -18.540  41.266 0.0000000000
56800  50.860  -20.378  40.558 0.0000000000
57733  50.338  -19.625  41.194 0.0000000000
42131  38.940  -34.661  49.007 0.0000000000
44330  39.304  -32.281  49.148 0.0000000000
43260  40.118  -33.582  48.972 0.0000000000
44354  42.345  -32.552  47.191 0.0000000000
46530  43.456  -30.439  46.448 0.0000000000
38354  36.166  -39.082  45.064 0.0000000000
40237  35.865  -36.407  45.318 0.0000000000
40229  36.265  -36.348  47.029 0.0000000000
41209  36.677  -35.531  48.194 0.0000000000
39252  37.595  -37.545  47.668 0.0000000000
64841  58.413  -12.016  28.493 0.0000000000
63850  59.270  -13.040  28.353 0.0000000000
60688  57.094  -15.890  30.487 0.0000000000
60670  54.024  -16.663  31.639 0.0000000000
59801  52.846  -17.275  30.351 0.0000000000
60679  53.677  -16.725  30.701 0.0000000000
60699  54.263  -15.878  29.284 0.0000000000
61636  55.004  -15.337  31.011 0.0000000000
139173  55.772  -14.963  31.556 0.0000000000
127891  55.798  -15.787  32.392 0.0000000000
57830  56.335  -20.258  33.741 0.0000000000
138906  56.324  -19.163  32.700 0.0000000000
47573  40.220  -30.016  47.447 0.0000000000
48626  41.133  -29.314  45.636 0.0000000000
51686  43.218  -25.797  43.238 0.0000000000
49645  42.457  -27.159  43.096 0.0000000000
55794  44.266  -20.862  43.364 0.0000000000
55826  43.003  -20.699  41.025 0.0000000000
57735  43.477  -19.062  41.386 0.0000000000
58727  42.934  -18.437  39.651 0.0000000000
58693  44.717  -18.641  41.743 0.0000000000
120414  45.969  -18.378  41.565 0.0000000000
57706  45.484  -19.180  42.909 0.0000000000
54810  47.479  -22.676  43.665 0.0000000000
56755  47.349  -20.773  43.763 0.0000000000
54826  47.747  -22.816  42.644 0.0000000000
54854  48.159  -21.991  41.133 0.0000000000
136740  29.742  -38.358  50.090 0.0000000000
36267  30.148  -39.955  49.723 0.0000000000
35294  29.993  -41.021  49.010 0.0000000000
140186  29.030  -40.094  49.846 0.0000000000
121399  49.341  -18.332  37.109 0.0000000000
59719  50.265  -17.714  37.829 0.0000000000
58758  49.330  -18.119  38.145 0.0000000000
58722  49.013  -17.700  39.786 0.0000000000
59688  49.057  -17.422  41.184 0.0000000000
124841  33.842  -40.010  46.227 0.0000000000
37382  34.506  -39.640  44.413 0.0000000000
37360  34.721  -40.182  45.174 0.0000000000
36334  35.926  -40.497  45.893 0.0000000000
37339  37.035  -40.241  46.733 0.0000000000
37338  37.823  -40.250  46.959 0.0000000000
36311  38.088  -40.989  46.532 0.0000000000
64833  57.798  -12.255  29.211 0.0000000000
62717  58.476  -13.808  29.786 0.0000000000
62695  58.033  -13.427  30.419 0.0000000000
61633  57.581  -14.041  30.939 0.0000000000
61634  57.167  -14.702  31.194 0.0000000000
58837  51.548  -18.288  32.453 0.0000000000
59772  52.916  -17.796  32.424 0.0000000000
59771  53.829  -17.368  32.891 0.0000000000
59770  54.729  -16.822  33.467 0.0000000000
60659  55.678  -16.500  32.971 0.0000000000
59760  55.261  -17.415  34.220 0.0000000000
57831  55.756  -19.345  34.172 0.0000000000
49573  42.244  -28.251  48.261 0.0000000000
49592  42.112  -27.778  46.781 0.0000000000
49604  42.573  -27.169  46.342 0.0000000000
51662  43.134  -25.695  45.432 0.0000000000
51685  43.437  -25.063  43.737 0.0000000000
120428  43.855  -23.558  42.288 0.0000000000
53858  43.778  -23.305  44.514 0.0000000000
54798  44.046  -22.426  44.815 0.0000000000
140771  44.949  -21.231  44.623 0.0000000000
57690  45.838  -20.147  43.949 0.0000000000
54777  45.734  -22.072  45.292 0.0000000000
53843  46.648  -23.283  44.721 0.0000000000
51684  46.830  -25.043  43.320 0.0000000000
39253  30.867  -37.536  47.179 0.0000000000
38304  31.565  -38.051  47.184 0.0000000000
37341  32.998  -39.164  46.818 0.0000000000
36296  34.085  -40.867  48.153 0.0000000000
35308  34.025  -42.059  48.133 0.0000000000
58807  51.334  -18.285  34.203 0.0000000000
59744  52.895  -17.490  35.583 0.0000000000
59729  53.630  -17.518  36.749 0.0000000000
134845  53.624  -18.090  37.326 0.0000000000
58737  53.280  -18.617  38.143 0.0000000000
129913  52.770  -19.083  38.826 0.0000000000
59695  51.421  -17.144  39.386 0.0000000000
57759  51.786  -18.807  39.808 0.0000000000
45450  36.997  -32.518  46.551 0.0000000000
45436  38.328  -31.893  47.950 0.0000000000
46502  39.816  -30.729  48.879 0.0000000000
47562  40.944  -29.648  48.813 0.0000000000
43258  41.474  -33.252  48.209 0.0000000000
45435  41.736  -31.628  48.447 0.0000000000
47560  42.052  -29.304  48.599 0.0000000000
125433  42.893  -28.625  47.920 0.0000000000
48607  43.817  -28.389  46.833 0.0000000000
49603  44.750  -28.122  45.406 0.0000000000
123040  45.496  -27.659  44.333 0.0000000000
47601  45.274  -29.299  44.340 0.0000000000
43277  36.164  -33.723  48.019 0.0000000000
41193  37.571  -35.028  48.702 0.0000000000
120965  38.823  -36.078  48.416 0.0000000000
38300  38.426  -38.583  47.423 0.0000000000
39249  39.352  -37.498  47.355 0.0000000000
63857  59.865  -12.415  26.788 0.0000000000
62719  55.161  -14.574  28.659 0.0000000000
61635  55.635  -14.733  30.919 0.0000000000
61625  56.611  -14.867  31.487 0.0000000000
59788  56.472  -16.964  31.485 0.0000000000
59768  56.039  -16.939  32.902 0.0000000000
59779  56.312  -17.461  32.187 0.0000000000
58848  56.342  -18.221  31.292 0.0000000000
48642  41.715  -28.603  44.137 0.0000000000
58745  43.105  -18.234  38.375 0.0000000000
58762  44.990  -18.845  37.927 0.0000000000
58724  46.334  -18.485  40.138 0.0000000000
118403  47.124  -18.064  41.619 0.0000000000
58673  48.386  -18.421  42.355 0.0000000000
57689  46.522  -20.115  43.842 0.0000000000
57703  47.811  -19.502  43.042 0.0000000000
56769  49.147  -19.217  42.294 0.0000000000
55824  49.404  -20.697  41.256 0.0000000000
50621  46.115  -26.538  43.771 0.0000000000
50650  46.641  -26.503  42.498 0.0000000000
36255  26.008  -40.466  51.403 0.0000000000
37269  27.088  -39.476  50.913 0.0000000000
133641  45.971  -19.200  35.919 0.0000000000
57798  45.752  -19.151  36.744 0.0000000000
62718  55.682  -13.812  28.529 0.0000000000
59742  54.171  -17.644  36.145 0.0000000000
118750  54.245  -17.357  35.548 0.0000000000
136265  54.580  -17.910  35.597 0.0000000000
50595  44.461  -26.083  46.913 0.0000000000
51636  43.979  -25.651  47.383 0.0000000000
51647  44.502  -25.067  47.036 0.0000000000
52785  44.303  -24.263  47.029 0.0000000000
121050  45.387  -25.019  46.188 0.0000000000
36266  30.955  -40.197  49.468 0.0000000000
37287  31.402  -39.637  49.420 0.0000000000
138713  31.656  -40.331  49.213 0.0000000000
131480  31.363  -41.091  49.011 0.0000000000
58778  49.346  -18.391  36.151 0.0000000000
58777  50.164  -18.138  35.964 0.0000000000
59746  50.984  -17.951  35.938 0.0000000000
59732  50.774  -17.857  36.547 0.0000000000
129429  51.009  -17.516  37.319 0.0000000000
59676  50.034  -17.648  41.118 0.0000000000
57734  49.715  -18.914  41.736 0.0000000000
41200  39.343  -35.272  48.704 0.0000000000
42147  39.752  -34.525  48.857 0.0000000000
42146  40.573  -34.355  48.486 0.0000000000
39283  36.389  -38.198  45.570 0.0000000000
39284  36.099  -37.283  44.970 0.0000000000
40228  36.420  -37.112  46.098 0.0000000000
120975  35.921  -36.195  46.210 0.0000000000
119165  36.946  -37.200  47.347 0.0000000000
38302  37.414  -38.200  47.336 0.0000000000
64832  58.890  -12.453  29.250 0.0000000000
64840  59.236  -12.023  28.541 0.0000000000
63836  59.191  -12.123  28.614 0.0000000000
63837  59.252  -12.478  29.314 0.0000000000
60678  54.512  -15.995  31.272 0.0000000000
61627  55.433  -15.438  31.824 0.0000000000
56876  56.965  -21.117  33.331 0.0000000000
57845  56.645  -20.130  33.050 0.0000000000
47585  40.756  -29.515  47.053 0.0000000000
124239  40.812  -29.598  46.199 0.0000000000
48609  41.222  -29.058  46.590 0.0000000000
51703  43.163  -25.709  42.403 0.0000000000
51719  43.019  -25.598  41.629 0.0000000000
56771  44.359  -20.001  42.815 0.0000000000
56787  43.756  -19.619  42.108 0.0000000000
57722  44.438  -19.382  42.447 0.0000000000
122849  43.984  -19.039  41.950 0.0000000000
58678  44.549  -18.942  42.131 0.0000000000
58677  45.153  -18.882  42.384 0.0000000000
129720  45.310  -19.597  43.215 0.0000000000
53872  47.482  -23.488  43.143 0.0000000000
53887  47.477  -23.703  42.364 0.0000000000
54843  47.665  -22.995  41.565 0.0000000000
38258  28.605  -38.779  50.551 0.0000000000
38270  29.117  -38.389  50.338 0.0000000000
37267  28.911  -39.090  50.526 0.0000000000
37266  29.744  -39.151  50.163 0.0000000000
36252  29.338  -39.708  50.041 0.0000000000
57806  46.853  -19.191  35.727 0.0000000000
57818  47.130  -19.079  34.897 0.0000000000
58797  47.714  -18.941  35.591 0.0000000000
58779  48.390  -18.748  36.423 0.0000000000
58759  48.538  -18.633  37.423 0.0000000000
58741  47.921  -18.569  38.759 0.0000000000
139928  48.431  -18.215  39.257 0.0000000000
58723  48.069  -18.175  39.737 0.0000000000
58704  48.558  -17.645  40.609 0.0000000000
36315  34.471  -40.789  47.102 0.0000000000
36336  34.633  -40.510  45.964 0.0000000000
36313  36.271  -41.355  46.676 0.0000000000
36333  36.638  -40.819  46.607 0.0000000000
36312  37.439  -41.048  46.662 0.0000000000
64843  56.212  -12.329  27.625 0.0000000000
64842  57.309  -12.044  28.125 0.0000000000
63818  58.462  -12.812  29.771 0.0000000000
63838  57.720  -12.702  29.704 0.0000000000
62696  57.481  -13.757  30.904 0.0000000000
62680  57.116  -14.279  31.213 0.0000000000
58820  52.392  -18.161  32.983 0.0000000000
59762  54.047  -17.353  33.888 0.0000000000
60654  55.247  -16.866  33.578 0.0000000000
136073  56.026  -20.395  34.286 0.0000000000
49582  42.686  -27.583  47.943 0.0000000000
49591  42.638  -27.234  47.429 0.0000000000
50582  43.161  -26.728  47.751 0.0000000000
51649  43.277  -25.766  46.658 0.0000000000
51673  43.182  -25.752  44.247 0.0000000000
51672  43.365  -24.777  44.967 0.0000000000
52825  43.582  -24.209  44.112 0.0000000000
52812  43.594  -23.878  45.029 0.0000000000
54766  44.434  -23.199  46.096 0.0000000000
54780  44.328  -22.874  45.705 0.0000000000
55768  44.563  -22.148  45.133 0.0000000000
55767  44.909  -21.753  45.083 0.0000000000
55766  45.308  -21.676  45.087 0.0000000000
54778  45.020  -22.264  45.543 0.0000000000
52798  46.230  -24.233  45.122 0.0000000000
53824  46.384  -23.585  45.089 0.0000000000
52811  46.638  -24.140  44.410 0.0000000000
52823  46.870  -24.307  43.759 0.0000000000
52824  46.634  -24.824  43.863 0.0000000000
39255  29.598  -37.283  47.811 0.0000000000
39268  29.745  -37.084  46.865 0.0000000000
39254  30.341  -37.329  47.527 0.0000000000
38284  32.276  -38.934  48.601 0.0000000000
119833  31.777  -38.334  48.141 0.0000000000
38303  32.291  -38.720  47.586 0.0000000000
138606  32.166  -38.586  46.708 0.0000000000
37340  33.697  -40.032  47.537 0.0000000000
37322  33.364  -40.233  48.457 0.0000000000
58823  49.889  -18.491  33.591 0.0000000000
58838  50.241  -18.532  32.765 0.0000000000
58822  50.709  -18.437  33.478 0.0000000000
59745  52.011  -17.655  35.976 0.0000000000
142195  52.891  -17.207  36.354 0.0000000000
59743  53.614  -17.257  36.140 0.0000000000
59730  53.183  -17.094  36.916 0.0000000000
59704  53.126  -17.663  37.952 0.0000000000
58738  52.715  -17.902  38.579 0.0000000000
58720  52.291  -18.268  39.296 0.0000000000
123668  50.113  -17.541  38.626 0.0000000000
132453  50.706  -17.176  38.687 0.0000000000
59696  50.807  -17.049  39.823 0.0000000000
58702  51.350  -18.100  40.137 0.0000000000
130000  51.837  -20.034  39.932 0.0000000000
44356  37.166  -32.813  48.089 0.0000000000
45449  37.675  -32.279  47.335 0.0000000000
45437  37.977  -32.445  48.406 0.0000000000
44329  39.682  -32.014  49.306 0.0000000000
45420  39.478  -31.465  49.091 0.0000000000
46488  39.974  -31.006  49.293 0.0000000000
46501  40.442  -30.356  48.995 0.0000000000
46487  40.441  -30.676  49.113 0.0000000000
42159  41.237  -34.113  48.003 0.0000000000
43276  41.748  -33.694  47.437 0.0000000000
45434  42.409  -31.707  47.607 0.0000000000
45417  42.171  -30.887  48.272 0.0000000000
46499  41.901  -30.082  48.637 0.0000000000
46515  42.507  -30.190  48.126 0.0000000000
47559  42.419  -28.740  48.288 0.0000000000
47571  42.857  -29.426  47.871 0.0000000000
46529  43.911  -30.110  45.790 0.0000000000
47583  43.775  -29.434  46.341 0.0000000000
48624  44.303  -28.720  45.822 0.0000000000
49590  44.313  -27.847  46.347 0.0000000000
47595  44.944  -28.905  45.001 0.0000000000
118483  45.155  -28.155  44.787 0.0000000000
37398  34.645  -39.108  43.891 0.0000000000
38375  34.415  -38.475  43.440 0.0000000000
38374  35.105  -38.703  43.897 0.0000000000
43311  34.517  -33.877  46.385 0.0000000000
137012  34.632  -33.526  46.301 0.0000000000
43293  35.154  -33.538  46.838 0.0000000000
44358  35.740  -33.432  47.351 0.0000000000
43278  35.599  -33.877  47.635 0.0000000000
140743  37.132  -35.909  48.254 0.0000000000
41202  37.137  -35.505  48.429 0.0000000000
41201  37.866  -35.837  48.566 0.0000000000
40210  38.740  -36.988  47.884 0.0000000000
37321  38.161  -39.413  47.254 0.0000000000
39264  39.727  -37.905  46.753 0.0000000000
63849  59.667  -12.085  27.854 0.0000000000
63858  59.341  -13.124  27.190 0.0000000000
62747  57.518  -14.255  26.577 0.0000000000
130749  51.750  -17.880  30.967 0.0000000000
134913  52.419  -17.602  30.828 0.0000000000
61657  54.682  -15.310  29.021 0.0000000000
61646  55.415  -14.580  29.919 0.0000000000
61626  56.175  -15.111  31.916 0.0000000000
60668  56.308  -16.290  32.206 0.0000000000
59769  55.616  -17.210  33.524 0.0000000000
58835  56.171  -18.113  32.820 0.0000000000
126171  56.366  -18.702  32.076 0.0000000000
125631  56.682  -19.402  31.335 0.0000000000
49605  42.230  -27.875  45.593 0.0000000000
125649  41.924  -28.435  44.996 0.0000000000
49619  42.263  -27.931  44.551 0.0000000000
54827  43.873  -22.590  41.988 0.0000000000
56802  42.689  -19.910  40.665 0.0000000000
58709  43.627  -18.391  40.272 0.0000000000
136425  42.739  -18.364  39.115 0.0000000000
123154  43.428  -18.288  39.307 0.0000000000
58763  44.066  -18.534  37.555 0.0000000000
58744  44.193  -18.390  38.580 0.0000000000
58743  45.167  -18.634  38.830 0.0000000000
58725  45.332  -18.408  39.838 0.0000000000
58691  46.400  -18.402  42.150 0.0000000000
58690  47.362  -18.156  42.209 0.0000000000
59679  47.964  -17.828  41.886 0.0000000000
58674  47.621  -18.499  42.554 0.0000000000
56738  46.091  -20.668  44.444 0.0000000000
56737  46.716  -20.653  44.160 0.0000000000
55792  48.068  -21.003  43.258 0.0000000000
56754  47.922  -20.177  43.230 0.0000000000
56770  48.536  -20.380  42.702 0.0000000000
129860  48.488  -19.626  42.700 0.0000000000
139970  49.054  -19.905  42.354 0.0000000000
55806  49.044  -20.571  42.064 0.0000000000
49634  45.726  -27.799  43.754 0.0000000000
49617  45.817  -27.206  43.890 0.0000000000
49633  46.070  -27.172  43.387 0.0000000000
38259  27.805  -38.964  50.742 0.0000000000
37268  27.907  -39.254  50.721 0.0000000000
58780  47.427  -19.079  36.412 0.0000000000
57786  47.142  -19.100  37.228 0.0000000000
57771  46.878  -18.942  38.248 0.0000000000
35331  35.230  -42.284  47.170 0.0000000000
36314  35.377  -41.416  46.934 0.0000000000
63839  56.735  -13.178  29.460 0.0000000000
59755  52.989  -17.809  34.676 0.0000000000
59763  53.116  -17.930  33.799 0.0000000000
59754  54.298  -17.263  34.801 0.0000000000
140286  54.871  -18.098  35.240 0.0000000000
58791  54.946  -18.849  35.372 0.0000000000
132104  43.373  -26.680  47.615 0.0000000000
50581  43.602  -26.170  47.441 0.0000000000
51637  43.852  -25.608  47.340 0.0000000000
52786  43.962  -24.226  46.930 0.0000000000
52800  43.714  -24.000  45.964 0.0000000000
53805  44.300  -23.715  46.615 0.0000000000
53804  44.634  -23.352  46.363 0.0000000000
54765  45.227  -22.854  45.879 0.0000000000
52799  45.644  -24.240  45.993 0.0000000000
51659  45.944  -25.001  45.181 0.0000000000
38286  30.796  -38.083  49.289 0.0000000000
118472  30.980  -38.828  49.667 0.0000000000
37306  31.880  -39.297  49.211 0.0000000000
37305  32.648  -39.740  48.800 0.0000000000
37304  32.982  -40.352  48.729 0.0000000000
58810  48.768  -18.537  34.562 0.0000000000
58809  49.617  -18.411  34.443 0.0000000000
140220  52.777  -17.030  37.509 0.0000000000
141076  52.054  -17.004  37.760 0.0000000000
59706  51.864  -16.990  38.714 0.0000000000
59697  50.034  -17.093  40.138 0.0000000000
59686  50.373  -17.306  40.405 0.0000000000
58703  50.793  -18.114  40.624 0.0000000000
57747  50.888  -19.382  40.728 0.0000000000
56799  51.409  -20.293  40.308 0.0000000000
56801  50.203  -20.404  40.899 0.0000000000
43243  37.781  -33.832  48.862 0.0000000000
44332  38.278  -33.153  48.976 0.0000000000
43242  38.436  -33.304  49.033 0.0000000000
43241  39.239  -32.768  49.164 0.0000000000
43240  40.050  -32.674  49.153 0.0000000000
43275  42.201  -33.198  46.907 0.0000000000
45433  42.880  -31.132  46.923 0.0000000000
45446  43.401  -31.344  46.086 0.0000000000
46541  43.825  -30.716  45.771 0.0000000000
137695  35.493  -38.246  44.117 0.0000000000
39299  35.948  -38.190  44.670 0.0000000000
41230  35.319  -35.808  44.786 0.0000000000
41222  35.394  -35.616  45.810 0.0000000000
41217  34.885  -34.676  46.451 0.0000000000
42174  35.342  -34.647  47.339 0.0000000000
42161  35.691  -34.343  47.857 0.0000000000
141669  36.181  -35.751  47.626 0.0000000000
40213  37.222  -36.476  47.974 0.0000000000
39234  37.759  -36.987  47.915 0.0000000000
64839  59.597  -11.643  27.797 0.0000000000
61645  57.584  -14.729  30.749 0.0000000000
59780  53.465  -17.300  32.005 0.0000000000
59789  53.140  -17.249  31.160 0.0000000000
60690  53.325  -16.865  29.782 0.0000000000
60689  54.144  -16.089  30.138 0.0000000000
141764  56.034  -16.103  32.517 0.0000000000
58818  56.006  -19.003  33.404 0.0000000000
46531  39.764  -30.616  46.637 0.0000000000
50637  42.906  -26.516  43.642 0.0000000000
131434  42.640  -27.271  44.085 0.0000000000
50651  42.815  -26.400  42.721 0.0000000000
50652  42.226  -26.900  42.064 0.0000000000
55808  43.829  -21.471  42.440 0.0000000000
128033  43.430  -20.570  41.847 0.0000000000
56788  43.115  -19.717  41.328 0.0000000000
57736  42.837  -19.097  40.565 0.0000000000
57760  42.296  -18.848  39.598 0.0000000000
57748  43.375  -18.705  40.780 0.0000000000
142137  43.782  -18.537  40.885 0.0000000000
136744  44.229  -18.453  41.061 0.0000000000
123824  45.017  -18.395  41.340 0.0000000000
58676  45.843  -18.790  42.539 0.0000000000
58659  46.119  -19.066  43.013 0.0000000000
122734  47.056  -22.098  44.422 0.0000000000
55778  46.913  -21.291  44.342 0.0000000000
55793  47.500  -21.627  43.802 0.0000000000
54809  48.051  -21.917  43.062 0.0000000000
54825  48.178  -22.062  42.075 0.0000000000
39237  29.511  -37.569  48.852 0.0000000000
39223  29.404  -37.939  49.851 0.0000000000
39222  30.094  -37.910  49.573 0.0000000000
38269  30.101  -38.712  50.013 0.0000000000
37288  30.572  -39.347  49.783 0.0000000000
36268  29.756  -40.394  49.576 0.0000000000
36285  29.165  -40.478  49.301 0.0000000000
36269  28.241  -40.287  49.987 0.0000000000
58796  48.575  -18.611  35.436 0.0000000000
58739  49.673  -17.590  39.168 0.0000000000
126054  48.480  -18.515  38.168 0.0000000000
58740  48.815  -18.178  38.861 0.0000000000
59698  49.374  -17.325  40.613 0.0000000000
59677  49.368  -17.637  41.400 0.0000000000
42160  40.845  -34.882  47.828 0.0000000000
37362  33.154  -39.302  45.532 0.0000000000
136785  33.785  -39.421  44.234 0.0000000000
37361  33.952  -39.847  45.042 0.0000000000
36353  35.413  -40.007  45.018 0.0000000000
36335  35.370  -40.628  45.888 0.0000000000
37380  35.726  -39.456  44.834 0.0000000000
37359  36.219  -39.957  45.646 0.0000000000
38337  36.674  -39.262  46.151 0.0000000000
38320  37.415  -39.259  47.096 0.0000000000
36310  38.586  -40.817  46.223 0.0000000000
62694  58.621  -12.819  29.776 0.0000000000
63819  57.739  -13.219  30.376 0.0000000000
141021  56.637  -16.713  30.822 0.0000000000
59782  51.596  -18.118  31.707 0.0000000000
59773  52.156  -18.038  32.193 0.0000000000
136725  53.257  -17.817  33.143 0.0000000000
60661  54.411  -16.691  32.565 0.0000000000
60660  55.264  -16.371  32.932 0.0000000000
58819  55.634  -18.130  33.963 0.0000000000
48593  41.777  -28.445  48.161 0.0000000000
48608  41.678  -28.387  47.204 0.0000000000
49583  42.176  -27.855  47.819 0.0000000000
50597  42.934  -26.462  47.117 0.0000000000
50609  42.860  -26.460  45.913 0.0000000000
50623  42.918  -26.525  44.699 0.0000000000
51702  43.505  -25.132  42.842 0.0000000000
52846  43.690  -24.301  41.723 0.0000000000
52837  43.703  -24.400  42.559 0.0000000000
53873  43.794  -23.640  43.330 0.0000000000
138538  43.950  -22.777  42.882 0.0000000000
53844  43.903  -23.182  45.617 0.0000000000
127723  44.037  -21.908  43.287 0.0000000000
124088  44.375  -21.640  44.354 0.0000000000
56740  44.652  -20.928  44.066 0.0000000000
56739  44.940  -20.675  44.127 0.0000000000
57691  45.327  -20.145  43.735 0.0000000000
56726  45.351  -20.941  44.560 0.0000000000
55765  45.818  -21.320  44.849 0.0000000000
125892  46.150  -22.883  45.388 0.0000000000
54797  46.530  -22.466  44.879 0.0000000000
54796  46.993  -22.989  44.311 0.0000000000
53857  47.160  -23.628  43.730 0.0000000000
38338  32.513  -38.787  44.953 0.0000000000
39235  31.086  -37.767  48.173 0.0000000000
38322  31.687  -38.249  46.148 0.0000000000
38321  32.395  -38.748  45.905 0.0000000000
36283  33.527  -40.918  48.490 0.0000000000
35290  34.066  -41.581  48.192 0.0000000000
58821  51.514  -18.357  33.266 0.0000000000
59756  52.100  -18.013  34.945 0.0000000000
58776  54.100  -18.121  36.593 0.0000000000
59717  53.182  -17.318  37.474 0.0000000000
58721  51.664  -17.702  39.633 0.0000000000
57758  52.330  -19.570  39.480 0.0000000000
45463  37.996  -32.064  46.089 0.0000000000
46532  39.151  -31.162  46.928 0.0000000000
45421  38.742  -31.969  48.775 0.0000000000
46503  38.989  -31.249  48.168 0.0000000000
46516  39.651  -30.591  47.809 0.0000000000
47563  40.289  -30.056  48.562 0.0000000000
42145  40.929  -33.704  48.572 0.0000000000
44343  41.278  -32.371  48.665 0.0000000000
133441  41.988  -33.075  47.563 0.0000000000
44355  41.935  -32.497  47.980 0.0000000000
45419  40.873  -31.428  49.045 0.0000000000
45418  41.335  -30.546  48.869 0.0000000000
46500  41.458  -29.688  48.807 0.0000000000
48579  41.436  -29.060  48.509 0.0000000000
48577  42.050  -28.638  48.555 0.0000000000
49572  42.553  -28.106  48.099 0.0000000000
48592  43.243  -28.068  47.665 0.0000000000
136094  43.335  -29.755  47.075 0.0000000000
47584  43.379  -28.962  47.322 0.0000000000
48591  43.710  -27.331  47.315 0.0000000000
124838  44.371  -26.958  46.764 0.0000000000
50594  44.832  -26.713  45.965 0.0000000000
50608  45.406  -26.480  45.233 0.0000000000
49602  45.174  -27.386  45.094 0.0000000000
48641  45.437  -28.467  44.277 0.0000000000
46552  45.172  -29.931  43.971 0.0000000000
47608  45.503  -29.279  43.538 0.0000000000
37399  34.013  -39.174  43.725 0.0000000000
39316  35.132  -37.924  43.639 0.0000000000
44384  36.058  -32.630  46.091 0.0000000000
44357  36.398  -33.174  47.772 0.0000000000
44346  36.878  -33.475  48.346 0.0000000000
41204  36.244  -34.746  48.300 0.0000000000
41203  36.703  -34.533  48.482 0.0000000000
42133  37.350  -34.437  48.697 0.0000000000
42132  38.109  -34.281  48.979 0.0000000000
125017  39.689  -35.756  48.208 0.0000000000
38301  37.800  -38.514  47.477 0.0000000000
39251  37.993  -37.855  47.753 0.0000000000
38299  39.182  -38.353  47.173 0.0000000000
39250  38.612  -37.808  47.608 0.0000000000
134775  25.667  -40.117  51.482 0.0000000000
63865  58.999  -13.148  25.984 0.0000000000
62666  56.453  -14.670  31.458 0.0000000000
60677  56.689  -15.665  31.551 0.0000000000
58861  56.450  -18.919  30.412 0.0000000000
57800  44.050  -18.905  36.106 0.0000000000
48625  41.708  -28.574  45.931 0.0000000000
125738  41.462  -28.979  44.937 0.0000000000
58746  42.245  -18.413  38.606 0.0000000000
58781  43.551  -18.497  36.831 0.0000000000
138577  44.350  -18.830  36.738 0.0000000000
57788  44.972  -18.997  37.089 0.0000000000
58761  45.848  -18.998  38.150 0.0000000000
58742  46.119  -18.780  39.091 0.0000000000
58707  45.559  -18.296  40.795 0.0000000000
58706  46.454  -18.242  41.015 0.0000000000
118916  47.415  -18.160  40.592 0.0000000000
58705  48.190  -17.723  41.366 0.0000000000
59678  48.681  -17.747  41.675 0.0000000000
59668  48.912  -17.989  41.875 0.0000000000
128876  45.669  -19.571  43.371 0.0000000000
57705  46.343  -19.542  43.447 0.0000000000
58658  46.952  -18.966  43.023 0.0000000000
57704  47.100  -19.503  43.341 0.0000000000
58657  47.757  -18.936  42.820 0.0000000000
57720  48.458  -18.933  42.579 0.0000000000
58672  49.048  -18.473  42.108 0.0000000000
56786  49.644  -19.898  41.732 0.0000000000
55825  48.693  -21.266  41.601 0.0000000000
55842  48.925  -21.148  40.640 0.0000000000
119233  45.676  -26.797  44.412 0.0000000000
50622  46.003  -25.848  44.390 0.0000000000
118398  46.467  -25.650  43.652 0.0000000000
127126  46.367  -27.184  42.782 0.0000000000
50636  46.440  -26.491  43.172 0.0000000000
51701  46.737  -25.803  42.908 0.0000000000
38257  29.365  -38.654  50.313 0.0000000000
38355  35.627  -38.872  44.420 0.0000000000
39267  30.374  -37.220  46.626 0.0000000000
40211  38.100  -36.586  48.191 0.0000000000
40212  37.490  -36.186  48.204 0.0000000000
40219  36.689  -36.245  47.699 0.0000000000
40262  35.201  -36.975  43.651 0.0000000000
41192  38.438  -35.227  48.840 0.0000000000
41194  37.008  -34.904  48.549 0.0000000000
41210  35.843  -35.084  47.874 0.0000000000
41216  35.613  -35.494  46.941 0.0000000000
42148  36.115  -34.237  48.213 0.0000000000
43259  40.825  -33.011  48.875 0.0000000000
43262  36.681  -34.031  48.465 0.0000000000
44331  38.935  -32.640  49.057 0.0000000000
44344  40.458  -32.125  49.150 0.0000000000
44345  37.712  -33.096  48.730 0.0000000000
44370  36.149  -32.907  47.017 0.0000000000
44372  34.682  -33.224  46.117 0.0000000000
45400  39.669  -31.706  49.245 0.0000000000
45401  39.189  -32.117  49.142 0.0000000000
45402  38.568  -32.669  48.951 0.0000000000
45448  38.478  -31.712  47.064 0.0000000000
46486  40.938  -29.881  48.978 0.0000000000
46514  42.973  -30.338  47.345 0.0000000000
47561  41.540  -29.236  48.731 0.0000000000
47572  40.783  -29.463  48.151 0.0000000000
48578  41.959  -28.777  48.572 0.0000000000
51648  43.783  -25.246  47.125 0.0000000000
51718  43.539  -25.063  42.047 0.0000000000
52810  46.858  -23.693  44.182 0.0000000000
53803  45.081  -23.586  46.428 0.0000000000
54779  44.640  -22.577  45.571 0.0000000000
54811  43.962  -22.598  43.919 0.0000000000
55780  44.745  -21.408  44.605 0.0000000000
56756  44.756  -20.338  43.465 0.0000000000
56812  42.309  -19.627  40.001 0.0000000000
57707  45.055  -19.957  43.366 0.0000000000
57721  44.999  -19.343  42.779 0.0000000000
58692  45.460  -18.578  42.012 0.0000000000
58694  43.973  -18.698  41.435 0.0000000000
58708  44.618  -18.290  40.538 0.0000000000
58710  42.859  -18.623  40.044 0.0000000000
58728  42.501  -18.558  39.333 0.0000000000
59669  48.207  -18.026  42.139 0.0000000000
59707  51.183  -16.950  39.148 0.0000000000
63817  58.812  -12.540  29.415 0.0000000000
125682  47.195  -20.083  43.602 0.0000000000
126610  43.092  -18.217  37.497 0.0000000000
127471  43.624  -24.515  43.282 0.0000000000
129231  39.044  -33.829  49.055 0.0000000000
132192  45.589  -19.064  37.446 0.0000000000
132281  46.357  -21.085  44.595 0.0000000000
132284  38.852  -32.780  49.049 0.0000000000
133259  43.883  -20.419  42.571 0.0000000000
136090  36.853  -32.735  47.381 0.0000000000
137093  44.559  -23.788  46.765 0.0000000000
137330  30.317  -38.409  49.830 0.0000000000
138405  44.669  -27.424  45.851 0.0000000000
139353  36.707  -35.021  48.430 0.0000000000
139494  37.191  -34.169  48.653 0.0000000000
140885  45.558  -28.880  44.006 0.0000000000
143007  45.679  -26.230  44.718 0.0000000000
