#!ascii label  , from subject sub-v1s3x0050787_ses-1 vox2ras=TkReg
987
121998  53.722  24.539  5.060 0.0000000000
98367  57.170  26.992  3.871 0.0000000000
129616  61.876  22.492  9.594 0.0000000000
95964  49.910  23.669  8.689 0.0000000000
94600  53.753  21.745  10.465 0.0000000000
127122  53.369  22.734  -3.081 0.0000000000
142993  54.481  30.319  8.029 0.0000000000
102421  55.042  32.513  4.036 0.0000000000
92673  62.797  18.369  11.850 0.0000000000
91086  61.242  16.543  5.995 0.0000000000
138487  58.917  22.800  0.092 0.0000000000
95976  58.244  23.215  7.230 0.0000000000
98352  61.283  26.418  6.209 0.0000000000
96751  57.947  24.358  11.975 0.0000000000
103754  59.561  34.491  1.689 0.0000000000
99181  54.483  26.982  -0.673 0.0000000000
92710  57.338  18.272  9.760 0.0000000000
96801  51.670  24.519  6.616 0.0000000000
95938  51.840  23.313  9.423 0.0000000000
95981  53.898  23.877  8.329 0.0000000000
96868  54.250  24.003  1.406 0.0000000000
96841  51.695  24.609  3.732 0.0000000000
103045  53.694  33.690  8.204 0.0000000000
91873  61.184  17.741  12.378 0.0000000000
125656  62.380  15.356  9.507 0.0000000000
89444  59.899  13.706  10.121 0.0000000000
103142  57.794  33.757  -1.886 0.0000000000
97636  58.390  25.434  1.744 0.0000000000
96836  61.186  24.190  2.885 0.0000000000
99144  60.805  27.960  4.260 0.0000000000
100530  59.973  29.673  13.476 0.0000000000
99095  58.904  28.078  11.810 0.0000000000
97574  58.399  26.194  14.187 0.0000000000
95195  57.968  21.932  15.068 0.0000000000
130215  53.868  28.817  3.071 0.0000000000
101231  54.957  30.067  1.544 0.0000000000
98397  55.247  26.295  1.389 0.0000000000
96877  56.534  24.000  -1.085 0.0000000000
95273  59.907  22.517  8.593 0.0000000000
94613  57.853  21.478  9.709 0.0000000000
138523  59.285  20.006  9.817 0.0000000000
124109  51.153  20.285  10.472 0.0000000000
92715  52.549  18.413  9.489 0.0000000000
98442  56.429  25.958  -5.838 0.0000000000
97670  51.933  25.679  -2.257 0.0000000000
99891  55.218  28.342  5.485 0.0000000000
99873  58.910  29.682  6.695 0.0000000000
104448  52.284  35.326  3.531 0.0000000000
104445  56.463  35.581  4.625 0.0000000000
101790  53.642  31.292  5.668 0.0000000000
123965  62.497  21.119  11.201 0.0000000000
92723  62.099  18.486  8.473 0.0000000000
91926  63.483  17.887  8.405 0.0000000000
89484  62.722  15.447  4.539 0.0000000000
96031  55.953  23.657  3.080 0.0000000000
96007  56.624  23.615  5.452 0.0000000000
119954  59.170  23.408  4.018 0.0000000000
139334  60.531  23.837  6.442 0.0000000000
96772  61.340  24.518  8.711 0.0000000000
99860  60.395  29.638  8.291 0.0000000000
98334  59.463  26.510  9.214 0.0000000000
95919  60.885  23.802  10.563 0.0000000000
94578  60.320  21.939  12.718 0.0000000000
93995  61.872  19.406  15.213 0.0000000000
125061  58.526  36.444  -0.179 0.0000000000
119794  59.627  31.490  -0.778 0.0000000000
101238  57.593  30.675  0.212 0.0000000000
99964  57.163  27.685  -2.901 0.0000000000
96894  55.582  24.064  -2.767 0.0000000000
119621  56.466  22.284  -1.180 0.0000000000
95277  55.804  22.883  9.209 0.0000000000
141188  54.973  19.941  10.422 0.0000000000
91913  54.245  17.914  8.893 0.0000000000
91056  58.966  16.866  8.158 0.0000000000
96813  53.164  24.578  5.721 0.0000000000
123781  52.980  24.457  7.159 0.0000000000
96798  54.301  24.302  6.707 0.0000000000
96839  54.145  24.407  3.047 0.0000000000
96856  52.354  24.545  2.200 0.0000000000
96827  52.643  24.616  4.030 0.0000000000
96815  51.619  24.592  5.283 0.0000000000
128269  58.994  17.299  12.313 0.0000000000
91035  60.568  16.046  10.734 0.0000000000
138644  58.586  15.561  11.201 0.0000000000
91916  50.817  17.572  8.917 0.0000000000
98386  57.603  26.075  2.480 0.0000000000
97627  59.610  25.748  2.799 0.0000000000
98365  59.272  26.942  3.960 0.0000000000
99791  60.014  28.469  15.210 0.0000000000
98301  60.093  27.790  14.722 0.0000000000
99156  55.151  27.377  3.392 0.0000000000
99164  54.438  27.682  2.019 0.0000000000
98377  55.828  26.841  2.900 0.0000000000
97637  57.379  25.697  1.639 0.0000000000
95255  61.073  22.171  9.229 0.0000000000
95256  60.073  21.964  9.127 0.0000000000
94038  61.215  20.775  9.432 0.0000000000
136578  49.107  23.483  8.980 0.0000000000
95940  49.807  23.213  9.450 0.0000000000
95241  52.284  22.245  10.310 0.0000000000
94602  51.932  21.503  10.459 0.0000000000
130344  52.396  20.803  10.494 0.0000000000
93391  51.526  19.416  10.305 0.0000000000
124111  53.279  19.646  10.271 0.0000000000
96911  54.433  23.389  -4.636 0.0000000000
97676  54.202  25.155  -4.741 0.0000000000
96895  52.593  23.723  -3.145 0.0000000000
96803  49.840  24.366  6.538 0.0000000000
140814  48.533  23.692  7.910 0.0000000000
100613  54.112  29.382  6.566 0.0000000000
99865  55.913  29.049  7.110 0.0000000000
100606  55.358  29.515  7.673 0.0000000000
138085  53.642  32.209  8.398 0.0000000000
128188  53.743  32.167  6.763 0.0000000000
101195  53.628  30.301  6.579 0.0000000000
100620  53.608  29.585  5.597 0.0000000000
94011  62.565  20.237  11.814 0.0000000000
93398  63.217  19.302  9.311 0.0000000000
91889  63.391  17.641  10.396 0.0000000000
89459  62.071  14.057  8.320 0.0000000000
89468  62.828  14.911  6.688 0.0000000000
88659  61.493  13.807  5.837 0.0000000000
96040  58.002  23.107  1.114 0.0000000000
96029  57.637  23.402  3.343 0.0000000000
124955  59.462  23.254  1.896 0.0000000000
97619  61.435  25.878  4.802 0.0000000000
96002  61.130  24.167  4.396 0.0000000000
97614  61.354  25.461  5.670 0.0000000000
96785  61.297  24.689  7.366 0.0000000000
97603  61.043  25.615  7.778 0.0000000000
100597  59.518  30.777  8.564 0.0000000000
100611  60.042  30.257  6.613 0.0000000000
133987  60.237  30.651  8.764 0.0000000000
98329  57.916  26.343  11.745 0.0000000000
98335  58.914  27.395  9.905 0.0000000000
97588  58.595  25.413  10.724 0.0000000000
97587  59.479  25.078  10.145 0.0000000000
95909  58.847  24.025  11.388 0.0000000000
95222  61.077  22.759  11.498 0.0000000000
95213  58.809  22.794  12.534 0.0000000000
94554  59.413  20.784  16.387 0.0000000000
94564  59.477  20.893  15.301 0.0000000000
104470  58.752  35.629  0.099 0.0000000000
103771  59.724  34.096  0.039 0.0000000000
102480  60.515  32.006  0.518 0.0000000000
103067  56.851  34.923  5.501 0.0000000000
104444  57.385  35.182  4.499 0.0000000000
137771  56.767  32.984  3.818 0.0000000000
100664  54.741  28.615  0.182 0.0000000000
124445  56.546  30.470  0.579 0.0000000000
124219  56.374  29.508  -0.380 0.0000000000
100662  57.348  29.473  -0.711 0.0000000000
99187  55.284  27.655  -1.993 0.0000000000
99202  55.740  27.174  -3.030 0.0000000000
98414  54.623  26.075  -1.418 0.0000000000
96876  58.719  23.200  -0.541 0.0000000000
96067  57.670  22.792  -1.108 0.0000000000
96052  58.454  22.799  -0.296 0.0000000000
126372  56.085  23.406  1.442 0.0000000000
95992  57.725  23.392  6.700 0.0000000000
119280  56.240  23.469  7.488 0.0000000000
95957  57.181  23.020  8.105 0.0000000000
93385  57.922  19.810  10.167 0.0000000000
94027  56.680  20.278  10.392 0.0000000000
92689  55.941  18.759  10.170 0.0000000000
92713  54.599  18.321  9.604 0.0000000000
91912  55.147  17.851  9.095 0.0000000000
91950  61.712  17.334  7.515 0.0000000000
126166  60.377  17.734  8.594 0.0000000000
91070  59.634  16.667  7.540 0.0000000000
96789  50.666  24.290  7.554 0.0000000000
95939  50.729  23.424  9.227 0.0000000000
96775  51.916  24.191  8.036 0.0000000000
95960  53.141  23.779  8.749 0.0000000000
95262  53.372  23.010  9.831 0.0000000000
96063  53.564  23.597  -0.186 0.0000000000
96816  50.374  24.526  5.870 0.0000000000
91872  62.090  17.820  12.294 0.0000000000
91022  63.081  17.108  10.726 0.0000000000
91023  62.078  16.981  10.940 0.0000000000
90273  61.523  14.996  9.738 0.0000000000
96865  59.725  23.908  0.602 0.0000000000
125698  60.260  23.519  1.870 0.0000000000
97634  60.332  24.814  2.050 0.0000000000
98373  60.603  26.195  3.513 0.0000000000
99131  61.459  27.511  4.840 0.0000000000
101145  59.816  30.666  11.978 0.0000000000
99844  60.293  30.140  11.278 0.0000000000
99814  59.994  29.104  12.655 0.0000000000
98318  58.595  27.137  13.138 0.0000000000
97582  57.582  25.451  12.949 0.0000000000
95899  57.593  23.736  13.546 0.0000000000
96732  57.613  24.222  15.061 0.0000000000
95876  57.781  23.516  16.416 0.0000000000
95180  58.117  22.370  17.408 0.0000000000
103755  58.467  34.766  1.817 0.0000000000
101213  54.270  30.836  3.273 0.0000000000
101817  55.372  31.370  2.347 0.0000000000
100641  53.970  29.012  2.257 0.0000000000
99170  54.328  27.976  1.354 0.0000000000
98404  54.593  26.415  0.306 0.0000000000
97656  55.093  25.006  -0.782 0.0000000000
97645  55.843  25.620  0.769 0.0000000000
96867  58.044  24.268  -0.096 0.0000000000
95280  59.331  22.778  8.116 0.0000000000
95274  58.624  22.520  8.397 0.0000000000
95257  59.136  22.064  8.966 0.0000000000
94040  58.642  20.258  9.946 0.0000000000
93403  58.665  19.342  9.881 0.0000000000
118766  60.416  16.340  3.309 0.0000000000
119016  59.303  16.313  5.178 0.0000000000
94033  49.008  19.902  10.694 0.0000000000
95243  50.480  22.216  10.267 0.0000000000
94032  50.256  20.549  10.526 0.0000000000
93393  49.524  19.286  10.519 0.0000000000
92694  51.031  18.582  10.094 0.0000000000
92717  50.951  17.935  9.638 0.0000000000
91937  51.681  17.674  8.533 0.0000000000
99224  55.662  27.132  -5.958 0.0000000000
99213  53.895  27.394  -4.298 0.0000000000
99136  55.857  27.905  4.951 0.0000000000
99134  58.231  28.254  5.226 0.0000000000
99889  57.323  28.458  5.919 0.0000000000
99863  58.146  29.602  7.463 0.0000000000
100598  58.188  30.250  8.948 0.0000000000
101156  58.142  30.499  10.696 0.0000000000
100537  58.333  29.937  12.512 0.0000000000
104447  53.303  35.340  3.666 0.0000000000
104431  56.126  35.763  5.487 0.0000000000
103069  55.592  33.707  5.903 0.0000000000
101793  54.320  31.801  4.320 0.0000000000
101203  53.604  30.191  4.287 0.0000000000
99903  54.346  28.382  4.358 0.0000000000
94608  62.401  21.745  10.040 0.0000000000
94037  62.173  21.094  9.563 0.0000000000
93399  62.631  19.852  9.390 0.0000000000
92722  62.999  18.439  8.132 0.0000000000
91962  62.792  17.043  6.476 0.0000000000
90284  63.487  16.583  8.767 0.0000000000
90301  63.181  16.404  6.461 0.0000000000
91100  62.676  16.466  4.982 0.0000000000
96837  55.410  23.966  3.676 0.0000000000
96811  55.317  24.089  5.266 0.0000000000
96019  55.994  23.695  4.009 0.0000000000
96006  57.546  23.495  5.189 0.0000000000
96005  59.033  23.413  5.799 0.0000000000
96026  60.824  23.701  2.928 0.0000000000
122589  60.298  23.687  4.748 0.0000000000
95990  59.544  23.431  6.648 0.0000000000
95974  60.411  23.556  7.376 0.0000000000
95954  61.442  23.794  8.814 0.0000000000
95933  61.585  23.582  9.601 0.0000000000
99887  60.213  29.325  5.232 0.0000000000
99871  60.950  29.617  6.013 0.0000000000
99114  60.883  28.035  6.906 0.0000000000
99109  59.580  28.736  9.835 0.0000000000
99112  60.126  28.135  8.265 0.0000000000
98337  60.560  26.170  7.983 0.0000000000
97590  60.839  25.012  9.116 0.0000000000
96755  61.458  23.944  9.766 0.0000000000
138250  61.595  23.464  10.274 0.0000000000
141838  62.073  22.638  10.932 0.0000000000
94587  62.107  21.824  11.692 0.0000000000
94006  62.143  20.702  12.877 0.0000000000
94573  58.978  21.732  13.773 0.0000000000
94567  60.663  20.855  13.960 0.0000000000
93363  62.345  19.158  14.129 0.0000000000
92661  61.876  18.378  14.141 0.0000000000
103781  58.123  34.454  -1.170 0.0000000000
102489  59.451  32.239  -1.087 0.0000000000
101871  59.067  30.759  -1.657 0.0000000000
102452  56.068  31.924  2.117 0.0000000000
101831  60.219  31.388  1.499 0.0000000000
101862  59.682  30.863  0.135 0.0000000000
132391  58.843  29.376  -1.538 0.0000000000
99963  58.837  26.955  -3.109 0.0000000000
134912  56.572  26.652  -4.433 0.0000000000
97668  56.002  24.835  -4.770 0.0000000000
96083  55.472  22.573  -3.491 0.0000000000
96886  55.992  23.916  -2.024 0.0000000000
96076  56.516  22.188  -2.915 0.0000000000
96077  55.357  22.141  -2.261 0.0000000000
96055  55.157  23.409  0.628 0.0000000000
96854  54.714  24.088  2.281 0.0000000000
95995  55.188  23.963  6.773 0.0000000000
95959  55.286  23.348  8.620 0.0000000000
95260  55.075  22.640  9.782 0.0000000000
95258  57.346  22.147  9.312 0.0000000000
95237  56.037  21.867  10.124 0.0000000000
129808  54.145  20.929  10.506 0.0000000000
92691  54.056  18.980  10.077 0.0000000000
92714  53.543  18.335  9.402 0.0000000000
93401  60.806  19.759  9.460 0.0000000000
92708  59.234  18.649  9.534 0.0000000000
91909  57.876  17.756  9.325 0.0000000000
91088  58.380  16.429  6.730 0.0000000000
91932  56.553  17.360  8.650 0.0000000000
89445  58.978  13.778  10.579 0.0000000000
87756  60.063  11.966  9.550 0.0000000000
123782  54.016  24.468  5.884 0.0000000000
120046  53.962  24.512  3.797 0.0000000000
118993  53.287  24.575  3.506 0.0000000000
96826  53.446  24.576  4.278 0.0000000000
119297  52.902  24.614  4.864 0.0000000000
91026  59.025  16.267  11.409 0.0000000000
98375  57.855  26.456  3.274 0.0000000000
98374  58.827  26.329  3.402 0.0000000000
98366  58.212  26.931  3.979 0.0000000000
99155  56.152  27.136  3.669 0.0000000000
98376  56.852  26.631  3.118 0.0000000000
94610  61.564  21.711  9.432 0.0000000000
95240  53.094  22.396  10.289 0.0000000000
94601  52.794  21.585  10.477 0.0000000000
135951  52.677  20.125  10.395 0.0000000000
94030  53.315  20.687  10.478 0.0000000000
96084  53.826  22.465  -3.975 0.0000000000
96092  53.523  22.949  -4.295 0.0000000000
96085  53.152  22.931  -3.572 0.0000000000
96777  50.058  24.083  7.905 0.0000000000
96790  49.427  24.106  7.248 0.0000000000
95982  49.153  23.785  8.073 0.0000000000
95965  48.479  23.584  8.455 0.0000000000
100607  54.539  29.717  7.386 0.0000000000
121789  53.739  30.860  7.337 0.0000000000
100608  53.923  30.090  7.149 0.0000000000
100614  53.683  29.719  6.247 0.0000000000
93369  62.870  19.283  11.353 0.0000000000
92672  63.233  18.420  10.867 0.0000000000
88644  61.619  13.616  6.782 0.0000000000
126346  58.386  23.247  2.160 0.0000000000
96039  59.068  22.993  0.915 0.0000000000
98358  61.470  26.607  5.251 0.0000000000
97609  61.259  25.430  6.972 0.0000000000
98344  61.031  26.248  6.992 0.0000000000
101168  60.126  31.040  9.137 0.0000000000
100596  60.121  30.731  8.232 0.0000000000
100578  60.242  30.891  9.730 0.0000000000
97585  57.713  25.375  12.028 0.0000000000
97584  58.083  25.638  11.331 0.0000000000
96753  58.292  24.856  11.311 0.0000000000
96758  59.071  24.605  10.764 0.0000000000
95902  59.333  23.266  11.790 0.0000000000
95903  58.343  23.552  12.204 0.0000000000
128085  59.402  20.852  17.323 0.0000000000
103763  58.870  34.953  0.791 0.0000000000
104471  58.306  36.099  0.334 0.0000000000
103762  59.493  34.510  0.687 0.0000000000
103761  60.015  33.844  0.707 0.0000000000
103113  60.350  33.122  1.054 0.0000000000
103086  56.810  33.696  4.957 0.0000000000
103085  57.320  33.601  4.557 0.0000000000
102420  56.208  33.045  4.235 0.0000000000
99935  54.560  27.885  -0.297 0.0000000000
100663  55.475  29.180  -0.137 0.0000000000
99934  55.099  28.518  -0.682 0.0000000000
99946  55.545  28.313  -1.562 0.0000000000
99947  54.797  27.793  -1.151 0.0000000000
140244  55.155  27.108  -2.192 0.0000000000
118632  58.963  22.944  -0.413 0.0000000000
96060  58.489  22.997  -0.697 0.0000000000
95977  57.466  23.264  7.418 0.0000000000
92687  57.690  18.984  10.061 0.0000000000
93386  57.133  19.553  10.293 0.0000000000
92688  56.811  18.815  10.148 0.0000000000
92712  55.553  18.244  9.744 0.0000000000
92711  56.450  18.204  9.801 0.0000000000
91068  62.108  17.025  6.633 0.0000000000
91069  60.848  16.697  7.132 0.0000000000
91087  59.988  16.405  6.617 0.0000000000
96788  51.398  24.380  7.388 0.0000000000
96776  51.098  24.174  8.028 0.0000000000
96787  52.249  24.421  7.281 0.0000000000
96786  53.691  24.287  7.409 0.0000000000
96774  52.906  24.212  7.991 0.0000000000
95936  53.666  23.436  9.169 0.0000000000
96056  54.335  23.511  0.340 0.0000000000
96878  53.334  24.113  0.762 0.0000000000
118991  51.603  24.574  2.684 0.0000000000
119298  51.881  24.573  5.934 0.0000000000
118994  50.865  24.594  5.214 0.0000000000
118996  51.187  24.577  5.941 0.0000000000
96802  50.748  24.470  6.741 0.0000000000
91880  61.682  17.360  11.641 0.0000000000
126812  60.200  15.322  10.425 0.0000000000
90261  61.045  15.539  10.250 0.0000000000
89443  60.524  14.616  9.992 0.0000000000
89449  61.175  14.151  9.466 0.0000000000
89450  60.549  13.730  9.710 0.0000000000
103782  57.275  34.364  -1.795 0.0000000000
103783  56.733  34.816  -2.143 0.0000000000
97642  59.233  24.628  0.947 0.0000000000
97641  59.943  24.434  1.289 0.0000000000
97635  59.361  25.175  1.893 0.0000000000
98364  60.241  26.934  3.860 0.0000000000
132946  60.107  26.145  3.321 0.0000000000
98363  60.853  27.042  4.071 0.0000000000
99143  61.186  27.844  4.430 0.0000000000
100535  60.161  30.172  12.570 0.0000000000
99825  60.283  29.921  12.247 0.0000000000
99813  60.126  29.575  13.140 0.0000000000
98302  59.086  27.066  14.086 0.0000000000
99066  59.852  28.021  13.853 0.0000000000
98303  58.045  26.240  13.437 0.0000000000
97575  57.724  25.449  13.811 0.0000000000
96740  57.579  24.609  14.315 0.0000000000
97563  58.324  25.660  14.703 0.0000000000
96723  58.034  24.402  15.907 0.0000000000
95875  58.323  23.778  17.227 0.0000000000
95188  57.784  22.486  16.544 0.0000000000
95863  58.351  23.307  17.802 0.0000000000
99916  53.856  29.565  2.882 0.0000000000
101223  54.257  30.364  2.773 0.0000000000
98389  54.779  26.994  1.759 0.0000000000
142446  54.515  27.367  1.346 0.0000000000
99175  54.471  27.243  0.641 0.0000000000
98398  54.655  26.730  1.030 0.0000000000
97646  54.927  25.959  0.665 0.0000000000
97644  57.094  25.284  0.759 0.0000000000
97643  58.246  24.907  0.797 0.0000000000
96866  59.054  24.073  -0.097 0.0000000000
95956  60.126  23.090  8.041 0.0000000000
141705  59.235  22.453  8.507 0.0000000000
94039  59.369  20.697  9.660 0.0000000000
119340  59.344  21.411  9.410 0.0000000000
121273  49.277  20.724  10.671 0.0000000000
125156  51.136  22.839  9.892 0.0000000000
94031  51.689  20.809  10.498 0.0000000000
130343  50.985  21.302  10.470 0.0000000000
93392  50.473  19.517  10.432 0.0000000000
92695  50.058  18.607  10.307 0.0000000000
92693  52.033  18.797  9.967 0.0000000000
92716  51.690  18.261  9.580 0.0000000000
136025  51.471  17.874  9.155 0.0000000000
91915  52.157  17.994  9.021 0.0000000000
98441  56.588  26.536  -5.546 0.0000000000
99234  56.185  26.589  -6.211 0.0000000000
97677  53.229  25.300  -3.843 0.0000000000
98435  53.821  26.290  -4.454 0.0000000000
99214  53.054  26.751  -3.396 0.0000000000
98427  52.304  26.617  -2.480 0.0000000000
99135  56.934  27.945  5.146 0.0000000000
99890  56.210  28.272  5.743 0.0000000000
99864  56.966  29.095  7.364 0.0000000000
118435  58.558  30.173  8.140 0.0000000000
100545  58.968  30.544  12.070 0.0000000000
137883  52.627  35.324  2.875 0.0000000000
104432  54.948  35.976  5.463 0.0000000000
104423  55.811  35.749  6.160 0.0000000000
104422  56.421  35.382  6.033 0.0000000000
102403  53.873  32.234  5.883 0.0000000000
121120  54.393  32.859  5.725 0.0000000000
102413  53.999  32.022  5.122 0.0000000000
101794  53.774  31.097  4.710 0.0000000000
134973  53.563  30.494  5.094 0.0000000000
99892  54.294  28.626  5.125 0.0000000000
99902  54.943  28.057  4.687 0.0000000000
94595  62.412  21.843  10.768 0.0000000000
94036  62.487  20.843  9.805 0.0000000000
94024  62.560  21.064  10.354 0.0000000000
92705  63.421  18.516  8.841 0.0000000000
93406  63.063  18.938  8.657 0.0000000000
92726  63.144  18.097  7.965 0.0000000000
91948  63.060  17.896  7.582 0.0000000000
91961  62.897  17.238  6.956 0.0000000000
90259  62.764  16.142  9.890 0.0000000000
90271  63.322  16.563  9.582 0.0000000000
90272  63.052  15.866  9.165 0.0000000000
89476  62.830  15.145  5.596 0.0000000000
90302  63.155  15.711  6.043 0.0000000000
90312  63.081  15.871  5.030 0.0000000000
131829  62.812  16.493  5.480 0.0000000000
91115  62.707  16.201  4.242 0.0000000000
91116  62.349  16.426  3.913 0.0000000000
90328  62.501  16.113  3.569 0.0000000000
120145  58.068  23.405  4.200 0.0000000000
118997  58.539  23.440  5.017 0.0000000000
96852  60.822  23.980  2.001 0.0000000000
96003  60.763  23.970  5.261 0.0000000000
96004  59.988  23.621  5.656 0.0000000000
97602  61.383  24.982  7.987 0.0000000000
95973  61.310  24.254  8.020 0.0000000000
96762  61.422  24.148  9.290 0.0000000000
99888  58.439  29.024  5.968 0.0000000000
140757  59.172  28.999  5.408 0.0000000000
100595  60.572  29.893  7.372 0.0000000000
100610  60.565  30.034  6.607 0.0000000000
99862  60.907  29.318  6.670 0.0000000000
99124  61.230  28.635  5.936 0.0000000000
99859  60.610  28.795  7.495 0.0000000000
99826  59.742  29.116  11.549 0.0000000000
122201  60.245  30.185  10.299 0.0000000000
99106  58.820  28.095  10.788 0.0000000000
99108  59.522  27.690  9.041 0.0000000000
98338  59.869  26.843  8.368 0.0000000000
97595  60.275  25.794  8.695 0.0000000000
96757  60.168  24.310  10.443 0.0000000000
96764  60.550  24.697  9.742 0.0000000000
96756  61.164  24.146  10.053 0.0000000000
95236  62.040  22.774  10.510 0.0000000000
95906  61.757  22.917  10.908 0.0000000000
95211  61.090  22.150  12.124 0.0000000000
95210  61.726  21.806  12.090 0.0000000000
94576  61.976  21.304  12.461 0.0000000000
94577  61.181  21.372  12.955 0.0000000000
95208  57.762  22.900  13.821 0.0000000000
95207  58.437  22.439  13.347 0.0000000000
95203  58.153  22.137  14.185 0.0000000000
94000  60.435  20.524  14.956 0.0000000000
93999  61.399  20.166  14.585 0.0000000000
94002  62.137  19.953  13.911 0.0000000000
93361  62.196  19.067  14.863 0.0000000000
92660  62.166  18.643  14.488 0.0000000000
105126  58.511  36.947  0.010 0.0000000000
106208  58.376  37.931  -0.001 0.0000000000
105715  58.363  37.608  -0.106 0.0000000000
104477  58.672  35.460  -0.417 0.0000000000
102481  60.211  32.127  -0.348 0.0000000000
103128  59.503  33.209  -0.679 0.0000000000
132404  58.948  31.699  -2.005 0.0000000000
101230  54.874  30.625  2.200 0.0000000000
123573  55.685  30.912  1.689 0.0000000000
101850  57.004  31.074  0.857 0.0000000000
139553  57.868  31.140  0.719 0.0000000000
102469  58.692  31.294  1.114 0.0000000000
101848  60.029  30.888  0.898 0.0000000000
101849  58.815  30.926  0.379 0.0000000000
100677  57.131  28.748  -1.269 0.0000000000
100676  58.297  28.637  -1.505 0.0000000000
99944  57.985  27.744  -2.112 0.0000000000
99943  59.048  27.459  -2.523 0.0000000000
99200  58.191  27.187  -3.774 0.0000000000
99201  56.635  27.479  -3.574 0.0000000000
127504  55.453  24.463  -3.581 0.0000000000
98425  55.986  25.544  -3.895 0.0000000000
97675  55.080  24.133  -4.179 0.0000000000
96903  55.532  23.255  -3.677 0.0000000000
96068  57.148  22.304  -1.803 0.0000000000
96893  57.133  22.375  -2.288 0.0000000000
95310  56.743  21.828  -2.120 0.0000000000
95312  56.506  21.913  -2.564 0.0000000000
96069  55.698  22.220  -1.417 0.0000000000
96062  55.379  22.800  -0.366 0.0000000000
120430  56.011  22.805  -0.148 0.0000000000
96041  56.614  23.416  2.021 0.0000000000
96043  55.248  23.650  1.497 0.0000000000
96042  55.576  23.703  2.276 0.0000000000
130030  55.100  24.042  3.037 0.0000000000
95994  55.774  23.815  5.906 0.0000000000
96797  54.889  24.210  5.951 0.0000000000
95958  56.227  23.244  8.253 0.0000000000
95979  55.467  23.620  7.690 0.0000000000
95934  54.980  23.084  9.261 0.0000000000
128481  58.226  22.054  9.070 0.0000000000
95275  57.714  22.534  8.580 0.0000000000
94028  55.715  20.311  10.444 0.0000000000
94597  56.344  21.118  10.347 0.0000000000
94598  55.474  21.296  10.405 0.0000000000
94029  54.849  20.671  10.484 0.0000000000
93389  54.181  20.009  10.399 0.0000000000
133850  54.732  19.377  10.304 0.0000000000
91914  53.431  17.871  8.642 0.0000000000
91936  52.599  17.726  8.329 0.0000000000
121755  53.325  17.639  8.014 0.0000000000
93400  62.038  20.075  9.235 0.0000000000
92706  61.534  19.080  9.123 0.0000000000
91929  59.486  17.406  8.600 0.0000000000
91907  59.821  18.124  9.098 0.0000000000
91908  58.833  17.901  9.243 0.0000000000
91930  58.427  17.294  8.752 0.0000000000
91119  58.529  16.432  4.500 0.0000000000
119017  58.207  16.367  5.801 0.0000000000
96800  52.543  24.546  6.402 0.0000000000
96799  53.447  24.479  6.569 0.0000000000
96855  53.911  24.353  2.263 0.0000000000
118989  53.202  24.423  1.772 0.0000000000
118992  53.210  24.535  2.679 0.0000000000
96840  52.464  24.607  3.154 0.0000000000
96828  51.291  24.604  4.556 0.0000000000
118995  52.095  24.604  4.646 0.0000000000
96814  52.371  24.589  5.468 0.0000000000
130506  59.986  17.628  12.509 0.0000000000
91881  60.598  17.232  11.747 0.0000000000
91025  60.041  16.528  11.255 0.0000000000
90262  59.491  15.650  10.847 0.0000000000
128584  59.567  14.675  10.435 0.0000000000
98385  58.578  25.862  2.634 0.0000000000
99145  59.968  27.843  4.267 0.0000000000
99798  60.098  28.897  14.561 0.0000000000
99805  60.169  29.221  13.941 0.0000000000
99057  60.169  28.248  15.078 0.0000000000
98290  59.533  26.724  14.982 0.0000000000
99157  54.342  27.971  2.964 0.0000000000
99163  54.884  27.194  2.555 0.0000000000
98388  55.557  26.586  2.126 0.0000000000
98396  56.290  25.972  1.557 0.0000000000
98387  56.604  26.305  2.324 0.0000000000
141587  60.732  22.498  8.909 0.0000000000
94611  60.371  21.270  9.404 0.0000000000
127769  60.089  20.315  9.608 0.0000000000
95263  52.553  22.909  9.928 0.0000000000
95264  51.859  22.740  10.015 0.0000000000
124110  51.979  20.132  10.421 0.0000000000
93390  52.420  19.450  10.238 0.0000000000
92692  52.992  18.898  9.941 0.0000000000
96917  54.864  24.482  -4.925 0.0000000000
97683  55.049  25.313  -5.390 0.0000000000
129220  53.868  23.956  -4.542 0.0000000000
96912  53.083  24.062  -3.818 0.0000000000
97669  52.505  24.903  -3.031 0.0000000000
96804  48.848  24.130  6.375 0.0000000000
95983  48.540  23.824  7.302 0.0000000000
95941  48.325  23.380  9.256 0.0000000000
99877  54.586  28.813  6.037 0.0000000000
99876  55.546  28.667  6.300 0.0000000000
100612  54.939  29.127  6.852 0.0000000000
119406  53.771  32.718  8.025 0.0000000000
102393  54.084  33.421  7.629 0.0000000000
101784  53.572  31.035  6.553 0.0000000000
101197  53.505  30.250  5.825 0.0000000000
99878  53.865  29.158  5.799 0.0000000000
94023  62.883  20.188  9.843 0.0000000000
93383  63.241  19.389  10.233 0.0000000000
92686  63.492  18.521  9.798 0.0000000000
91905  63.594  17.749  9.387 0.0000000000
89447  62.665  15.001  8.729 0.0000000000
89458  62.784  14.844  7.753 0.0000000000
89469  62.217  14.181  7.278 0.0000000000
89477  62.220  14.355  6.251 0.0000000000
89485  62.185  14.585  5.163 0.0000000000
96030  56.672  23.521  3.414 0.0000000000
132427  57.257  23.373  2.543 0.0000000000
96028  58.806  23.325  3.084 0.0000000000
123922  61.321  25.547  4.059 0.0000000000
96823  61.283  24.572  3.753 0.0000000000
96809  61.347  24.984  4.664 0.0000000000
96810  61.183  24.526  5.278 0.0000000000
96796  61.147  24.507  6.341 0.0000000000
95989  61.036  24.081  7.209 0.0000000000
138679  61.234  24.994  8.474 0.0000000000
120336  59.510  30.399  7.559 0.0000000000
137991  60.294  30.412  7.986 0.0000000000
130962  58.317  27.157  11.367 0.0000000000
98332  58.469  27.029  10.614 0.0000000000
98331  58.921  26.137  10.102 0.0000000000
97591  59.861  25.482  9.437 0.0000000000
139948  59.511  24.150  10.907 0.0000000000
95908  60.021  23.706  11.080 0.0000000000
95223  60.312  23.146  11.516 0.0000000000
95212  60.032  22.606  12.179 0.0000000000
94565  58.586  21.387  15.631 0.0000000000
94569  58.725  21.486  14.674 0.0000000000
93997  60.394  20.292  16.065 0.0000000000
105127  58.271  37.135  0.219 0.0000000000
104469  59.277  34.882  0.011 0.0000000000
103127  60.175  33.104  0.168 0.0000000000
104430  56.848  35.289  5.296 0.0000000000
103078  57.606  34.756  4.651 0.0000000000
127337  58.063  34.118  4.468 0.0000000000
100653  54.994  29.458  0.744 0.0000000000
101239  55.718  30.270  1.004 0.0000000000
101250  55.967  29.865  0.293 0.0000000000
101249  56.897  30.054  -0.051 0.0000000000
122764  57.744  30.143  -0.376 0.0000000000
142500  56.707  29.223  -0.791 0.0000000000
99945  56.503  28.326  -1.888 0.0000000000
99965  55.985  28.017  -2.578 0.0000000000
98426  55.114  26.380  -2.391 0.0000000000
118573  55.128  25.214  -2.518 0.0000000000
120481  57.683  23.601  -0.680 0.0000000000
132064  57.849  22.827  -0.863 0.0000000000
96061  56.965  22.575  -0.580 0.0000000000
96053  57.201  22.953  0.464 0.0000000000
119263  57.196  23.508  6.083 0.0000000000
128272  55.982  23.645  6.845 0.0000000000
95993  56.825  23.501  6.942 0.0000000000
95978  56.773  23.318  7.647 0.0000000000
95276  56.806  22.700  8.844 0.0000000000
94025  57.959  20.676  10.094 0.0000000000
94596  57.209  20.976  10.239 0.0000000000
94026  57.385  20.251  10.294 0.0000000000
93387  56.289  19.472  10.355 0.0000000000
93388  55.443  19.398  10.356 0.0000000000
92690  55.061  18.796  10.114 0.0000000000
91906  60.913  18.298  8.891 0.0000000000
91928  61.346  17.786  8.260 0.0000000000
91055  60.429  17.147  8.020 0.0000000000
137035  50.598  24.146  7.990 0.0000000000
95963  50.624  23.910  8.431 0.0000000000
95962  51.422  23.830  8.667 0.0000000000
95961  52.356  23.812  8.732 0.0000000000
95937  52.829  23.406  9.336 0.0000000000
135152  53.795  22.553  10.185 0.0000000000
96078  54.061  22.651  -2.102 0.0000000000
123210  53.146  23.341  -1.786 0.0000000000
96879  52.474  24.051  -0.115 0.0000000000
131458  52.250  24.419  1.092 0.0000000000
135274  50.608  24.563  4.574 0.0000000000
96829  50.102  24.522  5.051 0.0000000000
124278  50.139  24.297  7.210 0.0000000000
103038  53.155  33.330  8.635 0.0000000000
101774  53.819  31.541  8.337 0.0000000000
120757  62.494  17.918  12.102 0.0000000000
91878  62.997  17.682  11.295 0.0000000000
91879  62.521  17.435  11.372 0.0000000000
138210  62.749  16.958  10.766 0.0000000000
91033  62.441  16.506  10.441 0.0000000000
91024  61.123  16.789  11.135 0.0000000000
90260  61.987  15.809  10.101 0.0000000000
89448  61.990  14.461  9.177 0.0000000000
88627  61.286  13.050  8.463 0.0000000000
96051  59.219  23.029  0.149 0.0000000000
96038  59.649  23.257  1.074 0.0000000000
96037  60.092  23.756  1.143 0.0000000000
96853  60.394  24.109  1.431 0.0000000000
96851  61.019  24.605  2.510 0.0000000000
97626  60.477  25.517  2.860 0.0000000000
97624  61.250  25.014  3.237 0.0000000000
98362  61.327  26.739  4.362 0.0000000000
99123  61.384  27.504  5.621 0.0000000000
139458  60.032  30.983  11.323 0.0000000000
100558  60.242  30.924  10.771 0.0000000000
100544  60.181  30.507  11.711 0.0000000000
99077  60.181  28.878  13.565 0.0000000000
99078  59.348  28.071  12.847 0.0000000000
120018  58.312  27.140  12.201 0.0000000000
98319  57.840  26.296  12.571 0.0000000000
138382  57.635  24.729  12.579 0.0000000000
95904  57.729  23.981  12.729 0.0000000000
96747  57.538  24.621  13.296 0.0000000000
95891  57.541  23.572  14.431 0.0000000000
95204  57.653  22.725  14.697 0.0000000000
95881  57.545  23.519  15.350 0.0000000000
95196  57.635  22.632  15.633 0.0000000000
94556  57.963  21.901  15.887 0.0000000000
94555  58.440  21.540  16.699 0.0000000000
101804  54.624  31.594  3.519 0.0000000000
101803  55.579  32.241  3.100 0.0000000000
101222  54.786  31.185  2.819 0.0000000000
100647  54.415  29.278  1.548 0.0000000000
99915  54.186  28.379  2.224 0.0000000000
99922  54.233  28.636  1.690 0.0000000000
120536  54.445  28.651  1.000 0.0000000000
99928  54.414  27.950  0.493 0.0000000000
138135  54.439  27.372  0.041 0.0000000000
139919  54.446  26.791  -0.021 0.0000000000
98409  54.568  25.991  -0.516 0.0000000000
97652  54.774  25.716  0.002 0.0000000000
97651  55.428  25.218  -0.032 0.0000000000
97650  56.698  24.678  -0.056 0.0000000000
96059  59.203  23.372  -0.077 0.0000000000
95281  58.757  22.957  7.692 0.0000000000
95282  58.006  22.896  7.881 0.0000000000
143005  58.633  21.586  9.399 0.0000000000
94612  58.633  21.036  9.754 0.0000000000
91102  61.054  16.351  5.098 0.0000000000
91103  60.151  16.294  5.635 0.0000000000
91118  59.586  16.354  4.210 0.0000000000
95265  50.383  22.898  9.817 0.0000000000
95242  51.452  22.163  10.308 0.0000000000
94603  49.940  21.436  10.477 0.0000000000
123211  49.711  20.002  10.577 0.0000000000
98444  54.559  25.952  -5.184 0.0000000000
99225  54.661  26.883  -5.258 0.0000000000
96079  52.545  23.560  -2.439 0.0000000000
96896  51.905  24.179  -2.093 0.0000000000
99148  56.514  27.490  4.407 0.0000000000
99147  57.612  27.513  4.550 0.0000000000
99874  57.697  29.032  6.670 0.0000000000
99875  56.569  28.696  6.533 0.0000000000
101155  59.327  31.086  10.355 0.0000000000
101151  59.220  30.897  11.283 0.0000000000
100536  59.547  30.267  12.726 0.0000000000
100531  58.997  29.782  13.426 0.0000000000
118705  54.336  35.331  3.233 0.0000000000
119278  54.295  35.698  4.341 0.0000000000
104446  55.320  35.757  4.453 0.0000000000
123218  56.631  34.195  5.528 0.0000000000
102411  55.830  33.276  4.939 0.0000000000
102412  54.695  32.735  4.890 0.0000000000
101805  53.980  30.940  3.895 0.0000000000
101214  53.807  30.210  3.433 0.0000000000
100635  53.681  29.479  3.649 0.0000000000
130652  53.519  29.824  5.036 0.0000000000
99904  53.853  28.822  4.403 0.0000000000
99909  54.071  28.506  3.729 0.0000000000
99150  54.678  27.942  3.889 0.0000000000
99149  55.522  27.607  4.183 0.0000000000
95253  62.212  22.491  10.034 0.0000000000
94609  62.126  21.991  9.738 0.0000000000
93407  62.650  19.176  8.783 0.0000000000
91927  62.530  17.944  7.818 0.0000000000
91949  62.769  17.458  7.126 0.0000000000
91085  62.516  16.796  5.774 0.0000000000
91045  63.646  17.122  9.074 0.0000000000
91054  63.543  17.278  8.225 0.0000000000
90285  63.248  15.826  8.164 0.0000000000
90293  63.322  16.500  7.328 0.0000000000
91960  63.287  17.233  7.484 0.0000000000
91084  62.791  16.742  5.990 0.0000000000
91101  61.979  16.742  5.009 0.0000000000
120090  61.593  16.544  4.263 0.0000000000
96825  54.300  24.441  4.411 0.0000000000
96812  54.602  24.347  5.165 0.0000000000
96824  55.221  24.133  4.451 0.0000000000
96008  55.961  23.775  4.909 0.0000000000
96018  56.899  23.539  4.385 0.0000000000
118929  58.086  23.420  5.903 0.0000000000
95991  58.577  23.349  6.572 0.0000000000
96027  59.929  23.360  2.891 0.0000000000
96015  60.818  23.816  4.058 0.0000000000
96016  60.186  23.528  3.907 0.0000000000
96017  59.522  23.509  4.881 0.0000000000
138212  58.907  23.233  7.123 0.0000000000
95975  59.486  23.175  7.499 0.0000000000
138640  61.021  23.830  7.648 0.0000000000
95955  60.944  23.569  8.065 0.0000000000
95272  60.860  23.029  8.538 0.0000000000
95271  61.527  23.022  9.219 0.0000000000
95254  61.937  23.052  9.901 0.0000000000
99146  58.779  27.643  4.480 0.0000000000
99133  59.522  28.512  4.807 0.0000000000
99901  60.618  28.694  4.620 0.0000000000
118869  59.617  29.684  5.917 0.0000000000
126046  61.083  28.538  4.599 0.0000000000
99132  61.367  28.360  4.972 0.0000000000
98353  61.069  27.231  6.512 0.0000000000
99857  60.313  29.957  9.292 0.0000000000
126113  60.029  28.825  8.946 0.0000000000
99111  60.386  27.364  7.652 0.0000000000
98345  60.735  26.706  7.274 0.0000000000
97594  60.980  25.288  8.499 0.0000000000
96773  61.235  24.680  8.961 0.0000000000
96763  61.197  24.401  9.486 0.0000000000
95235  62.280  22.329  10.501 0.0000000000
95220  62.221  22.329  11.031 0.0000000000
95221  61.840  22.380  11.426 0.0000000000
94586  62.297  21.763  11.359 0.0000000000
94575  62.302  21.121  12.061 0.0000000000
94005  62.372  20.208  12.840 0.0000000000
93364  62.584  19.211  12.544 0.0000000000
95898  57.993  23.155  12.972 0.0000000000
95206  59.382  22.132  12.973 0.0000000000
94572  59.999  21.521  13.439 0.0000000000
94568  59.680  21.163  14.327 0.0000000000
94003  61.500  20.615  13.712 0.0000000000
139930  62.396  19.471  13.445 0.0000000000
91871  62.125  18.235  13.106 0.0000000000
91862  61.692  18.102  13.167 0.0000000000
134130  60.831  18.017  13.069 0.0000000000
103772  59.130  34.397  -0.507 0.0000000000
103141  58.561  33.699  -1.212 0.0000000000
103153  58.485  32.790  -1.920 0.0000000000
133273  59.061  30.962  -2.658 0.0000000000
100691  59.752  28.783  -3.268 0.0000000000
103747  59.336  34.441  2.739 0.0000000000
103746  59.939  34.148  2.444 0.0000000000
102435  56.813  32.597  2.935 0.0000000000
101834  56.552  31.478  1.449 0.0000000000
102432  59.838  33.058  2.521 0.0000000000
103100  60.178  33.331  1.995 0.0000000000
102468  60.406  32.107  1.352 0.0000000000
101861  60.233  31.159  0.185 0.0000000000
101247  59.445  30.889  -0.587 0.0000000000
101248  58.702  30.585  -0.404 0.0000000000
100661  58.349  29.751  -0.973 0.0000000000
101258  58.921  30.250  -1.217 0.0000000000
101267  59.170  29.652  -2.138 0.0000000000
135461  59.782  27.647  -3.030 0.0000000000
99962  59.655  26.968  -3.527 0.0000000000
99199  59.343  26.902  -3.828 0.0000000000
98434  56.492  25.647  -5.311 0.0000000000
97681  56.274  25.402  -5.562 0.0000000000
96909  55.254  24.526  -4.858 0.0000000000
96091  54.383  22.632  -4.277 0.0000000000
95318  54.688  22.423  -3.773 0.0000000000
96887  54.934  25.092  -1.545 0.0000000000
126420  57.185  22.819  -2.189 0.0000000000
96902  56.669  22.534  -2.993 0.0000000000
95317  55.623  22.257  -3.110 0.0000000000
125219  54.672  22.527  -1.408 0.0000000000
119491  54.576  22.967  -0.624 0.0000000000
96054  56.079  23.184  0.599 0.0000000000
96838  54.711  24.298  3.739 0.0000000000
95980  54.572  23.992  7.544 0.0000000000
141989  54.749  23.654  8.240 0.0000000000
95935  54.478  23.411  8.905 0.0000000000
95261  54.261  22.970  9.681 0.0000000000
95239  54.468  22.297  10.236 0.0000000000
95259  56.452  22.310  9.572 0.0000000000
94614  56.891  21.691  9.924 0.0000000000
142958  55.728  22.384  9.827 0.0000000000
95238  55.239  22.051  10.241 0.0000000000
94599  54.652  21.525  10.445 0.0000000000
93402  59.697  19.471  9.652 0.0000000000
92707  60.304  18.863  9.382 0.0000000000
92709  58.256  18.445  9.657 0.0000000000
91104  59.133  16.332  6.186 0.0000000000
138742  59.102  16.423  6.939 0.0000000000
91071  58.610  16.585  7.478 0.0000000000
91089  57.200  16.533  6.078 0.0000000000
91072  57.761  16.583  7.298 0.0000000000
91057  58.017  16.826  8.092 0.0000000000
91931  57.462  17.253  8.723 0.0000000000
91910  56.962  17.694  9.342 0.0000000000
91911  56.061  17.751  9.261 0.0000000000
91934  54.818  17.622  8.315 0.0000000000
90263  58.685  14.856  10.848 0.0000000000
88619  59.676  12.654  10.339 0.0000000000
88624  60.284  12.776  9.757 0.0000000000
88622  61.550  13.746  8.957 0.0000000000
88623  60.953  13.263  9.262 0.0000000000
89491  62.530  15.766  3.634 0.0000000000
90294  63.178  15.660  7.096 0.0000000000
90311  63.046  16.326  5.580 0.0000000000
90321  62.882  16.228  4.845 0.0000000000
90322  62.828  15.912  4.161 0.0000000000
90329  62.140  15.958  2.889 0.0000000000
91016  59.512  16.990  11.806 0.0000000000
91031  63.447  17.013  9.954 0.0000000000
91032  63.055  16.690  10.276 0.0000000000
91034  61.569  16.314  10.594 0.0000000000
91083  62.902  16.768  6.170 0.0000000000
91947  63.205  17.728  7.732 0.0000000000
92667  62.435  18.372  12.651 0.0000000000
92721  63.213  18.374  8.294 0.0000000000
93384  62.741  20.240  10.761 0.0000000000
94548  58.846  21.475  17.830 0.0000000000
94571  61.886  20.777  13.161 0.0000000000
95181  57.839  23.105  17.115 0.0000000000
95313  54.450  22.336  -3.187 0.0000000000
95907  61.042  23.343  10.989 0.0000000000
96025  61.149  23.977  3.531 0.0000000000
96050  59.467  23.496  0.463 0.0000000000
96070  53.807  23.184  -1.083 0.0000000000
96075  57.021  21.925  -2.627 0.0000000000
96904  52.021  24.666  -2.400 0.0000000000
96910  54.846  23.239  -4.349 0.0000000000
97625  61.013  25.478  3.112 0.0000000000
97682  55.730  25.274  -5.598 0.0000000000
97690  56.315  25.945  -6.040 0.0000000000
98372  61.103  26.050  3.671 0.0000000000
98443  55.536  26.147  -5.891 0.0000000000
98449  56.296  26.412  -6.051 0.0000000000
99065  60.174  28.603  14.325 0.0000000000
99188  54.755  27.025  -1.598 0.0000000000
99223  56.161  27.033  -6.132 0.0000000000
99872  60.539  29.858  5.903 0.0000000000
99886  61.038  29.236  5.186 0.0000000000
99893  53.704  29.177  5.067 0.0000000000
99910  53.725  28.969  3.843 0.0000000000
100523  60.053  29.276  14.195 0.0000000000
100603  60.241  30.414  7.372 0.0000000000
100628  53.623  29.384  4.376 0.0000000000
100675  59.219  28.604  -2.210 0.0000000000
100678  56.031  28.954  -0.996 0.0000000000
101150  59.963  31.164  10.759 0.0000000000
101833  57.545  31.625  1.273 0.0000000000
101847  60.389  31.277  0.925 0.0000000000
102380  53.429  32.842  8.600 0.0000000000
102448  60.198  32.259  1.976 0.0000000000
103068  56.311  34.773  6.244 0.0000000000
103079  57.329  34.354  4.974 0.0000000000
103753  60.077  34.026  1.500 0.0000000000
104459  52.563  35.408  2.048 0.0000000000
104488  56.590  35.507  -1.757 0.0000000000
106209  58.161  38.247  0.138 0.0000000000
106219  58.214  38.216  -0.132 0.0000000000
118691  54.347  29.809  2.188 0.0000000000
119300  60.474  16.296  4.485 0.0000000000
123131  62.374  18.716  13.533 0.0000000000
124053  58.264  26.302  10.981 0.0000000000
130429  59.326  30.078  -2.916 0.0000000000
132657  52.550  25.894  -2.965 0.0000000000
132778  53.707  31.738  7.522 0.0000000000
132896  59.649  26.379  3.483 0.0000000000
133814  56.570  23.500  2.825 0.0000000000
136945  56.464  23.609  6.241 0.0000000000
137308  63.093  16.985  6.829 0.0000000000
137425  59.787  29.239  10.695 0.0000000000
137669  56.282  30.822  1.124 0.0000000000
137726  57.690  16.476  6.585 0.0000000000
138897  52.863  18.060  8.986 0.0000000000
140221  56.242  21.863  -2.097 0.0000000000
140598  60.744  24.244  1.940 0.0000000000
142188  63.501  16.751  8.015 0.0000000000
142700  62.098  18.429  13.862 0.0000000000
142808  59.621  16.980  8.117 0.0000000000
