#!ascii label  , from subject sub-v1s3x0050810_ses-1 vox2ras=TkReg
366
20541  52.523  -49.358  9.754 0.0000000000
15423  37.754  -55.583  2.819 0.0000000000
15399  50.571  -56.145  3.970 0.0000000000
143611  44.068  -52.104  5.459 0.0000000000
12317  43.092  -60.220  2.677 0.0000000000
13803  45.908  -57.717  4.300 0.0000000000
10857  45.755  -61.799  1.936 0.0000000000
16230  41.114  -54.116  5.024 0.0000000000
21553  43.018  -48.465  5.016 0.0000000000
145542  51.278  -51.818  5.022 0.0000000000
16247  46.859  -54.191  4.607 0.0000000000
14593  42.934  -56.388  4.603 0.0000000000
13819  40.211  -57.933  2.921 0.0000000000
10900  40.980  -61.633  -0.679 0.0000000000
21505  47.651  -48.814  8.904 0.0000000000
17905  49.772  -52.062  8.446 0.0000000000
15371  51.757  -55.480  6.809 0.0000000000
22514  46.925  -47.441  6.295 0.0000000000
11568  46.853  -60.907  3.047 0.0000000000
15408  39.046  -55.116  4.091 0.0000000000
17971  39.838  -52.000  4.777 0.0000000000
137008  50.758  -54.259  4.337 0.0000000000
16245  48.786  -54.625  4.403 0.0000000000
128416  44.466  -59.165  3.843 0.0000000000
14591  44.487  -56.698  4.617 0.0000000000
13813  42.747  -58.238  4.022 0.0000000000
152231  41.645  -57.085  4.186 0.0000000000
13056  41.433  -58.908  2.866 0.0000000000
11626  39.574  -60.643  -0.447 0.0000000000
16195  48.588  -53.885  7.103 0.0000000000
17084  50.669  -53.624  6.659 0.0000000000
15372  50.174  -55.492  6.871 0.0000000000
145149  46.844  -51.034  5.092 0.0000000000
133191  45.587  -50.125  5.502 0.0000000000
22556  43.352  -47.025  3.898 0.0000000000
23415  45.522  -46.045  4.832 0.0000000000
13800  50.093  -58.405  3.447 0.0000000000
14588  47.904  -56.830  4.196 0.0000000000
13038  47.851  -59.372  3.469 0.0000000000
12301  46.162  -59.913  3.324 0.0000000000
11595  45.010  -61.400  2.090 0.0000000000
143555  42.451  -52.752  5.405 0.0000000000
19659  43.812  -50.654  5.479 0.0000000000
17955  41.500  -51.945  5.338 0.0000000000
20610  41.383  -49.294  4.590 0.0000000000
142429  37.016  -56.386  0.444 0.0000000000
18770  51.413  -51.113  6.786 0.0000000000
17970  47.420  -52.260  4.732 0.0000000000
17096  45.441  -53.099  5.070 0.0000000000
137472  46.278  -56.115  4.585 0.0000000000
16249  44.980  -54.824  4.937 0.0000000000
16228  43.524  -54.448  5.182 0.0000000000
137970  42.118  -55.367  4.825 0.0000000000
14601  40.171  -56.657  3.837 0.0000000000
14606  38.824  -56.821  2.971 0.0000000000
11598  41.919  -60.652  1.410 0.0000000000
12334  40.665  -59.693  1.580 0.0000000000
13081  38.994  -59.043  1.088 0.0000000000
13072  37.736  -57.861  1.131 0.0000000000
22471  48.816  -47.155  9.189 0.0000000000
131857  50.386  -49.010  9.771 0.0000000000
19599  48.946  -50.543  9.366 0.0000000000
18731  51.064  -50.892  8.771 0.0000000000
138946  51.440  -51.531  6.744 0.0000000000
17095  52.741  -53.568  5.127 0.0000000000
15397  52.320  -55.889  4.644 0.0000000000
13769  51.747  -57.015  5.872 0.0000000000
13013  50.937  -58.267  4.096 0.0000000000
21551  44.719  -48.123  5.515 0.0000000000
21485  52.669  -49.105  9.905 0.0000000000
21484  53.249  -48.241  9.848 0.0000000000
20557  52.956  -48.865  9.714 0.0000000000
14603  38.439  -56.045  3.250 0.0000000000
16252  38.630  -54.325  3.944 0.0000000000
16244  49.971  -54.980  4.213 0.0000000000
17115  49.540  -53.974  4.408 0.0000000000
15400  49.203  -55.628  4.213 0.0000000000
12302  43.954  -59.932  3.265 0.0000000000
13041  43.429  -58.903  3.877 0.0000000000
12303  42.907  -59.499  3.253 0.0000000000
13043  41.914  -58.410  3.554 0.0000000000
142431  42.433  -59.750  2.725 0.0000000000
10919  38.819  -61.206  -1.861 0.0000000000
16215  49.295  -54.881  6.631 0.0000000000
18790  45.299  -51.753  5.308 0.0000000000
144295  46.083  -50.801  5.346 0.0000000000
19658  45.367  -51.024  5.404 0.0000000000
23457  44.534  -46.372  3.872 0.0000000000
13023  48.227  -58.716  3.533 0.0000000000
149117  48.665  -58.966  3.423 0.0000000000
11579  46.265  -61.329  2.560 0.0000000000
131856  46.760  -60.550  3.129 0.0000000000
11569  45.922  -60.612  2.857 0.0000000000
11580  44.966  -60.662  2.753 0.0000000000
17100  41.857  -53.526  5.276 0.0000000000
142313  41.530  -52.839  5.320 0.0000000000
17101  41.092  -53.330  5.199 0.0000000000
18804  40.085  -51.220  4.681 0.0000000000
19672  40.075  -50.194  3.962 0.0000000000
20622  41.059  -49.031  3.904 0.0000000000
18785  51.687  -51.662  5.902 0.0000000000
18771  51.357  -50.993  6.004 0.0000000000
18786  50.751  -51.183  5.271 0.0000000000
134358  46.625  -52.159  4.868 0.0000000000
17118  46.066  -53.629  4.826 0.0000000000
14589  47.027  -56.863  4.353 0.0000000000
137057  47.215  -56.078  4.438 0.0000000000
14590  46.097  -56.934  4.481 0.0000000000
14592  43.613  -56.735  4.566 0.0000000000
15404  44.704  -55.708  4.824 0.0000000000
15382  44.114  -55.064  5.052 0.0000000000
16227  44.380  -54.214  5.141 0.0000000000
15383  43.363  -55.174  5.011 0.0000000000
16229  42.618  -54.797  5.077 0.0000000000
15405  42.822  -55.607  4.818 0.0000000000
13044  41.033  -58.211  3.218 0.0000000000
14600  40.976  -56.916  4.073 0.0000000000
13815  40.593  -57.463  3.526 0.0000000000
13816  39.724  -57.175  3.279 0.0000000000
13820  39.308  -57.586  2.654 0.0000000000
9473  42.571  -64.068  -3.075 0.0000000000
10181  42.219  -62.595  -1.084 0.0000000000
10899  41.804  -62.001  -0.504 0.0000000000
11612  41.652  -61.038  0.723 0.0000000000
11599  41.122  -60.379  1.185 0.0000000000
11613  40.802  -60.700  0.500 0.0000000000
11627  38.663  -60.284  -0.716 0.0000000000
12347  39.473  -59.701  0.674 0.0000000000
12348  38.560  -59.294  0.388 0.0000000000
13071  38.516  -58.289  1.424 0.0000000000
12349  37.502  -58.712  -0.009 0.0000000000
150381  48.085  -47.021  8.791 0.0000000000
21504  48.133  -47.854  8.949 0.0000000000
139742  49.564  -47.949  9.541 0.0000000000
21486  48.818  -48.842  9.313 0.0000000000
146972  48.794  -52.373  8.271 0.0000000000
19612  48.556  -51.261  9.088 0.0000000000
18745  49.746  -51.530  9.051 0.0000000000
18732  50.683  -50.955  9.255 0.0000000000
18744  50.486  -51.425  8.804 0.0000000000
17904  50.828  -51.533  7.810 0.0000000000
17921  51.285  -52.103  6.818 0.0000000000
16213  51.600  -54.134  6.507 0.0000000000
128519  52.371  -53.821  6.049 0.0000000000
16212  52.652  -54.405  5.657 0.0000000000
149984  52.455  -54.844  4.745 0.0000000000
15381  52.558  -55.626  5.135 0.0000000000
12254  49.667  -58.595  6.755 0.0000000000
12996  50.328  -58.186  5.710 0.0000000000
13786  51.534  -57.648  4.249 0.0000000000
19660  43.085  -49.871  5.397 0.0000000000
141520  44.430  -49.075  5.515 0.0000000000
21552  43.785  -48.447  5.287 0.0000000000
24329  46.214  -45.707  5.087 0.0000000000
15407  39.670  -55.041  4.373 0.0000000000
17119  40.326  -53.458  4.953 0.0000000000
17967  51.527  -52.663  4.781 0.0000000000
17968  50.294  -52.372  4.721 0.0000000000
17114  50.421  -53.286  4.534 0.0000000000
142934  47.814  -54.363  4.504 0.0000000000
147615  44.905  -58.562  4.139 0.0000000000
143702  45.306  -57.072  4.534 0.0000000000
13026  44.158  -58.307  4.248 0.0000000000
13805  43.933  -57.457  4.437 0.0000000000
13806  43.021  -57.331  4.373 0.0000000000
13807  42.239  -56.795  4.395 0.0000000000
144666  42.153  -57.623  4.103 0.0000000000
13057  40.641  -58.641  2.580 0.0000000000
11625  40.453  -61.007  -0.188 0.0000000000
11639  39.192  -60.947  -1.150 0.0000000000
17069  49.688  -53.230  7.176 0.0000000000
17068  50.779  -52.802  6.906 0.0000000000
17085  49.679  -54.043  6.703 0.0000000000
16214  50.465  -54.589  6.667 0.0000000000
140772  51.621  -55.262  6.838 0.0000000000
143799  47.002  -48.970  6.062 0.0000000000
21549  46.580  -48.241  6.150 0.0000000000
21563  43.225  -47.821  4.766 0.0000000000
22533  43.959  -47.538  5.035 0.0000000000
23416  44.727  -46.457  4.537 0.0000000000
149690  45.890  -45.759  4.581 0.0000000000
14586  50.604  -57.892  3.450 0.0000000000
137059  49.847  -56.812  3.839 0.0000000000
14587  49.176  -57.528  3.740 0.0000000000
13801  48.066  -57.696  3.906 0.0000000000
13024  46.830  -58.516  3.853 0.0000000000
13039  46.523  -59.204  3.577 0.0000000000
13025  45.710  -58.469  4.069 0.0000000000
12316  45.128  -59.953  3.379 0.0000000000
17953  43.354  -52.331  5.468 0.0000000000
18792  43.551  -51.504  5.484 0.0000000000
17954  42.604  -51.706  5.460 0.0000000000
18793  42.838  -50.776  5.441 0.0000000000
19661  42.051  -49.949  5.234 0.0000000000
142999  40.546  -51.752  5.071 0.0000000000
19662  41.099  -50.161  4.939 0.0000000000
20609  42.365  -48.960  4.988 0.0000000000
20621  41.719  -48.506  4.220 0.0000000000
22557  42.742  -47.501  3.520 0.0000000000
132390  37.139  -56.303  1.202 0.0000000000
19627  52.081  -49.877  8.890 0.0000000000
20577  52.083  -49.757  8.321 0.0000000000
19639  51.218  -50.528  6.540 0.0000000000
134277  45.731  -52.312  5.097 0.0000000000
142143  44.827  -52.422  5.319 0.0000000000
15402  46.623  -55.222  4.580 0.0000000000
137024  45.383  -56.308  4.662 0.0000000000
15403  45.613  -55.443  4.735 0.0000000000
16248  45.873  -54.542  4.765 0.0000000000
16226  45.227  -53.947  4.981 0.0000000000
17097  44.624  -53.366  5.223 0.0000000000
17952  44.016  -52.838  5.380 0.0000000000
17099  42.808  -53.792  5.292 0.0000000000
134674  42.020  -54.235  5.177 0.0000000000
131980  40.890  -54.855  4.758 0.0000000000
147365  41.499  -56.402  4.376 0.0000000000
15406  41.334  -55.552  4.617 0.0000000000
142961  40.381  -55.302  4.500 0.0000000000
14596  39.741  -55.778  4.108 0.0000000000
14607  37.937  -56.374  2.577 0.0000000000
11596  44.162  -61.567  1.571 0.0000000000
10195  41.740  -62.682  -1.688 0.0000000000
142356  42.594  -60.892  1.553 0.0000000000
12332  42.317  -60.311  2.131 0.0000000000
12333  41.465  -60.012  1.853 0.0000000000
12319  41.018  -59.331  2.240 0.0000000000
13069  40.244  -59.032  1.964 0.0000000000
11614  39.947  -60.349  0.254 0.0000000000
12335  39.847  -59.405  1.348 0.0000000000
13058  39.806  -58.350  2.323 0.0000000000
13824  38.887  -57.973  2.051 0.0000000000
13825  37.992  -57.529  1.680 0.0000000000
13822  37.539  -56.709  1.849 0.0000000000
13826  37.216  -57.141  1.160 0.0000000000
25193  48.694  -45.200  8.706 0.0000000000
135667  48.427  -45.906  8.726 0.0000000000
24253  49.368  -45.863  9.257 0.0000000000
149332  49.742  -47.114  9.562 0.0000000000
150452  50.968  -48.260  9.998 0.0000000000
152050  51.719  -49.443  9.956 0.0000000000
19613  47.292  -51.144  8.893 0.0000000000
20545  48.256  -49.697  9.183 0.0000000000
20544  49.525  -49.798  9.548 0.0000000000
20543  50.994  -49.951  9.800 0.0000000000
19596  51.988  -49.706  9.516 0.0000000000
18760  51.214  -50.787  7.753 0.0000000000
17947  52.069  -52.413  5.378 0.0000000000
17083  51.760  -53.032  6.313 0.0000000000
17937  51.970  -52.439  6.010 0.0000000000
17946  52.429  -52.951  4.994 0.0000000000
17112  52.346  -53.578  4.787 0.0000000000
16242  51.989  -54.482  4.478 0.0000000000
15398  51.835  -56.569  3.975 0.0000000000
13768  52.035  -57.034  4.725 0.0000000000
147245  51.993  -57.236  4.035 0.0000000000
136614  50.992  -57.178  3.667 0.0000000000
20606  44.816  -49.739  5.528 0.0000000000
135160  45.270  -49.163  5.647 0.0000000000
22530  46.159  -47.412  5.921 0.0000000000
127365  45.175  -46.574  5.133 0.0000000000
23397  46.566  -46.684  5.954 0.0000000000
10856  46.051  -61.950  1.964 0.0000000000
10884  41.329  -61.375  0.030 0.0000000000
10916  41.485  -62.201  -1.061 0.0000000000
11611  42.464  -61.302  0.967 0.0000000000
12242  49.052  -59.074  7.781 0.0000000000
12281  48.534  -59.116  3.462 0.0000000000
12299  48.058  -59.595  3.589 0.0000000000
12318  41.798  -59.592  2.491 0.0000000000
12346  40.299  -60.053  0.940 0.0000000000
12359  39.062  -59.997  -0.009 0.0000000000
12995  51.057  -57.622  5.713 0.0000000000
13027  43.458  -58.047  4.259 0.0000000000
13040  45.450  -59.202  3.726 0.0000000000
13042  42.608  -58.864  3.590 0.0000000000
13055  42.161  -59.191  3.106 0.0000000000
13070  39.417  -58.705  1.702 0.0000000000
13082  38.073  -58.516  0.769 0.0000000000
13802  46.980  -57.714  4.156 0.0000000000
13804  44.884  -57.734  4.387 0.0000000000
13814  41.387  -57.650  3.785 0.0000000000
13821  38.367  -57.192  2.332 0.0000000000
13837  36.861  -56.934  0.500 0.0000000000
14571  52.166  -56.471  4.600 0.0000000000
14585  51.344  -57.594  3.818 0.0000000000
14594  42.162  -56.006  4.599 0.0000000000
14595  40.677  -56.116  4.290 0.0000000000
14602  39.311  -56.393  3.555 0.0000000000
14608  37.403  -55.915  2.082 0.0000000000
15369  52.730  -54.914  5.275 0.0000000000
15370  52.403  -55.210  5.859 0.0000000000
15380  52.722  -55.086  4.946 0.0000000000
15415  38.952  -55.715  3.751 0.0000000000
15416  38.277  -55.151  3.518 0.0000000000
16211  52.868  -54.293  5.190 0.0000000000
16241  52.694  -54.277  4.881 0.0000000000
16243  51.327  -55.376  4.166 0.0000000000
16250  41.678  -54.838  4.941 0.0000000000
17082  52.677  -53.666  5.456 0.0000000000
17098  43.794  -53.631  5.299 0.0000000000
17113  51.499  -53.525  4.552 0.0000000000
17922  50.269  -52.413  7.539 0.0000000000
17923  49.227  -52.697  7.753 0.0000000000
17936  52.452  -53.066  5.400 0.0000000000
17948  50.145  -51.647  4.859 0.0000000000
17951  46.148  -52.867  4.893 0.0000000000
17956  40.629  -52.594  5.142 0.0000000000
18733  49.653  -51.083  9.351 0.0000000000
18789  46.078  -51.528  5.164 0.0000000000
18791  44.523  -51.425  5.447 0.0000000000
18794  41.809  -50.910  5.354 0.0000000000
18795  40.862  -51.051  5.102 0.0000000000
19597  51.618  -50.333  8.775 0.0000000000
19598  50.222  -50.542  9.549 0.0000000000
19663  40.372  -50.474  4.543 0.0000000000
19671  40.624  -49.708  4.235 0.0000000000
20542  52.119  -49.655  9.684 0.0000000000
20576  52.581  -49.427  9.392 0.0000000000
20590  51.540  -50.289  7.812 0.0000000000
20605  46.261  -49.374  5.754 0.0000000000
20607  44.033  -49.745  5.476 0.0000000000
20608  43.358  -49.097  5.330 0.0000000000
21521  53.021  -48.892  9.300 0.0000000000
21550  45.793  -48.356  5.845 0.0000000000
21564  42.475  -48.113  4.504 0.0000000000
21572  41.611  -48.463  3.569 0.0000000000
22468  53.235  -47.511  10.091 0.0000000000
22470  50.895  -47.482  9.967 0.0000000000
22513  47.740  -47.479  6.591 0.0000000000
22531  45.357  -47.286  5.538 0.0000000000
22532  44.612  -47.066  5.157 0.0000000000
22545  44.119  -46.897  4.649 0.0000000000
22546  43.538  -47.174  4.427 0.0000000000
22547  42.829  -47.496  4.144 0.0000000000
23362  49.339  -46.605  9.350 0.0000000000
23375  48.589  -46.491  8.932 0.0000000000
23376  47.718  -46.381  8.551 0.0000000000
23413  46.703  -45.910  5.607 0.0000000000
23414  45.921  -46.420  5.450 0.0000000000
23435  45.334  -46.003  4.251 0.0000000000
23436  43.957  -46.670  4.164 0.0000000000
24345  46.453  -45.572  4.649 0.0000000000
24361  45.957  -45.724  4.130 0.0000000000
128309  52.192  -55.466  4.512 0.0000000000
134279  39.842  -50.763  4.238 0.0000000000
134712  51.384  -50.229  9.498 0.0000000000
135304  48.104  -55.157  4.392 0.0000000000
136225  45.668  -61.198  2.417 0.0000000000
138189  51.730  -48.820  10.068 0.0000000000
138346  43.316  -53.082  5.395 0.0000000000
140455  42.157  -47.922  3.851 0.0000000000
141063  48.803  -51.899  8.733 0.0000000000
141372  39.991  -54.375  4.671 0.0000000000
142371  39.797  -52.785  4.814 0.0000000000
142464  47.081  -59.856  3.319 0.0000000000
143568  44.697  -50.467  5.481 0.0000000000
144824  52.154  -54.711  6.370 0.0000000000
144872  43.716  -55.908  4.791 0.0000000000
145339  52.016  -53.082  4.727 0.0000000000
145911  46.346  -61.643  2.523 0.0000000000
147132  49.127  -58.442  3.544 0.0000000000
148477  52.349  -53.195  5.765 0.0000000000
149751  51.403  -50.374  9.268 0.0000000000
150040  43.912  -49.116  5.440 0.0000000000
150464  48.909  -53.165  7.472 0.0000000000
151927  46.378  -48.758  5.992 0.0000000000
