#!ascii label  , from subject sub-v1s3x0050810_ses-1 vox2ras=TkReg
643
54352  21.459  -16.388  -15.586 0.1428571492
53343  20.392  -17.364  -15.454 0.1428571492
55466  21.519  -15.464  -16.597 0.1428571492
126977  22.500  -16.621  -14.721 0.1428571492
55448  21.824  -15.752  -15.911 0.2857142985
55429  22.834  -15.907  -14.977 0.1428571492
56562  22.668  -14.594  -16.677 0.5714285970
56547  22.940  -14.911  -15.977 0.1428571492
56560  24.196  -14.147  -15.972 0.2857142985
57652  25.739  -13.029  -16.144 0.1428571492
57653  24.838  -13.509  -16.289 0.2857142985
59852  26.157  -11.136  -17.548 0.2857142985
148083  25.696  -11.540  -17.646 0.1428571492
58718  25.472  -12.088  -17.336 0.2857142985
62123  27.018  -9.456  -18.399 0.2857142985
62108  26.854  -10.020  -17.826 0.2857142985
125643  27.587  -8.425  -19.069 0.2857142985
143426  26.858  -8.825  -19.490 0.2857142985
64311  28.159  -6.861  -20.107 0.2857142985
66540  28.534  -4.843  -20.842 0.8571428657
65432  28.489  -6.158  -20.258 0.4285714328
64293  28.327  -7.300  -19.419 0.2857142985
68668  28.352  -3.416  -21.153 0.7142857313
67594  28.207  -4.231  -21.297 0.7142857313
65448  28.189  -5.744  -20.969 0.7142857313
70750  28.527  -1.390  -21.297 0.8571428657
69701  28.498  -2.589  -21.058 0.5714285970
69718  27.912  -2.835  -21.767 0.8571428657
68669  27.875  -3.672  -21.671 0.7142857313
67595  27.610  -4.349  -21.930 0.7142857313
72906  28.626  0.394  -21.249 0.4285714328
142110  28.393  -0.854  -21.552 0.7142857313
138942  28.278  -2.007  -21.565 0.8571428657
75115  28.727  2.533  -21.424 0.2857142985
75126  28.289  2.385  -22.135 0.5714285970
72925  28.205  0.317  -21.839 0.8571428657
74006  28.422  1.103  -21.593 0.7142857313
71817  28.011  -0.487  -22.073 0.8571428657
76241  29.098  4.044  -21.923 0.1428571492
76234  29.256  3.381  -21.241 0.1428571492
76235  28.611  3.203  -21.982 0.4285714328
74023  28.067  1.597  -22.197 0.5714285970
142643  27.973  0.906  -22.174 0.8571428657
78390  29.527  5.864  -23.318 0.1428571492
77253  29.733  4.791  -22.104 0.1428571492
77254  28.847  4.584  -22.694 0.1428571492
76242  28.496  3.781  -22.575 0.4285714328
74024  27.631  1.196  -22.858 0.8571428657
79500  29.529  6.747  -24.352 0.1428571492
79493  29.973  6.449  -23.595 0.1428571492
78395  29.057  6.116  -23.932 0.1428571492
78384  28.753  5.311  -23.449 0.1428571492
77269  28.086  4.788  -24.071 0.4285714328
76251  28.021  3.706  -23.238 0.5714285970
75144  27.635  2.859  -23.372 0.7142857313
74041  27.137  1.100  -23.674 0.8571428657
79501  28.721  6.367  -24.725 0.1428571492
79506  29.123  7.079  -25.034 0.1428571492
78396  28.380  5.583  -24.398 0.1428571492
76252  27.597  3.499  -23.975 0.8571428657
135827  27.396  1.967  -23.501 0.8571428657
75165  27.176  2.670  -24.203 0.8571428657
80463  29.583  7.799  -25.387 0.1428571492
80464  28.768  7.386  -25.727 0.2857142985
79507  28.433  6.662  -25.462 0.8571428657
77270  27.658  4.150  -24.493 0.8571428657
77263  27.904  4.131  -23.837 0.7142857313
77281  27.314  4.072  -25.239 0.8571428657
81367  28.756  8.441  -26.658 0.1428571492
82229  29.326  9.361  -26.738 0.1428571492
80472  28.474  7.626  -26.468 0.4285714328
79514  27.607  6.612  -26.554 0.8571428657
79508  27.790  6.299  -25.924 0.8571428657
77298  27.171  4.664  -25.738 0.8571428657
136635  27.174  6.010  -26.488 0.8571428657
78407  27.455  5.500  -25.789 0.8571428657
78416  26.723  5.168  -26.448 0.8571428657
82242  28.926  9.962  -27.383 0.1428571492
83164  28.898  10.675  -27.963 0.2857142985
131406  28.621  9.179  -27.086 0.5714285970
82243  28.147  9.347  -27.626 0.8571428657
80482  28.203  7.864  -27.034 0.8571428657
80473  27.803  7.206  -27.000 0.8571428657
79521  27.238  6.464  -27.278 0.8571428657
79526  27.466  6.960  -27.989 0.8571428657
78428  26.654  5.734  -27.152 0.8571428657
136244  28.872  11.452  -28.353 0.2857142985
82251  28.253  10.100  -28.041 0.7142857313
80488  27.392  7.784  -28.420 0.8571428657
80489  26.991  7.077  -28.901 0.8571428657
152265  27.209  6.480  -27.991 0.8571428657
83165  27.746  10.142  -28.785 0.8571428657
81386  27.409  8.550  -28.876 0.8571428657
81394  27.146  8.453  -29.705 0.7142857313
80495  27.058  7.838  -29.327 0.7142857313
84083  27.724  10.916  -29.018 0.8571428657
83174  27.400  10.235  -29.695 0.8571428657
84100  27.107  11.543  -30.116 0.8571428657
81401  26.931  8.665  -30.503 0.7142857313
85822  27.260  13.586  -30.099 0.7142857313
84961  27.261  12.587  -29.834 0.8571428657
85823  26.848  13.813  -30.639 0.8571428657
84962  26.702  12.919  -30.712 0.8571428657
86756  26.278  14.467  -31.486 0.7142857313
82259  27.354  9.273  -29.506 0.8571428657
132691  26.789  12.079  -30.541 0.8571428657
89490  27.313  17.671  -33.636 0.1428571492
86737  26.761  14.332  -30.894 0.8571428657
87698  25.776  14.974  -32.074 0.7142857313
85832  26.458  13.637  -31.232 0.8571428657
90337  26.133  18.591  -34.461 0.1428571492
88611  25.536  16.511  -32.415 0.5714285970
89485  24.916  17.062  -32.756 0.5714285970
88633  24.164  16.754  -34.177 0.5714285970
90332  24.780  18.066  -33.872 0.1428571492
91156  25.709  19.920  -36.386 0.1428571492
89499  23.756  17.161  -35.032 0.5714285970
91165  24.653  19.714  -37.434 0.1428571492
89509  23.823  17.877  -35.656 0.1428571492
92024  24.319  20.218  -39.042 0.1428571492
125786  24.071  19.663  -38.886 0.1428571492
125757  23.723  18.858  -38.943 0.1428571492
91168  23.208  20.955  -39.719 0.1428571492
125693  22.830  19.118  -40.160 0.1428571492
53330  21.487  -17.390  -14.816 0.1428571492
53331  20.876  -17.705  -14.896 0.1428571492
55447  22.536  -15.520  -15.631 0.2857142985
55446  23.272  -15.312  -15.333 0.1428571492
56545  24.525  -14.648  -15.297 0.2857142985
56546  23.675  -14.712  -15.664 0.2857142985
59853  26.069  -11.674  -17.103 0.2857142985
64312  27.710  -7.470  -20.011 0.2857142985
125417  27.195  -8.179  -19.946 0.2857142985
66525  28.774  -5.384  -20.292 0.4285714328
65433  27.947  -6.561  -20.751 0.5714285970
141558  28.775  -0.756  -20.964 0.2857142985
66541  27.941  -5.036  -21.485 0.7142857313
73990  28.821  0.954  -20.965 0.1428571492
71818  27.556  -0.421  -22.824 0.8571428657
75127  27.818  2.176  -22.768 0.7142857313
78406  28.081  5.892  -25.206 0.8571428657
78397  27.696  4.973  -24.957 0.8571428657
76264  27.270  3.460  -24.723 0.8571428657
150223  28.137  11.436  -28.685 0.8571428657
85811  27.740  13.371  -29.508 0.8571428657
86736  27.431  14.479  -30.442 0.8571428657
87697  26.096  15.987  -31.948 0.7142857313
89484  25.803  17.334  -32.596 0.2857142985
90339  24.417  18.190  -34.886 0.1428571492
91157  25.070  19.569  -36.261 0.1428571492
143747  24.765  22.373  -40.343 0.1428571492
53332  20.024  -18.093  -14.979 0.1428571492
126292  24.402  -13.171  -17.150 0.2857142985
56561  23.411  -14.369  -16.355 0.4285714328
56575  23.152  -14.048  -17.076 0.2857142985
58704  25.199  -12.756  -16.854 0.1428571492
61001  26.685  -10.674  -17.349 0.2857142985
62107  27.522  -9.475  -17.720 0.2857142985
125420  26.407  -9.971  -18.569 0.2857142985
125561  25.794  -10.530  -18.751 0.2857142985
65449  27.678  -6.412  -21.474 0.7142857313
78383  29.559  5.368  -22.748 0.1428571492
80454  29.996  7.409  -24.685 0.1428571492
81366  29.686  8.688  -26.181 0.1428571492
79513  28.130  6.986  -26.175 0.8571428657
83157  29.617  10.618  -27.612 0.1428571492
145626  29.457  11.092  -28.037 0.1428571492
84082  28.419  12.151  -28.719 0.2857142985
86722  27.980  14.144  -29.699 0.5714285970
87679  27.865  15.315  -30.745 0.5714285970
86755  26.961  15.053  -30.924 0.7142857313
88610  26.447  16.807  -32.153 0.4285714328
88600  27.882  16.368  -31.739 0.2857142985
88609  27.393  16.862  -32.194 0.2857142985
89491  26.186  17.895  -33.167 0.1428571492
90331  25.495  18.290  -33.717 0.1428571492
90338  25.108  18.615  -34.540 0.1428571492
143374  23.311  16.747  -37.677 0.2857142985
90345  25.663  19.264  -35.328 0.1428571492
90356  24.296  18.921  -37.463 0.1428571492
125695  23.940  17.727  -38.510 0.1428571492
125458  23.444  17.650  -39.534 0.1428571492
91164  24.985  20.133  -37.503 0.1428571492
125460  22.143  20.900  -39.684 0.1428571492
125713  21.869  20.263  -39.901 0.1428571492
125470  23.233  22.991  -39.540 0.1428571492
84952  28.838  12.944  -28.897 0.4285714328
86721  28.858  14.335  -29.599 0.4285714328
86735  28.376  14.859  -30.197 0.4285714328
87688  28.319  15.845  -31.303 0.4285714328
87689  27.401  15.786  -31.218 0.5714285970
88601  26.971  16.305  -31.675 0.5714285970
54351  22.138  -16.130  -15.290 0.1428571492
53342  21.138  -17.066  -15.296 0.1428571492
146528  22.245  -15.187  -16.303 0.4285714328
54363  21.126  -16.055  -16.207 0.2857142985
55445  23.931  -15.135  -15.118 0.1428571492
57654  23.915  -13.783  -16.715 0.1428571492
142175  26.265  -10.566  -18.029 0.2857142985
67604  27.303  -4.336  -22.734 0.7142857313
71799  28.478  -0.267  -21.456 0.8571428657
70767  27.680  -1.169  -22.529 0.8571428657
133353  28.450  1.857  -21.672 0.5714285970
75143  28.132  3.018  -22.684 0.5714285970
151019  28.377  4.149  -22.937 0.1428571492
81379  27.668  8.589  -27.980 0.8571428657
80483  27.757  7.807  -27.607 0.8571428657
82252  27.720  9.376  -28.413 0.8571428657
84091  27.675  11.794  -29.236 0.8571428657
83184  27.406  10.999  -29.729 0.8571428657
89498  26.495  18.188  -33.848 0.1428571492
89493  24.623  17.395  -33.476 0.5714285970
88621  24.508  16.480  -33.375 0.5714285970
90347  24.260  18.671  -35.942 0.1428571492
92023  24.834  20.525  -38.978 0.1428571492
90346  24.819  19.009  -35.451 0.1428571492
90348  23.779  17.934  -36.845 0.1428571492
59840  26.667  -11.765  -16.524 0.1428571492
84953  27.993  12.783  -29.106 0.5714285970
143453  25.960  -9.924  -19.370 0.5714285970
125783  23.681  16.346  -39.160 0.1428571492
125716  25.289  -10.573  -19.593 0.5714285970
125414  24.718  -10.698  -20.515 0.5714285970
125415  23.456  -12.073  -20.703 0.2857142985
125423  25.537  -9.905  -20.423 0.5714285970
61055  25.015  -10.330  -21.246 0.5714285970
125795  23.256  -12.513  -20.082 0.4285714328
125411  23.140  -12.098  -21.284 0.2857142985
61056  24.423  -11.173  -21.682 0.4285714328
63247  26.678  -8.354  -20.801 0.4285714328
63260  26.302  -8.789  -21.586 0.5714285970
62164  25.659  -9.685  -21.605 0.5714285970
61068  25.086  -10.588  -22.239 0.4285714328
64324  26.923  -7.904  -21.660 0.5714285970
63276  26.388  -8.571  -22.464 0.5714285970
63261  26.048  -9.276  -22.292 0.4285714328
64338  26.690  -7.800  -22.734 0.7142857313
64323  27.295  -7.110  -22.084 0.4285714328
152096  23.953  -11.534  -22.173 0.2857142985
58760  23.290  -11.670  -21.830 0.2857142985
62177  25.587  -9.921  -22.658 0.4285714328
126386  27.465  -7.109  -21.182 0.7142857313
65465  27.408  -6.267  -22.308 0.7142857313
65482  26.645  -6.993  -23.996 0.4285714328
135005  26.713  -5.278  -23.980 0.7142857313
137833  26.845  -5.525  -25.131 0.5714285970
67615  26.687  -4.537  -24.433 0.7142857313
66600  26.856  -5.616  -26.491 0.2857142985
147310  27.728  -5.748  -21.677 0.5714285970
66551  27.414  -5.261  -22.336 0.5714285970
66552  26.989  -5.993  -23.327 0.7142857313
68690  27.101  -3.432  -23.128 0.7142857313
137937  26.550  -3.892  -24.886 0.7142857313
68703  26.615  -3.027  -24.406 0.7142857313
129953  26.301  -3.224  -25.319 0.7142857313
68711  26.356  -4.309  -26.032 0.4285714328
69766  25.986  -2.461  -25.702 0.4285714328
68682  27.493  -3.542  -22.282 0.5714285970
69736  27.395  -2.691  -22.589 0.5714285970
68691  26.866  -2.959  -23.702 0.5714285970
69747  26.805  -2.172  -23.864 0.7142857313
70795  26.499  -1.412  -24.383 0.7142857313
72966  26.378  0.103  -24.603 0.7142857313
70806  26.100  -1.559  -25.226 0.7142857313
71861  25.823  -0.801  -25.748 0.5714285970
72981  25.812  0.178  -25.962 0.5714285970
72926  27.765  0.302  -22.479 0.7142857313
134322  27.363  -1.018  -23.125 0.5714285970
71837  26.627  -0.567  -24.112 0.7142857313
70784  26.937  -1.233  -23.641 0.7142857313
74066  26.569  1.078  -24.478 0.8571428657
70807  25.749  -1.762  -26.134 0.4285714328
141743  26.317  1.377  -25.186 0.7142857313
72992  26.100  1.088  -25.869 0.7142857313
74081  26.417  1.881  -25.751 0.7142857313
72993  25.750  0.820  -26.630 0.5714285970
74096  26.069  1.610  -26.485 0.7142857313
71836  27.121  -0.445  -23.466 0.5714285970
75166  26.577  2.094  -24.830 0.8571428657
75197  26.373  2.484  -26.442 0.7142857313
76321  26.194  3.625  -27.562 0.2857142985
74065  26.943  1.798  -24.113 0.7142857313
75184  26.618  2.666  -25.555 0.7142857313
77316  26.249  4.481  -27.735 0.7142857313
75183  26.824  2.891  -24.916 0.7142857313
76285  26.661  3.158  -26.010 0.8571428657
76305  26.416  3.378  -26.670 0.8571428657
78429  26.429  5.287  -27.869 0.8571428657
77332  26.307  4.600  -28.711 0.7142857313
77282  26.839  3.909  -25.985 0.8571428657
78417  26.316  5.096  -27.142 0.8571428657
78438  26.687  5.527  -28.955 0.8571428657
79522  26.873  6.026  -27.980 0.8571428657
79527  27.002  6.390  -28.537 0.8571428657
79533  26.731  6.345  -29.507 0.7142857313
82268  26.981  9.526  -30.517 0.7142857313
82269  26.742  9.712  -31.427 0.7142857313
83185  26.954  10.546  -30.561 0.5714285970
83192  26.619  10.507  -31.583 0.7142857313
84101  26.692  11.318  -30.984 0.7142857313
137159  26.497  12.023  -31.332 0.8571428657
85833  25.950  13.459  -31.913 0.7142857313
84110  26.396  11.187  -31.853 0.7142857313
85849  25.092  12.324  -33.357 0.7142857313
85839  25.004  13.173  -33.334 0.7142857313
147915  25.117  11.688  -33.273 0.5714285970
86757  25.731  14.094  -32.150 0.7142857313
85850  24.501  12.343  -34.232 0.5714285970
86773  24.676  13.724  -33.677 0.4285714328
86772  25.197  14.204  -32.703 0.5714285970
84989  24.576  11.635  -33.904 0.5714285970
87712  24.368  14.510  -34.040 0.5714285970
86794  24.146  13.030  -34.892 0.5714285970
85862  23.885  11.953  -35.035 0.5714285970
84990  24.040  11.632  -34.699 0.4285714328
84129  24.338  11.495  -33.905 0.5714285970
85005  23.164  12.174  -35.337 0.5714285970
84998  23.452  11.900  -35.174 0.5714285970
139755  23.878  14.127  -35.097 0.5714285970
84981  23.755  11.623  -33.467 0.4285714328
83186  23.850  10.087  -31.259 0.4285714328
85851  23.221  12.112  -34.348 0.5714285970
84991  23.708  11.771  -34.750 0.5714285970
85841  22.883  13.138  -33.696 0.4285714328
67570  29.030  -4.585  -20.198 0.2857142985
70783  27.281  -1.824  -23.024 0.5714285970
85840  23.351  12.617  -33.022 0.4285714328
125575  24.524  -11.328  -19.677 0.5714285970
143265  24.158  -11.964  -19.283 0.5714285970
125422  26.586  -8.736  -20.159 0.2857142985
125421  26.263  -9.313  -19.878 0.4285714328
125419  24.048  -11.429  -20.627 0.5714285970
61069  24.407  -11.079  -22.564 0.4285714328
63277  25.955  -9.166  -23.072 0.4285714328
59918  23.674  -11.233  -22.577 0.2857142985
61077  24.955  -10.511  -23.017 0.2857142985
68647  28.845  -3.135  -20.483 0.2857142985
142278  27.368  -7.573  -26.474 0.2857142985
67627  26.619  -4.749  -25.362 0.7142857313
76284  26.905  3.382  -25.397 0.8571428657
81402  26.803  8.018  -31.468 0.7142857313
84970  25.584  12.397  -32.471 0.7142857313
84128  24.853  11.330  -33.423 0.5714285970
84121  24.266  11.287  -33.027 0.2857142985
149812  25.268  14.955  -32.517 0.5714285970
87699  24.760  15.026  -32.922 0.5714285970
85863  23.370  12.230  -35.322 0.5714285970
85874  22.931  12.580  -35.449 0.2857142985
143290  26.603  -9.417  -19.096 0.2857142985
69735  27.755  -1.969  -22.216 0.7142857313
72944  27.365  0.323  -23.216 0.7142857313
72945  26.822  0.271  -23.898 0.7142857313
149366  26.797  4.497  -26.196 0.7142857313
132318  26.247  12.737  -31.662 0.8571428657
80496  26.714  7.178  -29.950 0.7142857313
125648  23.812  -11.926  -19.918 0.5714285970
125416  23.682  -11.671  -21.433 0.4285714328
62163  26.094  -9.072  -20.732 0.5714285970
125410  23.593  -12.503  -19.301 0.5714285970
64352  26.783  -7.926  -23.886 0.4285714328
65466  26.790  -6.978  -23.014 0.5714285970
133846  26.851  -6.398  -24.613 0.5714285970
66586  27.437  -6.742  -25.964 0.4285714328
64368  27.338  -7.947  -25.323 0.4285714328
66569  27.169  -5.048  -23.192 0.7142857313
67614  26.974  -4.369  -23.557 0.7142857313
69746  27.065  -2.598  -23.239 0.7142857313
136768  26.792  -3.683  -23.993 0.7142857313
69765  26.396  -2.290  -24.787 0.7142857313
71848  26.204  -0.718  -24.844 0.7142857313
146284  26.020  -0.114  -25.226 0.7142857313
72980  26.158  0.629  -25.187 0.7142857313
71862  25.688  -0.500  -26.519 0.2857142985
75211  26.102  2.769  -27.401 0.5714285970
75212  25.722  2.165  -28.147 0.2857142985
77299  26.382  4.358  -26.780 0.8571428657
85838  25.429  13.294  -32.609 0.8571428657
86795  23.346  13.173  -35.471 0.7142857313
85864  22.926  12.544  -35.435 0.5714285970
61078  24.683  -10.103  -23.510 0.1428571492
63292  26.130  -9.119  -24.066 0.4285714328
125413  28.181  -8.875  -17.665 0.1428571492
63192  27.612  -8.898  -18.335 0.1428571492
125406  28.284  -8.246  -18.337 0.1428571492
66505  29.029  -5.824  -19.743 0.1428571492
125404  28.640  -7.519  -18.658 0.1428571492
125409  28.787  -8.318  -17.568 0.1428571492
66504  29.470  -5.544  -19.313 0.1428571492
65398  28.958  -6.848  -18.918 0.1428571492
150049  29.225  -7.174  -18.355 0.1428571492
66524  29.293  -5.111  -19.722 0.1428571492
69683  29.450  -2.820  -19.770 0.2857142985
70738  29.330  -1.479  -20.208 0.1428571492
92803  22.272  21.896  -36.309 0.1428571492
78446  26.353  5.617  -30.217 0.4285714328
125774  21.355  21.035  -36.098 0.1428571492
80506  26.744  7.317  -32.104 0.4285714328
131524  26.787  8.834  -31.494 0.5714285970
82275  26.730  9.116  -32.037 0.4285714328
125454  20.405  16.008  -37.856 0.2857142985
87740  22.129  14.975  -37.921 0.2857142985
137205  23.239  14.023  -35.745 0.2857142985
87739  22.502  15.115  -37.862 0.2857142985
137501  25.239  6.991  -32.480 0.1428571492
140763  26.644  9.861  -32.021 0.5714285970
84969  26.058  11.819  -32.107 0.5714285970
87734  21.866  14.663  -36.000 0.2857142985
87727  23.559  14.954  -35.461 0.4285714328
82280  25.709  9.246  -32.377 0.4285714328
83198  25.660  10.224  -32.383 0.5714285970
86814  22.188  14.334  -36.130 0.2857142985
81408  24.493  8.888  -31.670 0.4285714328
82276  24.148  9.397  -31.483 0.2857142985
86788  22.464  13.750  -34.277 0.1428571492
86806  22.631  13.558  -35.664 0.1428571492
86807  22.147  14.090  -35.690 0.1428571492
83200  24.253  10.712  -32.294 0.4285714328
86797  21.987  14.356  -34.863 0.1428571492
87728  21.705  15.074  -35.270 0.1428571492
82270  23.600  9.329  -30.750 0.2857142985
131664  23.201  13.736  -32.561 0.2857142985
85825  24.089  13.737  -30.856 0.1428571492
86775  22.748  14.277  -33.141 0.1428571492
87713  22.386  14.885  -33.688 0.1428571492
86774  23.258  14.835  -32.206 0.1428571492
152053  22.748  15.151  -32.838 0.1428571492
87692  23.606  15.717  -31.733 0.1428571492
130580  21.638  -14.665  -17.842 0.4285714328
56590  21.263  -14.583  -18.784 0.2857142985
125586  29.655  -6.480  -18.383 0.1428571492
67553  29.514  -4.367  -19.585 0.1428571492
80502  26.638  7.281  -31.181 0.2857142985
138519  25.376  15.597  -32.427 0.4285714328
88650  23.028  15.654  -37.192 0.2857142985
125443  21.758  14.742  -38.587 0.2857142985
87714  22.014  15.746  -34.148 0.2857142985
58703  25.968  -12.318  -16.647 0.1428571492
61000  27.417  -10.195  -17.069 0.1428571492
62106  28.118  -9.501  -17.073 0.1428571492
69700  28.996  -2.201  -20.426 0.1428571492
68646  29.230  -3.763  -20.020 0.1428571492
81409  23.924  8.723  -31.190 0.1428571492
79540  26.470  6.468  -30.738 0.4285714328
80507  24.592  7.342  -31.965 0.2857142985
84119  25.115  10.965  -32.792 0.5714285970
87726  24.050  15.517  -34.317 0.4285714328
88635  21.725  15.786  -35.850 0.2857142985
146016  21.156  15.159  -38.096 0.2857142985
88659  23.329  15.251  -38.778 0.2857142985
87749  22.633  14.523  -38.991 0.2857142985
125441  20.218  16.429  -38.691 0.2857142985
125448  20.038  17.647  -38.093 0.1428571492
125463  21.760  18.471  -37.098 0.1428571492
125459  21.394  19.538  -39.895 0.1428571492
87701  22.542  15.823  -33.116 0.2857142985
125834  20.219  19.302  -39.276 0.1428571492
125462  20.653  19.393  -38.237 0.1428571492
125793  22.971  16.439  -39.738 0.1428571492
125453  22.247  18.002  -40.214 0.1428571492
142039  29.212  -0.966  -20.497 0.2857142985
89510  23.339  16.985  -36.228 0.4285714328
143468  21.622  16.976  -35.514 0.2857142985
88666  22.952  15.570  -39.601 0.1428571492
131058  22.428  -14.321  -17.456 0.4285714328
56563  21.934  -14.871  -17.007 0.4285714328
142031  24.504  15.590  -33.390 0.4285714328
88644  23.305  15.879  -35.861 0.2857142985
81407  26.760  8.120  -32.133 0.4285714328
83197  26.330  10.389  -32.148 0.5714285970
84980  25.372  11.480  -32.711 0.5714285970
85852  22.732  12.597  -34.906 0.4285714328
85834  23.529  13.173  -31.799 0.2857142985
86796  22.442  13.338  -35.343 0.2857142985
81395  26.884  7.927  -30.358 0.5714285970
84118  25.788  11.019  -32.350 0.5714285970
83199  24.915  10.518  -32.584 0.5714285970
86805  22.715  13.870  -35.867 0.2857142985
65415  29.314  -6.167  -19.160 0.1428571492
145075  28.979  -7.708  -17.971 0.1428571492
67535  29.830  -4.914  -19.096 0.1428571492
79550  26.487  6.738  -32.280 0.2857142985
125445  21.638  15.429  -37.076 0.2857142985
87741  22.123  15.020  -37.362 0.2857142985
86812  22.467  14.988  -37.072 0.2857142985
87733  22.990  14.828  -36.533 0.2857142985
81414  25.905  8.283  -32.451 0.2857142985
82279  26.381  9.591  -32.248 0.4285714328
134690  24.519  8.238  -31.685 0.2857142985
82281  25.173  9.865  -32.326 0.5714285970
83193  24.519  9.980  -32.035 0.4285714328
67552  29.949  -4.190  -19.089 0.1428571492
78458  26.138  5.667  -31.638 0.2857142985
125440  21.847  14.658  -39.095 0.2857142985
150498  20.591  16.552  -39.319 0.2857142985
125464  20.352  18.979  -37.947 0.1428571492
75198  25.871  1.984  -27.232 0.2857142985
125467  22.683  18.077  -32.925 0.1428571492
125474  23.133  18.862  -32.037 0.1428571492
89480  23.565  17.262  -31.749 0.1428571492
90324  22.999  19.203  -31.332 0.1428571492
130041  22.318  17.508  -33.581 0.1428571492
125730  21.960  17.683  -34.444 0.1428571492
89486  23.070  17.241  -32.316 0.1428571492
89474  23.599  18.169  -31.329 0.1428571492
125466  22.609  17.301  -32.828 0.1428571492
91133  21.121  19.703  -31.035 0.1428571492
88614  22.355  16.645  -33.342 0.1428571492
125476  23.226  18.097  -31.930 0.1428571492
91970  22.280  20.317  -29.326 0.1428571492
91132  21.447  19.466  -30.963 0.1428571492
74097  25.711  1.310  -27.129 0.2857142985
90315  23.411  18.980  -30.758 0.1428571492
91971  21.199  20.856  -29.962 0.1428571492
91989  21.180  19.837  -31.206 0.1428571492
146062  27.709  -7.124  -20.543 0.2857142985
88622  21.984  16.856  -34.055 0.1428571492
125639  21.586  17.925  -34.967 0.1428571492
125933  22.433  18.440  -33.871 0.1428571492
143457  21.789  18.844  -34.832 0.1428571492
91131  22.394  19.374  -30.714 0.1428571492
91123  23.231  19.720  -30.085 0.1428571492
63246  27.271  -7.665  -20.681 0.4285714328
58731  24.258  -12.355  -18.568 0.4285714328
58719  24.730  -12.489  -17.643 0.1428571492
125418  24.624  -11.710  -18.923 0.2857142985
59872  25.089  -11.758  -18.146 0.1428571492
143427  25.187  -11.167  -18.873 0.2857142985
127910  23.414  -13.326  -18.065 0.2857142985
84120  24.662  11.089  -33.052 0.4285714328
58732  23.544  -12.938  -18.581 0.4285714328
59871  25.701  -11.106  -18.156 0.1428571492
140569  26.467  8.709  -32.297 0.2857142985
57664  23.981  -12.957  -17.919 0.2857142985
57677  22.936  -13.421  -18.499 0.2857142985
56589  22.203  -14.032  -18.393 0.2857142985
132209  22.457  -13.535  -19.136 0.2857142985
143843  23.056  -13.061  -19.108 0.2857142985
63291  26.407  -8.536  -23.518 0.2857142985
63305  26.897  -8.839  -24.726 0.2857142985
63313  27.085  -8.885  -25.559 0.2857142985
150109  26.032  -4.263  -26.706 0.1428571492
68712  25.886  -3.460  -26.342 0.2857142985
74107  25.594  1.398  -27.936 0.1428571492
76322  25.864  2.967  -28.329 0.1428571492
76334  26.071  3.772  -28.510 0.1428571492
76335  25.593  3.114  -29.271 0.1428571492
77347  26.156  4.741  -29.763 0.1428571492
77348  25.547  4.037  -30.514 0.1428571492
78470  26.211  6.059  -32.375 0.1428571492
80511  26.549  7.255  -32.299 0.1428571492
79552  25.510  6.245  -32.590 0.1428571492
79551  26.188  6.467  -32.474 0.1428571492
141389  23.835  11.201  -32.288 0.1428571492
83175  23.472  10.020  -30.060 0.1428571492
137844  23.710  11.583  -30.978 0.1428571492
84971  23.528  12.001  -32.102 0.1428571492
56576  21.193  -15.270  -17.393 0.2857142985
57666  22.944  -13.747  -17.807 0.1428571492
77362  25.729  4.893  -30.898 0.1428571492
80512  26.009  7.247  -32.571 0.1428571492
55481  20.373  -15.591  -17.729 0.2857142985
62186  25.427  -9.693  -23.487 0.2857142985
63306  26.510  -9.270  -25.086 0.2857142985
141179  25.683  -1.238  -26.769 0.1428571492
71873  25.549  -0.728  -27.320 0.1428571492
139967  25.648  0.037  -26.946 0.1428571492
73020  25.121  0.838  -28.439 0.1428571492
74116  25.194  1.606  -28.735 0.1428571492
75222  25.348  2.325  -29.068 0.1428571492
75231  25.072  2.516  -29.973 0.1428571492
78472  24.948  5.241  -32.550 0.1428571492
149717  23.635  10.569  -30.352 0.1428571492
84111  23.779  10.833  -31.306 0.1428571492
79545  26.616  6.579  -31.981 0.1428571492
63314  26.445  -8.826  -25.901 0.1428571492
77333  25.877  3.903  -29.487 0.1428571492
74117  24.586  1.196  -28.899 0.1428571492
56577  20.804  -15.118  -18.257 0.1428571492
55498  19.098  -15.216  -18.367 0.1428571492
57692  22.690  -13.200  -19.599 0.1428571492
71786  28.820  -0.104  -20.941 0.1428571492
71769  29.858  -0.106  -19.803 0.1428571492
85809  29.306  13.641  -29.252 0.1428571492
54381  19.963  -16.089  -17.233 0.1428571492
56609  20.687  -14.297  -19.561 0.1428571492
151641  23.069  -12.853  -19.636 0.1428571492
57678  21.678  -14.014  -19.349 0.1428571492
125408  22.761  -12.569  -20.778 0.1428571492
86734  29.295  14.920  -30.181 0.1428571492
135821  22.592  -12.168  -21.365 0.1428571492
84944  29.274  12.292  -28.562 0.1428571492
55467  20.762  -15.777  -16.910 0.1428571492
72887  29.096  0.416  -20.718 0.1428571492
55497  19.925  -15.338  -18.492 0.1428571492
125955  22.696  -12.990  -20.131 0.1428571492
54341  21.798  -16.815  -15.017 0.1428571492
65416  28.710  -6.522  -19.603 0.1428571492
67571  28.731  -4.008  -20.674 0.1428571492
70739  28.891  -1.450  -20.715 0.1428571492
70766  28.115  -1.315  -21.880 0.7142857313
71785  29.323  -0.290  -20.481 0.1428571492
77262  28.302  4.458  -23.354 0.1428571492
78480  25.611  5.624  -32.474 0.1428571492
80471  29.109  8.036  -26.014 0.2857142985
80513  25.238  7.831  -32.304 0.2857142985
81357  29.629  8.242  -25.771 0.1428571492
81378  28.147  8.519  -27.310 0.5714285970
81413  26.484  7.888  -32.346 0.1428571492
81415  25.116  8.665  -32.173 0.2857142985
84999  23.204  12.063  -35.281 0.5714285970
85810  28.443  13.573  -29.277 0.4285714328
86813  22.375  14.674  -36.447 0.2857142985
87690  26.529  15.482  -31.452 0.7142857313
87755  22.426  15.100  -39.411 0.2857142985
88612  24.817  16.117  -32.754 0.4285714328
88623  21.610  16.561  -34.805 0.1428571492
88634  23.726  16.113  -34.915 0.4285714328
88645  21.504  16.267  -36.557 0.2857142985
89483  26.840  17.369  -32.694 0.1428571492
89492  25.144  17.834  -33.084 0.2857142985
91137  21.796  19.473  -31.179 0.1428571492
91158  24.632  19.285  -36.322 0.1428571492
91987  21.731  19.823  -30.336 0.1428571492
91988  20.762  20.210  -30.842 0.1428571492
92798  21.225  21.198  -35.634 0.1428571492
125442  21.010  15.299  -38.672 0.2857142985
125447  21.183  15.720  -39.369 0.2857142985
125451  21.095  18.362  -39.760 0.1428571492
125452  20.349  17.648  -38.949 0.1428571492
125468  20.980  19.836  -39.389 0.1428571492
125472  19.895  18.719  -38.337 0.1428571492
125851  22.251  15.919  -39.675 0.1428571492
130449  21.407  16.919  -39.822 0.2857142985
131095  24.385  17.564  -34.252 0.5714285970
138098  28.262  10.799  -28.428 0.8571428657
139001  30.326  -4.381  -18.602 0.1428571492
141309  29.593  -0.833  -20.011 0.2857142985
141545  28.642  -1.929  -21.016 0.8571428657
142936  24.836  9.343  -32.062 0.4285714328
143264  27.116  -8.985  -18.859 0.2857142985
143476  22.953  20.023  -39.806 0.1428571492
144602  22.900  17.882  -32.456 0.1428571492
145023  23.234  15.320  -39.362 0.1428571492
