#!ascii label  , from subject sub-v1s3x0050815_ses-1 vox2ras=TkReg
1726
28318  -30.383  -40.025  -23.299 0.5000000000
29035  -30.184  -39.687  -24.106 0.4000000060
29047  -29.380  -38.970  -24.574 0.6000000238
104133  -30.218  -38.862  -23.736 0.6000000238
88064  -30.226  -39.176  -22.052 0.6000000238
92446  -30.410  -38.935  -20.809 0.6000000238
29719  -29.377  -37.750  -24.389 0.6999999881
29732  -28.756  -37.929  -24.499 0.6999999881
91197  -30.009  -37.617  -22.971 0.6999999881
29671  -31.829  -38.727  -19.503 0.5000000000
92053  -31.177  -38.369  -19.890 0.6999999881
28999  -31.236  -39.359  -19.695 0.5000000000
21788  -26.762  -49.722  -17.538 0.5000000000
30408  -28.711  -36.315  -24.361 0.6999999881
106086  -29.340  -36.610  -24.233 0.6999999881
103675  -30.213  -37.728  -21.685 0.6999999881
91065  -29.533  -35.909  -23.826 0.6999999881
102985  -30.521  -36.329  -20.968 0.6999999881
88076  -29.978  -36.086  -22.447 0.6999999881
30329  -32.609  -37.302  -19.427 0.6000000238
28996  -24.826  -38.099  -19.882 0.6999999881
29684  -24.731  -37.570  -20.642 0.6999999881
29718  -27.910  -36.751  -24.120 0.6999999881
91535  -26.680  -35.565  -22.899 0.6999999881
20954  -26.553  -50.618  -17.097 0.6000000238
20166  -26.011  -51.342  -16.925 0.4000000060
88074  -29.003  -35.519  -24.247 0.6999999881
88063  -30.564  -37.643  -20.909 0.6999999881
88067  -31.387  -37.383  -20.003 0.6999999881
31127  -31.443  -35.712  -20.109 0.6999999881
31130  -33.511  -35.965  -19.334 0.6000000238
28997  -26.068  -39.087  -19.570 0.6999999881
29685  -25.402  -37.005  -21.252 0.6999999881
106953  -25.363  -37.931  -20.054 0.6999999881
22566  -27.411  -48.614  -17.228 0.6000000238
29010  -25.669  -37.053  -20.820 0.6999999881
88070  -26.999  -33.752  -23.216 0.6999999881
101763  -25.735  -35.813  -21.719 0.6999999881
109076  -27.020  -37.902  -20.299 0.6999999881
20167  -26.480  -51.357  -16.187 0.5000000000
88066  -29.301  -34.485  -22.903 0.6999999881
91866  -28.531  -34.094  -23.868 0.6999999881
19429  -25.860  -52.043  -16.442 0.4000000060
88073  -27.551  -33.029  -23.453 0.6999999881
91126  -26.007  -35.635  -21.531 0.6999999881
18672  -25.634  -52.937  -15.819 0.4000000060
88072  -28.442  -32.955  -22.250 0.6999999881
90619  -26.899  -34.695  -21.444 0.6999999881
29011  -27.419  -36.979  -20.617 0.6999999881
88077  -30.911  -37.248  -20.514 0.6999999881
90116  -30.348  -35.353  -20.809 0.6999999881
88068  -28.152  -33.859  -21.364 0.6999999881
93776  -32.842  -35.720  -19.328 0.6999999881
90229  -29.153  -34.135  -20.814 0.6999999881
31902  -33.877  -35.394  -19.307 0.6000000238
98970  -33.053  -34.110  -19.014 0.6999999881
31900  -31.975  -34.821  -19.582 0.6999999881
90836  -34.519  -31.502  -20.936 0.5000000000
34142  -34.625  -32.429  -20.635 0.5000000000
33411  -34.867  -33.753  -22.088 0.4000000060
33415  -34.569  -32.970  -22.739 0.5000000000
28284  -28.340  -39.774  -19.165 0.6999999881
23314  -28.329  -47.320  -16.319 0.6000000238
91992  -26.071  -34.455  -22.110 0.6999999881
20945  -27.045  -50.556  -16.243 0.5000000000
28998  -28.142  -38.601  -20.016 0.6999999881
89897  -29.607  -34.328  -21.736 0.6999999881
90013  -30.698  -35.589  -20.572 0.6999999881
32623  -29.347  -33.700  -20.832 0.6999999881
111304  -34.238  -30.702  -19.926 0.6999999881
107454  -33.832  -33.951  -19.092 0.6999999881
34835  -34.289  -31.909  -19.429 0.6999999881
34129  -34.033  -32.609  -18.967 0.6999999881
88178  -34.348  -30.671  -20.451 0.6999999881
25511  -28.492  -44.432  -17.511 0.6999999881
106941  -28.715  -42.773  -17.694 0.6999999881
26910  -28.610  -42.019  -17.963 0.8000000119
27603  -28.781  -41.185  -18.023 0.8000000119
24818  -28.390  -45.414  -17.271 0.6000000238
25512  -29.163  -44.083  -17.130 0.6000000238
26222  -29.129  -43.220  -17.210 0.6000000238
27612  -28.225  -41.433  -18.411 0.8000000119
25503  -29.066  -44.942  -16.928 0.6000000238
24808  -29.234  -45.249  -16.111 0.6000000238
24070  -28.674  -46.516  -16.075 0.6000000238
22540  -27.863  -48.948  -15.867 0.6000000238
22541  -28.265  -48.069  -15.576 0.6000000238
20152  -26.886  -51.032  -15.588 0.5000000000
20933  -27.270  -50.426  -15.392 0.6000000238
91179  -28.688  -37.774  -19.843 0.6999999881
31142  -30.245  -34.563  -20.736 0.6999999881
104088  -28.761  -33.231  -21.401 0.6999999881
107540  -28.252  -35.953  -20.389 0.6999999881
34834  -33.460  -31.083  -19.100 0.8000000119
33392  -33.312  -33.301  -18.893 0.6999999881
91243  -29.258  -33.953  -21.072 0.6999999881
88065  -28.808  -34.795  -20.044 0.6999999881
100250  -33.906  -30.480  -19.632 0.8000000119
33391  -31.920  -33.435  -19.117 0.6999999881
93922  -29.923  -33.089  -19.750 0.6999999881
91848  -34.511  -32.258  -21.440 0.5000000000
34856  -33.831  -31.459  -24.368 0.5000000000
33420  -34.432  -32.767  -24.108 0.4000000060
26215  -29.469  -43.639  -16.592 0.6000000238
26911  -29.181  -42.436  -17.281 0.6999999881
27598  -29.818  -41.103  -16.776 0.8000000119
27604  -29.284  -41.627  -17.387 0.8999999762
25504  -29.397  -44.451  -16.428 0.6000000238
97201  -29.383  -40.833  -17.554 0.8000000119
28278  -29.568  -40.014  -17.648 0.8000000119
107195  -28.978  -45.913  -15.817 0.6000000238
23299  -28.587  -47.176  -15.471 0.6000000238
93926  -29.120  -39.751  -18.481 0.8000000119
21763  -27.676  -49.559  -15.089 0.6000000238
22524  -28.296  -48.266  -14.683 0.6000000238
28977  -29.497  -39.138  -18.189 0.6999999881
20151  -26.666  -51.634  -15.346 0.5000000000
29659  -29.396  -38.198  -18.928 0.6999999881
29660  -29.755  -37.476  -18.547 0.6999999881
19407  -26.448  -52.100  -14.683 0.5000000000
20136  -26.929  -51.162  -14.770 0.5000000000
96183  -29.081  -36.635  -19.589 0.6999999881
35574  -33.169  -30.288  -19.261 0.8000000119
34128  -33.077  -32.488  -18.797 0.8000000119
34127  -31.713  -32.407  -18.952 0.6999999881
34126  -29.744  -32.398  -19.460 0.6999999881
32599  -28.353  -33.026  -20.017 0.6999999881
34145  -34.439  -32.445  -22.192 0.5000000000
26898  -29.811  -43.132  -15.941 0.6999999881
27599  -30.106  -42.286  -15.582 0.6999999881
105185  -30.100  -41.573  -16.010 0.8000000119
94043  -30.263  -40.817  -15.938 0.8000000119
25492  -29.522  -44.703  -15.543 0.6999999881
28273  -30.122  -40.156  -16.735 0.8000000119
24794  -29.313  -45.628  -15.137 0.6000000238
24054  -28.905  -46.438  -15.265 0.6000000238
28978  -30.109  -39.151  -17.301 0.6999999881
20918  -27.349  -50.313  -14.535 0.6000000238
21746  -28.029  -48.990  -14.432 0.6000000238
29652  -29.812  -38.455  -18.040 0.8000000119
95890  -30.287  -37.997  -17.500 0.6999999881
30308  -30.468  -37.108  -17.225 0.8000000119
19394  -26.068  -52.068  -13.826 0.4000000060
31125  -28.863  -34.903  -19.770 0.6999999881
30318  -30.024  -36.766  -18.241 0.6999999881
18646  -25.092  -53.165  -13.801 0.4000000060
32598  -28.366  -33.644  -19.739 0.6999999881
30327  -29.393  -36.272  -19.068 0.6999999881
34833  -32.430  -31.035  -18.971 0.8000000119
34819  -31.419  -31.763  -18.953 0.8000000119
31898  -28.153  -33.979  -20.336 0.6999999881
33390  -28.965  -32.855  -19.802 0.6999999881
94291  -33.746  -29.137  -20.635 0.8000000119
106151  -34.075  -30.018  -20.965 0.6999999881
88185  -34.268  -30.716  -21.215 0.5000000000
88191  -33.837  -30.636  -25.393 0.5000000000
88183  -33.749  -31.078  -23.277 0.5000000000
34163  -34.414  -31.644  -25.516 0.4000000060
26899  -30.108  -43.028  -15.010 0.6000000238
27591  -30.412  -41.493  -15.140 0.6999999881
94164  -30.441  -40.003  -15.797 0.8000000119
26209  -29.860  -43.953  -15.062 0.6999999881
28968  -30.411  -39.364  -16.350 0.8000000119
24038  -29.089  -46.326  -14.484 0.6000000238
105805  -30.624  -39.370  -15.636 0.8000000119
24027  -28.771  -46.906  -13.983 0.6000000238
29643  -30.602  -37.917  -16.362 0.8000000119
105411  -27.352  -50.150  -13.867 0.6000000238
21739  -27.882  -49.138  -13.817 0.6000000238
31872  -30.199  -35.473  -17.487 0.8999999762
30309  -30.670  -37.118  -16.341 0.8000000119
99364  -29.429  -34.552  -18.269 0.8000000119
20122  -26.504  -51.463  -13.901 0.5000000000
34116  -28.612  -32.499  -18.430 0.8000000119
31885  -29.197  -34.883  -18.820 0.6999999881
20109  -25.875  -51.511  -13.152 0.4000000060
36395  -32.860  -29.430  -19.384 0.8000000119
35573  -32.174  -30.230  -19.079 0.8000000119
34832  -31.269  -31.042  -19.011 0.8000000119
34831  -29.081  -31.876  -19.479 0.8000000119
33379  -28.493  -33.053  -19.349 0.6999999881
88182  -33.661  -29.624  -19.788 0.8000000119
34818  -30.325  -31.702  -19.193 0.8000000119
33389  -28.505  -32.779  -19.647 0.6999999881
95240  -29.823  -31.140  -19.252 0.8000000119
37171  -33.120  -28.184  -20.683 0.8000000119
36393  -30.742  -29.385  -19.200 0.8000000119
92056  -33.369  -29.694  -23.321 0.6000000238
88187  -33.578  -29.318  -21.943 0.6000000238
88184  -33.616  -30.801  -24.794 0.5000000000
110629  -30.306  -42.924  -14.442 0.6000000238
28266  -30.597  -40.575  -15.103 0.6999999881
25480  -29.656  -44.904  -14.642 0.6000000238
28953  -31.136  -39.343  -14.127 0.6999999881
28962  -30.940  -38.968  -15.091 0.6999999881
24779  -29.466  -45.647  -14.187 0.6000000238
26198  -30.232  -43.555  -14.166 0.6000000238
26891  -30.463  -42.707  -13.825 0.6000000238
24767  -29.456  -45.578  -13.415 0.6000000238
29626  -30.901  -38.164  -15.347 0.8000000119
22508  -28.177  -48.395  -13.825 0.6000000238
24028  -29.128  -46.221  -13.715 0.6000000238
30283  -31.176  -37.564  -14.779 0.6999999881
21738  -27.472  -49.604  -13.523 0.5000000000
31103  -30.842  -36.605  -15.870 0.8000000119
20910  -26.959  -50.178  -13.271 0.3000000119
31873  -30.257  -34.818  -16.969 0.8000000119
106195  -30.737  -35.785  -16.331 0.8000000119
33368  -29.434  -33.447  -17.421 0.8000000119
32588  -30.035  -34.096  -16.897 0.8000000119
35559  -27.668  -30.739  -18.643 0.8000000119
36394  -31.861  -29.397  -19.175 0.8000000119
34830  -28.118  -31.665  -20.073 0.8000000119
34817  -27.450  -31.723  -19.614 0.8000000119
107837  -28.774  -30.903  -19.431 0.8000000119
35571  -29.789  -30.199  -19.222 0.8000000119
88186  -33.324  -28.330  -21.750 0.6999999881
88192  -33.203  -29.225  -24.631 0.6000000238
34867  -35.193  -31.257  -25.585 0.3000000119
27583  -30.558  -41.771  -14.110 0.6000000238
28256  -30.840  -40.307  -14.233 0.6999999881
99745  -31.461  -37.736  -13.997 0.6999999881
94522  -27.042  -46.569  -12.106 0.5000000000
25466  -29.768  -45.003  -13.822 0.6000000238
26185  -30.386  -43.436  -13.197 0.6000000238
31081  -31.450  -36.898  -14.283 0.6999999881
22490  -27.892  -48.068  -13.111 0.5000000000
24018  -28.625  -46.711  -13.292 0.5000000000
25467  -30.080  -44.315  -13.372 0.6000000238
110133  -31.435  -36.264  -14.673 0.6999999881
21723  -26.578  -49.200  -12.382 0.3000000119
22507  -27.634  -48.888  -13.273 0.5000000000
31093  -31.111  -36.789  -15.056 0.8000000119
31862  -31.714  -34.801  -15.195 0.8000000119
101060  -31.160  -36.063  -15.390 0.8000000119
34106  -29.568  -32.822  -16.836 0.8999999762
33369  -30.802  -33.666  -15.955 0.8999999762
32575  -30.944  -34.483  -15.884 0.8000000119
31861  -31.093  -35.265  -15.706 0.8000000119
20110  -26.408  -50.833  -13.171 0.4000000060
34801  -28.387  -31.401  -17.982 0.8999999762
110020  -29.051  -32.543  -17.410 0.8999999762
34107  -30.351  -33.093  -16.270 0.8999999762
93913  -32.386  -28.573  -19.492 0.8000000119
35570  -27.704  -31.172  -20.017 0.8000000119
34829  -27.532  -31.848  -20.020 0.8000000119
37161  -33.193  -28.740  -19.893 0.8000000119
91640  -32.913  -28.591  -23.498 0.6000000238
88208  -34.366  -29.355  -25.325 0.6000000238
88211  -34.218  -30.027  -25.547 0.6000000238
27574  -30.733  -41.030  -13.491 0.6000000238
28237  -30.951  -40.076  -13.323 0.6000000238
28942  -31.219  -39.247  -13.078 0.6999999881
26878  -30.646  -42.008  -13.174 0.6000000238
29612  -31.399  -38.521  -13.626 0.6999999881
30281  -31.727  -37.091  -13.482 0.8000000119
24008  -28.417  -46.500  -12.608 0.6000000238
24019  -28.971  -46.026  -12.966 0.5000000000
25454  -29.807  -44.680  -12.579 0.6000000238
31852  -32.051  -35.122  -14.484 0.8000000119
22489  -27.212  -48.568  -12.609 0.4000000060
21724  -27.066  -49.454  -12.844 0.4000000060
31851  -31.622  -35.603  -14.897 0.8000000119
34095  -30.503  -32.378  -15.794 0.8000000119
32576  -31.798  -34.018  -15.294 0.8000000119
36378  -27.403  -29.634  -17.917 0.8999999762
34802  -29.572  -31.974  -16.443 0.8000000119
99837  -31.221  -32.908  -15.536 0.8000000119
35554  -28.194  -30.537  -17.013 0.8000000119
36392  -29.499  -29.312  -19.303 0.8000000119
109638  -26.636  -28.382  -19.550 0.8000000119
35563  -27.425  -31.043  -19.741 0.6999999881
94742  -31.397  -28.579  -19.312 0.8000000119
36391  -27.202  -29.245  -19.435 0.8000000119
99306  -28.309  -30.123  -19.475 0.8000000119
37158  -30.302  -28.487  -19.325 0.8000000119
37192  -32.643  -27.478  -24.284 0.6999999881
93077  -32.990  -28.144  -24.794 0.6999999881
88203  -34.855  -28.726  -23.218 0.6000000238
88197  -35.307  -29.581  -22.965 0.6000000238
88198  -35.791  -30.071  -21.932 0.6000000238
27559  -30.671  -41.392  -12.575 0.6000000238
30277  -31.658  -37.453  -12.577 0.8000000119
100378  -31.595  -37.870  -13.292 0.6999999881
26159  -28.441  -43.856  -11.314 0.5000000000
25441  -29.767  -44.213  -12.001 0.5000000000
31082  -31.891  -35.974  -13.873 0.8000000119
24758  -28.753  -45.712  -12.154 0.5000000000
24759  -29.385  -45.376  -12.665 0.5000000000
98235  -32.447  -35.606  -12.842 0.8000000119
32546  -32.810  -34.838  -12.716 0.8000000119
24007  -27.964  -46.359  -11.972 0.5000000000
32554  -32.497  -34.848  -13.665 0.8000000119
32567  -32.789  -33.868  -14.083 0.8000000119
32566  -32.306  -34.367  -14.692 0.8000000119
33348  -32.541  -33.522  -14.920 0.8000000119
108443  -29.175  -30.563  -16.220 0.8000000119
33358  -31.961  -33.263  -15.207 0.8000000119
37157  -28.998  -28.351  -19.363 0.8000000119
36377  -26.376  -28.488  -18.588 0.8000000119
36382  -26.441  -28.303  -19.511 0.8999999762
37160  -32.423  -27.767  -20.054 0.8000000119
94173  -30.829  -27.793  -19.431 0.8000000119
37941  -32.529  -27.607  -22.959 0.6999999881
102223  -32.306  -26.723  -22.529 0.6999999881
93893  -33.642  -27.623  -25.013 0.6999999881
38677  -32.429  -25.859  -24.114 0.6999999881
37955  -32.688  -26.656  -24.729 0.6999999881
37942  -33.948  -26.895  -23.820 0.6999999881
91549  -34.402  -27.822  -23.463 0.6999999881
95862  -31.169  -38.152  -11.249 0.8000000119
28221  -30.920  -39.903  -12.380 0.6000000238
29591  -31.103  -38.639  -11.847 0.6000000238
93514  -31.319  -37.998  -11.997 0.8000000119
28893  -28.943  -39.838  -9.340 0.6000000238
27519  -28.963  -41.028  -10.530 0.5000000000
27541  -30.542  -41.514  -11.875 0.6000000238
28203  -30.666  -40.099  -11.572 0.6000000238
88032  -27.574  -40.164  -9.302 0.6000000238
29572  -29.427  -38.957  -8.992 0.6000000238
29573  -30.274  -38.713  -9.209 0.6000000238
27529  -29.483  -41.196  -10.828 0.5000000000
26854  -30.247  -42.094  -11.605 0.5000000000
31046  -28.614  -36.247  -8.475 0.5000000000
100888  -28.746  -37.278  -8.414 0.5000000000
99967  -29.658  -37.436  -8.844 0.6000000238
30259  -29.959  -38.270  -9.103 0.6000000238
26838  -29.835  -41.682  -11.164 0.5000000000
32555  -33.097  -34.138  -13.092 0.8000000119
32535  -29.668  -35.401  -8.175 0.5000000000
31810  -28.076  -35.118  -8.876 0.4000000060
24744  -29.301  -44.916  -12.076 0.5000000000
33331  -33.332  -33.193  -13.604 0.6999999881
34096  -32.039  -32.557  -15.109 0.8000000119
33349  -33.044  -33.149  -14.583 0.6999999881
109218  -27.897  -29.523  -16.716 0.8000000119
35556  -29.718  -31.042  -15.867 0.8000000119
34097  -32.800  -32.701  -14.944 0.8000000119
109753  -31.352  -32.330  -15.272 0.8000000119
35548  -31.158  -31.061  -14.800 0.8000000119
37909  -31.235  -26.582  -20.026 0.8999999762
37907  -29.724  -27.266  -19.338 0.8999999762
37147  -26.026  -27.716  -19.580 0.8000000119
37142  -26.955  -28.604  -17.165 0.8000000119
37156  -27.361  -28.301  -19.511 1.0000000000
37146  -25.411  -27.341  -19.064 0.8000000119
37927  -32.202  -26.471  -21.528 0.8000000119
98634  -31.788  -25.560  -23.130 0.6999999881
30267  -31.163  -37.685  -10.543 0.8000000119
30273  -31.488  -37.381  -11.491 0.8000000119
31067  -31.801  -36.671  -11.382 0.8000000119
109743  -30.913  -38.289  -10.585 0.6000000238
29580  -30.904  -38.800  -11.086 0.6000000238
107024  -32.122  -36.032  -11.901 0.8000000119
31834  -32.403  -35.579  -11.187 0.8000000119
31050  -29.227  -36.594  -8.209 0.5000000000
30260  -30.758  -38.016  -9.346 0.6000000238
28895  -30.588  -38.751  -10.393 0.6000000238
94342  -32.602  -35.176  -11.939 0.8000000119
32547  -33.104  -34.309  -11.949 0.6999999881
31819  -30.078  -35.853  -8.809 0.5000000000
94065  -30.431  -38.659  -9.791 0.6000000238
28902  -30.608  -39.448  -10.967 0.6000000238
32526  -28.655  -34.967  -8.044 0.4000000060
32527  -29.938  -34.791  -8.004 0.4000000060
31811  -31.066  -35.222  -8.901 0.4000000060
33306  -29.592  -33.935  -7.423 0.4000000060
31052  -31.487  -36.758  -8.966 0.4000000060
33296  -30.575  -33.224  -7.509 0.4000000060
32528  -32.102  -35.118  -8.315 0.5000000000
34091  -33.288  -32.505  -14.374 0.6999999881
33297  -31.873  -33.460  -7.863 0.5000000000
33308  -32.141  -34.812  -7.152 0.5000000000
35547  -30.409  -30.741  -15.279 0.8000000119
34794  -31.784  -31.857  -14.964 0.8000000119
34787  -33.162  -31.773  -14.665 0.8000000119
34795  -32.583  -32.063  -14.939 0.8000000119
37908  -30.592  -26.789  -19.506 0.8000000119
37906  -28.274  -27.331  -19.257 1.0000000000
37895  -25.806  -26.444  -18.918 0.8000000119
37877  -26.208  -26.595  -17.289 0.8000000119
37137  -25.819  -27.361  -17.844 0.8000000119
95007  -28.834  -29.783  -16.117 0.8000000119
35546  -29.871  -30.082  -15.548 0.8000000119
37898  -29.812  -26.077  -19.189 1.0000000000
100670  -28.261  -28.630  -16.076 0.8000000119
37916  -32.051  -26.864  -20.566 0.8000000119
38643  -28.068  -25.865  -18.345 0.8000000119
105443  -27.108  -27.559  -16.604 0.8000000119
38667  -31.449  -25.354  -21.920 0.8999999762
39399  -32.527  -25.608  -24.068 0.6999999881
38678  -33.273  -26.093  -24.161 0.6999999881
90867  -33.987  -25.981  -23.027 0.6999999881
91448  -34.430  -27.178  -22.522 0.6999999881
92453  -34.838  -28.162  -22.106 0.6999999881
92252  -35.526  -29.321  -20.375 0.6999999881
104154  -34.831  -27.479  -21.481 0.6999999881
35582  -37.406  -30.022  -20.385 0.6000000238
88193  -35.801  -29.899  -20.866 0.6000000238
31062  -31.550  -36.909  -10.460 0.8000000119
31068  -32.015  -36.203  -10.827 0.8000000119
30255  -31.236  -37.672  -8.612 0.5000000000
30261  -31.240  -37.313  -9.679 0.8000000119
31054  -31.554  -36.910  -9.285 0.8000000119
31063  -31.896  -36.425  -9.585 0.8000000119
31051  -30.236  -36.767  -9.038 0.5000000000
31821  -32.472  -37.399  -7.767 0.5000000000
31820  -31.810  -36.114  -8.891 0.5000000000
31053  -32.137  -37.394  -8.522 0.6999999881
111073  -30.821  -38.013  -9.811 0.6999999881
32538  -32.856  -34.937  -10.865 0.6999999881
98993  -33.504  -33.579  -11.596 0.6999999881
33324  -33.469  -33.451  -12.468 0.6999999881
34074  -33.752  -32.644  -12.850 0.6999999881
34075  -33.964  -31.930  -13.256 0.6999999881
34744  -30.622  -31.540  -7.327 0.4000000060
34040  -31.249  -32.499  -7.467 0.4000000060
34776  -33.620  -31.812  -14.027 0.6999999881
96571  -30.812  -30.106  -14.877 0.8000000119
36367  -30.500  -29.222  -15.268 0.8000000119
36369  -32.316  -29.264  -14.666 0.6999999881
38628  -27.109  -25.521  -17.987 0.8000000119
36366  -29.534  -29.077  -15.662 0.8000000119
38650  -30.542  -25.298  -20.383 0.8999999762
38657  -31.442  -25.861  -20.882 0.8999999762
96607  -30.424  -25.793  -19.470 0.8999999762
38644  -29.432  -25.779  -18.415 0.8000000119
38613  -28.077  -26.155  -17.021 0.8000000119
40110  -31.546  -23.948  -22.892 0.8999999762
39367  -30.518  -24.408  -20.848 0.8000000119
39389  -31.783  -24.579  -23.506 0.8999999762
88218  -32.321  -24.105  -23.262 0.8000000119
88188  -36.199  -30.848  -22.083 0.4000000060
91246  -33.207  -24.890  -23.324 0.8000000119
88206  -34.595  -26.354  -21.714 0.6999999881
37172  -38.378  -28.349  -20.509 0.5000000000
31822  -32.876  -36.314  -8.525 0.6999999881
31828  -32.398  -35.729  -10.142 0.8000000119
31814  -33.311  -36.133  -7.711 0.6999999881
109798  -34.198  -34.655  -9.266 0.6999999881
33307  -31.178  -34.212  -8.263 0.4000000060
33309  -32.671  -34.830  -6.834 0.6000000238
31823  -33.648  -35.350  -8.605 0.6999999881
32542  -33.409  -34.123  -10.925 0.6999999881
33321  -33.807  -33.357  -10.859 0.6999999881
100617  -34.095  -32.707  -10.791 0.6999999881
34064  -33.874  -32.721  -11.723 0.6999999881
34041  -32.563  -32.471  -7.178 0.5000000000
97713  -34.269  -31.960  -11.750 0.6999999881
107652  -31.702  -31.644  -7.096 0.4000000060
36299  -30.380  -29.809  -7.390 0.3000000119
35477  -31.178  -30.751  -7.048 0.3000000119
34745  -32.528  -31.348  -7.159 0.5000000000
96463  -33.175  -30.901  -14.546 0.6999999881
34772  -34.303  -31.340  -12.848 0.6999999881
35549  -31.782  -30.174  -14.629 0.6999999881
34788  -33.628  -31.044  -14.218 0.6999999881
35539  -32.811  -30.174  -14.580 0.6999999881
36368  -31.373  -29.257  -14.829 0.6999999881
38629  -28.766  -25.866  -17.638 0.8000000119
37878  -27.489  -26.718  -16.692 0.8000000119
37138  -28.438  -27.474  -15.943 0.8000000119
37123  -29.255  -28.212  -15.708 0.8000000119
37879  -28.845  -26.770  -16.117 0.8000000119
39357  -30.514  -25.102  -19.726 0.8000000119
92089  -31.615  -23.259  -22.468 0.8000000119
88228  -31.234  -23.220  -21.326 0.8000000119
95045  -31.756  -23.718  -23.000 0.8999999762
91672  -33.281  -23.610  -22.326 0.8000000119
88195  -35.188  -26.906  -20.703 0.8000000119
36396  -36.362  -29.679  -19.628 0.6999999881
104883  -36.797  -30.051  -20.124 0.6000000238
106629  -35.574  -27.801  -19.721 0.6999999881
98589  -35.593  -28.862  -19.637 0.6999999881
92722  -37.354  -27.707  -17.989 0.6999999881
33299  -33.073  -34.179  -7.256 0.6000000238
33300  -33.892  -33.376  -7.659 0.6000000238
32530  -33.952  -34.537  -8.012 0.6999999881
33313  -34.737  -34.110  -9.267 0.6999999881
33317  -34.092  -34.071  -10.071 0.6999999881
33298  -32.609  -34.122  -6.541 0.5000000000
31806  -32.756  -35.934  -7.111 0.6000000238
93433  -35.177  -33.250  -9.106 0.6999999881
33318  -34.661  -33.318  -10.038 0.6999999881
106162  -32.536  -34.191  -6.389 0.6000000238
34042  -32.724  -33.183  -6.814 0.5000000000
34043  -33.395  -32.307  -7.121 0.6000000238
99145  -34.175  -32.081  -11.071 0.6999999881
92676  -31.936  -30.474  -6.697 0.4000000060
35465  -32.481  -31.129  -6.619 0.6000000238
35530  -34.380  -30.709  -13.149 0.6999999881
35541  -34.154  -30.321  -13.770 0.6999999881
37044  -31.415  -28.539  -7.246 0.3000000119
35540  -33.548  -30.200  -14.346 0.6999999881
37864  -29.611  -27.475  -15.742 0.8000000119
37865  -30.643  -27.548  -15.627 0.8000000119
37125  -31.059  -28.397  -15.244 0.6999999881
37126  -31.938  -28.417  -14.983 0.6999999881
36357  -33.326  -29.223  -14.537 0.6999999881
38630  -29.970  -25.789  -17.391 0.8000000119
88224  -31.086  -23.907  -19.946 0.8000000119
96738  -30.307  -25.694  -18.729 0.8000000119
110847  -30.219  -25.704  -18.002 0.8000000119
38614  -29.438  -26.220  -16.644 0.8000000119
90377  -32.021  -22.364  -21.901 0.8000000119
39338  -33.374  -25.365  -18.171 0.8000000119
38631  -31.091  -25.716  -17.509 0.8000000119
38633  -33.287  -25.791  -17.352 0.8000000119
38634  -34.208  -25.916  -17.740 0.8000000119
36397  -37.109  -29.600  -19.646 0.6000000238
37163  -37.500  -29.032  -19.049 0.6999999881
88205  -35.974  -27.590  -18.807 0.8000000119
88189  -35.941  -28.505  -18.975 0.6000000238
92441  -37.879  -27.038  -18.243 0.6999999881
39368  -38.348  -25.381  -19.883 0.6000000238
37910  -37.896  -28.052  -18.553 0.6000000238
34058  -35.222  -32.341  -9.427 0.6999999881
34746  -34.114  -31.576  -7.255 0.6000000238
34061  -34.659  -32.316  -10.287 0.6999999881
108190  -34.467  -31.577  -10.685 0.6999999881
34055  -35.366  -31.654  -9.129 0.6999999881
35518  -34.594  -30.823  -10.740 0.6999999881
35478  -33.483  -30.870  -7.078 0.5000000000
36302  -33.897  -29.957  -7.316 0.5000000000
34767  -34.398  -31.436  -11.303 0.6999999881
35521  -34.718  -30.807  -11.695 0.6999999881
104977  -31.528  -27.681  -7.235 0.3000000119
36301  -32.238  -29.440  -7.290 0.4000000060
35526  -35.165  -30.186  -12.107 0.6999999881
109206  -31.487  -27.221  -7.179 0.3000000119
37770  -31.819  -26.694  -7.433 0.3000000119
36345  -34.716  -29.989  -12.983 0.6999999881
36358  -34.093  -29.512  -14.168 0.6999999881
36350  -35.045  -29.187  -13.335 0.6999999881
37880  -30.039  -26.756  -15.965 0.8000000119
99506  -32.781  -28.463  -14.875 0.6999999881
37111  -35.535  -28.551  -12.949 0.6999999881
37117  -34.169  -28.692  -14.489 0.6999999881
37854  -35.712  -27.843  -13.999 0.6999999881
39347  -31.355  -25.298  -18.928 0.8000000119
37118  -35.009  -28.213  -14.507 0.6999999881
38615  -30.552  -26.161  -16.550 0.8000000119
37881  -31.089  -26.778  -15.939 0.8000000119
37882  -32.084  -26.840  -15.963 0.8000000119
37129  -34.969  -27.747  -15.183 0.8000000119
37860  -36.181  -27.085  -14.396 0.6999999881
39348  -32.765  -24.491  -19.177 0.8000000119
38616  -32.493  -26.041  -16.737 0.8000000119
38617  -33.824  -26.570  -16.772 0.8000000119
37870  -35.258  -27.313  -15.705 0.8000000119
91489  -32.563  -22.717  -20.479 0.8000000119
88219  -34.209  -23.218  -19.409 0.8000000119
38632  -32.419  -25.523  -17.966 0.8000000119
37885  -34.653  -27.159  -16.366 0.8000000119
91681  -33.995  -23.656  -20.525 0.8000000119
88215  -34.105  -24.755  -18.764 0.8000000119
38618  -34.845  -26.761  -17.108 0.8000000119
39322  -36.523  -25.796  -16.004 0.8000000119
103255  -35.169  -23.313  -19.728 0.8000000119
39330  -35.626  -26.436  -17.010 0.8000000119
90785  -35.306  -24.631  -20.040 0.8000000119
37929  -38.781  -27.591  -20.896 0.5000000000
110809  -37.713  -28.606  -18.710 0.6000000238
88212  -36.646  -26.731  -17.824 0.8000000119
88216  -36.454  -27.350  -18.135 0.8000000119
38658  -38.559  -26.891  -20.472 0.6000000238
40101  -38.750  -24.592  -21.231 0.6000000238
40090  -38.519  -24.818  -20.449 0.6000000238
101560  -38.410  -26.148  -20.124 0.6000000238
34044  -34.538  -32.359  -7.686 0.6999999881
100137  -34.862  -33.090  -8.305 0.6999999881
34760  -35.379  -31.226  -8.525 0.6999999881
34761  -35.323  -30.902  -9.280 0.6999999881
34764  -34.952  -31.454  -9.928 0.6999999881
35479  -34.602  -30.762  -7.463 0.5000000000
35501  -35.486  -30.371  -8.675 0.6999999881
101339  -32.261  -28.305  -7.441 0.4000000060
37755  -33.275  -27.713  -7.598 0.4000000060
99016  -33.325  -28.970  -7.454 0.5000000000
35522  -34.907  -30.129  -11.234 0.6999999881
38522  -32.285  -26.166  -8.064 0.3000000119
37771  -32.859  -26.644  -7.832 0.3000000119
37045  -34.180  -28.337  -7.529 0.5000000000
99309  -35.312  -28.814  -10.587 0.6999999881
97704  -35.456  -29.510  -11.672 0.6999999881
38521  -31.449  -26.320  -8.024 0.3000000119
98207  -32.589  -25.598  -8.455 0.3000000119
37094  -36.008  -28.142  -11.532 0.6999999881
39966  -31.742  -24.643  -9.592 0.3000000119
38590  -36.490  -26.650  -12.277 0.6999999881
37867  -32.587  -27.704  -15.379 0.8000000119
37127  -33.526  -28.278  -14.854 0.6999999881
108039  -35.579  -28.200  -13.485 0.6999999881
109912  -33.091  -28.004  -15.098 0.6999999881
37859  -35.595  -27.500  -14.888 0.6999999881
39310  -36.708  -25.849  -13.666 0.6999999881
98024  -31.483  -26.176  -16.452 0.8000000119
37868  -33.559  -27.666  -15.437 0.6999999881
39316  -37.164  -25.037  -14.824 0.8000000119
38619  -35.453  -26.837  -16.394 0.8000000119
40050  -37.415  -24.360  -15.331 0.8000000119
104011  -34.787  -23.885  -19.172 0.8000000119
103654  -35.054  -25.299  -19.125 0.8000000119
39332  -36.781  -25.137  -16.560 0.8000000119
40802  -37.612  -23.616  -15.907 0.8000000119
88213  -35.690  -26.409  -18.132 0.8000000119
39339  -35.192  -26.471  -17.711 0.8000000119
100840  -37.041  -24.546  -17.050 0.8000000119
41552  -37.942  -22.062  -16.362 0.8000000119
88222  -38.215  -25.179  -18.974 0.8000000119
34747  -35.003  -31.483  -7.789 0.6000000238
35500  -35.263  -30.624  -8.013 0.6000000238
37754  -32.015  -27.289  -7.423 0.3000000119
105647  -33.012  -29.679  -7.329 0.5000000000
36317  -35.410  -29.915  -8.253 0.6000000238
99079  -34.562  -29.100  -7.586 0.5000000000
36304  -35.371  -29.083  -8.121 0.6999999881
36335  -35.568  -29.397  -8.822 0.6999999881
37074  -35.635  -28.607  -9.233 0.6999999881
37046  -34.999  -28.299  -7.727 0.6000000238
99937  -35.762  -27.811  -8.494 0.6999999881
96793  -35.127  -28.289  -10.043 0.6999999881
39224  -33.130  -25.652  -7.939 0.3000000119
98152  -35.964  -26.959  -8.622 0.6999999881
39245  -30.961  -24.842  -9.696 0.3000000119
110735  -32.432  -21.824  -10.402 0.3000000119
37808  -35.626  -27.578  -10.234 0.6999999881
37086  -35.743  -28.232  -10.772 0.6999999881
110243  -29.988  -20.920  -10.736 0.3000000119
102665  -30.561  -21.095  -10.261 0.3000000119
88539  -31.159  -21.616  -10.372 0.3000000119
104057  -31.688  -21.284  -9.929 0.3000000119
102701  -28.255  -19.181  -9.504 0.3000000119
37842  -36.246  -27.296  -12.729 0.6999999881
38596  -36.471  -26.604  -13.141 0.6999999881
107232  -36.853  -25.578  -14.405 0.8000000119
41547  -37.865  -22.650  -15.528 0.8000000119
90886  -34.810  -25.632  -18.450 0.8000000119
39340  -36.090  -26.244  -17.398 0.8000000119
109439  -37.098  -24.766  -17.338 0.8000000119
41559  -37.757  -22.923  -17.257 0.8000000119
98316  -37.827  -22.265  -17.174 0.8000000119
41551  -37.751  -22.867  -16.528 0.8000000119
41560  -38.343  -22.568  -17.961 0.8000000119
88217  -37.738  -25.879  -18.166 0.8000000119
91908  -37.996  -22.977  -20.064 0.6999999881
88229  -38.339  -23.853  -19.893 0.6000000238
38508  -35.495  -26.402  -7.992 0.6000000238
37787  -35.882  -27.838  -9.232 0.6999999881
40715  -32.901  -23.839  -9.853 0.4000000060
39227  -35.405  -25.625  -8.318 0.6000000238
38534  -36.011  -26.084  -9.005 0.6999999881
38557  -35.754  -26.877  -9.717 0.6999999881
39997  -34.127  -23.606  -10.280 0.4000000060
38535  -35.688  -26.033  -10.000 0.6999999881
38558  -36.000  -26.777  -10.518 0.6999999881
104245  -31.030  -20.529  -8.085 0.3000000119
109622  -34.097  -22.854  -10.652 0.4000000060
39971  -35.392  -24.236  -10.361 0.6000000238
110460  -36.120  -25.096  -10.873 0.6999999881
37823  -36.342  -27.415  -11.863 0.6999999881
40766  -36.386  -23.635  -11.792 0.6999999881
39303  -36.610  -25.868  -12.732 0.6999999881
40033  -36.878  -24.242  -12.868 0.6999999881
37869  -34.452  -27.542  -15.652 0.8000000119
108473  -36.123  -26.654  -15.443 0.8000000119
40045  -37.353  -24.295  -14.455 0.8000000119
40059  -37.273  -24.430  -16.251 0.8000000119
105325  -38.105  -21.235  -15.122 0.8000000119
40812  -37.445  -23.683  -16.947 0.8000000119
100613  -38.344  -20.939  -16.977 0.8000000119
109324  -38.464  -23.686  -18.698 0.8000000119
40064  -37.554  -24.273  -17.608 0.8000000119
42298  -38.562  -21.152  -17.780 0.8000000119
88237  -38.208  -21.214  -18.727 0.8000000119
94274  -38.424  -24.164  -20.567 0.6000000238
88220  -38.412  -24.215  -18.978 0.8000000119
88240  -37.856  -22.591  -20.701 0.6000000238
105541  -34.412  -21.063  -21.665 0.6999999881
38507  -34.793  -26.573  -7.624 0.6000000238
39206  -34.985  -25.773  -7.706 0.6000000238
111086  -35.802  -26.258  -8.437 0.6000000238
100387  -33.063  -21.499  -10.567 0.3000000119
39250  -35.512  -25.383  -9.351 0.6000000238
103585  -31.916  -20.838  -8.963 0.3000000119
92434  -33.581  -21.410  -10.882 0.3000000119
39970  -34.694  -24.202  -10.056 0.5000000000
42209  -34.498  -21.377  -9.561 0.3000000119
94165  -33.782  -21.202  -11.015 0.5000000000
39998  -35.935  -24.395  -10.953 0.6999999881
103631  -29.423  -18.856  -8.474 0.3000000119
103633  -31.703  -19.781  -7.430 0.3000000119
42195  -34.768  -20.948  -11.328 0.4000000060
100904  -36.241  -24.214  -11.553 0.6999999881
103599  -28.798  -17.490  -8.556 0.3000000119
41524  -37.068  -22.605  -12.554 0.6000000238
42247  -37.043  -21.628  -12.249 0.6000000238
41536  -37.482  -22.689  -13.532 0.8000000119
40782  -37.167  -23.487  -13.167 0.6999999881
40793  -37.446  -23.509  -14.037 0.8000000119
101027  -37.476  -21.814  -13.057 0.6999999881
40798  -37.654  -23.556  -14.944 0.8000000119
95850  -37.723  -22.720  -14.472 0.8000000119
42281  -38.098  -21.178  -14.380 0.6999999881
42264  -37.857  -21.056  -13.490 0.6999999881
43005  -37.870  -20.090  -13.044 0.6999999881
41548  -38.038  -21.686  -15.659 0.8000000119
41545  -37.949  -21.910  -14.863 0.8000000119
106471  -38.334  -19.559  -14.503 0.6999999881
43006  -38.271  -20.327  -13.963 0.6999999881
42285  -38.144  -21.267  -16.354 0.8000000119
42282  -38.185  -20.883  -15.696 0.8000000119
93303  -38.344  -19.542  -15.294 0.6999999881
39349  -37.255  -25.069  -17.698 0.8000000119
40831  -38.413  -23.250  -18.443 0.8000000119
42290  -38.067  -21.588  -17.068 0.8000000119
96759  -38.421  -19.550  -16.055 0.8000000119
93399  -38.440  -22.611  -18.752 0.8000000119
43065  -38.475  -20.319  -18.252 0.8000000119
43057  -38.539  -20.338  -17.306 0.8000000119
93721  -37.948  -24.746  -18.280 0.8000000119
88235  -36.763  -21.709  -19.638 0.8000000119
43881  -37.972  -19.598  -18.489 0.8000000119
92145  -38.440  -23.345  -19.167 0.8000000119
88230  -38.157  -22.730  -19.399 0.8000000119
88238  -34.171  -20.066  -21.255 0.6999999881
43924  -36.155  -19.469  -21.832 0.6000000238
88226  -37.212  -22.383  -19.925 0.8000000119
88233  -34.847  -20.892  -21.611 0.6999999881
88239  -33.768  -20.418  -21.471 0.6999999881
39949  -35.036  -23.595  -10.579 0.5000000000
40718  -35.464  -23.475  -10.953 0.5000000000
43799  -32.535  -19.761  -8.227 0.3000000119
42194  -33.964  -20.444  -10.866 0.4000000060
41462  -34.823  -21.999  -11.293 0.5000000000
100081  -35.660  -22.901  -11.276 0.6000000238
43793  -32.380  -19.515  -6.783 0.3000000119
41486  -35.356  -21.969  -11.343 0.5000000000
96820  -36.059  -22.421  -11.441 0.6000000238
91155  -32.231  -18.236  -7.343 0.3000000119
44520  -33.521  -19.082  -8.171 0.3000000119
42211  -35.298  -20.987  -11.393 0.6000000238
42229  -35.957  -21.586  -11.426 0.6000000238
90501  -29.767  -17.572  -8.560 0.3000000119
45235  -31.461  -16.768  -8.512 0.3000000119
44521  -34.230  -18.533  -8.875 0.3000000119
103276  -30.540  -16.999  -8.591 0.3000000119
42995  -36.870  -20.861  -11.937 0.6000000238
103275  -28.583  -15.811  -8.776 0.3000000119
42263  -37.470  -20.957  -12.633 0.6999999881
99947  -38.399  -18.995  -17.195 0.8000000119
97840  -38.336  -18.753  -15.661 0.6999999881
98068  -38.459  -18.847  -16.488 0.6999999881
44591  -38.020  -18.969  -18.069 0.8000000119
98739  -38.078  -18.426  -18.162 0.6999999881
88225  -37.076  -20.343  -19.143 0.8000000119
108807  -35.902  -19.057  -19.375 0.6999999881
43880  -36.896  -19.315  -18.982 0.8000000119
45296  -37.895  -17.744  -18.796 0.6000000238
107058  -37.445  -19.715  -22.259 0.6000000238
92105  -35.553  -20.435  -20.635 0.6999999881
43888  -34.141  -19.818  -20.627 0.6999999881
44597  -35.299  -19.746  -19.507 0.6999999881
107032  -33.910  -20.581  -21.743 0.6999999881
44623  -35.281  -18.980  -21.665 0.6999999881
43903  -33.656  -20.150  -20.861 0.6999999881
47416  -31.448  -15.233  -22.023 0.5000000000
47415  -30.413  -14.842  -22.218 0.5000000000
42970  -35.345  -20.226  -11.234 0.6000000238
42982  -36.048  -20.767  -11.464 0.6000000238
43807  -36.184  -19.606  -11.266 0.6000000238
43808  -37.192  -19.451  -11.717 0.6000000238
43819  -37.824  -19.393  -12.322 0.6999999881
43826  -38.246  -19.411  -13.707 0.6999999881
91093  -27.034  -14.776  -10.811 0.3000000119
43837  -38.199  -18.769  -14.910 0.6999999881
44546  -38.051  -19.208  -13.053 0.6999999881
44554  -37.988  -18.142  -14.443 0.6999999881
44590  -37.288  -18.738  -18.808 0.6999999881
45277  -38.683  -17.616  -16.936 0.6999999881
97539  -38.421  -18.022  -16.070 0.6000000238
105465  -38.398  -18.432  -17.204 0.6999999881
105347  -36.802  -18.133  -19.404 0.6999999881
45304  -37.409  -17.143  -19.602 0.6000000238
45303  -35.619  -18.413  -19.912 0.6999999881
45332  -35.861  -17.956  -22.150 0.6000000238
44624  -36.462  -18.561  -22.200 0.5000000000
44616  -34.512  -19.584  -21.197 0.6999999881
104677  -34.661  -16.807  -21.903 0.6999999881
46035  -34.146  -16.739  -22.406 0.6999999881
46734  -32.857  -16.252  -22.813 0.6000000238
43801  -35.417  -19.636  -10.851 0.5000000000
44526  -35.780  -18.094  -10.154 0.4000000060
44527  -36.026  -18.836  -10.672 0.5000000000
44531  -36.901  -18.578  -11.306 0.6000000238
100256  -36.463  -18.067  -10.635 0.5000000000
45247  -38.616  -17.909  -11.945 0.6000000238
91675  -27.377  -14.084  -11.113 0.3000000119
102667  -27.658  -14.201  -10.366 0.3000000119
44547  -38.133  -18.493  -13.591 0.6999999881
45264  -37.974  -17.452  -14.663 0.6000000238
45255  -37.969  -17.461  -13.823 0.6000000238
44565  -38.079  -18.007  -15.185 0.6000000238
95316  -38.644  -17.299  -16.113 0.6000000238
45288  -38.501  -17.785  -17.891 0.6000000238
45316  -36.351  -17.644  -19.853 0.6999999881
99334  -36.608  -16.204  -20.296 0.6000000238
101977  -35.251  -16.721  -21.356 0.6999999881
46044  -34.593  -16.918  -22.349 0.6999999881
96267  -35.609  -17.439  -22.377 0.6000000238
46747  -35.329  -15.976  -23.202 0.5000000000
46736  -34.330  -16.706  -22.832 0.6000000238
46053  -35.155  -16.744  -22.754 0.6000000238
47436  -33.931  -15.479  -23.441 0.5000000000
105354  -33.541  -16.316  -22.227 0.6000000238
46745  -33.198  -16.256  -23.112 0.5000000000
46732  -31.347  -15.710  -23.213 0.5000000000
47434  -31.650  -15.454  -23.589 0.5000000000
47432  -29.957  -14.785  -22.748 0.5000000000
48165  -29.800  -14.314  -22.275 0.5000000000
45238  -36.328  -17.278  -10.261 0.4000000060
46623  -32.935  -15.688  -8.514 0.4000000060
100892  -37.752  -17.962  -11.522 0.6000000238
108646  -28.601  -13.434  -10.666 0.3000000119
47329  -29.211  -13.198  -10.823 0.3000000119
46629  -31.095  -14.084  -8.652 0.3000000119
45248  -38.520  -17.296  -12.840 0.6000000238
47348  -30.434  -12.924  -11.515 0.3000000119
45976  -38.134  -16.737  -14.416 0.6000000238
45989  -39.046  -16.793  -16.749 0.5000000000
109057  -38.440  -16.654  -14.986 0.6000000238
46017  -38.320  -16.737  -19.042 0.6000000238
46009  -38.926  -16.379  -18.375 0.6000000238
46016  -38.044  -16.215  -19.575 0.6000000238
106651  -37.250  -16.436  -19.917 0.6000000238
106778  -38.426  -15.355  -19.542 0.6000000238
46714  -36.848  -15.332  -20.312 0.6000000238
46723  -32.575  -15.774  -22.162 0.5000000000
46733  -31.876  -15.749  -22.771 0.5000000000
48166  -30.549  -13.898  -21.755 0.5000000000
45236  -34.592  -16.978  -9.430 0.4000000060
45237  -35.407  -17.172  -9.916 0.4000000060
45242  -36.978  -17.430  -11.134 0.5000000000
45947  -35.086  -16.303  -9.493 0.4000000060
45243  -37.903  -17.215  -11.630 0.4000000060
99403  -29.949  -13.202  -9.658 0.3000000119
47330  -30.906  -12.823  -10.168 0.3000000119
46640  -30.977  -12.886  -8.922 0.4000000060
47319  -31.764  -12.654  -10.176 0.3000000119
46641  -32.150  -12.850  -9.052 0.4000000060
45969  -38.415  -16.701  -13.416 0.6000000238
45980  -38.844  -16.556  -15.680 0.5000000000
45990  -39.361  -15.968  -16.502 0.5000000000
46693  -38.775  -15.859  -19.020 0.6000000238
46679  -39.596  -15.153  -16.374 0.5000000000
46700  -37.549  -15.712  -19.949 0.6000000238
47394  -37.789  -14.860  -19.920 0.6000000238
47419  -35.264  -15.175  -21.156 0.6000000238
93624  -35.891  -14.301  -20.637 0.6000000238
96354  -34.311  -15.332  -21.420 0.5000000000
110465  -33.407  -15.344  -21.582 0.5000000000
47417  -32.724  -14.594  -21.353 0.5000000000
48167  -31.677  -14.104  -21.432 0.5000000000
48873  -29.737  -13.442  -22.247 0.5000000000
45949  -36.732  -16.502  -10.656 0.4000000060
45948  -35.878  -16.389  -10.102 0.4000000060
45956  -37.290  -16.642  -11.321 0.4000000060
46646  -37.965  -16.353  -11.871 0.4000000060
45249  -38.721  -16.586  -12.491 0.4000000060
48062  -31.272  -12.982  -11.254 0.3000000119
94809  -38.538  -16.028  -13.849 0.4000000060
100312  -38.985  -16.159  -12.917 0.5000000000
48077  -31.247  -12.957  -12.394 0.3000000119
46672  -39.263  -15.597  -15.589 0.4000000060
46687  -39.751  -15.256  -17.758 0.5000000000
47368  -39.801  -14.466  -16.439 0.4000000060
47395  -38.636  -14.522  -19.437 0.6000000238
46694  -39.421  -15.609  -18.408 0.5000000000
98577  -39.875  -14.819  -17.119 0.5000000000
47408  -36.853  -14.322  -20.135 0.6000000238
47396  -39.268  -14.228  -18.984 0.5000000000
47418  -33.941  -14.383  -21.036 0.5000000000
47407  -35.013  -14.310  -20.919 0.6000000238
48147  -37.917  -13.961  -19.697 0.6000000238
48157  -35.493  -13.611  -20.528 0.6000000238
48168  -32.554  -13.477  -21.014 0.5000000000
48884  -30.003  -12.253  -22.493 0.5000000000
49485  -30.008  -11.352  -14.904 0.3000000119
49480  -31.286  -11.211  -13.481 0.4000000060
49470  -32.210  -10.960  -13.076 0.4000000060
94680  -37.081  -13.269  -19.756 0.5000000000
100189  -30.277  -9.845  -14.669 0.4000000060
48158  -36.218  -13.448  -20.203 0.5000000000
48132  -38.889  -12.805  -18.966 0.5000000000
48842  -39.652  -12.513  -18.499 0.5000000000
48867  -35.485  -12.843  -20.283 0.5000000000
48856  -37.233  -12.334  -19.495 0.5000000000
48169  -33.465  -13.498  -20.794 0.5000000000
48877  -33.910  -12.729  -20.565 0.6000000238
49575  -30.345  -11.287  -22.743 0.5000000000
48875  -31.769  -12.720  -21.343 0.6000000238
49566  -32.766  -11.494  -21.129 0.5000000000
49565  -31.813  -11.507  -21.708 0.6000000238
49576  -31.091  -10.840  -22.530 0.4000000060
50140  -31.727  -10.541  -13.770 0.4000000060
49462  -33.072  -11.113  -12.157 0.4000000060
49556  -35.497  -11.913  -20.178 0.5000000000
48866  -34.670  -12.366  -20.412 0.5000000000
109459  -36.070  -11.829  -19.930 0.5000000000
48876  -33.050  -12.612  -20.803 0.5000000000
48865  -33.788  -11.915  -20.585 0.5000000000
50235  -32.966  -10.273  -21.601 0.4000000060
50127  -32.660  -9.720  -12.657 0.4000000060
50867  -30.405  -9.008  -14.702 0.4000000060
48855  -36.301  -12.471  -19.901 0.5000000000
49535  -39.009  -11.890  -18.736 0.4000000060
49555  -34.649  -11.487  -20.503 0.4000000060
49567  -33.771  -10.940  -20.810 0.4000000060
49545  -37.366  -11.366  -19.196 0.4000000060
108342  -35.300  -11.164  -20.438 0.4000000060
50237  -34.747  -9.812  -21.047 0.5000000000
50236  -33.859  -9.967  -21.223 0.4000000060
50911  -35.682  -9.786  -20.905 0.4000000060
50226  -36.214  -10.400  -20.274 0.4000000060
109661  -35.218  -8.638  -22.481 0.4000000060
50224  -34.669  -10.639  -20.719 0.4000000060
50919  -35.960  -9.184  -21.371 0.4000000060
50902  -37.115  -9.692  -19.348 0.4000000060
51570  -36.436  -8.670  -21.877 0.4000000060
51569  -34.986  -8.645  -22.051 0.4000000060
52187  -36.438  -8.262  -22.602 0.4000000060
52190  -36.258  -8.000  -23.226 0.4000000060
50912  -36.648  -9.639  -20.368 0.4000000060
51562  -36.920  -8.999  -20.962 0.4000000060
93037  -37.387  -9.105  -18.878 0.4000000060
94401  -37.509  -8.086  -20.125 0.3000000119
51571  -37.297  -8.327  -20.904 0.4000000060
52188  -37.322  -7.939  -21.801 0.4000000060
52191  -37.252  -7.411  -22.421 0.4000000060
51563  -37.344  -8.853  -19.996 0.3000000119
52174  -37.473  -7.439  -19.724 0.4000000060
52179  -37.532  -7.546  -20.717 0.5000000000
95626  -37.420  -8.273  -19.301 0.4000000060
52169  -37.225  -7.575  -18.715 0.4000000060
92556  -27.680  -34.967  -24.097 0.6999999881
28285  -28.223  -40.740  -18.660 0.6999999881
97320  -27.477  -49.786  -16.052 0.6000000238
96377  -29.465  -42.902  -16.709 0.6999999881
99137  -30.673  -41.038  -14.403 0.6000000238
22474  -26.939  -47.873  -12.341 0.4000000060
28926  -31.099  -39.112  -12.341 0.6000000238
26852  -28.768  -42.844  -11.138 0.5000000000
31076  -32.040  -36.528  -12.819 0.8000000119
31818  -28.874  -35.792  -7.987 0.4000000060
32539  -33.437  -34.692  -9.940 0.6999999881
37124  -30.163  -28.334  -15.507 0.6999999881
38620  -36.055  -26.317  -16.358 0.8000000119
35515  -35.087  -30.002  -9.549 0.6999999881
40040  -36.866  -25.032  -13.124 0.6999999881
40041  -37.146  -24.267  -13.619 0.6999999881
100035  -35.216  -24.773  -9.768 0.6000000238
100306  -36.620  -25.161  -12.341 0.6999999881
40781  -36.776  -23.545  -12.408 0.6000000238
39226  -34.545  -25.125  -7.831 0.6000000238
42189  -34.324  -20.982  -11.227 0.5000000000
44522  -35.336  -19.074  -10.107 0.4000000060
48874  -30.536  -12.860  -21.822 0.5000000000
46644  -37.088  -15.784  -11.243 0.4000000060
49557  -35.975  -11.219  -20.113 0.4000000060
91092  -30.374  -40.130  -20.760 0.5000000000
96714  -28.002  -39.294  -24.041 0.6999999881
30330  -33.467  -37.522  -19.413 0.5000000000
21802  -26.925  -48.899  -17.754 0.5000000000
31129  -32.996  -36.569  -19.328 0.6999999881
105209  -27.360  -40.133  -19.391 0.6999999881
96859  -26.890  -38.703  -19.868 0.6999999881
95433  -27.098  -33.369  -22.247 0.6999999881
31897  -28.978  -34.000  -20.644 0.6999999881
33393  -34.222  -33.403  -19.226 0.6999999881
33410  -34.689  -32.996  -21.457 0.5000000000
88177  -34.514  -31.955  -20.084 0.6000000238
94910  -34.051  -31.140  -21.916 0.5000000000
108446  -34.104  -31.179  -19.459 0.6999999881
24082  -28.269  -46.455  -16.936 0.6000000238
28277  -28.955  -40.433  -18.269 0.8000000119
28985  -28.957  -38.998  -19.149 0.6999999881
34156  -34.136  -31.939  -24.765 0.4000000060
24037  -28.725  -47.017  -14.719 0.6000000238
23284  -28.501  -47.630  -14.262 0.6000000238
29642  -30.430  -38.667  -16.685 0.6999999881
20123  -26.972  -50.743  -13.910 0.5000000000
110043  -33.542  -30.386  -23.247 0.5000000000
28961  -30.770  -39.764  -15.009 0.6999999881
23273  -28.364  -47.498  -13.545 0.6000000238
30292  -30.850  -37.367  -15.582 0.8000000119
32587  -28.864  -33.646  -18.638 0.8000000119
88190  -33.640  -29.958  -25.279 0.6000000238
29616  -31.223  -38.392  -14.502 0.6999999881
104744  -29.741  -45.028  -13.160 0.6000000238
36383  -27.176  -29.674  -19.298 0.8999999762
105736  -28.281  -29.145  -19.420 0.8000000119
92278  -33.671  -28.311  -25.191 0.6000000238
93147  -35.497  -30.829  -24.492 0.4000000060
23248  -26.643  -47.272  -12.362 0.3000000119
23262  -28.144  -47.236  -12.930 0.5000000000
22488  -26.427  -48.528  -12.315 0.4000000060
35555  -28.976  -31.299  -16.734 0.8999999762
37159  -31.601  -27.697  -19.601 0.8000000119
27560  -30.785  -40.630  -12.745 0.6000000238
26173  -30.374  -43.165  -12.399 0.5000000000
23250  -27.884  -46.954  -12.447 0.4000000060
34793  -30.397  -31.497  -15.498 0.8000000119
37957  -33.419  -26.947  -24.785 0.6999999881
92051  -35.360  -29.173  -21.697 0.6000000238
91190  -36.271  -30.543  -21.112 0.4000000060
28202  -30.711  -40.763  -12.071 0.6000000238
25439  -27.710  -44.582  -11.396 0.5000000000
25440  -28.618  -44.862  -11.634 0.5000000000
26161  -30.174  -42.896  -11.792 0.5000000000
94415  -29.156  -44.310  -11.678 0.5000000000
28909  -30.881  -39.342  -11.677 0.6000000238
28187  -28.896  -40.375  -10.072 0.5000000000
27520  -29.472  -40.562  -10.539 0.6000000238
26837  -29.036  -41.855  -10.901 0.5000000000
28188  -29.524  -39.900  -10.154 0.6000000238
98508  -27.944  -43.050  -11.020 0.5000000000
96035  -30.442  -40.837  -11.489 0.5000000000
30258  -29.134  -38.258  -8.599 0.6000000238
28887  -28.498  -39.449  -9.006 0.6000000238
26853  -29.654  -42.503  -11.338 0.5000000000
27530  -30.010  -40.880  -10.997 0.6000000238
28901  -30.161  -39.439  -10.346 0.6000000238
26160  -29.480  -43.498  -11.563 0.5000000000
107007  -30.254  -41.434  -11.435 0.5000000000
37896  -27.439  -26.477  -18.808 0.8999999762
94075  -31.268  -37.179  -9.370 0.6000000238
31812  -32.780  -36.443  -7.810 0.5000000000
102238  -33.601  -32.427  -13.633 0.6999999881
34786  -32.385  -31.176  -14.673 0.6999999881
37897  -28.852  -26.363  -18.931 0.8000000119
88180  -35.774  -29.464  -19.648 0.6999999881
31829  -32.899  -35.298  -9.649 0.6999999881
97046  -32.465  -37.589  -8.271 0.6999999881
31813  -32.647  -36.903  -7.347 0.6000000238
34068  -34.163  -32.027  -12.435 0.6999999881
34777  -34.027  -31.195  -13.585 0.6999999881
103993  -34.166  -24.841  -22.067 0.8000000119
31807  -33.742  -35.403  -7.954 0.6000000238
32531  -34.203  -34.682  -8.592 0.6999999881
32529  -32.808  -35.834  -7.212 0.5000000000
35525  -34.647  -30.746  -12.478 0.6999999881
36300  -31.268  -29.627  -7.164 0.3000000119
103315  -33.330  -22.371  -21.682 0.8999999762
88204  -35.176  -25.091  -20.874 0.8000000119
88221  -34.749  -23.438  -21.079 0.8000000119
36384  -36.874  -29.150  -18.883 0.6000000238
37148  -36.669  -28.452  -18.412 0.6000000238
33310  -34.673  -33.942  -8.537 0.6999999881
34054  -35.231  -32.243  -8.507 0.6999999881
34729  -32.630  -31.945  -6.769 0.5000000000
95608  -32.797  -30.248  -7.124 0.4000000060
37866  -31.590  -27.607  -15.497 0.8000000119
36359  -34.688  -28.958  -13.991 0.6999999881
90718  -35.574  -26.247  -19.851 0.8000000119
36343  -35.173  -29.423  -10.862 0.6999999881
39223  -31.854  -25.879  -8.840 0.3000000119
105802  -34.537  -29.587  -13.660 0.6999999881
36346  -35.337  -29.385  -12.498 0.6999999881
37102  -35.987  -28.003  -12.373 0.6999999881
37855  -36.212  -27.255  -13.567 0.6999999881
37883  -33.113  -27.028  -16.074 0.8000000119
37884  -33.938  -27.246  -16.106 0.8000000119
35514  -34.833  -30.588  -10.009 0.6999999881
36340  -34.873  -29.109  -9.954 0.6999999881
37756  -34.461  -27.521  -7.608 0.5000000000
39204  -33.632  -25.805  -7.766 0.4000000060
37093  -35.634  -28.840  -11.242 0.6999999881
37101  -35.798  -28.795  -12.031 0.6999999881
40713  -31.007  -23.937  -9.858 0.3000000119
39296  -36.522  -25.886  -11.845 0.6999999881
37757  -35.372  -27.420  -7.930 0.6000000238
40743  -33.103  -22.958  -10.329 0.3000000119
37809  -36.168  -27.521  -11.032 0.6999999881
102481  -30.121  -20.992  -8.249 0.3000000119
88227  -36.916  -22.215  -20.425 0.6999999881
39969  -34.098  -24.483  -9.540 0.6000000238
39249  -34.656  -25.069  -9.055 0.6000000238
40744  -33.693  -22.666  -10.587 0.4000000060
39251  -35.737  -25.106  -10.282 0.6999999881
39276  -36.237  -25.817  -10.874 0.6999999881
38578  -36.404  -26.708  -11.381 0.6999999881
40019  -36.348  -25.005  -11.510 0.6999999881
97239  -36.558  -22.904  -11.862 0.6000000238
43027  -38.286  -20.436  -14.943 0.8000000119
43859  -38.512  -19.609  -16.830 0.8000000119
43873  -38.469  -19.581  -17.665 0.8000000119
43092  -36.035  -21.181  -21.347 0.6000000238
92006  -33.552  -21.112  -10.195 0.3000000119
40716  -33.596  -23.786  -10.044 0.5000000000
92343  -33.894  -20.371  -9.388 0.3000000119
41455  -34.406  -22.035  -11.215 0.5000000000
101647  -35.220  -22.699  -11.207 0.5000000000
103179  -31.553  -19.224  -7.048 0.3000000119
42964  -34.790  -20.370  -11.138 0.5000000000
41523  -36.593  -22.088  -11.795 0.6000000238
42280  -37.815  -21.918  -13.949 0.8000000119
42996  -37.362  -20.186  -12.179 0.6000000238
43042  -38.324  -20.174  -15.676 0.6999999881
101466  -35.220  -18.525  -21.544 0.6999999881
43794  -33.218  -19.754  -7.653 0.3000000119
105149  -31.215  -17.893  -8.240 0.3000000119
43795  -34.274  -19.898  -8.520 0.3000000119
90294  -29.580  -16.248  -8.588 0.3000000119
42983  -36.609  -20.193  -11.633 0.6000000238
44610  -35.102  -18.587  -20.733 0.6999999881
44596  -34.665  -19.460  -20.358 0.6999999881
44532  -37.881  -18.663  -11.805 0.6000000238
44538  -38.213  -18.640  -12.579 0.6999999881
46027  -35.677  -17.020  -20.831 0.6999999881
46713  -35.918  -16.016  -20.766 0.6000000238
97154  -36.070  -15.128  -20.764 0.6000000238
47435  -32.810  -15.490  -23.471 0.6000000238
47433  -30.546  -15.183  -23.464 0.4000000060
46630  -32.215  -14.467  -8.572 0.4000000060
46003  -39.387  -16.089  -17.529 0.5000000000
46725  -35.256  -16.034  -21.270 0.5000000000
45244  -38.598  -17.051  -11.998 0.4000000060
46671  -38.705  -15.995  -14.730 0.5000000000
46645  -37.684  -15.503  -11.863 0.4000000060
107893  -39.198  -15.174  -14.847 0.4000000060
47387  -39.723  -14.352  -18.484 0.5000000000
48156  -34.589  -13.357  -20.605 0.6000000238
49479  -30.691  -10.922  -14.169 0.3000000119
50126  -33.103  -10.028  -12.590 0.4000000060
50225  -35.488  -10.511  -20.600 0.4000000060
50227  -36.728  -10.250  -19.720 0.4000000060
98371  -37.546  -7.100  -21.449 0.4000000060
51548  -37.371  -8.468  -18.317 0.4000000060
52849  -37.324  -6.266  -21.610 0.3000000119
26948  -24.346  -42.430  -21.442 0.5000000000
26950  -26.034  -41.597  -21.748 0.5000000000
25528  -22.727  -44.453  -19.914 0.4000000060
26251  -22.529  -42.951  -20.118 0.5000000000
26938  -22.839  -42.550  -20.516 0.5000000000
27630  -22.831  -41.482  -20.494 0.5000000000
27639  -24.024  -40.780  -21.131 0.6000000238
27640  -24.944  -40.654  -21.396 0.6000000238
26239  -22.697  -43.500  -19.861 0.5000000000
26240  -23.515  -43.568  -19.547 0.5000000000
26238  -22.494  -42.504  -19.931 0.5000000000
108004  -22.423  -40.813  -20.038 0.5000000000
25530  -24.460  -44.127  -19.368 0.5000000000
28292  -22.649  -39.996  -20.111 0.6000000238
29021  -24.195  -38.644  -20.834 0.6000000238
28314  -23.958  -39.780  -20.940 0.6000000238
110669  -24.804  -39.624  -21.342 0.6000000238
29023  -25.761  -38.030  -21.672 0.6000000238
28315  -25.221  -38.938  -21.472 0.6000000238
28317  -27.553  -39.900  -22.479 0.6000000238
110238  -27.331  -38.470  -22.477 0.6000000238
26241  -24.362  -43.007  -19.327 0.5000000000
100161  -22.732  -41.232  -19.725 0.5000000000
27618  -22.488  -40.504  -19.966 0.6000000238
24824  -25.402  -44.911  -19.208 0.5000000000
26229  -25.474  -43.781  -19.004 0.5000000000
28993  -23.000  -38.958  -19.977 0.6000000238
24099  -26.077  -46.480  -19.014 0.5000000000
24834  -25.621  -45.785  -19.219 0.5000000000
29682  -24.264  -37.978  -20.568 0.6000000238
29046  -28.220  -38.230  -24.283 0.6000000238
26928  -23.417  -41.932  -19.505 0.5000000000
27619  -23.503  -40.754  -19.569 0.5000000000
26929  -24.679  -41.885  -19.277 0.5000000000
28994  -23.300  -38.785  -20.072 0.6000000238
94356  -26.736  -46.104  -18.491 0.5000000000
24825  -26.249  -45.491  -18.859 0.5000000000
29009  -23.939  -38.333  -20.266 0.6000000238
23333  -26.288  -47.409  -18.793 0.5000000000
24090  -26.624  -46.801  -18.480 0.5000000000
29683  -24.367  -37.807  -20.460 0.6000000238
29695  -24.809  -37.331  -21.095 0.6000000238
29034  -27.517  -37.526  -23.339 0.6000000238
29024  -26.117  -36.875  -22.184 0.6000000238
25519  -26.298  -44.486  -18.709 0.5000000000
26930  -25.662  -41.886  -19.044 0.5000000000
27620  -24.969  -40.847  -19.304 0.6000000238
27610  -26.280  -41.292  -19.098 0.6000000238
25520  -27.098  -44.154  -18.381 0.5000000000
28294  -23.953  -39.561  -19.694 0.6000000238
28295  -25.260  -39.583  -19.463 0.6000000238
23334  -26.858  -47.421  -18.166 0.5000000000
21789  -27.205  -49.294  -17.245 0.5000000000
26230  -26.346  -43.457  -18.652 0.5000000000
26919  -26.395  -42.473  -18.773 0.5000000000
108697  -27.168  -45.972  -18.173 0.5000000000
24091  -27.151  -46.609  -17.998 0.5000000000
24081  -27.684  -46.741  -17.443 0.6000000238
26220  -27.880  -43.802  -18.088 0.6000000238
26231  -27.181  -43.145  -18.476 0.5000000000
26920  -27.253  -42.180  -18.690 0.5000000000
27611  -27.470  -41.223  -18.911 0.6000000238
25510  -27.766  -44.821  -17.922 0.6000000238
28296  -26.575  -40.368  -19.335 0.6000000238
23313  -27.888  -48.217  -16.593 0.5000000000
20955  -27.196  -49.916  -16.885 0.4000000060
26221  -28.572  -43.505  -17.638 0.6000000238
26909  -28.059  -42.777  -18.222 0.6000000238
26921  -27.957  -41.942  -18.474 0.5000000000
88209  -34.297  -28.294  -24.810 0.5000000000
36303  -35.014  -29.925  -7.695 0.5000000000
39311  -37.064  -25.010  -14.009 0.6000000238
91814  -38.376  -24.624  -19.794 0.5000000000
43093  -37.578  -21.103  -21.513 0.5000000000
45324  -35.243  -17.764  -21.944 0.5000000000
52834  -37.449  -6.510  -20.406 0.4000000060
53488  -37.069  -5.303  -20.619 0.3000000119
54130  -36.871  -4.540  -19.971 0.3000000119
54108  -36.629  -3.826  -18.835 0.3000000119
25527  -22.536  -45.111  -20.124 0.4000000060
26262  -22.903  -43.629  -20.849 0.5000000000
26947  -23.459  -42.261  -20.910 0.5000000000
27641  -26.991  -40.965  -22.114 0.5000000000
24832  -23.072  -45.254  -19.691 0.4000000060
28316  -26.548  -39.730  -21.746 0.6000000238
24096  -23.065  -46.185  -19.581 0.4000000060
94943  -24.989  -45.610  -19.398 0.5000000000
23346  -25.420  -47.342  -19.282 0.5000000000
24098  -25.134  -46.351  -19.363 0.5000000000
108178  -25.963  -48.053  -19.078 0.3000000119
21801  -26.287  -49.246  -18.188 0.4000000060
88207  -35.102  -29.963  -24.789 0.4000000060
88196  -35.571  -30.384  -23.223 0.4000000060
92305  -34.861  -29.273  -24.284 0.4000000060
39205  -34.297  -25.759  -7.637 0.5000000000
39248  -34.057  -25.036  -8.430 0.4000000060
41609  -38.332  -22.935  -21.380 0.5000000000
88236  -38.160  -21.992  -21.551 0.5000000000
43106  -36.893  -20.330  -21.659 0.5000000000
53474  -37.095  -5.449  -19.568 0.3000000119
24831  -22.365  -45.836  -19.903 0.4000000060
28995  -24.086  -38.414  -19.946 0.6000000238
21778  -27.509  -49.139  -16.659 0.5000000000
22578  -27.154  -48.098  -17.759 0.5000000000
105032  -27.614  -47.951  -17.270 0.6000000238
40858  -38.509  -23.714  -21.301 0.5000000000
22577  -26.523  -48.290  -18.426 0.4000000060
97303  -24.792  -41.640  -21.431 0.6000000238
25536  -22.616  -44.184  -20.325 0.4000000060
26926  -22.399  -41.684  -20.039 0.5000000000
27631  -23.098  -40.424  -20.604 0.6000000238
97142  -22.985  -42.754  -19.611 0.5000000000
24097  -24.163  -45.890  -19.499 0.5000000000
26918  -25.560  -42.757  -18.954 0.5000000000
97757  -27.035  -45.261  -18.361 0.5000000000
23344  -24.133  -46.880  -19.456 0.4000000060
28327  -28.300  -40.624  -24.086 0.4000000060
23345  -24.619  -47.759  -19.494 0.4000000060
26158  -27.399  -43.631  -11.257 0.4000000060
24743  -27.989  -45.495  -11.611 0.4000000060
108227  -27.548  -46.768  -12.189 0.4000000060
26836  -28.086  -42.137  -10.859 0.4000000060
91330  -27.137  -40.334  -10.243 0.4000000060
104019  -27.493  -40.974  -10.599 0.4000000060
26851  -27.160  -42.564  -11.225 0.4000000060
27518  -28.356  -40.841  -10.186 0.4000000060
89908  -26.376  -38.802  -10.656 0.3000000119
103272  -27.121  -39.553  -9.714 0.3000000119
102600  -27.197  -37.853  -9.484 0.4000000060
28892  -28.170  -39.968  -9.000 0.4000000060
89954  -26.752  -38.513  -9.594 0.4000000060
103273  -27.581  -39.343  -9.071 0.5000000000
39247  -33.352  -25.293  -8.713 0.3000000119
42959  -34.774  -19.871  -10.338 0.3000000119
42969  -34.864  -20.996  -8.780 0.3000000119
42963  -35.346  -20.810  -9.242 0.3000000119
43787  -35.118  -20.351  -9.778 0.3000000119
43796  -35.331  -20.377  -9.196 0.3000000119
43797  -35.086  -19.907  -10.788 0.3000000119
45228  -34.200  -17.560  -9.196 0.3000000119
45938  -33.685  -16.804  -8.883 0.3000000119
48148  -38.765  -13.684  -19.229 0.4000000060
93402  -38.031  -13.041  -19.414 0.4000000060
108420  -31.784  -13.576  -8.730 0.3000000119
47380  -40.106  -13.785  -17.992 0.4000000060
48134  -40.107  -12.962  -18.068 0.3000000119
49544  -36.559  -11.695  -19.677 0.3000000119
45939  -34.094  -16.059  -8.921 0.3000000119
105190  -34.729  -15.464  -8.642 0.3000000119
46632  -35.521  -15.463  -9.644 0.3000000119
46631  -33.436  -14.717  -8.401 0.3000000119
110761  -34.241  -14.440  -8.185 0.3000000119
110836  -35.005  -14.238  -8.509 0.3000000119
98079  -35.712  -14.659  -10.107 0.3000000119
99345  -38.517  -15.677  -12.482 0.3000000119
47320  -33.033  -13.195  -8.980 0.3000000119
46643  -33.721  -13.727  -8.584 0.3000000119
109854  -32.636  -12.678  -9.482 0.3000000119
48043  -32.831  -13.450  -10.723 0.3000000119
46666  -38.889  -15.167  -14.013 0.3000000119
48063  -32.064  -13.328  -11.591 0.3000000119
100583  -33.181  -12.819  -11.964 0.3000000119
47357  -39.300  -14.479  -14.548 0.3000000119
48101  -39.679  -13.644  -14.991 0.3000000119
48108  -39.885  -13.784  -16.075 0.3000000119
47369  -40.096  -13.977  -17.106 0.3000000119
48122  -40.208  -13.258  -17.467 0.3000000119
50159  -31.017  -9.737  -14.045 0.3000000119
50866  -29.864  -9.407  -15.344 0.3000000119
48857  -38.130  -12.146  -19.098 0.3000000119
50214  -36.611  -10.910  -19.647 0.3000000119
47312  -36.544  -14.839  -10.921 0.3000000119
99728  -37.234  -14.966  -11.487 0.3000000119
46662  -39.045  -15.444  -13.080 0.3000000119
48045  -33.729  -13.252  -8.883 0.3000000119
47310  -34.345  -13.327  -8.596 0.3000000119
101258  -35.967  -13.871  -10.618 0.3000000119
47321  -36.950  -13.998  -11.377 0.3000000119
47322  -37.755  -14.660  -12.205 0.3000000119
47331  -38.671  -14.831  -12.839 0.3000000119
47349  -38.948  -14.812  -13.350 0.3000000119
48044  -33.583  -13.762  -9.897 0.3000000119
48036  -34.335  -12.662  -8.851 0.3000000119
48038  -35.436  -12.795  -9.954 0.3000000119
47350  -38.983  -14.373  -13.836 0.3000000119
48078  -32.163  -12.953  -12.383 0.3000000119
105002  -33.970  -12.883  -10.971 0.3000000119
95612  -34.458  -13.307  -10.046 0.3000000119
99521  -39.243  -13.863  -14.267 0.3000000119
48747  -33.411  -12.024  -11.930 0.3000000119
48109  -40.200  -13.112  -16.682 0.3000000119
108601  -32.270  -10.294  -13.209 0.3000000119
50854  -32.337  -9.493  -13.499 0.3000000119
50855  -32.648  -9.054  -12.000 0.3000000119
48828  -40.253  -12.443  -17.346 0.3000000119
48843  -40.056  -12.245  -18.052 0.3000000119
105828  -38.300  -11.373  -18.836 0.3000000119
49546  -37.922  -10.643  -18.749 0.3000000119
50215  -37.130  -10.441  -19.136 0.3000000119
101625  -37.392  -13.584  -12.232 0.3000000119
48064  -38.154  -13.980  -12.809 0.3000000119
48748  -34.575  -11.988  -9.329 0.3000000119
48046  -36.229  -13.063  -10.982 0.3000000119
48047  -36.879  -13.090  -11.584 0.3000000119
48079  -38.732  -14.205  -13.284 0.3000000119
97542  -34.564  -12.197  -10.612 0.3000000119
49446  -34.815  -11.404  -9.487 0.3000000119
48080  -38.944  -13.645  -13.746 0.3000000119
48790  -39.374  -12.247  -14.157 0.3000000119
48094  -39.323  -13.146  -14.268 0.3000000119
50121  -33.843  -10.027  -12.063 0.3000000119
105052  -33.197  -9.184  -11.400 0.3000000119
48800  -40.176  -11.971  -15.515 0.3000000119
48812  -40.257  -12.259  -16.384 0.3000000119
51502  -32.133  -8.611  -12.719 0.3000000119
93509  -33.134  -8.382  -10.860 0.3000000119
49506  -40.275  -11.584  -16.880 0.3000000119
49523  -39.780  -11.084  -17.970 0.3000000119
50197  -39.567  -10.436  -17.711 0.3000000119
50207  -38.304  -10.058  -18.381 0.3000000119
49441  -35.003  -11.313  -9.378 0.3000000119
49443  -36.047  -11.817  -11.055 0.3000000119
48750  -37.036  -12.615  -12.199 0.3000000119
48767  -37.587  -13.111  -13.026 0.3000000119
99694  -38.431  -13.404  -13.344 0.3000000119
97967  -34.730  -11.112  -11.523 0.3000000119
49448  -36.904  -11.848  -12.703 0.3000000119
48777  -38.905  -12.827  -13.681 0.3000000119
50100  -35.061  -10.833  -10.060 0.3000000119
50089  -35.223  -11.004  -10.209 0.3000000119
50099  -34.756  -9.986  -11.598 0.3000000119
50829  -33.824  -8.973  -10.508 0.3000000119
51466  -34.566  -8.758  -10.768 0.3000000119
50141  -40.036  -10.532  -14.776 0.3000000119
93713  -40.292  -11.504  -16.131 0.3000000119
51503  -32.560  -8.359  -11.438 0.3000000119
51474  -33.837  -8.211  -10.210 0.3000000119
93030  -40.186  -10.719  -16.375 0.3000000119
50185  -40.071  -10.945  -17.302 0.3000000119
106682  -39.837  -10.303  -17.015 0.3000000119
50196  -38.885  -9.913  -17.933 0.3000000119
50206  -37.599  -9.853  -18.679 0.3000000119
48749  -36.420  -12.442  -11.376 0.3000000119
109968  -37.324  -12.352  -13.071 0.3000000119
48776  -38.167  -12.426  -13.360 0.3000000119
50101  -35.023  -10.656  -10.322 0.3000000119
50090  -35.476  -11.079  -11.948 0.3000000119
97623  -36.455  -11.417  -12.461 0.3000000119
105956  -38.921  -12.059  -13.619 0.3000000119
99163  -34.597  -9.961  -10.664 0.3000000119
50819  -35.069  -9.695  -10.982 0.3000000119
108659  -39.748  -10.882  -14.341 0.3000000119
52117  -32.367  -7.070  -12.354 0.3000000119
51467  -35.594  -8.744  -11.390 0.3000000119
52118  -33.080  -7.863  -10.997 0.3000000119
52093  -34.668  -7.716  -10.774 0.3000000119
97973  -35.328  -8.012  -11.282 0.3000000119
50160  -40.074  -10.133  -15.483 0.3000000119
50890  -39.288  -9.784  -17.247 0.3000000119
50889  -38.624  -9.389  -17.444 0.3000000119
50896  -37.943  -9.305  -17.997 0.3000000119
49463  -37.612  -11.641  -13.163 0.3000000119
49471  -38.511  -11.474  -13.421 0.3000000119
50103  -36.445  -10.755  -12.386 0.3000000119
50104  -37.113  -11.023  -12.714 0.3000000119
50122  -37.952  -10.780  -13.133 0.3000000119
50820  -35.752  -9.675  -11.526 0.3000000119
50830  -36.458  -9.876  -12.044 0.3000000119
50831  -37.371  -10.099  -12.579 0.3000000119
50128  -38.912  -10.563  -13.460 0.3000000119
52106  -34.098  -7.405  -10.444 0.3000000119
50838  -39.461  -9.267  -14.015 0.3000000119
106490  -36.387  -8.682  -11.817 0.3000000119
50868  -39.614  -9.353  -15.366 0.3000000119
50882  -39.630  -9.755  -16.322 0.3000000119
51517  -38.979  -9.008  -15.976 0.3000000119
52161  -37.101  -7.753  -17.644 0.3000000119
51540  -37.574  -8.522  -17.608 0.3000000119
50832  -38.391  -9.890  -13.143 0.3000000119
52757  -32.998  -6.670  -10.815 0.3000000119
97972  -37.192  -8.955  -12.343 0.3000000119
50837  -39.126  -9.788  -13.569 0.3000000119
52738  -34.324  -6.872  -10.647 0.3000000119
52721  -34.610  -7.012  -10.616 0.3000000119
101305  -35.895  -7.898  -11.615 0.3000000119
97838  -38.123  -9.055  -12.777 0.3000000119
51505  -39.440  -8.917  -14.615 0.3000000119
51487  -39.062  -8.396  -13.926 0.3000000119
107858  -39.111  -8.790  -15.257 0.3000000119
52141  -38.086  -7.803  -15.308 0.3000000119
51504  -38.803  -8.338  -14.802 0.3000000119
52140  -37.354  -7.318  -15.867 0.3000000119
52151  -37.826  -7.944  -16.178 0.3000000119
51541  -38.138  -8.827  -17.223 0.3000000119
52150  -37.152  -7.505  -16.718 0.3000000119
51529  -37.598  -8.211  -16.960 0.3000000119
108813  -32.952  -6.148  -11.849 0.3000000119
52739  -34.778  -6.008  -10.702 0.3000000119
52095  -36.037  -7.124  -11.754 0.3000000119
52096  -36.586  -7.160  -12.136 0.3000000119
51476  -37.825  -8.051  -12.738 0.3000000119
52107  -37.224  -7.213  -12.588 0.3000000119
52109  -38.302  -7.773  -13.544 0.3000000119
52119  -37.863  -7.082  -13.983 0.3000000119
52131  -38.364  -7.735  -14.361 0.3000000119
52130  -37.600  -7.200  -14.936 0.3000000119
52821  -37.219  -6.615  -19.220 0.3000000119
53358  -33.870  -5.834  -11.380 0.3000000119
52722  -34.956  -6.331  -10.655 0.3000000119
52724  -36.178  -6.316  -11.929 0.3000000119
105706  -36.763  -6.602  -12.425 0.3000000119
52108  -37.702  -7.163  -13.157 0.3000000119
52794  -36.784  -6.804  -16.402 0.3000000119
52811  -36.781  -6.739  -18.158 0.3000000119
52723  -35.614  -6.522  -11.482 0.3000000119
29055  -28.729  -39.180  -24.560 0.4000000060
104492  -26.528  -40.108  -11.133 0.3000000119
26824  -27.931  -41.307  -10.527 0.4000000060
30254  -27.969  -37.686  -9.141 0.4000000060
39225  -33.883  -25.130  -7.738 0.3000000119
105170  -34.808  -19.068  -9.356 0.3000000119
46642  -32.650  -13.704  -8.713 0.3000000119
46633  -36.283  -15.608  -10.430 0.3000000119
48133  -39.592  -13.492  -18.640 0.4000000060
95225  -31.513  -11.762  -13.088 0.3000000119
102362  -31.260  -8.875  -13.902 0.3000000119
27558  -26.095  -40.744  -11.458 0.4000000060
88036  -26.915  -40.891  -11.050 0.4000000060
27528  -27.375  -41.573  -11.018 0.4000000060
104556  -26.741  -37.546  -9.988 0.3000000119
90291  -27.518  -38.418  -9.189 0.4000000060
47311  -35.518  -13.569  -9.062 0.3000000119
94520  -32.139  -11.838  -12.406 0.3000000119
48799  -39.813  -12.587  -14.857 0.3000000119
48037  -34.984  -12.348  -8.710 0.3000000119
48743  -35.160  -11.760  -9.085 0.3000000119
48744  -35.770  -12.206  -10.506 0.3000000119
48791  -39.911  -11.498  -14.678 0.3000000119
49472  -39.357  -11.274  -13.883 0.3000000119
49447  -36.443  -11.985  -11.929 0.3000000119
110306  -35.577  -10.773  -11.557 0.3000000119
50129  -39.566  -10.258  -14.075 0.3000000119
52129  -32.214  -7.927  -12.400 0.3000000119
50102  -35.335  -10.369  -10.921 0.3000000119
96464  -35.402  -10.877  -12.055 0.3000000119
108445  -38.844  -9.102  -13.409 0.3000000119
51530  -38.289  -8.583  -16.474 0.3000000119
52094  -35.364  -7.196  -11.296 0.3000000119
105331  -36.395  -7.773  -11.874 0.3000000119
51475  -36.955  -7.952  -12.249 0.3000000119
52801  -36.736  -6.919  -17.215 0.3000000119
52741  -37.202  -6.468  -12.851 0.3000000119
52740  -36.618  -5.879  -12.520 0.3000000119
107151  -25.704  -41.371  -11.766 0.4000000060
92982  -34.631  -30.074  -25.398 0.4000000060
19406  -25.840  -52.684  -14.239 0.3000000119
101117  -26.109  -52.781  -15.044 0.3000000119
19393  -25.307  -52.257  -13.222 0.3000000119
19416  -26.295  -52.219  -15.568 0.3000000119
103051  -27.212  -36.993  -9.765 0.3000000119
31045  -27.966  -36.604  -9.282 0.3000000119
104423  -27.778  -35.546  -9.383 0.3000000119
26157  -26.558  -43.334  -11.541 0.3000000119
92416  -26.463  -41.693  -11.404 0.3000000119
26849  -25.763  -42.158  -11.867 0.3000000119
26850  -26.344  -42.554  -11.579 0.3000000119
34876  -34.162  -30.899  -25.543 0.3000000119
21745  -27.688  -49.655  -14.186 0.6000000238
21764  -28.048  -48.775  -15.134 0.6000000238
22475  -27.582  -47.657  -12.639 0.4000000060
22589  -25.270  -48.272  -19.331 0.5000000000
23249  -27.290  -47.174  -12.323 0.4000000060
23324  -27.402  -47.363  -17.600 0.6000000238
23325  -27.906  -47.360  -17.033 0.5000000000
24807  -28.789  -45.751  -16.540 0.6000000238
24817  -27.640  -45.899  -17.711 0.6000000238
24833  -24.272  -45.025  -19.464 0.5000000000
25442  -30.115  -43.580  -11.976 0.5000000000
25455  -30.170  -43.940  -12.534 0.6000000238
25481  -29.947  -44.353  -14.205 0.6000000238
25529  -23.359  -44.325  -19.619 0.4000000060
26208  -29.634  -43.978  -15.931 0.6999999881
26825  -28.454  -41.429  -10.633 0.5000000000
26866  -30.536  -42.295  -12.281 0.6000000238
26903  -29.701  -42.148  -16.528 0.6999999881
26927  -22.555  -41.862  -19.838 0.5000000000
28186  -28.281  -40.387  -9.433 0.4000000060
28189  -29.927  -40.172  -10.593 0.6000000238
28194  -30.318  -40.152  -10.974 0.6000000238
28293  -22.822  -39.540  -19.945 0.6000000238
28307  -23.316  -39.191  -20.409 0.6000000238
28894  -29.923  -39.334  -9.630 0.6000000238
29022  -24.598  -37.820  -20.954 0.6000000238
29568  -28.350  -38.696  -8.941 0.6000000238
29607  -31.406  -38.428  -12.699 0.6000000238
29625  -30.627  -38.749  -15.903 0.8000000119
29661  -32.165  -37.904  -19.471 0.6000000238
29670  -24.307  -37.879  -20.307 0.6999999881
30328  -31.799  -36.815  -19.855 0.6999999881
31072  -31.780  -36.786  -12.059 0.8000000119
31102  -30.556  -36.401  -16.850 0.8000000119
31114  -30.100  -36.054  -17.960 0.6999999881
31126  -29.062  -35.281  -19.342 0.6999999881
31128  -32.184  -35.753  -19.645 0.6999999881
31899  -30.991  -34.680  -20.151 0.6999999881
31901  -33.079  -35.016  -19.168 0.6999999881
31912  -29.565  -33.904  -21.022 0.6999999881
31913  -29.436  -33.748  -21.127 0.6999999881
32521  -32.734  -34.965  -6.933 0.6000000238
32522  -33.436  -35.086  -7.578 0.6000000238
32610  -28.326  -33.513  -20.608 0.6999999881
32611  -28.121  -33.191  -20.730 0.6999999881
32612  -30.042  -33.397  -19.986 0.6999999881
32613  -31.749  -33.980  -19.361 0.6999999881
32614  -33.827  -34.662  -19.192 0.6000000238
33367  -28.787  -32.954  -18.189 0.8000000119
33378  -28.365  -32.718  -19.207 0.6999999881
33388  -28.335  -32.507  -19.319 0.6999999881
34105  -28.794  -32.033  -17.510 0.8999999762
34115  -28.254  -32.049  -18.704 0.8000000119
34124  -27.594  -32.123  -19.613 0.8000000119
34125  -27.952  -32.209  -19.084 0.8000000119
34136  -27.937  -32.036  -19.318 0.8000000119
34137  -34.525  -32.719  -19.705 0.6000000238
34149  -34.203  -32.089  -23.353 0.5000000000
34730  -33.119  -31.551  -6.926 0.6000000238
34770  -34.510  -31.428  -12.106 0.6999999881
34820  -32.725  -31.771  -18.836 0.8000000119
34821  -33.736  -31.830  -18.981 0.6999999881
34866  -33.896  -31.217  -25.214 0.5000000000
35519  -34.803  -29.996  -10.378 0.6999999881
35572  -31.026  -30.236  -19.080 0.8000000119
36398  -37.810  -29.162  -20.189 0.6000000238
37047  -35.470  -28.233  -8.207 0.6000000238
37055  -35.720  -28.501  -8.670 0.6999999881
37112  -35.855  -27.851  -13.180 0.6999999881
37128  -34.270  -27.963  -14.979 0.8000000119
37149  -37.431  -28.572  -18.478 0.6000000238
37162  -36.108  -29.161  -19.005 0.6000000238
37164  -37.886  -28.505  -19.483 0.6999999881
37200  -32.942  -27.205  -25.069 0.6999999881
37889  -25.476  -26.263  -18.228 0.8000000119
37905  -26.723  -27.264  -19.376 0.8999999762
37917  -32.625  -27.398  -20.772 0.8000000119
37918  -38.091  -27.678  -19.987 0.6000000238
37928  -32.823  -27.462  -21.575 0.6999999881
37940  -32.305  -26.613  -23.806 0.6999999881
37956  -33.060  -27.210  -25.108 0.6999999881
37967  -32.884  -26.688  -25.133 0.6999999881
38506  -33.897  -26.668  -7.645 0.4000000060
38600  -36.476  -26.650  -13.867 0.6999999881
38612  -26.438  -25.865  -17.605 0.8000000119
38627  -26.072  -25.678  -18.297 0.8000000119
38635  -36.849  -25.885  -17.650 0.8000000119
38642  -26.632  -25.701  -18.379 0.8000000119
38651  -38.124  -26.998  -19.380 0.6000000238
38656  -30.884  -24.867  -21.450 0.8999999762
38688  -32.774  -26.319  -24.924 0.6999999881
38689  -32.826  -26.451  -25.051 0.6999999881
39246  -32.305  -25.243  -9.102 0.3000000119
39315  -36.725  -25.752  -15.139 0.8000000119
39323  -37.055  -25.112  -15.680 0.8000000119
39331  -36.276  -25.831  -16.804 0.8000000119
39341  -36.704  -25.298  -17.203 0.8000000119
39376  -31.271  -24.232  -22.037 0.8000000119
39377  -31.371  -24.603  -22.608 0.8999999762
39378  -38.696  -25.417  -20.715 0.6000000238
39968  -33.531  -24.586  -9.391 0.4000000060
40032  -36.557  -24.372  -12.170 0.6999999881
40699  -34.915  -22.861  -11.029 0.5000000000
40717  -34.475  -23.058  -10.687 0.5000000000
40745  -35.981  -23.623  -11.313 0.6000000238
40822  -37.910  -23.405  -17.736 0.8000000119
41483  -32.692  -22.287  -10.432 0.3000000119
41484  -33.582  -21.573  -10.872 0.3000000119
41485  -33.962  -21.947  -11.010 0.5000000000
42246  -36.539  -21.386  -11.690 0.6000000238
42968  -34.676  -21.450  -8.801 0.3000000119
43048  -38.366  -20.402  -16.403 0.8000000119
43917  -34.488  -19.990  -21.605 0.6999999881
43918  -35.081  -20.513  -21.684 0.6000000238
44539  -38.274  -17.940  -13.035 0.6000000238
45315  -35.732  -17.742  -20.379 0.6999999881
46002  -38.873  -16.961  -17.669 0.6000000238
46036  -35.071  -17.332  -21.837 0.6999999881
46045  -35.107  -17.225  -22.288 0.6000000238
46054  -36.076  -16.927  -22.832 0.5000000000
46701  -39.294  -15.004  -19.004 0.5000000000
46724  -34.473  -16.222  -21.723 0.6999999881
46735  -33.605  -16.691  -22.868 0.6999999881
46744  -32.259  -15.903  -23.156 0.5000000000
46746  -34.083  -16.327  -23.157 0.6000000238
47364  -39.554  -14.618  -15.534 0.4000000060
47379  -39.961  -14.536  -17.839 0.5000000000
47424  -30.807  -15.392  -22.772 0.5000000000
48102  -40.032  -12.901  -15.721 0.3000000119
48742  -34.872  -11.725  -8.999 0.3000000119
48775  -31.688  -12.634  -12.956 0.3000000119
49442  -35.404  -11.496  -10.274 0.3000000119
49487  -40.250  -11.017  -15.481 0.3000000119
49524  -40.100  -11.655  -17.687 0.3000000119
49536  -39.690  -11.685  -18.304 0.3000000119
49564  -30.967  -11.895  -21.956 0.5000000000
50208  -39.041  -10.835  -18.421 0.3000000119
50234  -32.033  -10.540  -22.141 0.4000000060
50856  -39.825  -9.684  -14.704 0.3000000119
50881  -38.827  -9.187  -16.795 0.3000000119
51516  -38.483  -8.428  -15.658 0.3000000119
88069  -28.379  -34.863  -24.230 0.6999999881
88071  -27.725  -33.799  -24.089 0.6999999881
88075  -30.805  -38.664  -20.207 0.6000000238
88078  -30.252  -36.221  -21.435 0.6999999881
88179  -34.037  -30.118  -20.213 0.6999999881
88181  -34.244  -31.778  -22.147 0.5000000000
88194  -35.212  -28.320  -20.745 0.6999999881
88199  -35.044  -30.470  -25.384 0.4000000060
88200  -33.983  -30.306  -25.575 0.6000000238
88201  -33.898  -29.541  -25.497 0.6000000238
88202  -33.274  -27.755  -25.050 0.6999999881
88210  -34.496  -30.604  -25.569 0.4000000060
88214  -37.395  -26.740  -17.891 0.8000000119
88223  -38.252  -23.934  -18.272 0.8000000119
88231  -38.156  -22.066  -19.132 0.8000000119
88232  -37.095  -21.804  -20.897 0.6000000238
88234  -38.237  -23.403  -20.648 0.6000000238
88241  -33.906  -20.014  -20.596 0.6999999881
88242  -33.646  -20.311  -21.125 0.6999999881
88546  -32.650  -21.266  -10.058 0.3000000119
90462  -29.671  -34.439  -21.118 0.6999999881
90490  -30.847  -21.179  -8.736 0.3000000119
90636  -32.260  -23.058  -22.539 0.8999999762
91723  -33.415  -30.225  -24.239 0.5000000000
91871  -33.732  -30.380  -22.205 0.5000000000
92152  -33.962  -20.450  -21.629 0.6999999881
92359  -36.304  -21.301  -20.867 0.8000000119
92367  -27.807  -40.695  -9.926 0.4000000060
92555  -38.151  -26.130  -19.054 0.6999999881
92815  -35.747  -21.448  -21.211 0.6999999881
93538  -38.522  -21.880  -18.352 0.8000000119
94352  -36.312  -30.147  -20.377 0.6000000238
94634  -30.328  -42.366  -14.702 0.6000000238
94683  -30.546  -42.740  -12.944 0.6000000238
94966  -28.510  -47.646  -14.935 0.6000000238
95191  -35.275  -28.523  -13.749 0.6999999881
95818  -39.715  -14.954  -18.361 0.5000000000
96076  -35.340  -17.850  -21.242 0.6999999881
96369  -29.843  -38.860  -24.305 0.6000000238
96422  -34.003  -21.224  -11.089 0.5000000000
97021  -34.417  -31.264  -19.971 0.6999999881
97033  -33.493  -28.764  -25.205 0.6000000238
97067  -31.401  -25.458  -9.414 0.3000000119
97600  -22.382  -41.165  -19.978 0.5000000000
98720  -38.375  -21.862  -17.732 0.8000000119
98794  -36.548  -26.277  -14.496 0.8000000119
98884  -35.869  -29.803  -20.110 0.6999999881
99343  -27.414  -30.445  -19.509 0.8000000119
100029  -23.673  -41.495  -21.031 0.6000000238
100821  -36.145  -23.098  -11.482 0.6000000238
101680  -32.252  -36.498  -19.621 0.6999999881
101950  -32.240  -32.937  -18.906 0.6999999881
102308  -22.468  -40.816  -20.145 0.5000000000
102424  -33.295  -21.910  -10.702 0.4000000060
102689  -26.610  -39.647  -10.611 0.3000000119
103431  -30.077  -34.983  -21.107 0.6999999881
103669  -35.581  -26.374  -18.932 0.8000000119
104003  -29.752  -37.627  -24.093 0.6999999881
104873  -33.241  -35.674  -7.515 0.6000000238
105530  -30.737  -32.869  -19.344 0.6999999881
105609  -38.474  -8.446  -13.259 0.3000000119
105800  -36.741  -24.712  -12.634 0.6999999881
106007  -25.900  -40.317  -21.576 0.6000000238
106672  -38.302  -17.255  -15.253 0.6000000238
106742  -38.539  -17.109  -18.384 0.6000000238
107133  -36.401  -16.982  -20.088 0.6999999881
107981  -35.056  -11.210  -9.940 0.3000000119
109230  -30.978  -14.587  -21.790 0.5000000000
109286  -30.894  -36.426  -20.514 0.6999999881
109489  -34.931  -11.306  -10.222 0.3000000119
109688  -35.993  -20.205  -11.414 0.6000000238
110120  -35.232  -29.803  -23.791 0.4000000060
110256  -38.210  -18.848  -14.252 0.6999999881
110442  -34.010  -27.480  -24.564 0.6999999881
110463  -36.986  -10.603  -12.534 0.3000000119
110518  -29.751  -40.540  -17.188 0.8000000119
110568  -31.024  -31.835  -15.163 0.8000000119
111122  -39.659  -15.471  -17.075 0.5000000000
111268  -35.064  -32.866  -9.695 0.6999999881
