#!ascii label  , from subject sub-v1s3x0050815_ses-1 vox2ras=TkReg
844
73443  41.748  35.676  14.972 0.0000000000
75776  43.906  41.538  14.333 0.0000000000
71572  48.172  30.082  19.591 0.0000000000
72642  37.359  33.177  17.266 0.0000000000
71918  39.692  32.025  18.667 0.0000000000
74657  43.094  38.910  9.504 0.0000000000
76559  36.248  42.825  16.486 0.0000000000
77523  41.952  46.858  15.455 0.0000000000
88005  47.844  27.846  24.336 0.0000000000
70218  44.011  26.072  22.191 0.0000000000
74249  45.484  36.971  11.440 0.0000000000
71941  46.950  30.445  13.916 0.0000000000
73809  46.995  36.817  16.963 0.0000000000
99755  46.044  35.018  22.339 0.0000000000
77874  38.927  48.059  11.572 0.0000000000
76595  42.111  44.149  10.613 0.0000000000
88662  42.226  29.580  20.726 0.0000000000
107186  39.732  34.801  16.821 0.0000000000
72289  38.457  32.413  18.016 0.0000000000
72639  41.061  33.468  17.850 0.0000000000
74251  42.293  38.238  12.768 0.0000000000
73820  40.161  37.147  15.457 0.0000000000
76854  38.568  44.607  19.595 0.0000000000
103140  45.460  26.960  25.085 0.0000000000
69310  49.454  22.852  25.673 0.0000000000
68638  44.793  21.645  26.417 0.0000000000
77550  37.807  46.932  8.702 0.0000000000
75015  46.404  40.588  13.348 0.0000000000
73824  45.991  36.785  14.316 0.0000000000
75322  46.352  40.302  16.462 0.0000000000
73760  41.464  36.236  20.142 0.0000000000
73398  44.578  35.774  19.913 0.0000000000
97685  43.813  35.734  22.897 0.0000000000
72231  44.399  32.888  22.605 0.0000000000
76562  38.557  43.519  13.062 0.0000000000
77219  38.368  45.413  12.037 0.0000000000
76199  43.950  43.315  12.347 0.0000000000
75839  45.939  42.100  10.669 0.0000000000
71923  47.898  29.550  16.553 0.0000000000
105748  43.676  30.683  18.475 0.0000000000
90433  45.245  29.148  19.644 0.0000000000
71237  37.651  30.027  19.660 0.0000000000
71219  38.922  29.221  19.978 0.0000000000
75859  42.443  41.100  7.389 0.0000000000
91882  40.163  40.119  9.988 0.0000000000
75780  39.695  41.486  14.352 0.0000000000
74990  43.167  40.130  16.254 0.0000000000
77833  36.394  48.317  17.256 0.0000000000
78157  40.417  48.724  16.645 0.0000000000
77204  38.702  45.275  16.886 0.0000000000
101605  47.678  29.585  21.791 0.0000000000
101798  46.121  27.971  21.084 0.0000000000
69929  47.515  26.091  23.469 0.0000000000
69323  44.455  22.839  22.706 0.0000000000
73830  43.811  36.225  12.788 0.0000000000
72662  44.205  33.397  14.324 0.0000000000
73058  46.429  34.176  11.693 0.0000000000
96767  47.055  32.911  14.755 0.0000000000
72629  46.992  33.291  18.467 0.0000000000
93971  45.748  38.669  18.790 0.0000000000
73770  47.699  36.545  19.485 0.0000000000
72256  47.407  32.904  21.181 0.0000000000
89219  46.416  31.084  22.493 0.0000000000
106158  44.152  29.841  23.574 0.0000000000
91269  36.168  48.147  10.862 0.0000000000
77231  38.536  45.949  10.010 0.0000000000
108349  38.752  46.417  10.946 0.0000000000
76931  41.814  43.789  9.025 0.0000000000
75844  44.365  41.844  9.150 0.0000000000
74650  44.221  38.367  10.463 0.0000000000
72284  43.179  32.256  17.323 0.0000000000
71575  41.509  30.867  20.072 0.0000000000
70877  40.155  27.915  20.758 0.0000000000
87997  43.330  27.653  21.587 0.0000000000
73436  41.332  35.437  15.548 0.0000000000
72649  40.691  34.071  17.344 0.0000000000
73040  41.932  34.340  16.186 0.0000000000
73831  42.850  36.816  13.530 0.0000000000
106354  41.571  37.794  13.896 0.0000000000
73818  41.134  36.065  15.290 0.0000000000
73819  40.570  36.365  15.504 0.0000000000
69907  44.470  25.526  25.136 0.0000000000
102534  46.254  23.411  26.720 0.0000000000
69300  44.579  23.327  26.064 0.0000000000
70237  37.172  26.332  20.444 0.0000000000
75797  46.355  42.468  14.214 0.0000000000
75372  46.822  41.328  15.062 0.0000000000
75758  46.338  41.628  15.476 0.0000000000
73751  41.193  36.884  21.859 0.0000000000
73376  42.530  35.963  21.890 0.0000000000
75801  41.189  41.938  13.611 0.0000000000
76202  40.419  43.284  12.643 0.0000000000
76181  44.383  42.735  13.056 0.0000000000
76197  46.888  43.581  12.467 0.0000000000
71590  47.605  29.839  18.004 0.0000000000
71245  46.194  29.746  18.281 0.0000000000
106010  47.408  29.647  18.535 0.0000000000
72619  37.005  32.735  18.457 0.0000000000
72279  37.466  32.580  17.589 0.0000000000
71929  39.028  32.313  18.417 0.0000000000
71598  38.837  31.594  18.663 0.0000000000
71578  39.133  30.808  19.151 0.0000000000
71220  37.982  29.177  19.910 0.0000000000
71235  39.466  30.022  19.645 0.0000000000
75060  42.709  39.507  7.798 0.0000000000
75069  41.000  39.950  7.230 0.0000000000
75043  41.115  39.868  10.136 0.0000000000
73423  38.021  35.070  17.122 0.0000000000
95783  36.781  33.743  17.468 0.0000000000
76164  37.170  42.337  15.178 0.0000000000
75348  39.651  40.374  15.344 0.0000000000
75350  37.893  40.813  15.855 0.0000000000
76886  38.185  44.082  18.639 0.0000000000
96199  39.685  44.930  18.817 0.0000000000
76895  36.919  44.107  15.836 0.0000000000
76899  37.132  43.909  14.955 0.0000000000
109132  48.030  28.643  23.210 0.0000000000
102041  48.179  27.776  23.292 0.0000000000
101272  48.381  26.882  23.994 0.0000000000
68988  47.581  21.469  24.808 0.0000000000
69637  46.353  23.190  23.836 0.0000000000
68996  43.958  22.262  22.790 0.0000000000
107287  45.223  36.612  11.093 0.0000000000
73452  45.702  35.085  11.345 0.0000000000
73836  45.663  36.109  11.468 0.0000000000
73816  46.518  37.008  16.003 0.0000000000
73434  46.662  35.230  14.810 0.0000000000
73039  46.960  34.887  15.760 0.0000000000
96840  46.902  34.133  16.384 0.0000000000
73421  47.159  35.434  17.127 0.0000000000
74951  42.844  39.103  17.131 0.0000000000
74950  44.024  39.431  17.279 0.0000000000
74560  44.571  38.374  18.329 0.0000000000
73383  46.078  35.336  21.238 0.0000000000
73772  46.642  36.792  19.749 0.0000000000
73382  46.957  35.632  20.651 0.0000000000
73009  47.561  34.784  20.686 0.0000000000
72596  46.838  34.030  22.132 0.0000000000
72228  47.157  32.725  22.459 0.0000000000
72582  46.664  33.571  22.636 0.0000000000
72242  43.453  32.061  22.285 0.0000000000
88480  44.536  31.002  22.183 0.0000000000
77884  37.011  48.101  10.997 0.0000000000
91452  37.658  47.444  10.419 0.0000000000
77536  38.566  46.822  10.725 0.0000000000
88187  42.966  48.256  16.282 0.0000000000
78488  42.538  48.977  14.951 0.0000000000
77854  42.988  48.082  14.766 0.0000000000
76583  40.130  43.991  11.207 0.0000000000
77218  38.559  45.714  11.159 0.0000000000
76911  39.962  44.111  10.433 0.0000000000
76920  39.354  44.634  10.059 0.0000000000
103570  41.777  44.083  9.809 0.0000000000
76234  43.106  43.104  8.943 0.0000000000
76233  44.137  43.642  9.732 0.0000000000
75032  45.608  39.938  11.143 0.0000000000
75040  45.135  39.778  10.344 0.0000000000
74643  45.142  37.858  10.838 0.0000000000
73844  44.548  37.102  11.243 0.0000000000
72653  44.697  32.531  14.698 0.0000000000
72646  43.150  33.151  16.270 0.0000000000
109031  44.397  32.035  16.174 0.0000000000
88006  43.205  30.102  19.697 0.0000000000
71574  42.211  30.851  19.609 0.0000000000
105763  41.569  30.049  20.298 0.0000000000
89759  40.888  29.624  20.197 0.0000000000
90424  40.845  28.275  20.774 0.0000000000
87988  44.917  26.789  22.259 0.0000000000
91045  44.319  27.625  21.769 0.0000000000
87992  43.723  26.966  21.934 0.0000000000
73422  38.990  34.674  16.959 0.0000000000
72290  37.926  32.599  17.562 0.0000000000
72641  38.589  32.842  17.823 0.0000000000
72288  39.226  32.679  18.318 0.0000000000
72287  40.428  32.892  18.444 0.0000000000
74644  42.863  38.522  11.359 0.0000000000
73430  39.691  35.427  16.408 0.0000000000
101851  46.767  26.945  25.189 0.0000000000
88920  49.106  25.697  25.539 0.0000000000
87986  48.353  25.451  26.581 0.0000000000
88728  47.999  21.756  26.268 0.0000000000
96125  45.812  39.175  12.637 0.0000000000
74242  45.601  37.189  12.460 0.0000000000
75016  46.033  39.525  13.698 0.0000000000
74614  46.175  38.874  15.522 0.0000000000
74613  46.521  38.860  16.600 0.0000000000
73775  41.575  36.612  19.237 0.0000000000
74181  43.010  37.043  18.373 0.0000000000
73400  42.724  35.602  20.090 0.0000000000
73385  44.018  35.404  20.630 0.0000000000
73368  45.218  35.213  22.914 0.0000000000
72992  45.604  34.653  23.082 0.0000000000
72993  44.611  35.003  23.311 0.0000000000
72586  42.853  33.786  22.873 0.0000000000
72233  42.228  32.809  22.507 0.0000000000
78209  38.028  48.395  12.796 0.0000000000
77529  39.216  46.185  14.905 0.0000000000
77528  39.842  46.694  14.182 0.0000000000
76902  38.247  44.171  12.669 0.0000000000
76570  40.939  43.814  12.019 0.0000000000
76568  43.526  43.740  11.618 0.0000000000
76225  44.906  43.717  10.583 0.0000000000
76565  46.697  43.692  11.666 0.0000000000
75817  47.275  42.462  12.332 0.0000000000
71933  47.880  29.512  15.638 0.0000000000
71935  45.340  31.218  16.290 0.0000000000
71602  46.380  30.099  17.509 0.0000000000
71246  45.023  29.650  18.885 0.0000000000
94019  44.032  29.341  20.204 0.0000000000
69645  42.144  23.948  21.918 0.0000000000
69932  42.176  24.738  21.808 0.0000000000
71238  36.701  29.908  19.681 0.0000000000
72278  38.099  32.231  17.819 0.0000000000
71580  37.228  30.834  19.542 0.0000000000
71221  37.054  29.126  19.848 0.0000000000
109197  37.395  28.325  20.066 0.0000000000
70556  37.882  27.547  20.445 0.0000000000
75866  40.683  41.509  6.152 0.0000000000
75070  39.887  39.902  7.465 0.0000000000
75778  41.609  41.256  14.110 0.0000000000
75374  43.218  40.938  14.876 0.0000000000
75346  41.522  40.243  15.276 0.0000000000
74970  41.459  39.372  16.457 0.0000000000
74598  40.954  38.906  16.977 0.0000000000
104572  40.170  37.655  18.601 0.0000000000
74167  39.925  37.534  19.297 0.0000000000
77831  38.371  48.350  17.446 0.0000000000
92777  41.427  48.248  17.496 0.0000000000
77496  42.693  46.094  18.083 0.0000000000
77525  39.575  45.959  16.162 0.0000000000
77213  37.978  45.155  14.774 0.0000000000
76168  39.268  42.096  14.088 0.0000000000
71560  48.031  30.165  20.568 0.0000000000
87998  47.211  29.349  20.657 0.0000000000
88547  47.948  28.191  22.395 0.0000000000
90017  46.354  26.899  22.140 0.0000000000
87993  45.015  25.931  22.575 0.0000000000
89009  47.593  25.039  24.004 0.0000000000
108669  46.322  24.267  23.559 0.0000000000
69643  43.893  24.029  22.356 0.0000000000
73448  43.161  35.753  13.823 0.0000000000
73045  43.209  34.151  14.839 0.0000000000
73056  44.214  34.475  13.433 0.0000000000
72667  45.869  33.109  12.290 0.0000000000
72660  46.546  31.876  11.926 0.0000000000
73446  46.232  35.234  11.824 0.0000000000
73049  47.061  33.509  12.964 0.0000000000
72301  48.142  30.838  12.562 0.0000000000
72293  48.320  30.122  15.091 0.0000000000
72637  46.729  31.977  17.153 0.0000000000
72276  47.089  32.197  19.291 0.0000000000
75324  45.184  40.671  16.703 0.0000000000
74947  46.333  39.445  17.548 0.0000000000
74204  46.958  38.461  18.173 0.0000000000
74179  45.260  37.849  18.963 0.0000000000
74164  46.894  37.713  19.374 0.0000000000
109143  47.653  37.224  18.646 0.0000000000
73411  47.816  35.661  19.401 0.0000000000
72628  47.303  33.764  19.654 0.0000000000
94592  47.506  31.983  20.382 0.0000000000
71881  47.865  30.800  21.218 0.0000000000
92873  47.512  30.633  22.051 0.0000000000
101110  46.845  29.642  22.805 0.0000000000
108585  45.129  32.226  22.506 0.0000000000
88571  45.563  29.776  22.561 0.0000000000
101109  45.721  28.680  23.806 0.0000000000
101108  45.201  27.628  25.021 0.0000000000
77888  36.779  47.790  10.103 0.0000000000
77549  38.315  46.352  9.235 0.0000000000
77244  39.362  45.261  8.789 0.0000000000
77864  40.982  47.769  12.431 0.0000000000
77881  40.161  47.606  11.516 0.0000000000
77535  38.676  46.076  10.685 0.0000000000
76933  39.727  44.728  9.351 0.0000000000
92547  40.362  44.523  7.986 0.0000000000
76244  42.100  42.721  7.357 0.0000000000
75455  43.106  40.690  7.746 0.0000000000
75049  43.638  38.988  8.825 0.0000000000
75840  45.093  41.915  9.861 0.0000000000
75041  44.448  39.449  9.459 0.0000000000
74656  43.933  38.749  9.722 0.0000000000
74258  43.809  37.964  11.125 0.0000000000
109775  43.372  36.906  12.908 0.0000000000
72655  42.745  33.830  15.791 0.0000000000
72286  41.625  32.882  18.054 0.0000000000
71927  41.101  32.421  18.609 0.0000000000
71926  43.452  31.674  17.653 0.0000000000
71916  41.742  31.807  18.751 0.0000000000
71596  40.331  31.441  18.953 0.0000000000
71218  40.411  30.026  19.738 0.0000000000
70888  39.375  28.449  20.485 0.0000000000
88990  46.082  28.821  20.147 0.0000000000
92593  44.241  28.781  20.787 0.0000000000
88002  43.024  28.285  21.152 0.0000000000
69938  42.209  25.745  21.686 0.0000000000
70555  41.545  28.002  20.888 0.0000000000
68646  42.723  21.821  25.387 0.0000000000
68656  43.161  21.196  24.836 0.0000000000
73046  41.240  34.929  16.056 0.0000000000
73435  41.873  35.004  15.495 0.0000000000
73825  42.321  36.191  14.357 0.0000000000
73826  41.556  36.550  14.710 0.0000000000
69618  43.839  24.372  25.305 0.0000000000
98449  45.110  41.937  14.574 0.0000000000
75774  46.861  42.132  14.840 0.0000000000
75800  42.250  41.902  13.597 0.0000000000
75799  43.429  41.994  13.662 0.0000000000
75798  44.804  42.265  13.855 0.0000000000
71589  48.141  29.964  18.640 0.0000000000
109251  48.050  29.826  18.249 0.0000000000
71573  48.171  29.819  18.910 0.0000000000
72630  36.810  33.230  17.687 0.0000000000
71919  39.099  31.990  18.494 0.0000000000
71597  39.536  31.471  18.760 0.0000000000
75050  42.966  39.065  8.357 0.0000000000
75051  42.146  39.423  9.132 0.0000000000
75042  42.112  39.347  10.135 0.0000000000
73035  38.085  33.930  17.218 0.0000000000
73036  37.293  34.214  17.331 0.0000000000
76165  36.505  42.799  15.749 0.0000000000
75759  37.501  41.553  15.500 0.0000000000
75760  36.664  41.915  15.898 0.0000000000
76556  36.731  43.625  17.160 0.0000000000
95555  37.673  44.267  17.513 0.0000000000
76558  36.491  43.496  16.347 0.0000000000
108253  36.755  43.498  15.523 0.0000000000
88613  48.108  28.142  23.606 0.0000000000
90559  48.197  27.341  24.230 0.0000000000
68995  44.941  22.010  23.115 0.0000000000
73842  45.338  36.636  11.152 0.0000000000
73837  45.530  35.949  11.349 0.0000000000
95703  46.771  36.008  15.948 0.0000000000
100046  47.147  35.939  16.790 0.0000000000
74574  42.264  38.287  17.343 0.0000000000
74573  43.475  38.518  17.662 0.0000000000
74206  42.614  37.649  17.887 0.0000000000
94998  46.738  35.110  21.409 0.0000000000
73372  47.331  35.177  20.895 0.0000000000
73002  46.748  34.685  21.818 0.0000000000
72991  46.331  34.338  22.628 0.0000000000
105730  42.827  31.506  22.204 0.0000000000
77875  38.022  48.216  12.000 0.0000000000
77876  37.058  48.184  11.877 0.0000000000
77883  38.086  47.888  11.173 0.0000000000
77847  43.154  47.468  15.788 0.0000000000
89777  43.105  48.210  15.381 0.0000000000
77848  42.780  47.406  15.260 0.0000000000
76582  41.461  44.075  11.249 0.0000000000
76594  42.943  43.878  9.976 0.0000000000
76603  43.605  43.618  9.595 0.0000000000
76593  44.072  44.062  10.064 0.0000000000
74642  45.492  38.673  11.379 0.0000000000
74256  45.326  37.376  11.100 0.0000000000
73843  45.179  37.109  10.931 0.0000000000
72303  45.877  31.577  13.984 0.0000000000
72298  45.415  31.624  15.220 0.0000000000
89913  43.017  29.679  20.528 0.0000000000
92198  42.267  30.315  20.302 0.0000000000
102327  41.369  29.071  20.675 0.0000000000
73034  38.889  33.691  17.500 0.0000000000
73033  39.794  34.272  17.305 0.0000000000
72640  39.805  33.464  18.014 0.0000000000
74636  42.365  38.567  12.121 0.0000000000
74238  41.269  37.402  14.455 0.0000000000
74245  40.947  38.143  14.070 0.0000000000
73429  40.623  35.577  15.868 0.0000000000
88532  46.691  26.337  25.649 0.0000000000
89094  48.584  26.217  25.718 0.0000000000
106366  48.045  23.326  27.390 0.0000000000
101582  46.291  21.688  26.402 0.0000000000
102616  46.670  21.272  25.706 0.0000000000
105765  45.477  21.191  26.054 0.0000000000
103330  36.929  47.614  9.243 0.0000000000
78223  36.413  47.956  9.226 0.0000000000
98965  46.504  40.280  15.563 0.0000000000
105993  46.471  39.680  16.326 0.0000000000
74231  46.300  37.895  15.877 0.0000000000
73401  42.179  36.015  19.691 0.0000000000
73375  43.309  35.844  22.512 0.0000000000
73386  43.111  35.346  21.007 0.0000000000
73374  44.167  35.563  21.972 0.0000000000
91597  44.472  35.485  22.872 0.0000000000
73369  43.816  35.595  23.166 0.0000000000
72994  43.493  34.930  23.255 0.0000000000
72995  42.443  34.610  23.159 0.0000000000
72587  41.862  33.568  22.869 0.0000000000
77216  38.160  45.095  13.907 0.0000000000
77212  38.666  45.753  14.194 0.0000000000
76903  38.111  44.625  13.303 0.0000000000
76200  42.613  43.205  12.388 0.0000000000
76201  41.473  43.246  12.516 0.0000000000
76569  42.187  43.779  11.720 0.0000000000
76579  45.637  43.732  11.302 0.0000000000
76567  44.978  43.804  11.635 0.0000000000
75404  47.250  42.122  13.523 0.0000000000
75405  46.723  41.339  12.595 0.0000000000
75023  46.060  40.123  12.081 0.0000000000
71934  46.682  30.173  16.107 0.0000000000
71607  47.248  29.795  16.571 0.0000000000
106348  44.237  29.640  19.457 0.0000000000
108740  35.778  29.662  19.662 0.0000000000
71579  38.267  31.033  19.250 0.0000000000
70889  38.362  28.425  20.257 0.0000000000
76252  41.719  42.268  6.748 0.0000000000
75860  41.521  41.497  6.822 0.0000000000
75062  40.796  39.881  8.161 0.0000000000
104352  39.974  39.947  8.492 0.0000000000
75053  39.616  40.037  9.297 0.0000000000
75779  40.617  41.357  14.183 0.0000000000
75375  42.075  40.698  14.668 0.0000000000
75377  40.111  40.793  14.711 0.0000000000
74993  40.081  39.765  15.800 0.0000000000
74971  40.531  39.361  16.439 0.0000000000
74184  39.816  38.284  17.943 0.0000000000
107704  40.395  37.305  19.069 0.0000000000
78160  36.901  48.499  16.437 0.0000000000
77832  37.345  48.346  17.379 0.0000000000
78151  40.397  48.209  17.789 0.0000000000
77817  41.186  47.519  18.559 0.0000000000
77816  42.417  47.434  18.139 0.0000000000
77203  39.923  45.442  17.634 0.0000000000
77515  40.876  45.762  17.304 0.0000000000
77208  38.603  45.612  15.418 0.0000000000
77209  37.947  45.156  15.749 0.0000000000
76170  37.664  42.734  14.474 0.0000000000
76169  38.487  42.376  14.187 0.0000000000
71207  47.762  29.760  21.038 0.0000000000
101273  47.767  29.015  21.953 0.0000000000
102205  47.407  26.878  22.971 0.0000000000
107395  47.399  27.457  22.520 0.0000000000
87987  46.224  26.193  22.534 0.0000000000
101581  49.411  24.976  26.373 0.0000000000
102042  49.063  24.375  25.390 0.0000000000
69320  45.493  22.294  23.315 0.0000000000
69642  45.163  23.857  22.964 0.0000000000
69324  43.428  23.126  22.324 0.0000000000
73441  43.465  34.817  14.051 0.0000000000
73447  44.064  35.204  13.088 0.0000000000
73059  46.042  34.541  11.356 0.0000000000
73055  45.228  34.435  12.275 0.0000000000
72672  46.300  33.680  11.719 0.0000000000
72671  46.800  32.484  11.537 0.0000000000
74237  45.754  37.458  13.808 0.0000000000
73829  45.743  36.376  12.971 0.0000000000
73440  46.229  35.573  13.646 0.0000000000
73044  46.960  34.020  14.302 0.0000000000
94069  46.702  34.581  13.705 0.0000000000
98056  47.333  32.763  13.493 0.0000000000
72666  47.753  32.050  12.161 0.0000000000
72659  48.223  31.379  13.260 0.0000000000
72652  48.152  31.085  14.341 0.0000000000
73032  46.835  33.658  17.320 0.0000000000
72277  46.906  31.491  17.976 0.0000000000
75344  43.770  40.753  15.722 0.0000000000
75343  44.920  41.180  16.121 0.0000000000
75325  44.243  40.573  16.314 0.0000000000
74559  45.366  39.160  18.254 0.0000000000
74949  45.087  39.652  17.694 0.0000000000
74948  45.907  39.553  17.856 0.0000000000
74571  46.431  39.074  18.170 0.0000000000
74558  46.539  38.552  18.875 0.0000000000
73788  43.463  36.578  18.980 0.0000000000
74180  44.072  37.348  18.600 0.0000000000
73773  44.646  36.721  19.253 0.0000000000
73759  47.070  36.272  20.088 0.0000000000
73771  47.330  36.804  19.630 0.0000000000
73787  47.555  37.226  19.245 0.0000000000
73786  47.837  36.588  18.881 0.0000000000
72605  47.429  33.931  21.030 0.0000000000
72618  47.468  34.180  20.372 0.0000000000
72266  47.290  33.190  20.343 0.0000000000
98852  47.936  30.819  20.459 0.0000000000
99920  47.674  31.773  21.283 0.0000000000
71873  47.125  31.887  22.582 0.0000000000
101852  47.506  29.651  22.377 0.0000000000
101159  46.637  30.234  22.426 0.0000000000
72584  45.153  34.029  23.305 0.0000000000
72230  45.680  33.094  22.999 0.0000000000
101238  44.487  30.014  22.807 0.0000000000
88548  44.753  30.378  22.383 0.0000000000
101227  45.067  29.405  23.278 0.0000000000
101535  45.038  28.413  24.760 0.0000000000
78216  34.696  48.471  10.882 0.0000000000
78215  35.531  48.276  10.697 0.0000000000
77537  37.996  46.710  9.899 0.0000000000
77245  38.739  45.781  9.030 0.0000000000
77531  39.300  46.428  13.246 0.0000000000
77856  40.885  47.439  13.637 0.0000000000
77532  39.045  46.270  12.085 0.0000000000
108445  39.508  47.082  11.465 0.0000000000
77534  39.272  46.901  11.222 0.0000000000
100327  41.113  44.036  9.238 0.0000000000
76932  40.442  44.390  8.945 0.0000000000
76942  39.879  44.815  8.618 0.0000000000
76941  41.165  43.939  8.331 0.0000000000
76614  41.400  43.402  7.320 0.0000000000
76613  42.262  43.307  8.307 0.0000000000
76242  43.388  42.642  8.594 0.0000000000
75852  43.679  41.597  8.415 0.0000000000
75447  43.532  40.125  8.120 0.0000000000
75446  44.031  40.721  8.683 0.0000000000
76224  45.544  43.033  10.623 0.0000000000
74649  44.569  38.908  10.222 0.0000000000
74651  43.497  38.627  10.461 0.0000000000
73838  44.682  36.350  11.637 0.0000000000
105861  43.807  36.909  12.192 0.0000000000
72654  43.624  33.295  15.318 0.0000000000
72295  43.527  32.488  16.616 0.0000000000
72285  42.600  32.865  17.240 0.0000000000
104315  42.392  32.216  18.067 0.0000000000
71925  44.523  31.232  17.217 0.0000000000
71604  43.992  30.992  17.923 0.0000000000
71594  42.206  31.183  18.939 0.0000000000
71595  41.293  31.391  19.306 0.0000000000
71576  40.793  30.967  19.675 0.0000000000
70887  40.378  28.901  20.508 0.0000000000
108035  40.351  29.437  20.153 0.0000000000
103632  39.397  27.482  20.769 0.0000000000
99858  38.678  27.062  20.728 0.0000000000
89013  47.063  28.572  21.601 0.0000000000
88890  46.201  28.529  20.698 0.0000000000
92500  44.323  28.258  21.267 0.0000000000
103630  43.706  28.169  21.464 0.0000000000
102280  43.622  28.681  21.107 0.0000000000
69649  41.410  24.201  21.781 0.0000000000
69939  41.172  25.275  21.643 0.0000000000
73042  40.431  34.781  16.628 0.0000000000
73041  41.200  34.422  16.659 0.0000000000
72648  41.544  33.864  17.030 0.0000000000
74243  42.221  37.718  13.468 0.0000000000
73832  41.940  37.079  14.059 0.0000000000
73827  40.867  36.862  15.007 0.0000000000
70199  45.109  26.580  25.232 0.0000000000
101252  46.215  25.551  25.883 0.0000000000
69617  45.337  24.501  25.958 0.0000000000
75796  47.115  42.526  13.949 0.0000000000
75394  46.956  41.417  14.292 0.0000000000
75773  47.139  42.046  14.572 0.0000000000
75757  46.804  41.743  15.168 0.0000000000
75341  46.477  41.159  15.818 0.0000000000
98793  41.645  36.196  21.243 0.0000000000
73750  41.990  36.569  22.560 0.0000000000
73370  43.251  35.988  23.132 0.0000000000
97930  39.998  42.841  13.173 0.0000000000
76184  40.840  42.667  13.128 0.0000000000
76182  43.016  42.578  13.010 0.0000000000
76198  45.492  43.526  12.399 0.0000000000
76180  46.002  43.107  13.302 0.0000000000
104994  47.049  43.112  13.415 0.0000000000
71914  47.443  29.924  17.370 0.0000000000
71601  47.620  29.764  17.206 0.0000000000
71591  47.442  29.819  17.859 0.0000000000
71234  46.300  29.354  19.004 0.0000000000
71920  38.594  32.094  18.228 0.0000000000
71236  38.574  30.062  19.624 0.0000000000
75456  42.535  40.027  7.457 0.0000000000
75068  41.861  39.882  7.391 0.0000000000
75061  41.944  39.569  7.934 0.0000000000
93899  41.340  39.855  8.905 0.0000000000
73424  37.295  35.114  17.498 0.0000000000
72631  36.392  33.989  18.056 0.0000000000
72620  36.509  33.489  18.804 0.0000000000
75782  37.979  41.955  14.804 0.0000000000
75378  39.238  40.995  14.925 0.0000000000
75379  38.381  41.258  15.201 0.0000000000
75349  38.784  40.569  15.563 0.0000000000
76870  38.773  44.527  19.337 0.0000000000
77205  38.441  44.554  18.065 0.0000000000
76891  37.626  44.647  16.533 0.0000000000
76894  37.441  44.606  15.282 0.0000000000
76171  37.047  43.155  14.974 0.0000000000
88528  47.851  28.951  22.551 0.0000000000
100853  48.073  28.442  22.870 0.0000000000
69318  48.274  22.509  24.817 0.0000000000
69319  46.671  22.006  24.094 0.0000000000
73453  44.858  35.501  11.916 0.0000000000
73451  46.079  35.114  11.156 0.0000000000
73817  46.199  37.144  15.226 0.0000000000
73823  46.350  36.312  15.024 0.0000000000
104451  47.119  34.849  17.517 0.0000000000
98797  42.417  39.501  16.591 0.0000000000
74969  44.131  40.039  16.713 0.0000000000
74572  44.510  39.080  17.887 0.0000000000
95102  45.552  36.411  19.716 0.0000000000
73397  46.005  35.818  20.214 0.0000000000
73758  47.531  35.973  20.055 0.0000000000
73396  47.675  35.366  20.240 0.0000000000
73001  47.212  34.449  21.412 0.0000000000
72595  47.230  33.618  21.732 0.0000000000
72241  47.413  32.699  21.938 0.0000000000
105404  47.074  33.366  22.276 0.0000000000
72229  46.541  32.931  22.833 0.0000000000
87999  44.351  31.781  22.266 0.0000000000
89807  43.541  31.180  22.269 0.0000000000
101275  43.969  30.567  22.497 0.0000000000
91572  36.141  48.085  11.714 0.0000000000
88186  41.895  48.678  16.286 0.0000000000
88188  41.245  49.238  15.227 0.0000000000
78183  42.710  48.765  14.287 0.0000000000
76906  38.915  44.008  11.383 0.0000000000
98206  38.589  44.627  10.965 0.0000000000
76912  39.180  44.295  10.691 0.0000000000
77221  38.653  45.196  10.490 0.0000000000
76919  40.464  44.243  9.795 0.0000000000
76604  42.660  43.612  9.285 0.0000000000
109668  43.657  43.245  9.261 0.0000000000
75845  43.957  42.832  9.145 0.0000000000
75424  45.896  41.050  10.856 0.0000000000
74648  45.116  38.831  10.710 0.0000000000
104655  44.776  38.290  10.594 0.0000000000
74257  44.725  37.712  10.792 0.0000000000
72294  44.077  32.587  15.753 0.0000000000
91901  43.000  30.676  18.946 0.0000000000
88008  41.125  30.418  19.944 0.0000000000
87994  45.393  27.293  21.847 0.0000000000
103724  45.246  27.787  21.425 0.0000000000
104969  42.929  27.045  21.607 0.0000000000
103363  38.070  33.119  17.360 0.0000000000
71928  39.902  32.425  18.642 0.0000000000
75033  42.544  38.940  10.711 0.0000000000
74637  41.719  38.808  12.516 0.0000000000
74244  41.497  38.446  13.372 0.0000000000
73810  39.996  36.261  15.885 0.0000000000
95662  39.290  36.295  16.230 0.0000000000
73431  38.801  35.673  16.656 0.0000000000
76871  38.309  44.202  19.553 0.0000000000
76552  37.900  43.673  18.983 0.0000000000
76553  37.078  43.348  18.037 0.0000000000
101251  48.127  27.157  24.976 0.0000000000
101611  49.775  23.379  26.417 0.0000000000
101529  47.413  24.480  26.904 0.0000000000
88357  49.182  24.092  27.208 0.0000000000
89958  49.056  21.922  25.791 0.0000000000
68978  47.824  21.443  25.424 0.0000000000
68979  46.566  21.242  24.822 0.0000000000
74635  45.561  37.924  11.971 0.0000000000
99499  45.737  38.391  13.400 0.0000000000
75006  46.462  40.421  14.464 0.0000000000
74622  45.861  38.328  14.467 0.0000000000
74232  45.972  37.731  14.898 0.0000000000
74223  46.785  37.949  17.000 0.0000000000
74182  42.022  37.082  18.457 0.0000000000
73789  42.504  36.523  18.998 0.0000000000
95617  43.763  36.045  19.478 0.0000000000
73387  42.209  35.744  20.589 0.0000000000
73399  43.448  35.514  19.994 0.0000000000
73384  45.049  35.418  20.884 0.0000000000
73373  45.200  35.379  22.173 0.0000000000
72585  43.980  34.020  23.106 0.0000000000
72232  43.227  32.929  22.540 0.0000000000
72243  42.563  32.106  22.215 0.0000000000
91526  42.105  31.379  21.901 0.0000000000
95912  39.914  46.481  15.205 0.0000000000
77527  40.791  46.932  14.782 0.0000000000
108383  39.208  46.268  14.164 0.0000000000
77215  38.500  45.507  13.036 0.0000000000
99274  38.154  44.839  12.502 0.0000000000
76203  39.404  43.316  12.787 0.0000000000
76572  38.714  43.814  12.200 0.0000000000
76571  39.714  43.756  12.086 0.0000000000
108484  42.217  44.084  11.107 0.0000000000
76581  43.094  43.991  10.794 0.0000000000
76580  44.522  44.016  10.838 0.0000000000
76592  45.963  43.533  11.290 0.0000000000
76223  46.709  43.222  11.286 0.0000000000
75828  47.282  43.295  11.952 0.0000000000
75829  46.908  42.425  11.405 0.0000000000
75415  46.435  41.260  11.697 0.0000000000
95749  47.841  30.909  14.454 0.0000000000
99737  46.839  30.160  15.141 0.0000000000
71924  45.845  30.586  16.897 0.0000000000
71603  45.012  30.645  17.550 0.0000000000
71592  44.812  30.276  18.212 0.0000000000
71593  43.928  30.109  18.895 0.0000000000
69931  43.229  25.145  21.973 0.0000000000
70891  35.462  28.723  19.663 0.0000000000
72267  37.638  32.171  18.424 0.0000000000
71904  37.610  31.645  19.153 0.0000000000
71903  38.278  31.787  18.471 0.0000000000
71222  36.265  29.120  19.727 0.0000000000
70890  36.341  28.309  19.807 0.0000000000
108404  37.424  27.006  20.468 0.0000000000
75458  40.977  40.291  6.941 0.0000000000
75459  40.231  40.282  6.768 0.0000000000
75034  41.619  39.414  11.059 0.0000000000
75777  42.691  41.309  14.170 0.0000000000
75373  44.604  41.424  15.240 0.0000000000
75345  42.593  40.399  15.455 0.0000000000
75347  40.553  40.264  15.247 0.0000000000
74992  41.010  39.763  15.826 0.0000000000
74991  42.013  39.868  15.970 0.0000000000
74597  41.857  38.907  16.943 0.0000000000
74207  41.608  37.697  17.908 0.0000000000
74183  40.976  37.256  18.681 0.0000000000
74166  40.599  36.893  19.750 0.0000000000
78158  39.066  48.587  16.532 0.0000000000
78152  39.447  48.362  17.578 0.0000000000
88185  42.477  48.139  17.156 0.0000000000
90296  43.057  47.554  17.305 0.0000000000
77513  43.132  46.776  16.831 0.0000000000
77497  41.956  45.581  18.307 0.0000000000
77514  42.193  46.236  16.881 0.0000000000
77524  40.758  46.413  15.948 0.0000000000
76563  37.954  43.888  13.510 0.0000000000
76186  38.109  43.102  13.744 0.0000000000
76185  39.107  42.738  13.500 0.0000000000
75802  40.105  42.137  13.703 0.0000000000
71217  48.064  29.801  19.945 0.0000000000
102171  46.662  27.602  21.735 0.0000000000
101899  48.633  26.482  24.929 0.0000000000
100854  48.778  25.944  24.584 0.0000000000
69636  47.413  23.902  24.218 0.0000000000
69641  45.986  25.207  23.014 0.0000000000
69930  44.478  25.071  22.484 0.0000000000
69644  42.877  24.061  22.080 0.0000000000
73442  42.570  35.150  14.731 0.0000000000
107314  43.884  34.111  14.058 0.0000000000
73050  44.724  33.683  13.334 0.0000000000
72661  45.530  32.467  13.347 0.0000000000
72302  46.996  30.982  12.680 0.0000000000
73450  46.640  34.384  12.497 0.0000000000
73054  47.185  33.213  11.775 0.0000000000
72670  47.355  32.438  11.604 0.0000000000
71944  47.636  30.795  12.504 0.0000000000
71940  47.908  30.347  13.001 0.0000000000
104183  48.272  29.698  16.027 0.0000000000
72645  46.937  32.088  15.869 0.0000000000
98199  47.839  30.468  16.202 0.0000000000
72283  47.648  30.308  16.821 0.0000000000
71913  47.466  30.594  18.456 0.0000000000
71902  47.761  30.792  19.487 0.0000000000
75342  45.834  41.238  16.147 0.0000000000
75323  46.038  40.633  16.601 0.0000000000
74968  44.863  40.061  17.183 0.0000000000
75315  45.616  40.110  17.216 0.0000000000
74967  46.188  39.990  17.163 0.0000000000
74596  46.655  38.952  17.502 0.0000000000
95128  47.398  37.563  17.980 0.0000000000
74205  43.521  37.736  18.101 0.0000000000
74165  45.978  37.404  19.457 0.0000000000
74178  46.207  38.208  19.211 0.0000000000
95548  47.249  37.892  18.868 0.0000000000
73802  47.548  36.529  17.828 0.0000000000
73420  47.534  35.690  18.198 0.0000000000
73025  47.275  34.718  18.381 0.0000000000
73018  47.748  34.850  20.004 0.0000000000
105383  47.448  34.552  19.212 0.0000000000
71546  47.812  30.253  21.318 0.0000000000
71872  47.586  31.590  21.920 0.0000000000
104583  47.759  30.779  21.555 0.0000000000
88749  47.606  29.114  23.051 0.0000000000
102364  47.494  28.529  23.681 0.0000000000
72583  46.029  33.829  23.066 0.0000000000
106895  46.114  32.087  22.766 0.0000000000
89323  45.272  31.419  22.262 0.0000000000
88454  46.400  29.166  23.202 0.0000000000
103188  46.482  28.003  24.204 0.0000000000
88286  46.518  27.503  24.697 0.0000000000
77891  37.416  47.310  9.595 0.0000000000
77252  38.977  45.778  7.930 0.0000000000
76949  39.640  45.128  7.653 0.0000000000
78208  39.203  48.560  12.188 0.0000000000
78214  39.989  48.222  11.557 0.0000000000
77855  42.091  47.687  14.308 0.0000000000
77863  41.644  48.333  13.091 0.0000000000
77530  40.199  47.066  12.053 0.0000000000
77882  39.296  47.486  11.281 0.0000000000
77222  38.775  45.335  10.164 0.0000000000
77230  39.070  45.249  9.632 0.0000000000
76615  40.805  44.027  7.317 0.0000000000
76251  42.442  42.070  7.266 0.0000000000
76243  42.848  42.670  7.981 0.0000000000
75853  43.091  41.889  7.771 0.0000000000
75448  43.063  39.702  7.750 0.0000000000
75059  43.308  39.250  8.136 0.0000000000
76232  44.622  43.019  9.859 0.0000000000
75425  45.231  40.738  10.003 0.0000000000
75437  44.560  40.616  9.244 0.0000000000
75438  43.943  39.594  8.641 0.0000000000
74259  42.941  38.032  11.992 0.0000000000
74250  43.632  37.499  11.877 0.0000000000
105795  43.014  37.495  12.754 0.0000000000
106747  42.425  34.486  15.409 0.0000000000
72647  42.320  33.579  16.673 0.0000000000
72638  41.868  33.353  17.436 0.0000000000
71917  40.619  31.999  18.868 0.0000000000
71936  44.020  31.881  16.897 0.0000000000
71915  42.920  31.351  18.420 0.0000000000
71577  40.020  30.765  19.204 0.0000000000
96221  39.806  29.330  20.106 0.0000000000
70545  38.731  27.803  20.569 0.0000000000
90675  47.489  29.537  19.420 0.0000000000
88003  46.508  29.142  19.739 0.0000000000
101744  45.084  28.740  20.351 0.0000000000
101859  45.136  28.304  20.893 0.0000000000
102328  43.540  29.140  20.731 0.0000000000
89240  42.947  29.079  20.946 0.0000000000
102329  42.247  28.613  20.915 0.0000000000
70219  43.044  26.280  21.773 0.0000000000
70224  42.240  26.692  21.523 0.0000000000
92475  42.399  27.617  21.233 0.0000000000
68968  44.024  22.276  26.426 0.0000000000
68639  43.937  21.764  26.269 0.0000000000
68645  43.530  21.456  25.594 0.0000000000
68644  44.510  21.137  25.966 0.0000000000
68668  42.796  21.138  24.003 0.0000000000
68967  45.444  22.350  26.677 0.0000000000
68969  43.133  22.305  25.730 0.0000000000
68989  45.926  21.563  23.947 0.0000000000
72297  48.324  30.445  13.627 0.0000000000
72306  47.428  31.524  12.006 0.0000000000
73761  40.997  36.586  20.750 0.0000000000
73774  42.952  35.930  19.460 0.0000000000
74208  40.696  37.881  17.953 0.0000000000
74966  46.457  39.606  16.989 0.0000000000
75007  46.036  39.282  14.552 0.0000000000
75052  40.505  39.992  9.212 0.0000000000
75376  41.051  40.700  14.637 0.0000000000
75457  41.692  40.471  7.161 0.0000000000
75466  40.971  40.814  6.773 0.0000000000
75775  45.939  41.965  15.142 0.0000000000
75781  38.837  41.671  14.573 0.0000000000
76179  47.326  43.033  12.945 0.0000000000
76183  41.864  42.612  13.096 0.0000000000
76187  37.546  43.543  14.285 0.0000000000
76566  46.170  43.815  11.807 0.0000000000
76887  37.423  43.813  17.799 0.0000000000
76892  36.983  44.083  16.805 0.0000000000
76898  37.698  44.397  14.260 0.0000000000
76907  38.345  44.560  11.747 0.0000000000
76910  41.013  44.186  10.554 0.0000000000
77173  42.191  45.682  18.685 0.0000000000
77495  43.154  46.929  17.576 0.0000000000
77522  42.838  46.857  16.006 0.0000000000
77815  42.997  47.129  17.925 0.0000000000
88701  47.352  22.305  27.085 0.0000000000
89061  43.221  47.544  16.558 0.0000000000
96217  43.284  39.637  16.790 0.0000000000
98177  40.192  47.130  13.085 0.0000000000
101900  49.117  22.523  27.094 0.0000000000
102593  45.468  30.610  22.276 0.0000000000
104785  47.011  33.190  11.374 0.0000000000
105702  46.034  39.084  18.501 0.0000000000
106382  45.580  41.553  15.715 0.0000000000
