#!ascii label  , from subject sub-v1s3x0050815_ses-1 vox2ras=TkReg
249
55560  22.855  -1.305  -20.439 0.0000000000
50636  24.487  -7.083  -17.315 0.0000000000
58892  23.577  3.048  -20.335 0.0000000000
88928  29.096  9.287  -16.782 0.0000000000
50609  25.320  -7.939  -15.878 0.0000000000
87588  28.494  2.913  -22.439 0.0000000000
59627  29.062  5.008  -23.152 0.0000000000
54894  20.415  -2.808  -20.607 0.0000000000
107835  22.968  -5.240  -21.521 0.0000000000
54216  25.026  -3.795  -20.423 0.0000000000
56221  27.525  -0.322  -21.293 0.0000000000
55531  27.684  -1.739  -19.006 0.0000000000
56906  22.609  1.022  -20.512 0.0000000000
89035  26.581  1.062  -22.548 0.0000000000
100676  28.471  8.253  -22.647 0.0000000000
103977  30.246  6.431  -21.602 0.0000000000
52152  26.107  -6.084  -16.857 0.0000000000
59596  27.683  4.343  -21.353 0.0000000000
60300  28.072  5.786  -22.247 0.0000000000
93299  22.104  -1.983  -20.496 0.0000000000
54892  22.777  -2.892  -20.590 0.0000000000
92350  24.577  -2.152  -20.463 0.0000000000
50627  24.842  -7.926  -15.976 0.0000000000
57566  22.523  2.140  -20.327 0.0000000000
97544  25.781  0.624  -22.258 0.0000000000
58205  24.842  1.724  -20.402 0.0000000000
99584  29.983  4.081  -24.782 0.0000000000
57601  29.305  2.826  -22.679 0.0000000000
87762  28.922  10.708  -18.148 0.0000000000
94730  28.487  8.938  -22.710 0.0000000000
62270  28.686  8.275  -21.267 0.0000000000
104046  31.824  8.087  -17.485 0.0000000000
62282  32.031  7.278  -19.067 0.0000000000
62267  30.792  6.576  -19.306 0.0000000000
61611  31.298  6.172  -19.511 0.0000000000
60963  29.956  6.319  -21.231 0.0000000000
52860  25.119  -4.915  -18.434 0.0000000000
52871  23.744  -5.457  -19.857 0.0000000000
92880  26.618  -10.296  -17.100 0.0000000000
101700  27.068  2.122  -19.861 0.0000000000
101420  27.239  3.017  -19.451 0.0000000000
100010  29.211  4.338  -22.955 0.0000000000
59626  29.531  4.349  -23.148 0.0000000000
53567  20.890  -5.359  -21.480 0.0000000000
53559  21.304  -4.656  -21.206 0.0000000000
98552  23.854  -4.288  -20.918 0.0000000000
53530  26.680  -4.224  -17.598 0.0000000000
95364  25.682  -1.051  -21.677 0.0000000000
55543  26.647  -2.167  -20.345 0.0000000000
56210  27.547  -0.906  -20.425 0.0000000000
97613  21.306  -0.519  -20.536 0.0000000000
57584  20.946  1.164  -19.991 0.0000000000
98132  23.188  0.084  -20.562 0.0000000000
56905  25.187  0.027  -21.493 0.0000000000
56917  26.862  0.646  -22.534 0.0000000000
102111  29.345  1.538  -21.828 0.0000000000
88494  27.112  1.637  -22.452 0.0000000000
87583  29.163  2.156  -22.544 0.0000000000
108292  27.984  7.576  -22.732 0.0000000000
62922  30.901  8.366  -16.995 0.0000000000
61595  29.755  6.676  -19.553 0.0000000000
60942  29.475  6.462  -21.103 0.0000000000
60953  28.259  7.065  -22.324 0.0000000000
60964  29.064  6.213  -22.570 0.0000000000
60315  30.343  5.212  -22.191 0.0000000000
51369  22.724  -7.386  -19.046 0.0000000000
52178  22.103  -6.491  -22.091 0.0000000000
104853  26.697  -2.858  -19.893 0.0000000000
54192  27.623  -3.451  -17.530 0.0000000000
60284  27.631  5.330  -21.334 0.0000000000
60954  27.799  6.342  -21.982 0.0000000000
93561  23.063  -2.082  -20.424 0.0000000000
55559  23.871  -1.570  -20.440 0.0000000000
102720  27.161  -12.506  -16.300 0.0000000000
88578  27.494  -11.450  -16.113 0.0000000000
50626  25.492  -7.393  -15.795 0.0000000000
58207  23.219  2.585  -20.407 0.0000000000
58206  23.876  2.349  -20.437 0.0000000000
58233  29.936  3.767  -24.911 0.0000000000
90157  28.661  9.132  -17.992 0.0000000000
87766  28.579  10.243  -19.581 0.0000000000
62924  28.587  8.577  -19.235 0.0000000000
100712  31.379  6.488  -20.152 0.0000000000
53531  26.490  -5.001  -17.473 0.0000000000
52855  25.779  -5.179  -17.685 0.0000000000
97701  21.759  -8.710  -19.265 0.0000000000
87590  26.736  2.314  -19.070 0.0000000000
101701  26.355  3.329  -19.234 0.0000000000
107319  28.028  5.044  -22.204 0.0000000000
59611  27.986  4.012  -22.116 0.0000000000
59610  28.632  4.813  -22.806 0.0000000000
88401  29.494  11.052  -17.032 0.0000000000
94960  20.356  -4.485  -20.856 0.0000000000
54225  20.772  -3.771  -20.749 0.0000000000
54221  24.253  -3.614  -20.714 0.0000000000
54222  23.413  -3.733  -20.851 0.0000000000
53548  25.467  -4.215  -18.906 0.0000000000
54203  26.027  -3.689  -18.774 0.0000000000
50610  24.755  -8.667  -15.663 0.0000000000
55556  26.118  -1.040  -22.054 0.0000000000
55555  26.864  -1.073  -21.451 0.0000000000
56228  20.654  -0.947  -20.570 0.0000000000
57583  21.807  1.385  -20.321 0.0000000000
56907  21.391  0.471  -20.397 0.0000000000
95657  24.028  0.706  -20.657 0.0000000000
57579  26.108  1.047  -22.365 0.0000000000
56903  26.139  0.423  -22.633 0.0000000000
89763  28.000  1.413  -22.355 0.0000000000
102302  27.556  2.285  -22.185 0.0000000000
87586  26.978  2.053  -21.580 0.0000000000
87587  28.471  2.685  -22.481 0.0000000000
57600  30.149  2.597  -23.338 0.0000000000
56923  30.775  1.333  -22.932 0.0000000000
61630  28.008  8.916  -23.345 0.0000000000
61621  28.051  8.232  -23.005 0.0000000000
61597  28.389  7.614  -22.472 0.0000000000
103115  32.288  8.921  -16.798 0.0000000000
62268  29.837  7.350  -17.957 0.0000000000
61594  30.318  6.072  -20.018 0.0000000000
60943  28.814  7.006  -21.979 0.0000000000
60952  29.236  6.562  -22.159 0.0000000000
98237  29.686  6.369  -22.047 0.0000000000
60297  30.755  5.709  -21.255 0.0000000000
60298  29.897  5.890  -22.347 0.0000000000
50653  21.520  -8.509  -20.947 0.0000000000
53566  21.809  -5.245  -21.920 0.0000000000
52887  21.535  -5.918  -22.054 0.0000000000
97869  22.565  -5.799  -21.775 0.0000000000
52862  23.945  -5.786  -18.763 0.0000000000
52155  23.409  -6.190  -19.396 0.0000000000
52154  24.526  -6.228  -18.024 0.0000000000
92489  23.766  -6.514  -18.454 0.0000000000
54877  27.110  -2.331  -19.452 0.0000000000
87595  27.367  4.074  -20.186 0.0000000000
60299  28.474  5.602  -22.640 0.0000000000
92109  21.160  -2.314  -20.600 0.0000000000
54893  21.870  -3.006  -20.646 0.0000000000
54891  23.816  -2.720  -20.522 0.0000000000
54890  24.798  -2.983  -20.624 0.0000000000
49947  26.727  -9.323  -17.465 0.0000000000
49946  27.640  -9.891  -16.929 0.0000000000
102781  28.321  0.196  -20.679 0.0000000000
57582  23.384  1.839  -20.476 0.0000000000
92536  25.190  0.551  -21.180 0.0000000000
57581  24.312  1.414  -20.575 0.0000000000
108108  24.975  1.168  -20.736 0.0000000000
58926  29.202  3.441  -22.723 0.0000000000
58234  30.198  3.593  -23.509 0.0000000000
62929  32.096  7.992  -17.997 0.0000000000
62921  31.281  7.469  -18.252 0.0000000000
61620  30.518  6.157  -20.424 0.0000000000
60962  31.131  5.893  -19.686 0.0000000000
52879  23.525  -4.994  -20.910 0.0000000000
52861  24.404  -5.160  -19.215 0.0000000000
91245  24.625  -5.582  -18.368 0.0000000000
87269  26.797  -10.831  -16.880 0.0000000000
93188  23.340  -8.591  -16.911 0.0000000000
50628  23.133  -8.320  -17.333 0.0000000000
51359  23.654  -7.667  -17.450 0.0000000000
50637  22.864  -7.783  -17.991 0.0000000000
58893  23.118  3.420  -19.983 0.0000000000
58891  24.504  2.690  -20.273 0.0000000000
87593  25.286  3.037  -19.859 0.0000000000
90052  28.063  2.990  -22.245 0.0000000000
100406  28.656  3.738  -22.597 0.0000000000
58925  29.865  3.890  -23.400 0.0000000000
58924  30.037  3.809  -23.655 0.0000000000
53558  22.174  -4.695  -21.444 0.0000000000
54223  22.494  -3.881  -20.930 0.0000000000
53557  23.010  -4.630  -21.317 0.0000000000
53550  24.187  -4.753  -20.261 0.0000000000
53538  25.913  -4.340  -18.052 0.0000000000
108377  27.182  -4.796  -17.397 0.0000000000
99008  24.378  -0.812  -20.632 0.0000000000
55558  25.024  -1.379  -20.672 0.0000000000
105242  26.533  -1.493  -21.001 0.0000000000
55542  27.236  -1.633  -20.247 0.0000000000
55541  27.836  -1.188  -19.617 0.0000000000
56202  28.350  -0.523  -19.782 0.0000000000
91571  28.807  -1.485  -18.299 0.0000000000
55562  20.309  -1.732  -20.599 0.0000000000
55561  21.234  -1.397  -20.555 0.0000000000
103569  22.028  -0.970  -20.501 0.0000000000
56908  20.444  0.448  -20.151 0.0000000000
56227  22.166  -0.065  -20.461 0.0000000000
96229  23.526  -0.694  -20.520 0.0000000000
56225  24.274  -0.116  -20.775 0.0000000000
56223  25.699  -0.474  -22.219 0.0000000000
108514  25.997  -0.266  -22.610 0.0000000000
56904  25.671  0.111  -22.408 0.0000000000
56238  27.133  0.036  -22.215 0.0000000000
56902  27.752  0.463  -21.781 0.0000000000
88781  29.992  1.066  -21.159 0.0000000000
58204  25.958  1.691  -19.790 0.0000000000
89210  27.280  1.518  -22.475 0.0000000000
101861  28.195  2.112  -22.547 0.0000000000
89485  30.437  1.552  -22.008 0.0000000000
60965  28.126  6.863  -22.431 0.0000000000
87751  29.769  8.978  -16.289 0.0000000000
62923  29.238  8.083  -17.380 0.0000000000
62269  29.187  7.431  -19.011 0.0000000000
61596  28.846  7.179  -21.342 0.0000000000
60974  28.535  6.272  -22.508 0.0000000000
60317  29.209  5.573  -22.875 0.0000000000
60316  29.571  5.065  -22.905 0.0000000000
59625  29.915  4.280  -22.946 0.0000000000
107399  22.316  -7.825  -19.563 0.0000000000
51368  23.418  -7.186  -18.221 0.0000000000
51384  21.696  -7.168  -22.036 0.0000000000
52167  23.070  -5.827  -20.686 0.0000000000
52174  22.504  -6.582  -21.081 0.0000000000
51381  22.082  -7.293  -21.491 0.0000000000
51376  22.427  -7.498  -20.340 0.0000000000
54889  25.357  -2.332  -20.585 0.0000000000
54878  26.164  -2.704  -20.362 0.0000000000
54214  26.234  -3.318  -19.767 0.0000000000
54866  27.261  -2.234  -18.240 0.0000000000
54867  26.705  -2.993  -18.747 0.0000000000
54193  26.962  -3.629  -17.629 0.0000000000
50646  22.061  -8.333  -20.061 0.0000000000
52156  23.201  -6.783  -18.956 0.0000000000
52886  22.485  -5.246  -21.836 0.0000000000
53549  24.912  -4.422  -19.683 0.0000000000
53556  24.494  -4.198  -20.502 0.0000000000
54194  26.459  -3.551  -17.968 0.0000000000
54215  25.611  -3.849  -19.732 0.0000000000
54224  21.629  -3.892  -20.860 0.0000000000
54856  27.737  -2.577  -17.715 0.0000000000
54857  27.033  -2.967  -17.850 0.0000000000
54879  25.618  -3.246  -20.367 0.0000000000
55530  28.315  -1.284  -18.909 0.0000000000
55557  25.927  -1.699  -20.912 0.0000000000
56222  26.551  -0.271  -22.357 0.0000000000
56224  25.198  -0.518  -21.201 0.0000000000
56226  22.727  -0.579  -20.486 0.0000000000
57565  26.342  1.572  -20.981 0.0000000000
57567  21.467  1.951  -19.828 0.0000000000
57580  25.571  1.081  -20.993 0.0000000000
58208  22.848  2.909  -20.214 0.0000000000
60318  28.839  5.619  -22.854 0.0000000000
62291  28.161  9.011  -23.316 0.0000000000
87589  27.872  2.204  -22.461 0.0000000000
88794  26.921  4.118  -19.242 0.0000000000
89984  27.502  3.086  -20.948 0.0000000000
98158  21.147  -3.154  -20.659 0.0000000000
100958  26.590  1.437  -22.308 0.0000000000
101148  28.860  0.892  -21.056 0.0000000000
105221  21.223  -7.346  -21.906 0.0000000000
108357  22.141  -5.741  -22.091 0.0000000000
