#!ascii label  , from subject sub-v1s3x0050793_ses-1 vox2ras=TkReg
970
113478  32.883  -58.761  -20.386 0.3000000119
19823  36.433  -52.778  -24.859 0.6000000238
22582  32.474  -49.924  -25.702 0.6999999881
21717  31.740  -50.100  -25.604 0.6999999881
115874  32.681  -58.106  -20.490 0.4000000060
17061  36.366  -56.178  -25.161 0.4000000060
15216  33.092  -57.510  -20.496 0.5000000000
14252  33.497  -58.020  -20.294 0.5000000000
19829  37.155  -52.599  -25.687 0.6999999881
20790  35.676  -51.520  -24.772 0.6999999881
20789  36.499  -51.898  -25.275 0.5000000000
123119  34.150  -49.835  -25.517 0.6000000238
21715  33.290  -50.119  -25.469 0.6000000238
23384  32.468  -49.138  -25.752 0.6999999881
23385  31.024  -49.233  -25.811 0.6999999881
16158  32.783  -56.825  -21.406 0.5000000000
17062  35.807  -55.928  -24.457 0.4000000060
16145  33.170  -56.911  -20.674 0.6000000238
17076  36.897  -55.535  -25.940 0.4000000060
18014  37.521  -54.806  -25.760 0.5000000000
17019  33.732  -55.796  -20.938 0.6000000238
18925  37.232  -54.380  -26.141 0.6000000238
110544  37.559  -53.455  -25.972 0.6000000238
16144  33.736  -56.313  -20.507 0.6000000238
19828  37.735  -52.385  -25.795 0.6000000238
127366  35.893  -51.058  -25.499 0.6000000238
113921  34.887  -50.189  -25.465 0.6000000238
123247  34.266  -48.231  -25.348 0.6999999881
22581  33.447  -49.348  -25.625 0.6999999881
115805  33.349  -48.183  -25.504 0.6999999881
24245  32.392  -48.108  -25.595 0.6999999881
24246  31.358  -48.122  -25.632 0.6999999881
109436  33.347  -47.112  -25.406 0.6999999881
113023  32.308  -47.095  -25.533 0.6999999881
121876  31.415  -47.070  -25.510 0.6999999881
25172  33.220  -46.179  -25.328 0.6999999881
16165  33.315  -56.360  -22.202 0.5000000000
17050  34.653  -55.729  -23.244 0.5000000000
16176  35.108  -56.070  -24.212 0.5000000000
17060  37.280  -55.452  -25.388 0.4000000060
17033  33.720  -55.817  -21.714 0.5000000000
18013  38.466  -54.122  -25.288 0.5000000000
18921  38.003  -53.940  -25.948 0.6000000238
17956  34.638  -54.846  -20.859 0.6000000238
17032  34.155  -55.351  -21.291 0.5000000000
17968  35.327  -54.396  -21.453 0.5000000000
20793  37.305  -51.379  -25.642 0.6999999881
21713  36.110  -50.558  -25.524 0.6000000238
20794  36.611  -51.199  -25.634 0.6999999881
126830  34.954  -49.363  -25.446 0.6000000238
22579  35.614  -49.814  -25.433 0.6000000238
23383  35.089  -48.440  -25.183 0.6000000238
22580  34.375  -49.014  -25.494 0.6000000238
24244  34.159  -47.252  -25.129 0.6000000238
25174  30.860  -46.490  -25.387 0.6999999881
25171  33.807  -46.438  -25.066 0.6000000238
25173  32.101  -46.027  -25.500 0.6999999881
26066  31.151  -45.463  -25.361 0.6999999881
26059  33.553  -45.776  -25.053 0.6999999881
17047  37.431  -55.143  -24.519 0.4000000060
16164  33.942  -55.993  -22.785 0.5000000000
17049  35.466  -55.459  -23.554 0.4000000060
18000  38.069  -54.781  -24.979 0.5000000000
18920  38.677  -53.427  -25.447 0.6000000238
17980  35.543  -54.777  -22.646 0.4000000060
118513  38.136  -53.207  -25.880 0.6000000238
17969  34.729  -54.929  -21.829 0.4000000060
17989  36.573  -54.671  -23.339 0.4000000060
17979  36.189  -54.094  -22.128 0.4000000060
18895  38.205  -53.628  -22.156 0.4000000060
20792  38.217  -51.592  -25.404 0.6999999881
21712  36.851  -50.598  -25.531 0.6000000238
22578  36.411  -49.885  -25.346 0.6000000238
23380  35.174  -48.161  -24.679 0.6000000238
23378  36.034  -49.191  -25.092 0.6000000238
24243  34.700  -47.707  -24.965 0.6000000238
26065  32.257  -44.916  -25.459 0.6999999881
111534  33.292  -44.761  -25.120 0.6000000238
26929  33.076  -44.426  -25.276 0.6000000238
127739  37.557  -54.488  -23.611 0.4000000060
17988  38.265  -54.467  -24.138 0.4000000060
19827  38.593  -52.636  -25.518 0.6999999881
17978  38.212  -54.022  -23.231 0.4000000060
20787  39.160  -52.188  -24.961 0.8000000119
18882  37.027  -53.639  -21.554 0.5000000000
21711  37.575  -50.748  -25.322 0.6999999881
22571  37.131  -50.013  -25.145 0.6000000238
23379  35.653  -48.611  -24.834 0.5000000000
22572  36.616  -49.425  -24.789 0.6000000238
26061  30.400  -44.997  -24.975 0.6999999881
25165  33.427  -46.600  -24.157 0.6000000238
25164  33.723  -46.182  -24.942 0.6000000238
26931  31.321  -44.517  -25.323 0.8000000119
26927  30.548  -44.095  -24.877 0.8000000119
111274  33.246  -45.716  -24.480 0.6000000238
26060  33.459  -45.330  -25.012 0.6000000238
126386  39.884  -53.466  -23.979 0.5000000000
17999  39.313  -53.524  -24.694 0.6000000238
18904  39.809  -53.593  -23.462 0.5000000000
18879  41.127  -53.412  -21.038 0.6999999881
18894  39.297  -53.682  -22.813 0.4000000060
21710  38.173  -50.890  -24.956 0.6999999881
21705  37.722  -50.348  -24.725 0.6999999881
124847  36.120  -48.815  -23.970 0.6000000238
22566  36.569  -49.199  -23.911 0.6000000238
23375  35.072  -48.160  -23.963 0.6000000238
27771  29.936  -43.649  -24.395 0.6000000238
24234  34.049  -47.118  -24.466 0.6000000238
27773  32.167  -43.288  -25.392 0.6999999881
27774  31.434  -43.676  -25.261 0.6999999881
26923  32.546  -44.437  -23.855 0.6999999881
26922  33.056  -43.896  -24.692 0.6999999881
131060  33.059  -43.874  -25.229 0.6999999881
18903  40.618  -53.201  -23.138 0.5000000000
18912  40.148  -53.130  -24.077 0.6000000238
19822  39.816  -52.625  -24.443 0.6000000238
18878  41.298  -53.280  -21.013 0.6999999881
18893  40.528  -53.431  -22.351 0.6000000238
116646  39.683  -51.933  -24.259 0.6999999881
18851  41.242  -53.588  -20.119 0.6999999881
18866  40.992  -53.689  -20.105 0.6999999881
21704  38.385  -50.758  -24.303 0.6999999881
21695  37.818  -50.209  -23.900 0.6999999881
22567  35.943  -48.929  -23.374 0.5000000000
22558  37.168  -49.741  -23.413 0.6000000238
27765  29.512  -43.193  -23.814 0.5000000000
24224  33.378  -47.577  -23.371 0.6000000238
23366  35.367  -48.596  -23.411 0.6000000238
28665  30.143  -42.821  -24.325 0.6000000238
28658  29.659  -42.244  -23.734 0.5000000000
25158  32.712  -46.308  -23.697 0.6000000238
23376  34.373  -47.843  -23.750 0.6000000238
28669  32.440  -42.558  -25.264 0.6000000238
29581  31.158  -41.595  -24.844 0.5000000000
122583  31.374  -40.616  -24.865 0.5000000000
26055  32.410  -45.521  -23.650 0.6999999881
27764  32.581  -43.492  -23.981 0.6999999881
27763  32.897  -43.040  -24.776 0.6999999881
29586  32.650  -41.164  -25.068 0.5000000000
26916  31.623  -44.029  -23.271 0.6999999881
28657  32.566  -42.522  -24.062 0.6000000238
20783  40.146  -51.989  -23.380 0.6000000238
19799  41.217  -53.033  -21.909 0.6999999881
20774  40.751  -52.646  -22.614 0.6000000238
132324  39.661  -52.192  -20.088 0.6999999881
20784  39.164  -51.322  -23.875 0.6999999881
21694  38.477  -50.782  -23.449 0.6999999881
22559  36.471  -49.425  -22.967 0.6000000238
28659  29.111  -42.814  -23.278 0.4000000060
22560  35.384  -48.934  -22.724 0.5000000000
29576  30.273  -41.233  -24.176 0.4000000060
25159  31.871  -46.518  -23.082 0.6000000238
110336  32.524  -47.061  -23.234 0.6000000238
29580  32.090  -41.081  -25.292 0.5000000000
28656  32.767  -41.969  -24.840 0.5000000000
30451  32.761  -40.318  -25.008 0.4000000060
26050  31.468  -45.008  -23.171 0.6000000238
27757  31.720  -43.093  -23.297 0.6999999881
28649  31.697  -42.072  -23.205 0.5000000000
20759  39.944  -51.987  -21.584 0.6000000238
20776  39.258  -51.364  -23.015 0.6999999881
20732  38.318  -51.896  -19.430 0.6999999881
117449  38.618  -51.702  -20.168 0.6999999881
21682  38.463  -50.955  -22.520 0.6000000238
21684  36.970  -49.984  -22.471 0.6000000238
23361  33.613  -48.467  -21.943 0.6000000238
22552  35.520  -49.374  -22.027 0.5000000000
23368  33.856  -48.267  -22.807 0.6000000238
24226  31.834  -47.194  -22.437 0.6000000238
24225  32.598  -47.674  -22.528 0.6000000238
30452  32.175  -40.102  -25.248 0.4000000060
30453  31.630  -39.572  -24.931 0.5000000000
30444  30.599  -40.109  -24.356 0.4000000060
129072  31.404  -45.877  -22.971 0.6000000238
31336  32.345  -39.225  -25.045 0.4000000060
27758  31.008  -43.612  -22.769 0.6000000238
117878  30.764  -42.012  -22.350 0.5000000000
20761  38.004  -51.233  -20.985 0.6999999881
20760  38.660  -51.294  -21.668 0.6000000238
20733  37.092  -51.624  -19.518 0.6999999881
21662  37.032  -50.767  -21.007 0.6000000238
129082  37.627  -50.634  -21.859 0.6000000238
21670  36.640  -50.220  -21.648 0.5000000000
23355  33.389  -48.604  -21.155 0.6000000238
22553  34.182  -48.918  -21.401 0.6000000238
23362  32.904  -48.181  -21.783 0.6000000238
24217  31.394  -47.289  -21.505 0.5000000000
26051  30.744  -45.529  -22.494 0.6000000238
26917  30.688  -44.488  -22.551 0.6000000238
28650  30.921  -42.845  -22.604 0.5000000000
20744  36.335  -50.968  -20.337 0.6999999881
22547  34.999  -49.460  -21.219 0.6000000238
22549  33.814  -48.976  -20.731 0.5000000000
24213  31.898  -47.775  -20.808 0.6000000238
23356  32.640  -48.239  -20.965 0.6000000238
25148  30.620  -46.738  -20.996 0.6000000238
118046  29.711  -45.252  -21.333 0.6000000238
27747  30.352  -43.573  -22.188 0.5000000000
17942  36.195  -54.347  -19.190 0.5000000000
118803  38.473  -53.635  -19.708 0.5000000000
18843  36.927  -54.308  -18.674 0.5000000000
18855  37.308  -53.854  -19.240 0.5000000000
18853  40.484  -53.885  -19.266 0.6999999881
18841  40.226  -53.906  -17.539 0.6999999881
18854  39.418  -54.023  -18.427 0.5000000000
122356  39.569  -54.239  -17.438 0.5000000000
18852  41.069  -53.773  -19.309 0.6999999881
18840  40.611  -53.838  -18.383 0.6999999881
19788  40.692  -52.826  -19.609 0.6999999881
112055  33.758  -58.960  -20.362 0.3000000119
20795  35.157  -50.792  -25.277 0.6000000238
119145  31.739  -48.936  -25.784 0.6999999881
25168  30.220  -45.966  -25.066 0.6999999881
18880  39.862  -53.561  -21.469 0.6000000238
24233  34.650  -47.676  -24.607 0.6000000238
26926  33.212  -44.187  -25.119 0.6999999881
27770  30.734  -43.261  -24.802 0.6000000238
122474  32.837  -42.784  -25.067 0.6999999881
28663  31.819  -42.026  -25.270 0.6000000238
29582  30.382  -42.084  -24.388 0.5000000000
117633  32.570  -41.516  -24.135 0.5000000000
22551  36.224  -49.670  -22.171 0.5000000000
20743  37.485  -51.362  -20.279 0.6999999881
114527  30.280  -45.910  -21.702 0.6000000238
26041  30.190  -45.129  -22.016 0.6000000238
109374  36.262  -50.387  -21.008 0.6000000238
24216  32.182  -47.751  -21.678 0.6000000238
21663  35.501  -50.189  -20.662 0.5000000000
18826  38.732  -53.842  -16.500 0.6000000238
16967  32.520  -55.655  -15.681 0.6000000238
16961  31.149  -55.798  -15.020 0.4000000060
17922  35.799  -54.248  -15.953 0.5000000000
19742  39.061  -53.485  -16.721 0.6000000238
18001  35.589  -54.382  -25.542 0.5000000000
16080  31.107  -56.581  -15.111 0.4000000060
18913  36.913  -53.403  -25.758 0.5000000000
18906  35.691  -52.881  -24.170 0.5000000000
17923  34.905  -54.723  -15.988 0.5000000000
16074  30.332  -56.637  -13.857 0.4000000060
18914  36.140  -53.466  -24.956 0.5000000000
19816  35.307  -52.436  -23.701 0.5000000000
16966  33.282  -54.674  -15.610 0.6000000238
19824  35.795  -52.310  -24.307 0.5000000000
18828  35.978  -53.578  -16.140 0.5000000000
19760  40.123  -53.349  -17.785 0.6000000238
16049  30.233  -56.410  -11.799 0.4000000060
110917  30.945  -56.825  -11.347 0.4000000060
115069  32.308  -54.655  -15.353 0.4000000060
20778  33.808  -51.512  -22.684 0.5000000000
17913  34.160  -54.209  -15.668 0.5000000000
20777  34.541  -51.872  -23.001 0.5000000000
21685  33.191  -50.815  -23.028 0.5000000000
19743  38.015  -53.290  -16.590 0.6000000238
19752  38.589  -52.964  -16.910 0.6000000238
19772  40.551  -53.137  -18.706 0.6000000238
21714  34.231  -50.406  -25.154 0.5000000000
21698  32.519  -50.510  -23.758 0.5000000000
21686  32.339  -50.719  -22.613 0.4000000060
19745  35.385  -53.004  -16.385 0.5000000000
18829  34.930  -53.263  -16.027 0.5000000000
19754  35.816  -52.687  -17.081 0.6000000238
19763  36.275  -52.382  -17.900 0.6000000238
19761  39.097  -52.732  -17.578 0.6000000238
20727  36.709  -52.015  -18.721 0.6000000238
20726  38.025  -52.229  -18.625 0.6000000238
16962  30.676  -55.370  -14.424 0.4000000060
16050  29.818  -55.845  -12.371 0.4000000060
110807  31.876  -50.378  -24.781 0.5000000000
21699  31.699  -50.441  -23.555 0.5000000000
112316  31.019  -50.405  -23.385 0.4000000060
21707  32.699  -50.451  -24.730 0.6000000238
21687  31.407  -50.557  -22.628 0.4000000060
18820  33.331  -53.216  -15.547 0.6000000238
19746  34.266  -52.816  -16.218 0.6000000238
19755  34.682  -52.548  -17.070 0.6000000238
19764  35.082  -52.262  -17.923 0.6000000238
16916  30.255  -55.276  -10.508 0.4000000060
22573  31.082  -50.193  -25.244 0.5000000000
21709  29.949  -49.952  -24.573 0.4000000060
21702  28.922  -50.036  -23.365 0.4000000060
17916  32.112  -53.730  -15.041 0.6000000238
17908  31.420  -54.695  -14.889 0.4000000060
19737  32.975  -52.792  -15.708 0.6000000238
17915  32.898  -53.805  -15.354 0.6000000238
19736  33.627  -52.900  -15.830 0.5000000000
19756  33.693  -52.376  -17.056 0.6000000238
19747  33.325  -52.590  -16.273 0.5000000000
110135  35.548  -51.822  -18.698 0.6000000238
16915  31.174  -55.671  -10.293 0.4000000060
16953  29.747  -55.137  -12.744 0.4000000060
22584  30.309  -49.395  -25.635 0.6000000238
22575  29.651  -49.496  -25.231 0.5000000000
22576  28.249  -49.259  -24.483 0.5000000000
131711  28.254  -49.992  -23.329 0.5000000000
17909  30.773  -54.298  -14.221 0.4000000060
16958  30.162  -55.006  -13.613 0.4000000060
18816  31.431  -53.554  -14.539 0.5000000000
19739  31.459  -52.493  -15.250 0.5000000000
19749  31.684  -52.209  -16.093 0.5000000000
20722  34.083  -52.059  -17.849 0.6000000238
20728  34.516  -51.616  -18.589 0.6000000238
121268  35.953  -51.420  -19.493 0.6000000238
17862  29.720  -54.581  -10.622 0.4000000060
16917  29.732  -55.168  -11.176 0.4000000060
17847  30.201  -54.552  -9.917 0.4000000060
122519  30.774  -54.394  -9.478 0.4000000060
24247  30.565  -47.571  -25.478 0.6000000238
111295  29.443  -53.844  -10.787 0.4000000060
16939  29.617  -55.136  -11.947 0.4000000060
23387  28.937  -48.431  -25.179 0.6000000238
23382  28.252  -48.719  -24.765 0.5000000000
22577  27.554  -49.015  -24.319 0.4000000060
18802  29.634  -53.464  -12.521 0.4000000060
18822  31.916  -52.968  -14.910 0.5000000000
20714  31.978  -51.924  -16.903 0.5000000000
20723  32.388  -51.508  -17.592 0.6000000238
21653  34.116  -50.880  -19.161 0.6000000238
18722  29.889  -52.949  -9.033 0.4000000060
25175  29.942  -47.002  -25.251 0.6000000238
24240  29.150  -47.481  -25.019 0.6000000238
24241  28.382  -47.904  -24.755 0.5000000000
111050  26.893  -49.275  -23.739 0.5000000000
18786  29.401  -53.494  -11.621 0.4000000060
19706  30.437  -52.884  -13.704 0.4000000060
125538  30.450  -52.397  -14.292 0.5000000000
20699  30.904  -51.901  -15.849 0.5000000000
20730  32.821  -51.082  -18.272 0.5000000000
18721  30.641  -53.153  -8.759 0.4000000060
25169  29.433  -46.457  -24.740 0.6000000238
25170  28.670  -46.932  -24.467 0.5000000000
25167  27.573  -46.895  -23.395 0.5000000000
19740  30.690  -52.169  -15.003 0.5000000000
20715  31.203  -51.556  -16.653 0.4000000060
21647  31.400  -50.240  -17.683 0.4000000060
21654  33.356  -50.546  -18.821 0.4000000060
21659  33.832  -49.949  -19.513 0.6000000238
22544  33.932  -49.355  -20.165 0.4000000060
19637  30.255  -52.389  -8.529 0.4000000060
18755  29.405  -53.258  -10.204 0.4000000060
26062  29.638  -45.463  -24.575 0.6000000238
19662  29.143  -52.582  -10.413 0.4000000060
26928  29.783  -44.532  -24.478 0.5000000000
26063  28.951  -45.934  -24.180 0.5000000000
25166  28.286  -46.432  -23.792 0.5000000000
24227  26.854  -47.298  -23.001 0.4000000060
26057  28.581  -45.487  -23.488 0.4000000060
20681  29.994  -51.801  -14.680 0.5000000000
20700  30.192  -51.514  -15.512 0.5000000000
21621  29.781  -50.744  -15.898 0.6000000238
22541  31.979  -49.749  -18.251 0.4000000060
22539  33.156  -49.775  -19.010 0.4000000060
22545  32.629  -48.586  -19.446 0.4000000060
21648  30.701  -49.774  -17.337 0.5000000000
26924  29.318  -44.040  -23.895 0.5000000000
26056  29.165  -44.960  -23.974 0.6000000238
27766  28.955  -43.530  -23.282 0.4000000060
23346  32.235  -48.514  -18.878 0.5000000000
23351  33.183  -48.707  -20.269 0.5000000000
22518  30.101  -49.271  -16.819 0.5000000000
21636  30.173  -50.275  -16.635 0.5000000000
22531  31.392  -49.242  -17.858 0.5000000000
119500  31.914  -48.846  -18.428 0.5000000000
20615  29.206  -51.776  -9.388 0.4000000060
25149  29.868  -46.028  -20.903 0.5000000000
23357  32.362  -48.155  -20.097 0.4000000060
23352  31.981  -48.003  -19.247 0.5000000000
130671  31.056  -48.022  -17.745 0.5000000000
23319  30.224  -48.237  -16.898 0.5000000000
26033  29.524  -45.820  -20.133 0.4000000060
25141  29.797  -46.228  -19.467 0.4000000060
24218  31.235  -47.365  -20.617 0.5000000000
24215  30.863  -47.169  -19.880 0.5000000000
24205  31.411  -47.686  -18.660 0.5000000000
24211  30.999  -47.258  -19.065 0.5000000000
24192  31.055  -47.597  -17.992 0.5000000000
24193  30.533  -46.946  -17.573 0.5000000000
25132  30.414  -46.674  -18.271 0.4000000060
21706  33.314  -50.408  -25.050 0.5000000000
22583  31.014  -49.838  -25.703 0.6000000238
20791  34.840  -51.111  -24.553 0.6000000238
23386  30.359  -48.624  -25.660 0.6000000238
18923  36.486  -54.258  -25.948 0.5000000000
125769  35.043  -50.257  -20.231 0.6000000238
129745  34.294  -49.802  -19.956 0.4000000060
128656  33.794  -50.935  -23.489 0.5000000000
21696  34.046  -50.730  -24.306 0.5000000000
21697  33.295  -50.593  -24.064 0.5000000000
21701  29.714  -50.156  -23.548 0.4000000060
128995  30.578  -50.155  -24.737 0.6000000238
113693  29.069  -49.668  -24.367 0.4000000060
17895  29.586  -54.359  -12.216 0.4000000060
24248  29.708  -48.041  -25.403 0.6000000238
22585  29.573  -48.916  -25.496 0.6000000238
23381  28.879  -49.106  -25.090 0.5000000000
21703  27.681  -49.572  -23.751 0.5000000000
21690  28.585  -50.341  -22.612 0.5000000000
24242  27.661  -48.299  -24.397 0.5000000000
24235  27.916  -47.372  -24.179 0.5000000000
20724  31.593  -51.163  -17.389 0.5000000000
24236  27.185  -47.794  -23.836 0.5000000000
19724  29.792  -52.128  -13.822 0.5000000000
22540  32.591  -49.211  -18.817 0.3000000119
114762  30.430  -46.729  -19.107 0.4000000060
7077  29.876  -68.484  -22.881 0.3000000119
7088  30.367  -68.026  -24.352 0.3000000119
7076  30.290  -67.887  -23.602 0.3000000119
7805  31.692  -66.513  -24.836 0.3000000119
7099  31.148  -67.125  -24.937 0.3000000119
8533  31.294  -66.380  -24.064 0.3000000119
7811  32.466  -66.041  -25.437 0.3000000119
8532  32.150  -65.977  -24.632 0.3000000119
9263  29.424  -64.287  -20.519 0.3000000119
8512  30.291  -65.242  -22.188 0.3000000119
8523  31.640  -65.594  -23.736 0.3000000119
9319  32.475  -65.359  -24.248 0.3000000119
9279  29.849  -64.722  -21.372 0.3000000119
10105  30.670  -63.309  -20.431 0.3000000119
9278  30.773  -64.394  -21.717 0.3000000119
9277  31.502  -64.383  -22.272 0.4000000060
9297  32.765  -64.491  -23.530 0.4000000060
9296  33.479  -64.417  -24.045 0.4000000060
9316  34.313  -64.495  -25.041 0.3000000119
10953  32.148  -62.601  -19.979 0.3000000119
10120  32.527  -63.316  -21.561 0.4000000060
10143  32.799  -63.748  -22.574 0.4000000060
10946  31.587  -62.493  -19.242 0.3000000119
10161  34.166  -63.821  -23.861 0.4000000060
10087  33.451  -63.354  -18.485 0.4000000060
10945  32.471  -62.561  -19.395 0.4000000060
122682  34.772  -63.915  -24.629 0.4000000060
10160  35.620  -63.275  -24.329 0.3000000119
111465  32.971  -62.561  -19.886 0.4000000060
10969  33.249  -62.850  -21.151 0.3000000119
109756  33.443  -63.250  -22.076 0.4000000060
10933  33.187  -62.703  -19.222 0.4000000060
10989  35.456  -62.702  -22.646 0.5000000000
129024  33.995  -63.432  -22.863 0.4000000060
16143  34.255  -56.301  -19.982 0.5000000000
10086  34.308  -63.918  -18.576 0.4000000060
110959  35.027  -63.456  -23.937 0.4000000060
13346  34.035  -59.792  -20.783 0.3000000119
14250  35.232  -58.637  -20.360 0.4000000060
12577  37.099  -61.286  -24.444 0.3000000119
18016  35.921  -55.017  -26.405 0.4000000060
18017  35.035  -55.258  -26.285 0.4000000060
18867  37.165  -53.620  -20.413 0.4000000060
17954  36.128  -53.968  -19.963 0.4000000060
17955  35.326  -54.403  -20.461 0.4000000060
10944  33.791  -62.652  -19.726 0.4000000060
112130  34.101  -62.713  -21.217 0.3000000119
10119  34.214  -63.034  -22.177 0.5000000000
17943  35.460  -54.634  -19.666 0.4000000060
17004  34.593  -55.692  -19.831 0.4000000060
10096  34.058  -63.136  -19.082 0.4000000060
14251  34.411  -58.368  -20.230 0.4000000060
10140  35.603  -62.933  -23.507 0.4000000060
14224  35.149  -57.876  -19.914 0.5000000000
11001  36.359  -62.659  -23.968 0.5000000000
13335  35.907  -59.228  -20.845 0.4000000060
119808  35.172  -59.694  -21.185 0.4000000060
10999  37.158  -61.583  -24.366 0.3000000119
126046  38.140  -53.551  -20.439 0.4000000060
10943  34.674  -62.965  -19.573 0.4000000060
127314  34.405  -62.604  -20.264 0.4000000060
17003  35.210  -55.458  -19.384 0.4000000060
16131  34.900  -56.290  -19.484 0.5000000000
10942  35.361  -62.721  -20.043 0.4000000060
10951  35.065  -62.547  -20.955 0.4000000060
15200  35.626  -57.017  -19.334 0.5000000000
10095  35.609  -63.432  -19.421 0.4000000060
10941  36.469  -62.996  -19.721 0.4000000060
10950  36.094  -62.506  -20.777 0.4000000060
10966  36.863  -62.124  -21.858 0.5000000000
10965  37.497  -61.592  -22.863 0.5000000000
16990  35.957  -55.486  -18.691 0.4000000060
10094  37.179  -63.841  -19.001 0.4000000060
10986  37.319  -61.577  -23.870 0.5000000000
14223  36.284  -57.852  -19.688 0.4000000060
12543  37.661  -60.918  -23.401 0.4000000060
13352  37.787  -60.370  -22.471 0.4000000060
13353  36.993  -60.122  -22.550 0.4000000060
13334  37.108  -59.142  -20.670 0.4000000060
17931  36.504  -54.885  -18.399 0.4000000060
17927  37.533  -55.087  -17.312 0.3000000119
110547  37.086  -62.328  -20.497 0.4000000060
10949  37.794  -61.623  -21.375 0.4000000060
16130  35.647  -56.151  -18.944 0.4000000060
21689  29.502  -50.378  -22.538 0.4000000060
10085  37.881  -63.623  -18.222 0.4000000060
113403  37.537  -63.000  -19.501 0.4000000060
11773  38.122  -61.111  -22.242 0.5000000000
11790  38.091  -60.726  -22.314 0.5000000000
16129  36.561  -56.610  -18.585 0.5000000000
15199  36.921  -57.376  -18.984 0.4000000060
10084  38.360  -62.944  -18.707 0.4000000060
14248  36.904  -58.489  -20.003 0.4000000060
13344  38.010  -59.783  -21.489 0.4000000060
128027  37.735  -58.775  -20.005 0.4000000060
17930  38.678  -54.521  -17.187 0.4000000060
16989  36.921  -55.667  -17.850 0.3000000119
10940  37.902  -62.185  -20.037 0.4000000060
10948  38.401  -61.573  -20.518 0.4000000060
16117  37.298  -56.525  -17.632 0.3000000119
127845  38.907  -62.135  -19.159 0.4000000060
11759  39.435  -61.205  -19.335 0.4000000060
11763  38.930  -60.983  -20.739 0.4000000060
12525  38.684  -60.312  -21.323 0.5000000000
10921  37.780  -62.692  -17.821 0.4000000060
11756  39.060  -61.506  -18.651 0.4000000060
13331  39.644  -59.873  -19.974 0.4000000060
13333  38.201  -59.399  -20.619 0.4000000060
119609  37.391  -58.107  -19.436 0.4000000060
17929  39.838  -54.090  -16.976 0.4000000060
12517  39.592  -60.177  -20.236 0.4000000060
9351  31.396  -64.036  -26.522 0.3000000119
10098  29.565  -62.993  -19.222 0.3000000119
10097  30.521  -62.740  -19.501 0.3000000119
10934  32.433  -62.669  -18.688 0.4000000060
9232  34.808  -64.674  -18.427 0.4000000060
9246  35.900  -64.302  -18.823 0.4000000060
9231  36.192  -64.950  -18.357 0.4000000060
9244  37.462  -64.213  -18.353 0.4000000060
16978  37.489  -55.815  -17.029 0.3000000119
121672  37.403  -63.446  -17.609 0.4000000060
17926  38.111  -54.706  -16.901 0.4000000060
16100  37.410  -56.556  -17.088 0.4000000060
16116  37.516  -57.185  -17.518 0.4000000060
11749  36.979  -61.862  -17.641 0.4000000060
12508  39.109  -60.575  -18.492 0.4000000060
13301  39.548  -60.091  -18.815 0.4000000060
13320  39.135  -59.346  -19.407 0.4000000060
14206  38.341  -58.314  -18.355 0.3000000119
15198  37.835  -57.866  -18.628 0.4000000060
12493  37.433  -60.669  -17.774 0.4000000060
15201  34.592  -57.042  -19.733 0.4000000060
17920  38.707  -54.247  -16.644 0.4000000060
7109  30.656  -67.535  -25.793 0.3000000119
7794  30.404  -66.860  -23.315 0.3000000119
7812  31.878  -66.469  -25.210 0.3000000119
9365  30.783  -64.390  -26.966 0.3000000119
10211  32.291  -63.721  -27.115 0.3000000119
9262  30.222  -63.973  -20.891 0.3000000119
9299  31.145  -65.039  -22.726 0.4000000060
9318  33.139  -65.096  -24.553 0.4000000060
10121  31.555  -63.711  -21.519 0.3000000119
10954  31.340  -62.786  -20.105 0.3000000119
10144  32.146  -64.056  -22.418 0.4000000060
10142  33.395  -63.844  -23.242 0.4000000060
10935  31.472  -62.514  -18.377 0.3000000119
10077  33.307  -63.950  -17.749 0.4000000060
10967  35.777  -62.488  -21.813 0.4000000060
10987  37.036  -62.094  -23.569 0.5000000000
12544  37.398  -60.650  -23.423 0.3000000119
10988  36.360  -62.450  -22.911 0.5000000000
9245  36.753  -64.458  -18.585 0.4000000060
13343  38.737  -59.917  -21.137 0.4000000060
14222  38.349  -58.559  -19.192 0.4000000060
16089  34.791  -56.508  -16.500 0.4000000060
16973  35.553  -55.494  -16.288 0.4000000060
114953  32.916  -57.112  -16.346 0.4000000060
126800  32.239  -56.656  -15.855 0.3000000119
16974  34.361  -55.615  -16.216 0.5000000000
109516  36.541  -54.798  -16.216 0.4000000060
113206  36.725  -54.079  -16.076 0.4000000060
13247  36.429  -59.645  -12.211 0.3000000119
12454  35.294  -60.480  -12.470 0.3000000119
15082  33.829  -57.770  -11.541 0.3000000119
14089  31.651  -58.345  -12.268 0.3000000119
129591  31.193  -57.428  -11.717 0.3000000119
16067  30.244  -56.811  -13.291 0.3000000119
129215  34.905  -59.422  -12.215 0.3000000119
14110  35.211  -58.925  -11.950 0.3000000119
15081  34.796  -57.565  -11.474 0.3000000119
125551  37.695  -59.686  -12.279 0.3000000119
13246  37.051  -59.331  -12.096 0.3000000119
16048  32.046  -57.128  -11.242 0.3000000119
16021  31.550  -56.368  -10.746 0.3000000119
14084  36.286  -58.040  -11.634 0.3000000119
16045  35.031  -56.835  -11.162 0.3000000119
16047  33.251  -57.057  -11.173 0.3000000119
15078  37.250  -57.130  -11.466 0.3000000119
15079  36.430  -57.250  -11.438 0.3000000119
16911  35.477  -55.409  -10.546 0.3000000119
16043  36.638  -56.517  -11.221 0.3000000119
16910  36.305  -55.219  -10.642 0.3000000119
14082  37.858  -57.759  -11.688 0.3000000119
16019  33.689  -56.408  -10.778 0.3000000119
16902  32.924  -55.169  -9.939 0.3000000119
122511  32.142  -54.082  -9.225 0.3000000119
16042  37.490  -56.382  -11.316 0.3000000119
16912  34.680  -55.616  -10.507 0.3000000119
18737  33.709  -53.795  -9.324 0.3000000119
16909  37.168  -55.037  -10.790 0.3000000119
17859  35.732  -54.661  -10.301 0.3000000119
17860  34.887  -54.876  -10.182 0.3000000119
112541  35.316  -53.381  -9.513 0.3000000119
18720  31.535  -53.183  -8.642 0.3000000119
18738  32.874  -53.964  -9.241 0.3000000119
123576  32.245  -53.540  -8.871 0.3000000119
19636  31.207  -52.544  -8.326 0.3000000119
19638  29.617  -52.171  -8.888 0.3000000119
20591  31.331  -51.032  -7.642 0.3000000119
117183  30.389  -50.828  -8.007 0.3000000119
121379  29.622  -50.926  -8.569 0.3000000119
15132  31.504  -57.056  -15.460 0.3000000119
16091  32.926  -56.281  -16.121 0.4000000060
15085  30.592  -57.130  -12.088 0.3000000119
16914  32.289  -55.757  -10.326 0.3000000119
119341  33.833  -57.058  -16.552 0.5000000000
14109  36.152  -58.917  -11.926 0.3000000119
16046  34.198  -56.978  -11.168 0.3000000119
14088  32.417  -58.356  -11.911 0.3000000119
14115  30.776  -58.072  -13.188 0.3000000119
15108  30.498  -57.448  -13.695 0.3000000119
15080  35.626  -57.404  -11.447 0.3000000119
14083  37.068  -57.865  -11.617 0.3000000119
16020  32.711  -56.430  -10.737 0.3000000119
16044  35.827  -56.669  -11.187 0.3000000119
17858  36.576  -54.455  -10.455 0.3000000119
18735  36.094  -53.304  -9.726 0.3000000119
17861  33.943  -55.157  -10.138 0.3000000119
17880  38.091  -54.823  -11.023 0.3000000119
18736  34.551  -53.592  -9.414 0.3000000119
15170  37.629  -57.622  -17.552 0.3000000119
14191  37.683  -58.158  -17.515 0.4000000060
13285  35.403  -59.433  -17.468 0.4000000060
13284  36.402  -59.186  -17.483 0.4000000060
15149  37.390  -56.899  -17.028 0.3000000119
14194  34.770  -58.881  -17.327 0.4000000060
13286  34.432  -59.791  -17.380 0.3000000119
15171  37.257  -57.567  -17.169 0.4000000060
15173  35.247  -57.977  -17.136 0.4000000060
13270  33.058  -59.498  -16.675 0.3000000119
15150  36.914  -56.982  -16.745 0.3000000119
15172  36.438  -57.714  -17.038 0.4000000060
14174  34.119  -58.308  -17.069 0.4000000060
16088  36.164  -56.343  -16.514 0.3000000119
123126  35.718  -57.157  -16.721 0.4000000060
15152  33.489  -57.787  -16.668 0.4000000060
16087  37.091  -56.165  -16.681 0.3000000119
126658  36.615  -55.613  -16.440 0.3000000119
110033  37.846  -54.710  -16.711 0.3000000119
16971  37.462  -55.721  -16.950 0.3000000119
15151  34.503  -57.463  -16.786 0.4000000060
14192  36.922  -58.318  -17.305 0.4000000060
10926  31.475  -62.628  -17.615 0.3000000119
13302  38.811  -59.579  -18.282 0.3000000119
128170  29.952  -62.766  -14.843 0.3000000119
10905  30.632  -62.853  -15.581 0.3000000119
10079  31.653  -63.021  -16.798 0.3000000119
10088  32.731  -63.155  -18.071 0.3000000119
13283  37.417  -58.955  -17.532 0.3000000119
12492  38.379  -60.293  -18.058 0.3000000119
9185  32.137  -64.590  -14.777 0.3000000119
10067  32.385  -63.846  -16.543 0.3000000119
10061  32.265  -64.123  -15.893 0.3000000119
9221  33.104  -64.422  -17.078 0.3000000119
9219  34.673  -65.299  -17.927 0.3000000119
116112  36.925  -59.814  -17.602 0.3000000119
8421  32.501  -65.635  -13.935 0.3000000119
126522  32.609  -65.081  -15.076 0.3000000119
130951  32.458  -65.131  -14.530 0.3000000119
9211  32.939  -64.769  -16.276 0.3000000119
9220  33.865  -64.945  -17.572 0.3000000119
8430  33.637  -66.057  -14.890 0.3000000119
8442  33.571  -65.815  -15.582 0.3000000119
9210  33.674  -65.316  -16.979 0.3000000119
8454  33.590  -65.576  -16.286 0.3000000119
8484  35.451  -65.229  -18.222 0.3000000119
9230  37.053  -64.898  -17.941 0.3000000119
10075  37.433  -64.201  -17.641 0.3000000119
120214  33.798  -66.296  -14.141 0.3000000119
130126  34.884  -65.710  -17.611 0.3000000119
8452  35.119  -66.014  -17.278 0.3000000119
8468  36.871  -65.273  -17.309 0.3000000119
12494  36.468  -60.465  -17.601 0.3000000119
7713  34.596  -66.288  -14.890 0.3000000119
7700  35.753  -66.242  -13.389 0.3000000119
122266  35.502  -66.356  -15.397 0.3000000119
7732  34.989  -66.278  -16.613 0.3000000119
8451  36.751  -65.591  -16.726 0.3000000119
10065  36.984  -64.445  -17.125 0.3000000119
10922  36.766  -62.652  -17.496 0.3000000119
114405  36.552  -61.131  -17.617 0.3000000119
12496  34.653  -60.596  -17.398 0.3000000119
14205  38.591  -58.823  -18.251 0.3000000119
111239  36.478  -66.189  -15.491 0.3000000119
7731  35.955  -66.114  -16.788 0.3000000119
9209  36.755  -64.645  -16.442 0.3000000119
10923  35.927  -62.659  -17.265 0.3000000119
10078  32.421  -63.359  -17.383 0.3000000119
131315  31.217  -63.353  -15.359 0.3000000119
10068  31.595  -63.405  -15.957 0.3000000119
6409  29.870  -68.710  -23.527 0.3000000119
7701  34.734  -66.299  -13.835 0.3000000119
7711  36.932  -66.089  -14.871 0.3000000119
7712  35.912  -66.314  -14.584 0.3000000119
7714  33.077  -66.166  -14.224 0.3000000119
7722  35.773  -66.305  -16.120 0.3000000119
7723  34.795  -66.338  -15.826 0.3000000119
7724  34.098  -66.179  -15.514 0.3000000119
7733  34.196  -66.117  -16.188 0.3000000119
8429  37.272  -65.693  -14.481 0.3000000119
8431  32.951  -65.649  -14.870 0.3000000119
8443  33.025  -65.271  -15.609 0.3000000119
8453  34.302  -65.912  -16.861 0.3000000119
8469  36.106  -65.769  -17.322 0.3000000119
8470  34.409  -65.608  -17.400 0.3000000119
8483  36.258  -65.400  -17.843 0.3000000119
8524  30.726  -65.851  -23.131 0.3000000119
8531  32.756  -65.627  -24.871 0.3000000119
8542  32.383  -66.058  -25.052 0.3000000119
9198  32.470  -64.637  -15.485 0.3000000119
9199  31.759  -63.927  -15.219 0.3000000119
9218  37.109  -64.777  -17.504 0.3000000119
9229  37.520  -64.297  -17.901 0.4000000060
9233  34.088  -64.458  -18.133 0.3000000119
9247  34.982  -63.892  -18.919 0.4000000060
9298  31.938  -64.815  -23.234 0.3000000119
9317  33.840  -64.639  -24.698 0.4000000060
9364  31.701  -64.098  -27.696 0.3000000119
10052  30.843  -63.362  -14.747 0.3000000119
10073  38.280  -62.988  -18.243 0.4000000060
10074  37.876  -63.655  -17.921 0.4000000060
10076  36.620  -63.536  -17.242 0.3000000119
10093  37.852  -63.503  -18.793 0.4000000060
10104  31.928  -63.041  -20.753 0.3000000119
10106  29.854  -63.440  -20.047 0.3000000119
10122  30.884  -63.732  -21.092 0.3000000119
10141  34.765  -63.135  -23.017 0.4000000060
10904  30.979  -62.735  -16.330 0.3000000119
10916  30.196  -62.483  -16.363 0.3000000119
10925  32.079  -62.722  -18.035 0.3000000119
10931  39.248  -61.644  -18.940 0.4000000060
10932  38.751  -62.280  -18.691 0.4000000060
10952  33.536  -62.624  -20.425 0.3000000119
10968  34.865  -62.696  -21.932 0.5000000000
11747  38.424  -62.124  -18.283 0.4000000060
11748  37.739  -61.639  -17.876 0.4000000060
11760  38.999  -61.467  -19.903 0.4000000060
11762  39.479  -60.728  -20.096 0.4000000060
11764  38.446  -61.168  -21.361 0.5000000000
11772  38.565  -60.731  -21.479 0.4000000060
11791  37.713  -61.158  -23.266 0.5000000000
11804  37.363  -61.272  -24.001 0.4000000060
11813  37.130  -61.452  -24.415 0.3000000119
12495  35.609  -60.775  -17.521 0.3000000119
12507  39.571  -60.924  -18.924 0.4000000060
12515  39.724  -60.353  -19.506 0.4000000060
12518  39.135  -60.402  -20.754 0.5000000000
12524  39.279  -60.037  -20.663 0.4000000060
12526  38.290  -60.268  -21.758 0.4000000060
12563  37.350  -61.092  -24.065 0.4000000060
12564  37.002  -60.811  -24.094 0.3000000119
13282  38.244  -58.778  -17.789 0.3000000119
13287  33.628  -59.854  -17.065 0.3000000119
13319  39.612  -59.831  -19.271 0.4000000060
13332  39.037  -59.631  -20.329 0.4000000060
13336  34.724  -59.161  -20.577 0.4000000060
13337  33.106  -59.521  -20.478 0.3000000119
13345  37.100  -59.739  -21.638 0.4000000060
14085  35.454  -58.196  -11.678 0.3000000119
14086  34.608  -58.346  -11.738 0.3000000119
14108  37.014  -58.608  -11.813 0.3000000119
14114  31.330  -58.566  -12.842 0.3000000119
14128  30.763  -58.164  -13.859 0.3000000119
14175  33.208  -58.654  -16.717 0.4000000060
14190  38.156  -58.181  -17.856 0.4000000060
14193  35.851  -58.593  -17.352 0.4000000060
14195  33.822  -59.158  -17.138 0.3000000119
14204  39.159  -59.453  -18.754 0.4000000060
14249  36.068  -58.521  -20.262 0.4000000060
15083  32.784  -57.736  -11.538 0.3000000119
15084  31.780  -57.872  -11.785 0.3000000119
15101  31.014  -57.886  -12.357 0.3000000119
15102  30.468  -57.360  -12.868 0.3000000119
15153  32.577  -58.107  -16.360 0.4000000060
15188  37.968  -57.690  -17.986 0.3000000119
15189  37.514  -57.204  -18.164 0.4000000060
15215  33.755  -57.054  -20.206 0.5000000000
16016  36.889  -55.793  -10.988 0.3000000119
16017  36.059  -55.972  -10.861 0.3000000119
16018  34.493  -56.314  -10.795 0.3000000119
16022  30.496  -56.057  -10.961 0.4000000060
16075  29.985  -56.014  -13.251 0.4000000060
16081  30.666  -56.416  -14.542 0.4000000060
16084  31.672  -56.208  -15.449 0.3000000119
16090  33.671  -56.368  -16.343 0.4000000060
16118  36.436  -56.023  -18.378 0.4000000060
16157  33.330  -56.292  -21.128 0.5000000000
16177  34.336  -56.320  -23.825 0.5000000000
16903  31.922  -55.154  -9.824 0.4000000060
16904  30.912  -55.020  -9.798 0.4000000060
16913  33.290  -55.775  -10.420 0.3000000119
16938  37.770  -55.612  -11.164 0.3000000119
16965  34.023  -54.972  -15.865 0.6000000238
16968  31.765  -55.412  -15.336 0.4000000060
16972  37.251  -55.201  -16.567 0.3000000119
16975  33.446  -55.604  -16.003 0.5000000000
17017  34.789  -55.027  -20.058 0.4000000060
17018  34.232  -55.602  -20.436 0.6000000238
17039  34.920  -55.257  -22.720 0.4000000060
17040  34.323  -55.485  -22.286 0.5000000000
17048  36.391  -55.487  -24.239 0.4000000060
17843  35.211  -54.089  -9.827 0.3000000119
17844  34.296  -54.346  -9.728 0.3000000119
17845  32.508  -54.561  -9.540 0.3000000119
17846  31.602  -54.517  -9.464 0.3000000119
17848  29.684  -53.957  -10.019 0.4000000060
17881  29.525  -54.450  -11.422 0.4000000060
17904  30.342  -53.856  -13.580 0.4000000060
17905  29.830  -54.243  -12.968 0.4000000060
17912  34.982  -53.814  -15.820 0.5000000000
17914  33.583  -53.814  -15.519 0.6000000238
17919  39.577  -54.034  -16.792 0.4000000060
17921  37.683  -54.326  -16.353 0.4000000060
17932  35.699  -54.923  -19.020 0.4000000060
17967  36.063  -53.852  -20.955 0.5000000000
17987  38.975  -53.949  -24.370 0.5000000000
18015  36.633  -54.795  -26.282 0.6000000238
18739  31.299  -53.853  -9.033 0.3000000119
18740  30.233  -53.785  -9.352 0.4000000060
18741  29.685  -53.335  -9.601 0.4000000060
18754  36.019  -53.980  -10.049 0.3000000119
18773  29.287  -53.140  -10.871 0.4000000060
18817  30.880  -53.382  -14.066 0.5000000000
18819  34.135  -53.354  -15.744 0.6000000238
18821  32.622  -53.113  -15.290 0.6000000238
18825  39.574  -53.816  -16.788 0.4000000060
18827  37.340  -53.697  -16.297 0.5000000000
18834  40.177  -53.876  -17.421 0.6999999881
18835  39.992  -53.964  -17.012 0.4000000060
18842  38.140  -54.255  -18.173 0.5000000000
18881  38.173  -53.521  -21.086 0.4000000060
18892  41.164  -53.079  -21.973 0.6000000238
18896  37.199  -53.990  -22.695 0.4000000060
18905  38.915  -53.938  -23.666 0.5000000000
18922  37.047  -54.093  -26.196 0.5000000000
19651  29.378  -52.599  -9.609 0.4000000060
19652  28.972  -52.051  -9.944 0.4000000060
19723  31.146  -52.790  -14.441 0.5000000000
19738  32.236  -52.683  -15.508 0.5000000000
19744  36.620  -53.178  -16.517 0.6000000238
19748  32.500  -52.419  -16.232 0.5000000000
19751  39.716  -53.503  -17.013 0.6000000238
19753  37.177  -52.778  -16.977 0.6000000238
19757  32.801  -52.195  -17.036 0.6000000238
19762  37.619  -52.508  -17.785 0.6000000238
19771  41.086  -53.625  -19.402 0.6999999881
19773  39.385  -52.550  -18.512 0.6000000238
19787  41.209  -53.307  -20.290 0.6999999881
19800  41.138  -52.862  -21.236 0.6999999881
19810  40.986  -53.004  -22.664 0.5000000000
19814  40.652  -53.006  -23.321 0.6000000238
19815  40.301  -52.596  -23.812 0.6000000238
19826  39.446  -52.997  -24.963 0.6000000238
20605  30.781  -51.752  -8.032 0.3000000119
20701  29.549  -51.115  -15.118 0.5000000000
20716  30.443  -51.177  -16.339 0.4000000060
20729  33.632  -51.367  -18.450 0.6000000238
20731  39.567  -52.364  -19.391 0.6999999881
20734  35.390  -50.735  -19.995 0.6999999881
20735  34.955  -51.207  -19.344 0.6000000238
20742  39.142  -51.694  -20.835 0.6999999881
20758  40.765  -52.555  -21.985 0.6999999881
20775  40.095  -51.933  -22.505 0.6000000238
20782  40.674  -52.717  -23.158 0.6000000238
20785  35.183  -51.892  -23.671 0.5000000000
20786  34.456  -51.349  -23.528 0.5000000000
20788  38.829  -51.376  -24.670 0.6999999881
21635  30.847  -50.737  -17.077 0.5000000000
21646  32.109  -50.667  -17.980 0.4000000060
21655  32.650  -50.185  -18.537 0.4000000060
21658  34.623  -50.348  -19.806 0.6000000238
21664  34.682  -49.781  -20.392 0.5000000000
21671  35.858  -49.865  -21.430 0.5000000000
21683  37.739  -50.360  -22.920 0.6999999881
21688  30.486  -50.421  -22.727 0.4000000060
21700  30.457  -50.257  -23.863 0.4000000060
21708  31.096  -50.326  -24.291 0.4000000060
21716  32.550  -50.244  -25.368 0.6000000238
22548  34.329  -49.286  -20.766 0.5000000000
22561  34.823  -49.002  -22.075 0.5000000000
22565  37.222  -49.733  -24.380 0.6999999881
22568  28.414  -49.677  -23.884 0.5000000000
22574  30.422  -49.867  -25.322 0.6000000238
23320  29.527  -48.756  -16.245 0.5000000000
23335  31.424  -48.268  -18.084 0.5000000000
23336  30.791  -48.663  -17.475 0.5000000000
23347  31.829  -48.224  -18.640 0.5000000000
23360  34.230  -48.645  -22.205 0.6000000238
23367  34.717  -48.520  -22.981 0.6000000238
23369  33.199  -48.100  -22.498 0.6000000238
23373  36.127  -48.913  -24.475 0.6000000238
23374  35.686  -48.527  -24.121 0.6000000238
23377  26.972  -48.656  -23.972 0.5000000000
24206  30.842  -47.157  -18.408 0.5000000000
24210  31.400  -47.548  -19.330 0.5000000000
24214  31.638  -47.664  -19.956 0.4000000060
24239  34.185  -47.024  -24.956 0.6000000238
25133  29.812  -46.205  -18.629 0.4000000060
25144  30.130  -46.489  -20.097 0.4000000060
25147  31.019  -46.537  -22.256 0.6000000238
26054  33.171  -44.797  -24.624 0.6999999881
26064  33.191  -45.246  -25.245 0.6000000238
26906  29.937  -44.378  -21.799 0.6000000238
26930  32.378  -43.989  -25.434 0.6999999881
27769  33.066  -43.552  -25.128 0.6999999881
27772  32.787  -43.352  -25.247 0.6999999881
28664  30.964  -42.452  -24.820 0.5000000000
28668  32.670  -42.000  -25.063 0.5000000000
28670  31.617  -42.870  -25.205 0.6999999881
29575  32.011  -41.179  -23.439 0.5000000000
30442  32.748  -40.147  -24.888 0.4000000060
30456  32.556  -39.911  -25.119 0.4000000060
110428  31.277  -63.321  -20.786 0.3000000119
110678  33.261  -49.209  -19.528 0.4000000060
110921  30.817  -62.472  -18.735 0.3000000119
111243  39.331  -53.577  -20.358 0.4000000060
111667  33.204  -51.801  -17.743 0.6000000238
112100  30.144  -56.606  -12.639 0.3000000119
112158  37.947  -59.638  -17.751 0.3000000119
112327  37.638  -58.353  -11.801 0.3000000119
113201  30.858  -67.151  -24.313 0.3000000119
113251  37.903  -59.041  -12.074 0.3000000119
113437  38.390  -61.141  -18.192 0.4000000060
113790  35.396  -65.649  -17.732 0.3000000119
117463  40.366  -52.457  -20.573 0.6999999881
117729  35.470  -64.686  -18.542 0.4000000060
118268  35.969  -59.968  -17.553 0.4000000060
119508  36.436  -63.891  -19.100 0.4000000060
119605  30.718  -47.769  -17.456 0.5000000000
120135  35.897  -49.267  -22.638 0.6000000238
120283  33.396  -54.507  -9.629 0.3000000119
120780  30.299  -55.915  -13.957 0.4000000060
121250  31.683  -49.675  -25.794 0.6999999881
121287  32.393  -41.746  -25.241 0.5000000000
121656  35.260  -56.149  -10.808 0.3000000119
122136  32.724  -62.760  -20.611 0.3000000119
122362  30.027  -67.680  -22.883 0.3000000119
123067  36.940  -55.816  -25.084 0.4000000060
123179  35.172  -60.121  -17.502 0.3000000119
123233  34.234  -57.636  -20.033 0.4000000060
123881  37.422  -54.615  -17.998 0.3000000119
124009  34.030  -55.840  -10.534 0.3000000119
124106  39.241  -51.453  -22.260 0.6999999881
124636  29.897  -55.734  -11.543 0.4000000060
124666  35.599  -59.633  -12.252 0.3000000119
124671  33.191  -58.274  -11.740 0.3000000119
124916  39.201  -54.231  -16.807 0.4000000060
126159  36.245  -59.779  -21.645 0.4000000060
126195  38.308  -62.783  -19.260 0.4000000060
126339  29.942  -51.617  -8.414 0.3000000119
126418  38.496  -62.065  -19.714 0.4000000060
126933  38.784  -58.872  -18.721 0.3000000119
127159  32.502  -40.481  -25.177 0.4000000060
127601  35.657  -53.694  -9.767 0.3000000119
127834  29.465  -51.514  -8.847 0.3000000119
128917  35.970  -55.081  -23.434 0.4000000060
129132  29.963  -53.384  -13.149 0.4000000060
129439  35.514  -49.007  -25.240 0.6000000238
130309  35.668  -54.807  -16.107 0.4000000060
130718  37.156  -61.310  -17.710 0.4000000060
130791  30.020  -55.601  -11.017 0.4000000060
130943  38.493  -59.141  -19.904 0.4000000060
130987  29.564  -45.580  -20.788 0.5000000000
131147  36.998  -62.072  -22.840 0.5000000000
131267  37.106  -51.839  -25.693 0.6999999881
131382  40.675  -53.841  -18.538 0.6999999881
132272  35.484  -50.518  -25.441 0.6000000238
