#!ascii label  , from subject sub-v1s3x0050792_ses-1 vox2ras=TkReg
517
122170  -33.323  -51.943  -18.829 0.6999999881
117826  -32.348  -50.291  -20.067 0.6000000238
15602  -32.279  -51.068  -20.303 0.6000000238
15607  -30.849  -51.118  -22.022 0.4000000060
17855  -29.326  -48.710  -14.975 0.6999999881
18707  -29.112  -47.301  -15.163 0.6999999881
121751  -30.102  -48.703  -14.521 0.6999999881
130881  -30.448  -48.100  -14.427 0.6000000238
17076  -30.562  -49.439  -14.408 0.6999999881
17856  -30.918  -48.680  -14.339 0.6000000238
17077  -31.537  -49.523  -14.371 0.6000000238
17858  -32.444  -48.404  -14.718 0.6000000238
16290  -32.777  -50.254  -14.819 0.6000000238
17859  -32.588  -49.034  -14.781 0.6000000238
134600  -33.362  -48.593  -15.892 0.5000000000
16312  -33.428  -49.891  -16.317 0.5000000000
17098  -33.426  -48.966  -16.678 0.5000000000
17107  -33.368  -48.998  -17.787 0.6000000238
15589  -33.235  -50.545  -18.697 0.6000000238
118778  -33.138  -49.087  -18.722 0.6000000238
17124  -32.623  -49.250  -19.480 0.6000000238
17134  -32.168  -49.612  -20.141 0.6000000238
128725  -29.692  -46.877  -14.747 0.6000000238
18694  -31.097  -47.031  -14.335 0.6000000238
138590  -31.580  -47.527  -14.414 0.6000000238
19584  -32.482  -46.580  -14.780 0.6000000238
18695  -32.259  -47.519  -14.635 0.6000000238
18708  -32.854  -47.821  -15.104 0.6000000238
18718  -33.465  -47.238  -16.467 0.6000000238
135806  -33.491  -47.677  -16.900 0.6000000238
17890  -33.451  -48.132  -17.342 0.6999999881
17899  -33.300  -48.201  -18.385 0.6000000238
17907  -32.826  -48.439  -19.261 0.6000000238
16343  -31.756  -50.292  -20.671 0.5000000000
16342  -31.206  -50.017  -21.342 0.5000000000
19596  -28.286  -46.292  -15.714 0.6000000238
19597  -28.957  -46.534  -15.274 0.6000000238
118061  -29.599  -45.776  -14.977 0.6000000238
120177  -31.260  -46.151  -14.437 0.6000000238
19583  -31.798  -46.785  -14.494 0.6000000238
133079  -32.053  -45.897  -14.573 0.6000000238
20424  -32.787  -45.707  -14.938 0.6000000238
19599  -33.403  -46.421  -16.010 0.6000000238
18709  -33.221  -47.236  -15.603 0.6000000238
19610  -33.532  -46.443  -17.029 0.6000000238
19620  -33.519  -46.880  -17.865 0.6999999881
117999  -32.101  -48.643  -20.110 0.6000000238
16346  -30.738  -50.284  -22.092 0.4000000060
20434  -27.671  -45.114  -16.277 0.6000000238
20435  -28.272  -45.412  -15.843 0.6000000238
20436  -28.799  -45.741  -15.463 0.6000000238
20423  -31.441  -45.246  -14.527 0.6000000238
119862  -32.339  -44.876  -14.638 0.5000000000
118119  -33.532  -45.584  -17.311 0.6999999881
19638  -33.157  -46.119  -19.308 0.6000000238
18729  -33.463  -47.578  -17.884 0.6000000238
127061  -33.071  -47.004  -19.192 0.6000000238
18750  -32.463  -47.641  -19.717 0.6000000238
17915  -31.237  -48.412  -20.902 0.6000000238
17133  -31.419  -49.335  -20.877 0.6000000238
17919  -30.432  -48.896  -22.279 0.4000000060
17914  -30.801  -48.864  -21.509 0.5000000000
135580  -27.067  -44.712  -16.640 0.5000000000
21232  -28.244  -44.689  -16.045 0.6000000238
21233  -29.009  -44.748  -15.619 0.6000000238
120391  -30.762  -44.744  -14.705 0.5000000000
21216  -30.433  -44.051  -15.006 0.5000000000
21219  -33.090  -44.849  -15.119 0.6000000238
126536  -33.487  -44.112  -16.594 0.6000000238
21235  -33.415  -44.729  -15.906 0.6999999881
134001  -33.548  -45.544  -17.891 0.6999999881
20460  -33.537  -46.088  -17.877 0.6999999881
20483  -33.203  -45.218  -19.420 0.6000000238
19629  -33.408  -46.503  -18.596 0.6999999881
20482  -32.586  -45.747  -19.901 0.6000000238
19637  -32.522  -46.645  -19.796 0.6000000238
18758  -31.824  -47.112  -20.353 0.6000000238
19648  -31.028  -46.716  -20.969 0.6000000238
118897  -30.396  -48.142  -21.784 0.5000000000
17922  -30.222  -48.213  -22.705 0.4000000060
21248  -26.819  -43.930  -16.955 0.6000000238
21249  -27.684  -44.191  -16.446 0.6000000238
21234  -29.651  -43.945  -15.491 0.6000000238
21217  -31.390  -44.252  -14.589 0.6000000238
21956  -31.724  -43.414  -14.588 0.5000000000
21218  -32.828  -44.092  -14.847 0.6000000238
123261  -33.225  -44.041  -15.344 0.5000000000
123107  -33.556  -43.174  -18.184 0.5000000000
133160  -33.524  -44.287  -17.320 0.6000000238
120880  -33.534  -42.864  -18.831 0.5000000000
22012  -33.517  -43.646  -18.975 0.5000000000
21261  -33.560  -44.932  -17.836 0.6000000238
22024  -33.406  -42.963  -19.466 0.4000000060
21270  -33.515  -44.614  -18.800 0.6999999881
22036  -32.985  -43.140  -20.176 0.4000000060
129355  -31.509  -44.093  -20.857 0.5000000000
130991  -31.961  -44.641  -20.476 0.6000000238
20493  -31.862  -45.346  -20.448 0.6000000238
126228  -30.280  -44.203  -21.416 0.5000000000
20492  -30.853  -45.741  -21.130 0.6000000238
19662  -29.661  -46.856  -23.059 0.5000000000
19647  -30.192  -46.383  -21.634 0.6000000238
19653  -29.756  -46.709  -22.283 0.6000000238
21990  -27.329  -43.267  -16.868 0.5000000000
124840  -29.029  -43.769  -15.874 0.5000000000
21973  -30.111  -43.256  -15.346 0.5000000000
21955  -30.884  -43.402  -14.851 0.4000000060
21958  -33.027  -43.329  -15.053 0.4000000060
21974  -33.312  -43.273  -15.606 0.5000000000
21992  -33.468  -43.343  -16.343 0.5000000000
22789  -33.501  -42.662  -16.832 0.5000000000
23587  -32.609  -41.407  -20.767 0.4000000060
22831  -33.287  -42.431  -19.890 0.4000000060
22830  -32.620  -42.406  -20.627 0.4000000060
125440  -31.417  -42.797  -21.214 0.5000000000
22035  -32.043  -43.352  -20.770 0.5000000000
22828  -30.144  -43.023  -21.591 0.5000000000
22034  -30.782  -43.504  -21.247 0.5000000000
22033  -29.482  -43.557  -21.789 0.5000000000
20511  -29.203  -45.771  -22.721 0.5000000000
19661  -29.402  -46.316  -22.955 0.5000000000
20491  -29.665  -45.688  -21.873 0.6000000238
19656  -29.411  -46.206  -22.591 0.5000000000
22771  -33.437  -42.537  -15.973 0.4000000060
23563  -33.534  -41.592  -17.489 0.5000000000
23573  -33.545  -41.594  -18.342 0.5000000000
136857  -33.530  -41.307  -19.103 0.5000000000
130913  -31.921  -42.042  -21.237 0.4000000060
126130  -29.291  -42.770  -22.162 0.5000000000
21317  -29.249  -44.437  -23.054 0.5000000000
121039  -29.807  -45.269  -23.329 0.3000000119
23590  -29.202  -41.832  -22.696 0.5000000000
22042  -28.980  -43.629  -22.332 0.5000000000
21307  -28.937  -44.368  -22.521 0.5000000000
23580  -33.315  -41.555  -19.913 0.4000000060
24315  -33.428  -40.671  -19.428 0.4000000060
130755  -31.725  -40.391  -21.358 0.4000000060
24320  -32.439  -40.542  -20.909 0.4000000060
125317  -29.767  -40.944  -22.413 0.4000000060
24326  -30.231  -40.089  -22.111 0.4000000060
23591  -30.195  -41.668  -22.076 0.5000000000
22064  -29.860  -43.569  -23.380 0.4000000060
21318  -30.599  -44.390  -23.513 0.4000000060
22844  -29.021  -42.425  -22.792 0.5000000000
23598  -28.996  -41.582  -23.092 0.5000000000
128937  -28.876  -43.094  -22.573 0.5000000000
22052  -28.994  -43.658  -22.727 0.5000000000
25065  -29.572  -39.568  -22.461 0.4000000060
24325  -29.258  -40.306  -22.712 0.4000000060
122915  -30.753  -42.620  -23.958 0.4000000060
125425  -29.212  -42.885  -23.170 0.5000000000
24344  -29.012  -40.876  -23.231 0.5000000000
25075  -28.922  -39.713  -22.940 0.4000000060
22853  -30.849  -41.666  -24.214 0.4000000060
23608  -31.841  -41.051  -24.258 0.3000000119
24334  -28.885  -40.337  -23.051 0.5000000000
23607  -29.309  -41.227  -23.660 0.5000000000
22852  -29.521  -41.941  -23.581 0.5000000000
132760  -28.991  -39.143  -22.803 0.4000000060
24345  -31.547  -40.300  -24.171 0.3000000119
24346  -32.300  -40.440  -23.921 0.3000000119
25082  -28.963  -39.676  -23.208 0.4000000060
22861  -29.988  -41.340  -24.134 0.5000000000
25838  -29.659  -38.884  -23.950 0.4000000060
24353  -29.645  -40.190  -24.067 0.5000000000
24354  -30.592  -40.197  -24.272 0.5000000000
26628  -28.844  -38.232  -23.135 0.4000000060
117450  -31.953  -39.804  -23.921 0.3000000119
25085  -32.521  -39.740  -23.459 0.3000000119
25827  -28.809  -39.070  -23.093 0.4000000060
133045  -31.276  -38.711  -23.848 0.4000000060
115278  -29.315  -38.373  -23.574 0.4000000060
25083  -30.505  -38.780  -24.041 0.4000000060
27538  -28.698  -36.779  -23.312 0.5000000000
25839  -31.746  -38.218  -23.388 0.3000000119
25829  -32.439  -38.044  -22.737 0.4000000060
27531  -32.952  -37.007  -21.873 0.4000000060
25817  -33.062  -38.589  -22.429 0.4000000060
26639  -29.259  -37.486  -23.546 0.4000000060
26629  -31.246  -37.401  -23.465 0.5000000000
26630  -31.904  -37.422  -22.929 0.4000000060
27539  -30.100  -36.853  -23.734 0.5000000000
115178  -30.383  -37.432  -23.732 0.5000000000
27540  -30.817  -36.729  -23.516 0.5000000000
27529  -31.508  -36.680  -23.074 0.4000000060
27530  -32.216  -36.751  -22.480 0.4000000060
27516  -32.752  -36.034  -21.716 0.4000000060
26616  -33.062  -37.809  -22.059 0.3000000119
120146  -29.570  -36.456  -23.659 0.5000000000
28567  -30.099  -35.557  -23.573 0.5000000000
29634  -32.481  -34.331  -21.396 0.4000000060
29635  -33.076  -34.982  -21.161 0.3000000119
30666  -28.696  -34.266  -22.694 0.5000000000
29633  -31.533  -34.417  -22.120 0.4000000060
28558  -31.818  -35.939  -22.606 0.4000000060
28540  -33.786  -35.634  -20.806 0.3000000119
29659  -29.316  -35.154  -23.348 0.5000000000
28568  -31.026  -35.884  -23.268 0.5000000000
28557  -31.365  -35.140  -22.804 0.5000000000
29650  -30.198  -34.671  -23.177 0.5000000000
30657  -32.142  -33.684  -21.352 0.4000000060
30636  -32.903  -33.141  -20.720 0.4000000060
30653  -28.353  -33.640  -22.215 0.5000000000
29614  -33.413  -33.946  -20.735 0.3000000119
30667  -29.762  -34.154  -22.648 0.5000000000
30655  -30.286  -33.637  -21.971 0.5000000000
29632  -30.663  -34.175  -22.509 0.5000000000
29651  -30.945  -34.644  -22.908 0.5000000000
31413  -32.575  -32.301  -20.686 0.4000000060
31429  -28.148  -33.022  -21.636 0.5000000000
31410  -29.550  -32.126  -20.819 0.5000000000
32168  -33.096  -31.720  -20.715 0.3000000119
31409  -28.586  -32.329  -20.991 0.5000000000
31431  -29.939  -32.957  -21.425 0.5000000000
16334  -32.778  -50.613  -19.521 0.6000000238
117263  -31.251  -50.693  -21.387 0.5000000000
17089  -33.287  -49.285  -15.703 0.6000000238
20437  -33.262  -45.622  -15.549 0.6999999881
17916  -31.767  -47.874  -20.389 0.6000000238
21251  -33.505  -44.881  -16.884 0.6999999881
18756  -30.313  -47.204  -21.662 0.6000000238
20472  -33.489  -45.573  -18.590 0.6999999881
21290  -32.568  -44.021  -20.240 0.5000000000
19649  -31.822  -46.217  -20.400 0.6000000238
22811  -33.545  -42.423  -18.317 0.5000000000
22820  -33.511  -42.149  -19.139 0.5000000000
129309  -33.249  -43.621  -19.716 0.4000000060
21298  -29.106  -44.282  -21.994 0.5000000000
20502  -29.314  -45.725  -22.366 0.5000000000
23586  -31.590  -41.288  -21.444 0.4000000060
22829  -30.749  -42.280  -21.637 0.5000000000
24321  -33.098  -40.640  -20.189 0.4000000060
126433  -31.194  -39.466  -24.096 0.4000000060
26631  -32.496  -37.403  -22.451 0.4000000060
30654  -29.334  -33.628  -22.138 0.5000000000
11690  -29.155  -57.130  -13.751 0.5000000000
120062  -29.686  -57.784  -14.594 0.5000000000
11691  -29.512  -57.169  -14.295 0.5000000000
125133  -29.932  -57.531  -18.373 0.5000000000
11153  -29.924  -58.166  -16.682 0.5000000000
11708  -29.774  -57.647  -15.909 0.4000000060
12265  -29.787  -56.435  -13.982 0.5000000000
12286  -29.977  -56.970  -15.793 0.6000000238
12276  -30.185  -56.590  -14.676 0.6000000238
12297  -29.877  -57.476  -16.690 0.5000000000
12338  -30.086  -57.245  -19.915 0.4000000060
13485  -29.074  -54.566  -13.121 0.6999999881
12860  -29.636  -55.223  -13.352 0.6999999881
12868  -30.727  -55.869  -13.973 0.6999999881
12287  -30.971  -56.428  -15.441 0.5000000000
12277  -31.277  -56.012  -14.574 0.6999999881
124261  -30.513  -56.675  -18.285 0.5000000000
12315  -30.804  -56.530  -17.430 0.5000000000
12298  -30.559  -56.710  -16.605 0.5000000000
12931  -30.499  -56.219  -20.017 0.5000000000
12322  -30.032  -57.353  -19.056 0.5000000000
14149  -27.483  -53.329  -14.390 0.5000000000
14136  -27.830  -53.761  -13.486 0.6999999881
14138  -29.493  -53.250  -13.934 0.6999999881
13484  -28.189  -54.340  -12.932 0.6999999881
133714  -29.579  -53.947  -13.430 0.6999999881
12861  -30.473  -55.172  -13.589 0.6000000238
12880  -32.167  -55.474  -15.683 0.6999999881
12870  -32.320  -55.121  -15.106 0.6000000238
12916  -31.337  -55.831  -18.665 0.5000000000
12907  -31.504  -55.890  -17.702 0.6000000238
134192  -31.873  -55.659  -17.100 0.6000000238
12339  -30.567  -56.450  -19.219 0.5000000000
117301  -30.343  -56.312  -21.456 0.5000000000
14825  -27.892  -52.683  -14.846 0.5000000000
14150  -28.431  -53.249  -14.173 0.6999999881
13486  -30.031  -54.503  -13.426 0.6999999881
14139  -30.413  -53.691  -13.667 0.6999999881
14816  -30.309  -52.969  -14.004 0.6999999881
12862  -31.216  -55.193  -13.897 0.8000000119
13495  -32.226  -54.510  -14.605 0.6999999881
12908  -32.266  -55.267  -17.284 0.6000000238
13501  -32.591  -54.919  -15.798 0.6999999881
13531  -31.878  -55.059  -19.020 0.6999999881
12917  -32.109  -55.195  -18.171 0.6000000238
12947  -30.976  -55.460  -20.103 0.6000000238
12932  -31.189  -55.635  -19.470 0.6000000238
119559  -30.480  -55.228  -21.489 0.6000000238
14854  -27.032  -51.897  -16.044 0.5000000000
15541  -27.606  -51.606  -15.670 0.6000000238
14839  -27.426  -52.268  -15.489 0.5000000000
14840  -28.120  -52.042  -15.189 0.6000000238
14826  -28.841  -52.478  -14.551 0.6000000238
14827  -29.843  -52.429  -14.275 0.6999999881
126308  -31.446  -52.238  -14.274 0.6999999881
14828  -30.669  -52.301  -14.202 0.6000000238
14140  -31.297  -53.727  -13.915 0.6999999881
128862  -31.730  -53.027  -14.240 0.6999999881
125457  -32.629  -54.355  -15.205 0.6999999881
13539  -32.239  -54.344  -19.284 0.6999999881
13558  -31.004  -54.917  -20.603 0.6999999881
13538  -31.601  -54.773  -19.832 0.6999999881
15557  -27.177  -51.239  -16.178 0.5000000000
15542  -28.247  -51.305  -15.325 0.6000000238
15526  -29.398  -51.746  -14.577 0.6000000238
15527  -30.234  -51.618  -14.343 0.6000000238
128897  -32.391  -53.159  -14.616 0.8000000119
14841  -32.809  -52.538  -14.986 0.5000000000
15529  -31.971  -51.356  -14.373 0.6000000238
13516  -33.260  -54.021  -16.728 0.6999999881
14177  -33.410  -53.348  -16.775 0.6999999881
14192  -32.800  -53.618  -18.997 0.6999999881
14184  -33.069  -53.906  -18.201 0.6999999881
14216  -30.730  -53.578  -21.925 0.5000000000
128899  -31.530  -54.215  -20.453 0.6999999881
14899  -30.895  -52.746  -21.927 0.5000000000
16310  -26.687  -50.750  -16.652 0.5000000000
120125  -27.687  -50.098  -15.983 0.5000000000
17088  -28.173  -49.454  -15.722 0.6000000238
16298  -27.719  -50.877  -15.792 0.6000000238
119820  -29.332  -50.260  -14.821 0.6000000238
17075  -29.723  -49.464  -14.671 0.6000000238
16287  -30.586  -50.802  -14.350 0.6000000238
124966  -30.855  -50.096  -14.344 0.6000000238
122354  -33.447  -52.101  -16.323 0.6000000238
15558  -33.394  -51.405  -15.848 0.5000000000
16288  -31.384  -50.586  -14.335 0.5000000000
116473  -33.423  -52.286  -18.169 0.6000000238
15570  -33.469  -51.779  -17.330 0.6000000238
117531  -32.699  -52.877  -19.655 0.6000000238
14870  -33.229  -52.684  -18.939 0.6000000238
14890  -31.787  -52.613  -20.786 0.5000000000
16311  -27.077  -50.030  -16.456 0.5000000000
17087  -27.500  -49.230  -16.268 0.6000000238
17074  -28.934  -49.505  -15.206 0.6000000238
15530  -32.573  -50.928  -14.656 0.5000000000
17078  -32.381  -49.614  -14.598 0.5000000000
137478  -33.448  -51.053  -17.386 0.4000000060
116041  -33.472  -50.515  -16.907 0.5000000000
116898  -33.424  -50.702  -15.999 0.5000000000
14877  -33.018  -52.064  -19.452 0.6000000238
17106  -26.176  -49.642  -17.284 0.5000000000
17879  -26.984  -48.494  -16.665 0.6000000238
17880  -27.645  -48.350  -16.194 0.6000000238
17869  -28.572  -48.752  -15.500 0.6000000238
17118  -33.301  -49.782  -18.237 0.5000000000
123476  -33.433  -49.768  -17.301 0.4000000060
17105  -25.617  -49.210  -17.781 0.5000000000
121954  -26.354  -48.053  -17.235 0.5000000000
131399  -27.352  -47.880  -16.419 0.6000000238
17870  -28.873  -47.992  -15.322 0.6000000238
17898  -24.962  -47.954  -18.579 0.5000000000
18727  -25.630  -47.573  -17.820 0.5000000000
18716  -26.881  -47.667  -16.732 0.6000000238
18705  -27.779  -47.616  -16.076 0.6000000238
18738  -24.267  -47.409  -19.497 0.5000000000
18739  -24.897  -47.058  -18.612 0.5000000000
121267  -25.624  -46.709  -17.833 0.5000000000
133094  -26.449  -46.367  -17.167 0.6000000238
18717  -27.337  -47.266  -16.430 0.6000000238
19627  -24.201  -46.423  -19.620 0.5000000000
19628  -24.846  -46.090  -18.666 0.5000000000
127304  -27.692  -45.975  -16.168 0.5000000000
20470  -24.148  -45.344  -19.752 0.5000000000
19619  -25.572  -45.775  -17.911 0.5000000000
19635  -23.055  -45.925  -20.620 0.5000000000
19608  -26.927  -45.567  -16.687 0.4000000060
132881  -23.049  -44.299  -20.684 0.5000000000
20471  -24.782  -45.012  -18.822 0.5000000000
20458  -25.501  -44.758  -18.044 0.4000000060
20459  -26.198  -45.460  -17.398 0.4000000060
118714  -24.003  -44.151  -19.969 0.4000000060
126355  -24.632  -43.670  -19.281 0.4000000060
21259  -25.482  -43.691  -18.240 0.4000000060
15580  -33.380  -51.328  -18.225 0.6000000238
14891  -32.429  -52.114  -20.184 0.5000000000
119078  -30.899  -51.932  -21.990 0.4000000060
16289  -32.144  -50.362  -14.442 0.6000000238
20448  -26.339  -44.588  -17.319 0.4000000060
21260  -26.120  -43.586  -17.604 0.4000000060
13487  -30.891  -54.464  -13.664 0.6999999881
14162  -33.281  -53.439  -16.090 0.6999999881
13532  -32.508  -54.442  -18.565 0.6999999881
13525  -32.827  -54.488  -17.604 0.6999999881
14829  -32.211  -52.325  -14.486 0.6000000238
15528  -31.067  -51.463  -14.275 0.6000000238
14197  -32.185  -53.773  -19.916 0.6999999881
14842  -33.233  -52.721  -15.684 0.6999999881
14185  -33.332  -53.640  -17.463 0.6999999881
14207  -32.233  -52.980  -20.286 0.6000000238
14206  -31.676  -53.466  -20.671 0.6000000238
11699  -29.751  -57.217  -15.001 0.6000000238
11717  -29.741  -57.869  -17.346 0.5000000000
12314  -30.034  -57.290  -17.553 0.5000000000
12869  -31.786  -55.299  -14.474 0.8000000119
12879  -31.822  -55.797  -15.160 0.6999999881
12894  -31.600  -56.013  -16.026 0.6000000238
12895  -32.168  -55.470  -16.484 0.6000000238
12946  -30.507  -55.833  -20.727 0.6000000238
13494  -31.628  -54.490  -14.072 0.6999999881
13502  -33.017  -54.189  -15.901 0.6999999881
13515  -32.754  -54.751  -16.625 0.6999999881
13557  -31.018  -54.126  -21.215 0.5000000000
13576  -30.525  -54.381  -21.966 0.6000000238
14135  -26.930  -53.856  -13.648 0.6999999881
14137  -28.778  -53.811  -13.426 0.6999999881
14148  -26.621  -53.547  -14.652 0.5000000000
14151  -32.015  -53.784  -14.289 0.6999999881
14152  -32.475  -53.859  -14.749 0.6999999881
14161  -32.879  -53.459  -15.264 0.6999999881
14193  -33.330  -53.176  -18.208 0.6999999881
14205  -31.267  -53.134  -21.364 0.5000000000
14817  -30.999  -53.005  -14.014 0.6999999881
14855  -33.408  -52.865  -16.400 0.6999999881
14863  -33.477  -52.746  -17.238 0.6999999881
14878  -33.183  -51.309  -19.126 0.6999999881
15543  -32.687  -51.680  -14.782 0.6000000238
15544  -33.124  -51.007  -15.181 0.5000000000
15588  -32.751  -51.423  -19.731 0.6000000238
15600  -31.285  -51.460  -21.409 0.4000000060
15601  -31.785  -51.756  -20.814 0.5000000000
16285  -28.954  -51.058  -14.839 0.6000000238
16286  -29.761  -50.945  -14.505 0.6000000238
16299  -28.434  -50.370  -15.413 0.6000000238
16300  -33.203  -50.111  -15.444 0.6000000238
16320  -33.393  -50.482  -17.804 0.5000000000
17079  -32.924  -49.492  -15.026 0.6000000238
17097  -26.767  -49.389  -16.770 0.5000000000
17125  -32.983  -49.855  -19.056 0.6000000238
17132  -30.758  -49.506  -21.768 0.5000000000
17137  -30.542  -49.585  -22.576 0.4000000060
17857  -32.139  -49.004  -14.516 0.6000000238
17868  -28.186  -48.115  -15.766 0.6000000238
17871  -32.994  -48.660  -15.226 0.6000000238
17881  -33.445  -48.043  -16.427 0.5000000000
17888  -25.632  -48.417  -17.799 0.5000000000
17889  -26.306  -48.868  -17.246 0.5000000000
17897  -24.370  -48.342  -19.361 0.5000000000
18692  -29.693  -47.856  -14.721 0.6999999881
18693  -30.407  -47.366  -14.445 0.6000000238
18706  -28.394  -47.241  -15.620 0.6000000238
18728  -26.366  -47.249  -17.245 0.6000000238
18740  -33.350  -47.324  -18.519 0.6000000238
18757  -31.064  -47.590  -20.958 0.6000000238
18761  -29.979  -47.430  -22.501 0.5000000000
18764  -29.936  -47.489  -22.985 0.4000000060
19582  -30.438  -46.445  -14.507 0.6000000238
19595  -27.770  -46.829  -16.071 0.6000000238
19598  -33.060  -46.435  -15.270 0.6000000238
19609  -27.196  -46.528  -16.524 0.5000000000
19636  -23.493  -45.647  -20.384 0.5000000000
19657  -29.599  -46.793  -22.902 0.5000000000
20421  -29.974  -44.761  -15.047 0.5000000000
20422  -30.571  -45.491  -14.623 0.6000000238
20449  -33.470  -45.613  -16.420 0.6999999881
20480  -23.113  -44.889  -20.639 0.5000000000
20481  -23.375  -44.484  -20.503 0.4000000060
20490  -22.892  -44.222  -20.618 0.5000000000
20503  -29.138  -45.121  -22.344 0.5000000000
20512  -29.194  -45.203  -22.798 0.5000000000
20517  -29.504  -46.118  -23.107 0.5000000000
21250  -28.480  -43.991  -16.135 0.5000000000
21279  -23.237  -43.436  -20.593 0.4000000060
21280  -32.616  -44.894  -20.013 0.6000000238
21281  -33.235  -44.336  -19.573 0.6999999881
21289  -31.136  -44.834  -21.019 0.6000000238
21957  -32.474  -43.369  -14.697 0.5000000000
22003  -33.522  -43.461  -17.281 0.5000000000
22799  -33.533  -42.668  -17.606 0.5000000000
23606  -29.297  -40.711  -23.747 0.5000000000
23615  -29.891  -40.802  -24.168 0.5000000000
23616  -30.839  -40.911  -24.297 0.3000000119
24327  -30.827  -40.685  -21.793 0.4000000060
24335  -28.984  -41.012  -22.933 0.5000000000
24343  -29.110  -40.256  -23.453 0.5000000000
25084  -31.895  -39.116  -23.684 0.3000000119
25089  -29.348  -39.582  -23.769 0.4000000060
25090  -30.142  -39.496  -24.202 0.4000000060
25828  -32.446  -38.842  -23.102 0.4000000060
25837  -29.090  -38.999  -23.433 0.4000000060
26640  -29.945  -38.165  -23.846 0.5000000000
26641  -30.868  -38.088  -23.807 0.5000000000
28539  -32.105  -35.173  -21.956 0.4000000060
28556  -30.776  -35.106  -23.244 0.5000000000
28566  -29.030  -35.962  -23.511 0.5000000000
29615  -34.115  -34.669  -20.617 0.3000000119
29649  -29.354  -34.590  -23.027 0.5000000000
31414  -33.410  -32.436  -20.670 0.3000000119
31430  -28.985  -32.982  -21.576 0.5000000000
116385  -33.535  -42.095  -17.799 0.5000000000
116841  -31.308  -52.264  -21.391 0.4000000060
117421  -33.520  -42.167  -17.256 0.5000000000
118280  -29.815  -57.985  -15.230 0.4000000060
119146  -31.468  -56.067  -16.908 0.6000000238
119401  -25.042  -48.806  -18.530 0.5000000000
121332  -31.685  -51.049  -20.900 0.5000000000
121780  -33.091  -47.744  -19.059 0.6000000238
123468  -32.576  -49.914  -19.638 0.6000000238
124019  -31.035  -47.869  -14.309 0.6000000238
124364  -30.127  -50.166  -14.448 0.6000000238
125188  -33.509  -47.321  -17.266 0.6000000238
125582  -33.469  -51.252  -16.622 0.5000000000
126023  -29.916  -44.983  -21.668 0.5000000000
126813  -31.707  -48.383  -14.410 0.6000000238
127173  -33.424  -43.913  -15.917 0.5000000000
127958  -32.807  -47.118  -15.027 0.6000000238
128033  -33.187  -51.917  -15.393 0.5000000000
128049  -30.447  -48.979  -22.947 0.4000000060
128194  -33.254  -47.996  -15.673 0.5000000000
128556  -33.557  -44.009  -18.074 0.6000000238
130886  -29.549  -46.128  -22.126 0.5000000000
131675  -30.371  -36.258  -23.609 0.5000000000
133204  -26.853  -47.031  -16.754 0.6000000238
133354  -31.311  -55.609  -14.204 0.6999999881
133945  -27.997  -48.775  -15.888 0.6000000238
134545  -32.203  -44.016  -14.579 0.6000000238
135278  -28.684  -51.748  -14.893 0.6000000238
135598  -29.987  -58.213  -15.867 0.5000000000
136622  -33.410  -47.613  -16.031 0.6000000238
137228  -29.717  -56.815  -14.493 0.6000000238
138894  -27.284  -50.617  -16.231 0.5000000000
139159  -32.764  -33.739  -20.988 0.4000000060
