#!ascii label  , from subject sub-v1s3x0050792_ses-1 vox2ras=TkReg
1335
4752  -18.517  -71.188  -26.547 0.5000000000
3754  -17.852  -72.303  -23.724 0.5000000000
3271  -18.658  -72.762  -23.105 0.5000000000
2836  -19.696  -73.422  -23.030 0.5000000000
4772  -20.910  -70.903  -28.123 0.5000000000
4753  -19.566  -71.052  -27.191 0.5000000000
4754  -20.652  -70.867  -27.502 0.5000000000
4744  -19.030  -70.349  -25.639 0.5000000000
5227  -20.173  -70.411  -26.143 0.6000000238
4743  -18.340  -70.632  -25.024 0.5000000000
2824  -19.462  -74.560  -22.488 0.5000000000
4238  -17.691  -71.880  -24.364 0.5000000000
2087  -19.459  -75.661  -22.250 0.5000000000
2434  -19.992  -74.763  -22.793 0.6000000238
4227  -18.153  -71.256  -22.760 0.6000000238
129334  -19.493  -72.862  -22.997 0.6000000238
3736  -18.819  -71.974  -21.773 0.6999999881
2837  -20.327  -73.633  -23.085 0.6999999881
3253  -19.896  -72.853  -21.851 0.6999999881
3273  -20.551  -73.536  -22.858 0.6999999881
2838  -20.906  -73.817  -23.170 0.6999999881
4755  -21.548  -70.606  -27.645 0.5000000000
5228  -21.320  -70.288  -26.399 0.6000000238
134289  -22.033  -70.235  -26.991 0.6000000238
124263  -22.162  -69.739  -25.908 0.6000000238
4733  -18.370  -70.414  -23.719 0.5000000000
2095  -20.177  -75.519  -23.022 0.5000000000
2094  -19.819  -76.422  -23.169 0.5000000000
1782  -20.431  -76.679  -24.729 0.6999999881
2102  -20.559  -75.955  -23.966 0.6999999881
2108  -21.199  -75.890  -24.855 0.6999999881
4239  -17.918  -71.195  -23.597 0.6000000238
2441  -21.048  -74.955  -23.767 0.6999999881
138311  -18.332  -70.778  -22.119 0.6999999881
4214  -18.444  -71.286  -21.741 0.6999999881
2442  -21.710  -74.906  -23.898 0.6999999881
3724  -18.971  -72.361  -20.785 0.6999999881
3255  -21.048  -73.728  -22.665 0.6999999881
2435  -21.874  -74.533  -23.344 0.6999999881
3234  -19.515  -73.013  -20.460 0.6999999881
2813  -20.940  -73.957  -20.691 0.6999999881
2826  -21.685  -74.036  -22.187 0.6999999881
2814  -21.644  -74.334  -20.885 0.6999999881
5239  -22.232  -70.193  -27.739 0.5000000000
5229  -22.662  -69.645  -26.949 0.6000000238
5704  -23.074  -69.056  -25.754 0.6000000238
5695  -22.993  -68.927  -24.294 0.6000000238
5217  -20.688  -69.926  -25.292 0.6000000238
5219  -22.321  -69.397  -24.653 0.6000000238
5216  -19.762  -69.858  -24.913 0.6000000238
2113  -21.255  -76.350  -25.592 0.6999999881
5204  -18.864  -69.924  -24.395 0.6999999881
2109  -21.757  -75.828  -25.071 0.6999999881
1793  -21.849  -76.636  -26.149 0.6999999881
1794  -22.118  -76.861  -26.128 0.6999999881
118188  -19.900  -69.494  -23.256 0.6999999881
2110  -22.039  -75.883  -25.097 0.6999999881
1465  -22.193  -77.918  -26.495 0.6999999881
5194  -18.600  -70.001  -22.840 0.6999999881
132725  -19.233  -69.620  -22.428 0.6999999881
2450  -21.919  -75.401  -24.492 0.6999999881
134633  -22.086  -75.488  -24.415 0.6999999881
1788  -22.356  -76.720  -25.119 0.6999999881
133421  -22.538  -78.273  -24.327 0.6999999881
4709  -18.607  -70.565  -21.447 0.6999999881
4691  -19.140  -70.482  -20.742 0.6999999881
2443  -22.118  -75.039  -23.838 0.6999999881
1783  -22.593  -77.518  -23.539 0.6999999881
3714  -19.104  -72.649  -19.377 0.6999999881
2436  -22.331  -74.812  -22.890 0.6999999881
137530  -22.329  -75.538  -23.876 0.6999999881
3219  -19.887  -73.429  -19.676 0.6999999881
2840  -22.073  -74.406  -22.605 0.6999999881
2096  -22.558  -75.492  -23.038 0.6999999881
2804  -21.168  -74.109  -19.938 0.6999999881
2429  -22.651  -74.908  -21.690 0.6999999881
2805  -21.881  -74.128  -19.901 0.6999999881
5717  -23.473  -68.453  -27.804 0.5000000000
5711  -24.034  -68.189  -26.423 0.6000000238
6219  -24.456  -67.554  -25.614 0.6000000238
6230  -24.537  -67.224  -26.802 0.5000000000
6209  -24.457  -67.374  -24.544 0.6000000238
6240  -23.876  -67.305  -27.496 0.5000000000
5718  -24.081  -67.775  -27.281 0.5000000000
127868  -24.030  -67.942  -24.534 0.6000000238
6781  -24.621  -66.282  -23.675 0.6000000238
5696  -23.519  -68.411  -23.959 0.6000000238
6790  -24.315  -67.179  -23.669 0.6000000238
5206  -21.608  -69.508  -23.852 0.6000000238
121454  -20.578  -69.627  -24.195 0.6999999881
5207  -22.346  -69.243  -23.500 0.6999999881
5195  -20.436  -69.508  -22.495 0.6999999881
119057  -20.903  -69.536  -23.284 0.6999999881
1176  -22.567  -79.244  -25.579 0.6999999881
124513  -19.949  -69.592  -21.762 0.6999999881
5186  -21.006  -69.602  -21.731 0.6999999881
1164  -22.706  -79.131  -24.537 0.6999999881
1187  -23.634  -79.389  -25.641 0.6999999881
5172  -20.196  -69.865  -20.922 0.6999999881
1448  -22.848  -78.798  -23.599 0.6999999881
1177  -22.981  -79.412  -24.953 0.6999999881
137134  -23.323  -79.478  -26.657 0.6999999881
4676  -19.730  -71.150  -19.326 0.6000000238
1772  -22.814  -77.440  -22.285 0.6999999881
1449  -23.421  -78.823  -23.195 0.6999999881
1178  -23.692  -79.298  -24.464 0.6999999881
1194  -24.095  -79.298  -26.977 0.6999999881
3695  -19.510  -72.356  -18.595 0.6999999881
1761  -22.828  -76.588  -21.902 0.6999999881
1762  -23.545  -77.229  -21.545 0.6000000238
1440  -24.432  -78.150  -22.407 0.6999999881
1166  -23.754  -79.118  -23.664 0.6999999881
3221  -21.521  -73.715  -19.312 0.6000000238
2827  -22.354  -74.615  -21.437 0.6999999881
138202  -22.862  -74.867  -21.205 0.6999999881
2088  -22.760  -75.557  -21.848 0.6999999881
2089  -23.468  -76.185  -21.465 0.6000000238
1773  -24.340  -77.402  -21.954 0.6000000238
3222  -22.374  -73.666  -19.440 0.6000000238
3236  -22.735  -74.200  -20.351 0.6000000238
2828  -23.521  -74.696  -21.222 0.6000000238
2431  -24.076  -74.997  -21.500 0.5000000000
2090  -24.102  -76.481  -21.564 0.5000000000
2097  -24.882  -76.632  -22.262 0.5000000000
3223  -23.246  -73.504  -19.710 0.6000000238
3237  -23.644  -73.744  -20.555 0.5000000000
2816  -23.968  -73.953  -21.130 0.5000000000
6220  -24.836  -66.786  -25.423 0.6000000238
6819  -25.021  -65.881  -26.500 0.6000000238
7332  -24.881  -65.318  -23.671 0.5000000000
7854  -25.179  -64.402  -23.635 0.6999999881
6241  -24.438  -67.046  -27.134 0.5000000000
6818  -24.675  -65.880  -26.643 0.6000000238
135971  -25.091  -64.826  -25.816 0.6000000238
6802  -23.042  -66.290  -26.151 0.6000000238
6817  -23.907  -66.100  -26.797 0.6000000238
7331  -24.183  -65.956  -22.641 0.4000000060
7352  -24.711  -65.102  -25.944 0.6000000238
6780  -23.908  -66.853  -22.795 0.5000000000
5685  -23.669  -67.701  -22.948 0.6000000238
6197  -23.030  -68.358  -22.405 0.6000000238
5196  -21.597  -69.473  -22.713 0.6999999881
5188  -22.386  -69.129  -22.502 0.6000000238
5187  -21.824  -69.417  -21.733 0.6999999881
4693  -20.927  -70.045  -20.266 0.6000000238
5173  -21.299  -69.661  -20.969 0.6000000238
4169  -20.404  -71.853  -18.547 0.6000000238
1451  -25.014  -78.205  -23.250 0.6000000238
1460  -24.560  -78.764  -24.014 0.6000000238
135577  -25.098  -78.581  -25.383 0.6999999881
1466  -24.646  -78.958  -26.065 0.6999999881
1477  -25.149  -78.747  -27.508 0.6999999881
3208  -21.063  -73.078  -18.779 0.6000000238
1774  -25.079  -77.494  -22.668 0.6000000238
1203  -24.650  -79.190  -28.563 0.6999999881
3210  -22.855  -73.176  -18.853 0.6000000238
129453  -24.620  -75.562  -21.970 0.4000000060
2437  -25.424  -75.892  -22.697 0.4000000060
2098  -25.485  -76.761  -22.902 0.5000000000
1784  -25.730  -77.294  -23.636 0.6000000238
128678  -25.607  -78.132  -25.234 0.6000000238
3715  -23.652  -72.929  -19.167 0.5000000000
3716  -24.411  -72.589  -19.594 0.5000000000
3238  -24.291  -73.378  -20.869 0.5000000000
2829  -24.330  -74.190  -21.516 0.5000000000
2104  -25.942  -76.235  -23.433 0.4000000060
2111  -26.263  -76.412  -24.377 0.6000000238
7863  -25.561  -63.682  -24.571 0.6000000238
7341  -25.392  -64.600  -24.793 0.6000000238
8391  -25.087  -63.423  -22.229 0.6000000238
7883  -25.035  -64.687  -25.724 0.6000000238
7875  -25.259  -64.046  -25.303 0.5000000000
8925  -25.301  -62.115  -25.131 0.6000000238
8919  -24.478  -61.619  -24.967 0.6000000238
136545  -24.888  -64.143  -22.655 0.6000000238
7351  -23.700  -65.463  -25.513 0.6999999881
8409  -23.485  -62.780  -24.428 0.6000000238
8918  -23.309  -61.892  -24.323 0.6000000238
7317  -23.680  -65.656  -21.610 0.5000000000
7318  -24.446  -64.967  -22.402 0.6000000238
123777  -23.511  -64.972  -24.717 0.6000000238
6765  -23.513  -66.491  -21.853 0.5000000000
7853  -22.752  -63.714  -23.583 0.6999999881
6187  -23.316  -67.393  -22.044 0.6000000238
8400  -22.199  -63.444  -22.481 0.6000000238
5673  -22.417  -68.855  -21.606 0.6000000238
5672  -21.965  -69.286  -20.903 0.6000000238
4677  -20.676  -70.505  -19.488 0.6000000238
4660  -21.282  -70.496  -18.795 0.6000000238
4158  -23.275  -71.520  -17.351 0.6000000238
135609  -21.828  -72.643  -18.510 0.6000000238
4159  -24.066  -71.316  -17.696 0.6000000238
3699  -23.266  -72.668  -18.259 0.6000000238
1789  -26.099  -77.358  -24.976 0.6000000238
1795  -26.067  -77.683  -26.253 0.6000000238
1801  -25.877  -78.184  -27.393 0.6000000238
3700  -24.066  -72.362  -18.672 0.5000000000
3725  -24.672  -72.831  -20.475 0.5000000000
3239  -24.810  -73.087  -21.144 0.5000000000
1486  -26.515  -78.571  -28.792 0.6000000238
2445  -26.281  -75.615  -23.977 0.4000000060
136561  -26.306  -77.083  -25.841 0.6000000238
127981  -26.387  -76.737  -26.725 0.6000000238
8921  -26.102  -62.080  -24.123 0.6000000238
9533  -25.515  -60.843  -24.330 0.5000000000
8913  -25.688  -62.191  -22.849 0.6000000238
119168  -25.078  -61.391  -21.673 0.5000000000
7864  -25.642  -62.973  -24.922 0.6000000238
10132  -25.060  -60.212  -24.909 0.6000000238
8403  -25.686  -62.833  -23.177 0.5000000000
8392  -25.444  -62.707  -22.250 0.5000000000
8903  -25.057  -62.830  -21.468 0.5000000000
9556  -25.417  -61.121  -25.106 0.5000000000
8920  -25.848  -61.689  -24.883 0.6000000238
125965  -23.946  -60.563  -24.823 0.5000000000
7844  -24.432  -64.170  -21.696 0.6000000238
8401  -22.628  -62.713  -23.405 0.6999999881
8912  -22.555  -61.745  -23.657 0.6000000238
131388  -21.843  -61.616  -22.919 0.6000000238
6764  -22.978  -66.922  -21.189 0.5000000000
8390  -21.761  -63.196  -21.710 0.5000000000
8911  -21.918  -62.502  -22.411 0.6999999881
6186  -22.773  -67.908  -21.398 0.5000000000
5656  -21.899  -68.983  -19.945 0.5000000000
133453  -21.517  -69.564  -20.357 0.6000000238
138884  -22.071  -69.662  -17.802 0.6000000238
5148  -21.779  -70.119  -18.227 0.5000000000
4649  -22.974  -70.905  -17.097 0.6000000238
4157  -22.593  -71.423  -17.458 0.6000000238
4189  -24.829  -71.987  -19.121 0.5000000000
2451  -26.381  -75.400  -24.945 0.5000000000
2452  -26.411  -75.142  -26.159 0.5000000000
2118  -26.658  -76.409  -27.583 0.6000000238
1808  -26.804  -77.468  -28.277 0.6000000238
10119  -25.022  -60.344  -23.767 0.6000000238
9526  -25.200  -61.172  -22.952 0.6000000238
10118  -24.559  -59.471  -24.644 0.6000000238
8890  -25.254  -61.851  -21.462 0.5000000000
10131  -24.606  -59.606  -24.778 0.6000000238
10130  -23.792  -59.454  -24.740 0.6999999881
8383  -24.625  -63.031  -20.493 0.6000000238
9532  -22.510  -60.705  -23.952 0.6000000238
7832  -24.040  -64.015  -20.631 0.6000000238
9525  -21.279  -61.730  -22.042 0.6000000238
9531  -21.424  -60.842  -22.904 0.6000000238
6750  -23.225  -66.175  -21.096 0.5000000000
5657  -22.329  -68.443  -20.710 0.5000000000
8382  -21.410  -63.377  -21.015 0.5000000000
8902  -21.366  -62.546  -21.420 0.6000000238
120722  -21.729  -69.145  -19.032 0.5000000000
5616  -22.099  -68.925  -17.734 0.6000000238
5147  -21.808  -69.368  -18.329 0.5000000000
5137  -23.135  -69.992  -17.050 0.5000000000
4650  -23.636  -70.738  -17.302 0.5000000000
122432  -26.680  -75.620  -27.407 0.6000000238
10660  -23.679  -59.383  -22.622 0.6000000238
10105  -24.301  -59.903  -23.136 0.5000000000
10093  -24.126  -60.200  -21.538 0.5000000000
10659  -24.152  -58.197  -23.876 0.6999999881
10094  -24.651  -60.859  -20.820 0.5000000000
10129  -23.636  -58.740  -24.637 0.6999999881
10669  -24.224  -58.744  -24.581 0.6000000238
115806  -24.761  -61.342  -20.108 0.5000000000
10117  -22.277  -59.754  -23.929 0.6000000238
8882  -24.844  -62.142  -20.002 0.5000000000
8373  -24.122  -63.554  -19.790 0.6000000238
9530  -20.817  -59.864  -22.887 0.6999999881
7831  -23.521  -64.806  -20.238 0.6000000238
9524  -20.606  -60.861  -21.952 0.6000000238
7304  -23.328  -65.546  -20.673 0.6000000238
9512  -20.275  -61.167  -20.478 0.6999999881
8901  -20.629  -61.678  -21.124 0.6999999881
6174  -22.548  -67.402  -20.508 0.5000000000
6749  -22.800  -66.338  -20.296 0.5000000000
133339  -20.438  -61.978  -20.367 0.6000000238
6159  -22.354  -67.005  -19.560 0.5000000000
9494  -20.246  -61.768  -19.704 0.5000000000
136615  -22.077  -67.539  -19.007 0.6000000238
5641  -22.194  -67.946  -19.796 0.5000000000
8874  -20.355  -62.780  -18.883 0.6000000238
5628  -21.895  -68.541  -18.330 0.5000000000
5136  -22.534  -69.445  -17.324 0.6000000238
5122  -23.692  -69.107  -17.066 0.5000000000
10646  -23.013  -58.749  -22.324 0.5000000000
10647  -23.499  -59.536  -21.030 0.5000000000
115835  -23.116  -57.202  -23.999 0.8000000119
11229  -23.855  -57.595  -23.734 0.6999999881
10632  -24.124  -60.141  -20.234 0.5000000000
10080  -24.502  -60.746  -19.731 0.5000000000
11231  -21.244  -57.905  -23.311 0.6999999881
11232  -22.694  -57.935  -24.128 0.6999999881
11233  -24.165  -57.604  -24.130 0.8000000119
10666  -22.236  -58.863  -24.004 0.6999999881
10063  -24.494  -60.805  -18.799 0.5000000000
11228  -20.124  -58.487  -22.165 0.6999999881
10665  -20.999  -58.787  -23.158 0.6999999881
8374  -24.500  -62.846  -19.634 0.6000000238
9495  -24.673  -61.475  -19.321 0.5000000000
10645  -20.241  -59.411  -20.755 0.6000000238
10658  -20.161  -59.194  -21.502 0.6000000238
131565  -23.298  -64.699  -19.377 0.6000000238
10092  -20.257  -60.263  -20.716 0.6999999881
116336  -20.325  -60.735  -21.137 0.6999999881
123691  -22.538  -66.129  -19.186 0.6000000238
7290  -23.036  -65.461  -19.771 0.6000000238
9511  -20.156  -60.910  -19.911 0.6000000238
6149  -22.154  -66.858  -18.491 0.6000000238
6138  -22.120  -67.951  -17.582 0.6000000238
128507  -20.014  -62.220  -18.276 0.6000000238
5617  -22.512  -68.546  -17.164 0.6000000238
5121  -22.990  -68.969  -16.895 0.5000000000
11780  -23.757  -56.901  -23.630 0.6000000238
11775  -23.692  -56.778  -23.519 0.5000000000
11220  -22.659  -57.950  -22.147 0.5000000000
10631  -23.435  -59.319  -19.673 0.5000000000
11779  -22.329  -56.785  -23.603 0.8000000119
10614  -24.080  -60.137  -19.202 0.5000000000
126463  -20.210  -57.674  -22.414 0.6999999881
8364  -24.177  -63.213  -19.041 0.6000000238
10566  -17.966  -58.577  -15.512 0.6000000238
11219  -20.026  -58.468  -21.301 0.8000000119
10567  -18.712  -58.827  -15.449 0.6000000238
127465  -20.403  -59.562  -19.679 0.6999999881
11200  -20.358  -58.532  -20.367 0.8000000119
7825  -23.659  -63.945  -19.146 0.6000000238
10036  -18.348  -60.135  -16.217 0.6000000238
10079  -20.237  -60.264  -19.954 0.6000000238
7271  -22.355  -65.961  -18.192 0.6000000238
10049  -19.754  -60.868  -17.616 0.6000000238
9484  -19.916  -61.430  -18.329 0.6000000238
10060  -20.108  -60.866  -19.175 0.6000000238
123285  -22.056  -67.228  -17.756 0.6000000238
135391  -22.270  -66.366  -16.982 0.6000000238
9493  -20.124  -61.325  -19.241 0.5000000000
5596  -22.887  -68.120  -16.668 0.5000000000
5597  -23.497  -68.331  -16.695 0.5000000000
6124  -23.375  -67.604  -16.291 0.5000000000
132546  -24.085  -56.105  -22.949 0.5000000000
11769  -22.811  -56.998  -22.069 0.5000000000
12357  -23.196  -56.429  -23.526 0.6000000238
12358  -23.869  -56.094  -23.289 0.5000000000
11778  -20.608  -57.004  -22.727 0.8000000119
12356  -21.386  -56.451  -22.976 0.6999999881
11774  -19.860  -57.275  -21.733 0.8000000119
125518  -19.888  -57.866  -21.651 0.8000000119
8876  -24.567  -62.347  -18.937 0.6000000238
10062  -24.080  -60.255  -18.269 0.5000000000
11125  -17.699  -57.984  -14.821 0.6000000238
11768  -19.824  -57.582  -21.149 0.8000000119
9485  -24.635  -61.543  -18.375 0.5000000000
11138  -19.056  -58.681  -15.023 0.6999999881
11137  -18.271  -58.306  -15.063 0.6000000238
126629  -20.654  -58.945  -19.258 0.8000000119
7816  -23.097  -64.422  -18.382 0.6000000238
8363  -23.654  -63.570  -18.369 0.6000000238
8869  -24.437  -62.313  -17.908 0.6000000238
10568  -19.499  -59.174  -15.508 0.6000000238
7815  -22.578  -65.181  -17.827 0.6000000238
7824  -22.775  -65.297  -18.798 0.6000000238
7800  -23.194  -63.859  -17.678 0.6000000238
10037  -19.158  -60.273  -16.448 0.6000000238
10061  -20.262  -60.275  -18.939 0.6000000238
115896  -22.419  -65.799  -16.709 0.6000000238
10050  -20.167  -60.260  -17.870 0.6000000238
6123  -22.716  -67.363  -16.488 0.6000000238
7239  -22.689  -65.769  -16.117 0.6000000238
6684  -23.676  -66.331  -15.442 0.5000000000
6108  -23.928  -67.038  -15.865 0.5000000000
6125  -24.184  -67.697  -16.477 0.5000000000
6109  -24.691  -66.919  -16.086 0.5000000000
12955  -22.332  -56.056  -23.193 0.6000000238
12351  -20.044  -56.641  -21.952 0.6999999881
11675  -17.363  -57.844  -13.806 0.6000000238
11696  -17.188  -57.539  -14.545 0.6000000238
12345  -19.729  -56.801  -21.203 0.8000000119
10052  -24.506  -60.886  -17.863 0.5000000000
11111  -17.946  -58.158  -14.379 0.6000000238
12334  -19.777  -56.900  -20.889 0.8000000119
10040  -24.401  -60.937  -16.950 0.5000000000
11126  -18.535  -58.406  -14.700 0.6999999881
11738  -20.808  -58.171  -19.443 0.8000000119
8868  -23.676  -63.118  -17.498 0.6000000238
9476  -24.543  -61.580  -17.419 0.6000000238
115208  -19.956  -59.097  -15.055 0.8000000119
11183  -20.960  -58.674  -18.440 0.6999999881
7799  -22.771  -64.452  -17.364 0.6000000238
8857  -23.504  -63.123  -16.593 0.6000000238
10569  -20.320  -59.183  -15.810 0.6999999881
10583  -20.226  -59.522  -16.491 0.6999999881
10612  -20.560  -59.516  -18.353 0.6000000238
7249  -22.471  -65.139  -17.020 0.6000000238
129979  -23.203  -63.740  -16.215 0.6000000238
10038  -19.815  -60.167  -16.904 0.6000000238
7769  -23.187  -64.420  -15.732 0.5000000000
7225  -23.168  -65.714  -15.570 0.5000000000
12949  -20.780  -55.977  -22.310 0.6000000238
13573  -21.428  -55.281  -22.136 0.5000000000
11674  -16.726  -57.598  -13.049 0.6000000238
13572  -20.053  -55.634  -21.321 0.6999999881
123315  -19.724  -56.065  -21.056 0.6999999881
11102  -17.466  -58.291  -12.802 0.6000000238
120429  -19.716  -56.172  -20.788 0.6000000238
11756  -20.394  -56.649  -20.195 0.6999999881
11112  -18.874  -58.519  -13.951 0.8000000119
11739  -21.021  -57.317  -19.375 0.6999999881
12320  -21.179  -56.333  -19.045 0.6000000238
11184  -21.188  -57.976  -18.624 0.8000000119
12311  -21.447  -57.265  -18.157 0.6999999881
122215  -20.659  -58.923  -15.322 0.6999999881
11150  -20.785  -59.111  -16.564 0.6999999881
11151  -21.291  -58.454  -16.776 0.6000000238
11167  -21.323  -58.203  -17.698 0.8000000119
132584  -15.841  -57.484  -12.246 0.6000000238
11101  -16.730  -58.184  -12.091 0.6000000238
135442  -18.209  -58.618  -12.544 0.6999999881
12914  -20.772  -55.301  -19.053 0.6000000238
115050  -18.132  -58.442  -13.426 0.6999999881
136591  -21.547  -56.490  -18.120 0.6999999881
122305  -21.729  -56.670  -17.331 0.6000000238
11127  -19.617  -58.856  -14.397 0.8000000119
11114  -20.607  -58.731  -13.908 0.6000000238
11128  -20.556  -58.862  -14.726 0.5000000000
11716  -21.584  -57.608  -17.010 0.6999999881
12295  -21.952  -56.942  -16.204 0.6999999881
120223  -22.013  -55.869  -16.719 0.6000000238
138076  -21.421  -58.222  -15.614 0.6000000238
118173  -21.538  -57.942  -16.131 0.6000000238
11085  -15.298  -57.624  -11.262 0.6000000238
11086  -15.977  -58.170  -10.772 0.6000000238
116907  -16.743  -58.435  -11.147 0.6999999881
11096  -17.716  -58.603  -11.700 0.6999999881
11097  -18.757  -58.774  -11.876 0.6999999881
115475  -19.059  -58.708  -12.827 0.6999999881
11103  -19.991  -58.713  -12.519 0.6000000238
12905  -21.608  -55.681  -17.969 0.6000000238
11113  -19.891  -58.807  -13.395 0.6000000238
130830  -21.111  -58.560  -14.367 0.6000000238
116022  -21.663  -54.861  -16.995 0.5000000000
124133  -22.124  -56.000  -15.796 0.6000000238
12892  -21.810  -55.129  -15.898 0.5000000000
13498  -21.356  -54.469  -14.952 0.5000000000
12284  -22.045  -56.555  -15.127 0.6000000238
12877  -21.848  -55.472  -14.991 0.5000000000
119003  -15.248  -57.489  -9.828 0.6000000238
11661  -15.397  -57.788  -10.460 0.6000000238
131799  -16.660  -58.329  -10.319 0.6999999881
11649  -16.094  -57.820  -9.715 0.6999999881
11087  -17.604  -58.569  -10.421 0.6999999881
11088  -18.567  -58.789  -10.955 0.6000000238
116455  -19.541  -58.752  -12.008 0.5000000000
11676  -20.311  -58.429  -11.692 0.6999999881
131861  -20.761  -58.488  -12.908 0.6000000238
11104  -21.265  -58.188  -13.012 0.6000000238
11677  -21.060  -58.064  -12.215 0.6000000238
11697  -21.809  -57.184  -14.304 0.6000000238
12262  -21.673  -56.609  -13.272 0.5000000000
12856  -21.607  -55.367  -13.428 0.5000000000
13431  -14.202  -54.619  -7.990 0.6999999881
14078  -13.955  -53.890  -8.582 0.6999999881
114965  -15.676  -56.999  -8.812 0.6000000238
12823  -15.481  -55.466  -7.647 0.6999999881
14079  -14.973  -53.820  -8.579 0.6999999881
14091  -15.608  -53.082  -9.221 0.6999999881
14764  -16.101  -52.511  -9.908 0.6000000238
12226  -15.598  -56.222  -7.900 0.6999999881
118639  -16.315  -54.842  -8.041 0.6999999881
14080  -16.167  -53.871  -8.809 0.6999999881
12240  -16.927  -57.278  -8.597 0.6999999881
12227  -16.543  -56.373  -7.938 0.6999999881
130038  -18.607  -58.656  -10.014 0.6999999881
132375  -19.232  -58.724  -10.540 0.6000000238
11098  -19.434  -58.729  -11.262 0.6000000238
11090  -20.535  -58.063  -10.696 0.6000000238
132832  -20.742  -57.623  -9.954 0.6000000238
11667  -20.881  -57.870  -11.368 0.6000000238
11662  -21.111  -57.449  -10.635 0.6000000238
11668  -21.320  -57.237  -11.577 0.5000000000
12246  -21.632  -56.742  -10.578 0.6000000238
115344  -21.412  -57.511  -12.664 0.5000000000
12253  -21.550  -56.575  -12.280 0.5000000000
131270  -21.885  -56.436  -11.343 0.5000000000
14090  -14.522  -53.094  -8.993 0.6999999881
14763  -15.080  -52.498  -9.673 0.6000000238
14784  -15.637  -51.965  -10.324 0.6000000238
14785  -16.470  -52.232  -10.644 0.4000000060
14092  -16.530  -53.132  -9.642 0.5000000000
14786  -17.005  -52.670  -10.852 0.4000000060
15502  -16.960  -51.477  -11.577 0.5000000000
11075  -17.139  -58.118  -9.486 0.6999999881
12824  -17.148  -55.396  -8.196 0.6999999881
13447  -17.018  -53.684  -9.514 0.5000000000
14093  -17.297  -53.186  -10.160 0.4000000060
14766  -17.666  -52.883  -10.667 0.4000000060
15485  -17.473  -52.118  -11.153 0.4000000060
14787  -18.172  -52.500  -10.934 0.4000000060
12228  -17.459  -56.316  -8.202 0.8000000119
13434  -17.840  -54.750  -9.278 0.6000000238
13448  -17.642  -53.981  -9.752 0.5000000000
14094  -18.014  -53.542  -10.264 0.4000000060
11076  -17.977  -58.347  -9.511 0.6999999881
11651  -18.753  -58.175  -9.123 0.8000000119
11641  -19.193  -57.373  -8.757 0.6999999881
11642  -20.045  -57.260  -8.859 0.5000000000
14767  -18.486  -53.016  -10.602 0.4000000060
11652  -19.699  -57.999  -9.196 0.6000000238
136382  -20.323  -57.686  -9.417 0.5000000000
12231  -20.384  -56.626  -8.907 0.5000000000
12241  -21.066  -56.432  -9.236 0.6000000238
11654  -21.272  -56.941  -9.814 0.6000000238
12242  -21.924  -56.126  -9.764 0.6000000238
14089  -13.512  -53.267  -9.048 0.6000000238
14762  -13.960  -52.566  -9.540 0.5000000000
14783  -14.505  -51.927  -10.143 0.5000000000
15482  -15.041  -51.413  -10.800 0.4000000060
15483  -16.097  -51.576  -10.922 0.5000000000
15484  -16.786  -51.924  -11.127 0.5000000000
137676  -17.011  -50.966  -11.848 0.5000000000
17023  -17.528  -50.352  -12.015 0.5000000000
17024  -18.468  -50.407  -11.813 0.5000000000
12825  -17.932  -55.613  -8.771 0.6999999881
13435  -18.467  -55.118  -9.384 0.5000000000
13449  -18.344  -54.376  -9.966 0.5000000000
15486  -18.404  -51.838  -11.219 0.5000000000
16249  -18.846  -51.080  -11.508 0.5000000000
136670  -18.447  -57.442  -8.680 0.8000000119
128251  -18.102  -56.243  -8.557 0.6999999881
12230  -19.545  -56.423  -8.755 0.6000000238
14095  -18.845  -53.699  -10.331 0.4000000060
14768  -19.421  -53.038  -10.633 0.5000000000
14788  -18.981  -52.419  -10.970 0.4000000060
13436  -19.406  -55.415  -9.201 0.5000000000
13450  -18.898  -54.802  -9.770 0.6000000238
123325  -19.179  -54.343  -10.074 0.5000000000
14096  -19.877  -53.787  -10.250 0.5000000000
12827  -20.423  -55.939  -8.926 0.5000000000
12838  -20.439  -55.080  -9.343 0.5000000000
131350  -19.916  -54.462  -9.868 0.5000000000
12839  -21.272  -55.661  -9.283 0.6000000238
13451  -21.445  -54.843  -9.465 0.6000000238
14782  -13.306  -51.970  -10.120 0.5000000000
15481  -13.819  -51.346  -10.770 0.5000000000
15499  -14.329  -50.792  -11.414 0.4000000060
15500  -15.584  -50.936  -11.346 0.4000000060
15480  -12.533  -51.371  -10.912 0.5000000000
15501  -16.457  -51.224  -11.415 0.6000000238
16247  -16.570  -50.798  -11.744 0.5000000000
17825  -17.940  -48.843  -12.715 0.4000000060
16244  -13.364  -50.223  -12.352 0.4000000060
16245  -14.767  -50.302  -11.955 0.4000000060
16246  -15.880  -50.551  -11.771 0.5000000000
16264  -15.993  -50.023  -12.115 0.5000000000
16263  -15.172  -49.914  -12.281 0.4000000060
17045  -14.950  -49.271  -12.984 0.4000000060
17046  -16.203  -49.436  -12.724 0.5000000000
17047  -17.222  -49.456  -12.586 0.4000000060
17043  -12.364  -49.775  -14.551 0.4000000060
17044  -13.312  -49.130  -14.131 0.4000000060
17060  -15.677  -48.741  -13.572 0.5000000000
17061  -16.595  -48.785  -13.318 0.4000000060
17062  -17.269  -48.693  -13.137 0.4000000060
17838  -16.312  -48.295  -14.327 0.4000000060
17851  -16.828  -47.987  -15.111 0.4000000060
17839  -17.009  -48.289  -13.964 0.4000000060
17840  -17.682  -48.190  -13.355 0.4000000060
138716  -12.560  -49.534  -15.174 0.3000000119
17059  -14.399  -48.645  -13.960 0.3000000119
17836  -13.314  -48.466  -14.473 0.4000000060
17058  -13.140  -48.834  -14.514 0.3000000119
128641  -14.218  -48.291  -14.404 0.3000000119
124791  -15.712  -47.643  -15.240 0.5000000000
17850  -16.206  -47.927  -15.246 0.4000000060
124160  -16.761  -47.743  -15.896 0.4000000060
128541  -17.244  -47.628  -15.664 0.4000000060
18689  -17.943  -47.041  -14.674 0.3000000119
19575  -15.514  -47.013  -15.353 0.5000000000
19576  -16.320  -46.846  -16.512 0.5000000000
18703  -16.955  -47.313  -16.531 0.4000000060
19577  -17.680  -46.971  -16.013 0.3000000119
130105  -12.773  -49.108  -14.697 0.4000000060
18686  -13.816  -47.739  -14.507 0.4000000060
18687  -14.846  -47.466  -14.655 0.5000000000
19574  -14.351  -46.963  -14.546 0.4000000060
20415  -14.905  -46.330  -14.713 0.5000000000
20416  -15.760  -46.220  -15.752 0.5000000000
19590  -16.850  -46.559  -16.860 0.4000000060
19591  -17.481  -46.490  -16.678 0.3000000119
118969  -14.854  -45.512  -14.495 0.3000000119
131249  -16.072  -45.282  -15.523 0.3000000119
18685  -13.252  -47.999  -14.384 0.4000000060
20414  -13.444  -45.968  -13.732 0.3000000119
21210  -13.350  -44.860  -13.663 0.4000000060
20430  -17.269  -45.790  -16.908 0.3000000119
6804  -25.188  -65.825  -25.865 0.6000000238
11706  -21.684  -57.676  -15.289 0.6000000238
3252  -18.852  -73.273  -23.085 0.5000000000
3746  -18.685  -72.244  -22.754 0.6000000238
3737  -19.447  -72.550  -22.403 0.6999999881
134208  -20.709  -74.514  -23.330 0.6999999881
2846  -21.342  -74.406  -23.406 0.6999999881
4201  -18.678  -71.597  -20.729 0.6999999881
2839  -21.558  -74.020  -22.992 0.6999999881
2825  -21.022  -73.768  -21.718 0.6999999881
5684  -22.949  -68.765  -23.277 0.5000000000
2103  -22.356  -76.046  -24.339 0.6999999881
4692  -19.911  -70.499  -20.078 0.6999999881
4202  -18.909  -71.262  -19.996 0.6999999881
118380  -22.630  -76.330  -23.196 0.6999999881
3207  -19.918  -73.123  -18.811 0.6999999881
127830  -25.178  -65.556  -24.813 0.6000000238
1439  -23.757  -78.418  -22.354 0.6999999881
4188  -20.527  -71.123  -18.875 0.6000000238
3209  -22.054  -73.209  -18.822 0.6000000238
2815  -23.259  -74.419  -20.896 0.5000000000
7873  -24.466  -64.576  -25.448 0.6999999881
4170  -21.247  -71.414  -18.501 0.6000000238
1461  -25.467  -78.118  -24.254 0.6000000238
1467  -25.438  -78.401  -26.203 0.6000000238
3698  -22.523  -72.716  -18.257 0.5000000000
2116  -26.355  -76.242  -25.710 0.5000000000
7874  -24.936  -63.770  -25.350 0.6000000238
7862  -23.745  -63.900  -24.783 0.6999999881
7843  -23.814  -64.851  -21.190 0.6000000238
5160  -21.374  -69.790  -19.570 0.5000000000
4661  -21.825  -70.987  -18.022 0.5000000000
3685  -22.897  -72.218  -17.619 0.6000000238
3686  -23.663  -72.021  -17.886 0.5000000000
1802  -26.384  -77.387  -27.592 0.6000000238
117752  -26.496  -75.738  -26.911 0.6000000238
2851  -26.507  -74.516  -25.332 0.5000000000
133233  -18.363  -59.206  -15.868 0.6000000238
9475  -19.547  -61.486  -17.358 0.6000000238
6139  -22.256  -67.116  -17.059 0.6000000238
10581  -19.029  -59.503  -15.970 0.6000000238
11755  -20.384  -57.518  -20.328 0.8000000119
10582  -19.703  -59.586  -16.201 0.6000000238
8343  -23.028  -63.743  -16.948 0.6000000238
10594  -20.449  -59.618  -17.209 0.6000000238
7768  -22.863  -65.101  -15.931 0.6000000238
8858  -24.159  -62.344  -16.884 0.6000000238
11166  -20.978  -58.970  -17.458 0.6000000238
133012  -21.120  -58.675  -15.896 0.6000000238
11115  -21.206  -58.387  -13.675 0.6000000238
12273  -21.890  -55.985  -14.176 0.5000000000
11078  -20.190  -58.216  -9.929 0.5000000000
11685  -21.516  -57.776  -13.549 0.6000000238
138688  -21.626  -55.840  -12.796 0.5000000000
12822  -14.500  -55.406  -7.733 0.6999999881
12837  -14.850  -55.985  -7.921 0.6000000238
13432  -15.288  -54.618  -7.986 0.6999999881
139064  -16.269  -55.662  -7.690 0.8000000119
13433  -17.146  -54.352  -8.921 0.6000000238
14765  -16.766  -52.735  -10.333 0.5000000000
16248  -17.753  -51.205  -11.577 0.5000000000
12826  -18.651  -55.883  -8.912 0.6000000238
123862  -20.731  -54.299  -9.782 0.5000000000
15498  -12.995  -50.757  -11.612 0.5000000000
16265  -16.726  -50.238  -12.121 0.5000000000
16261  -12.247  -50.006  -13.706 0.4000000060
16262  -13.710  -49.636  -13.012 0.4000000060
17837  -15.402  -48.219  -14.321 0.4000000060
18673  -17.418  -47.778  -14.407 0.4000000060
17848  -14.143  -47.937  -14.564 0.3000000119
17849  -15.148  -47.889  -14.607 0.4000000060
18688  -16.332  -47.550  -16.025 0.5000000000
20429  -16.507  -46.018  -16.687 0.4000000060
759  -25.292  -81.232  -27.141 0.5000000000
955  -25.827  -80.993  -25.968 0.5000000000
949  -25.921  -80.957  -24.533 0.5000000000
950  -26.624  -80.511  -25.110 0.5000000000
940  -26.758  -80.584  -23.827 0.5000000000
121818  -27.642  -80.482  -23.324 0.6000000238
959  -26.074  -80.672  -27.366 0.5000000000
956  -26.699  -80.314  -26.516 0.5000000000
951  -27.337  -80.017  -25.526 0.5000000000
931  -28.190  -80.618  -22.590 0.6000000238
1179  -28.170  -79.750  -24.789 0.6000000238
941  -27.474  -80.231  -24.331 0.6000000238
762  -24.729  -81.255  -28.274 0.4000000060
1200  -20.913  -79.482  -28.932 0.4000000060
1209  -22.374  -79.806  -30.065 0.4000000060
1217  -21.823  -80.306  -30.220 0.5000000000
965  -22.931  -80.683  -30.401 0.5000000000
766  -22.361  -81.310  -29.568 0.5000000000
773  -23.727  -80.376  -30.297 0.5000000000
1210  -23.653  -79.900  -30.292 0.5000000000
132616  -23.902  -81.305  -28.684 0.5000000000
768  -24.334  -80.679  -29.545 0.5000000000
920  -28.678  -80.437  -21.668 0.6000000238
1147  -29.066  -80.083  -21.398 0.6000000238
962  -25.128  -80.404  -29.409 0.5000000000
958  -25.602  -80.726  -28.370 0.5000000000
963  -25.748  -80.076  -29.330 0.5000000000
933  -29.434  -80.139  -22.896 0.6000000238
134282  -26.654  -80.178  -27.697 0.5000000000
1188  -27.938  -79.477  -25.975 0.6000000238
1180  -29.218  -79.756  -24.261 0.6000000238
926  -29.588  -80.055  -22.434 0.6000000238
1190  -29.886  -79.221  -24.825 0.6000000238
1181  -29.840  -79.803  -23.431 0.6000000238
1156  -30.252  -79.565  -22.547 0.6999999881
126393  -30.275  -79.433  -24.019 0.6000000238
1169  -30.915  -78.931  -23.847 0.6999999881
1475  -21.515  -77.765  -27.139 0.6000000238
1476  -21.791  -78.443  -27.242 0.6000000238
1185  -22.471  -79.280  -26.479 0.6000000238
1483  -21.357  -78.779  -27.965 0.5000000000
117463  -21.780  -79.466  -29.128 0.5000000000
1193  -22.715  -79.375  -27.277 0.6000000238
1218  -22.821  -80.337  -30.379 0.5000000000
1202  -22.832  -79.419  -29.215 0.5000000000
129148  -24.180  -79.552  -29.661 0.5000000000
1219  -24.248  -80.080  -30.283 0.5000000000
127035  -24.487  -79.892  -30.126 0.5000000000
966  -25.022  -80.070  -29.940 0.5000000000
1763  -28.146  -78.512  -21.284 0.6999999881
1431  -29.574  -79.534  -21.539 0.6000000238
1765  -29.402  -78.705  -21.517 0.8000000119
1204  -26.797  -79.640  -28.483 0.5000000000
1195  -27.118  -79.761  -27.464 0.5000000000
118330  -27.717  -79.282  -27.123 0.6000000238
1149  -30.164  -79.437  -21.945 0.6999999881
1441  -30.165  -79.079  -21.755 0.6999999881
1189  -28.860  -79.268  -25.405 0.6000000238
1453  -31.529  -78.249  -23.618 0.6999999881
1197  -29.441  -78.696  -26.035 0.6000000238
1468  -30.297  -78.530  -25.635 0.6000000238
1469  -30.881  -78.176  -25.445 0.6999999881
133996  -31.312  -78.092  -24.621 0.6999999881
128368  -31.858  -77.596  -23.486 0.6000000238
1798  -20.342  -77.742  -27.014 0.5000000000
1800  -21.789  -77.263  -26.646 0.6000000238
125586  -23.583  -79.346  -28.063 0.6000000238
1211  -25.155  -79.597  -29.520 0.5000000000
1484  -25.464  -78.939  -28.888 0.6000000238
120551  -27.888  -77.392  -21.334 0.6999999881
1212  -25.534  -79.452  -29.318 0.5000000000
1491  -26.259  -79.062  -29.093 0.5000000000
1764  -28.588  -77.557  -21.776 0.5000000000
2432  -27.886  -75.875  -21.012 0.6000000238
1206  -28.049  -78.659  -27.789 0.5000000000
1775  -29.484  -77.535  -22.137 0.6000000238
1478  -28.878  -78.281  -27.159 0.5000000000
1442  -30.798  -78.897  -22.295 0.6999999881
1777  -31.247  -78.090  -22.485 0.6000000238
1479  -29.787  -78.150  -26.576 0.5000000000
1443  -31.540  -78.272  -22.924 0.6000000238
1785  -32.175  -76.837  -23.814 0.6000000238
1803  -30.015  -77.682  -26.779 0.5000000000
1804  -30.820  -77.554  -26.274 0.6000000238
1790  -31.913  -77.178  -24.215 0.5000000000
2120  -31.798  -75.908  -25.769 0.5000000000
2448  -32.770  -75.288  -24.817 0.5000000000
1792  -20.873  -77.005  -26.345 0.6000000238
1799  -21.420  -77.187  -26.702 0.6000000238
115223  -20.203  -77.238  -25.580 0.4000000060
1485  -25.926  -78.497  -28.570 0.5000000000
2092  -28.167  -76.653  -21.516 0.6000000238
132568  -26.798  -78.713  -28.828 0.5000000000
2099  -28.868  -76.699  -22.203 0.5000000000
1488  -28.334  -78.105  -28.166 0.5000000000
2100  -29.800  -76.737  -22.531 0.5000000000
2440  -30.384  -75.925  -22.878 0.5000000000
2438  -29.232  -75.860  -22.501 0.5000000000
1810  -28.469  -77.606  -28.154 0.5000000000
2101  -30.998  -77.040  -22.667 0.5000000000
2105  -31.750  -76.467  -23.079 0.5000000000
1811  -29.330  -77.320  -27.419 0.6000000238
2456  -29.339  -75.521  -26.696 0.6000000238
1791  -32.136  -76.156  -24.338 0.5000000000
2447  -32.557  -75.685  -24.241 0.6000000238
128946  -30.462  -75.538  -26.297 0.6000000238
2457  -31.560  -76.064  -26.044 0.5000000000
1813  -27.108  -78.106  -28.710 0.5000000000
2439  -29.629  -75.043  -22.805 0.5000000000
1814  -28.007  -77.342  -28.468 0.5000000000
2123  -27.649  -76.529  -28.137 0.5000000000
2446  -31.347  -75.478  -23.283 0.5000000000
2845  -30.198  -74.347  -23.074 0.5000000000
3277  -30.272  -73.559  -22.801 0.5000000000
3749  -30.553  -72.678  -22.305 0.5000000000
4219  -31.693  -71.148  -21.679 0.5000000000
116730  -28.194  -75.795  -27.614 0.6000000238
2455  -28.514  -74.638  -27.180 0.6000000238
2850  -32.122  -75.013  -23.854 0.5000000000
2857  -29.848  -74.560  -26.606 0.6000000238
3302  -33.207  -74.478  -25.755 0.5000000000
2864  -30.278  -73.512  -27.244 0.5000000000
2856  -26.781  -74.329  -27.149 0.5000000000
2849  -31.087  -74.591  -23.473 0.5000000000
3292  -30.934  -73.758  -23.407 0.5000000000
3756  -30.987  -72.965  -23.205 0.5000000000
133107  -31.309  -72.298  -22.741 0.5000000000
2460  -26.827  -75.098  -27.460 0.5000000000
3310  -27.167  -73.655  -27.236 0.6000000238
3293  -31.846  -74.037  -24.035 0.5000000000
3757  -31.711  -73.215  -23.877 0.5000000000
4230  -31.893  -71.595  -22.751 0.5000000000
4220  -32.202  -70.907  -22.332 0.5000000000
5190  -32.566  -69.631  -21.668 0.5000000000
2863  -28.917  -73.685  -27.491 0.5000000000
2852  -32.753  -74.412  -24.766 0.5000000000
3770  -32.659  -72.808  -25.283 0.5000000000
2854  -26.595  -74.406  -26.387 0.5000000000
124778  -32.602  -70.940  -24.067 0.5000000000
4231  -32.453  -71.002  -23.118 0.5000000000
4725  -32.513  -70.300  -22.526 0.5000000000
5676  -33.275  -68.246  -21.872 0.4000000060
132748  -32.602  -70.427  -23.387 0.4000000060
5730  -23.045  -67.934  -28.079 0.4000000060
11136  -17.537  -57.972  -15.107 0.5000000000
11684  -16.696  -57.056  -13.981 0.5000000000
11695  -16.567  -56.832  -14.555 0.5000000000
11683  -16.013  -56.761  -13.270 0.5000000000
11705  -17.050  -57.452  -14.809 0.5000000000
12821  -13.562  -55.421  -8.029 0.5000000000
13430  -13.280  -54.626  -8.221 0.5000000000
2122  -26.938  -76.214  -27.850 0.5000000000
1809  -27.376  -77.325  -28.423 0.5000000000
942  -28.507  -80.237  -23.565 0.6000000238
133516  -27.333  -79.781  -26.498 0.6000000238
132674  -29.796  -79.707  -23.947 0.6000000238
1196  -28.480  -78.903  -26.617 0.6000000238
1191  -30.610  -78.778  -24.733 0.6999999881
1201  -22.038  -79.200  -28.355 0.6000000238
1205  -27.397  -79.149  -28.291 0.5000000000
1480  -30.577  -78.036  -26.155 0.6000000238
1470  -31.197  -77.669  -25.417 0.6000000238
1805  -31.408  -77.064  -25.780 0.6000000238
2091  -27.582  -76.738  -20.871 0.6999999881
1487  -27.427  -78.493  -28.562 0.5000000000
1489  -29.084  -77.770  -27.397 0.5000000000
1812  -30.349  -77.348  -26.739 0.6000000238
2119  -31.176  -76.958  -26.243 0.6000000238
1806  -31.835  -75.775  -25.452 0.5000000000
2853  -33.093  -75.047  -25.051 0.5000000000
131119  -30.404  -75.043  -23.147 0.5000000000
133139  -29.083  -76.643  -27.474 0.5000000000
138077  -30.738  -74.203  -26.634 0.5000000000
2461  -27.230  -75.398  -27.756 0.5000000000
2862  -27.812  -73.876  -27.598 0.5000000000
2861  -27.164  -74.333  -27.516 0.5000000000
4243  -31.766  -72.402  -23.493 0.5000000000
115392  -32.278  -72.645  -24.408 0.5000000000
4244  -32.362  -71.750  -23.936 0.5000000000
137444  -32.676  -69.713  -22.438 0.5000000000
3758  -32.506  -72.227  -24.946 0.4000000060
5687  -32.875  -69.089  -22.373 0.4000000060
3212  -27.409  -73.100  -18.914 0.5000000000
3226  -27.612  -73.564  -19.601 0.6000000238
3240  -28.130  -73.519  -20.223 0.6000000238
2807  -27.538  -74.378  -19.998 0.6000000238
2798  -26.544  -74.483  -18.747 0.4000000060
3241  -28.723  -73.133  -20.638 0.4000000060
2833  -28.936  -74.000  -21.749 0.4000000060
3258  -28.539  -73.776  -20.969 0.5000000000
2831  -27.815  -75.034  -20.708 0.6000000238
120372  -28.270  -75.251  -21.364 0.5000000000
2843  -28.790  -74.948  -22.120 0.4000000060
2806  -26.910  -74.906  -19.398 0.5000000000
2433  -28.486  -75.867  -21.830 0.5000000000
2416  -27.251  -75.440  -20.058 0.6000000238
2082  -26.960  -76.955  -20.239 0.6000000238
1754  -26.713  -77.902  -20.507 0.6000000238
1421  -27.280  -78.712  -20.998 0.6000000238
1429  -28.056  -79.596  -21.012 0.6000000238
1136  -27.388  -79.743  -21.040 0.6000000238
1146  -28.227  -80.303  -21.234 0.5000000000
129924  -28.182  -80.649  -21.620 0.5000000000
127189  -27.225  -80.838  -21.930 0.4000000060
930  -27.185  -80.684  -22.610 0.5000000000
117612  -25.313  -81.374  -25.087 0.4000000060
9466  -24.421  -61.582  -16.511 0.4000000060
9442  -24.754  -61.727  -15.294 0.4000000060
8847  -23.615  -63.087  -15.949 0.5000000000
12846  -22.531  -55.836  -11.091 0.5000000000
12247  -22.203  -56.218  -10.562 0.5000000000
12841  -22.365  -55.403  -9.820 0.4000000060
13467  -24.218  -54.117  -11.386 0.4000000060
125674  -20.818  -53.602  -10.151 0.4000000060
14097  -21.692  -53.902  -9.801 0.4000000060
13452  -22.317  -54.667  -9.707 0.4000000060
14769  -20.422  -53.014  -10.532 0.4000000060
14770  -21.341  -53.071  -10.289 0.4000000060
14099  -23.361  -53.575  -10.105 0.4000000060
14790  -21.045  -52.366  -10.705 0.4000000060
15471  -23.398  -52.151  -10.147 0.4000000060
14789  -20.041  -52.268  -11.006 0.4000000060
127547  -19.374  -51.690  -11.256 0.4000000060
15487  -20.125  -51.507  -11.279 0.4000000060
117964  -18.292  -49.552  -12.172 0.3000000119
135742  -19.021  -49.841  -11.907 0.4000000060
17826  -18.500  -48.216  -12.768 0.3000000119
17048  -19.205  -49.175  -12.047 0.3000000119
134640  -18.653  -48.831  -12.371 0.3000000119
13466  -23.642  -54.706  -11.194 0.4000000060
13459  -23.469  -54.690  -10.598 0.4000000060
13458  -22.926  -55.091  -10.169 0.4000000060
12844  -23.130  -55.302  -10.854 0.4000000060
14098  -22.612  -53.725  -9.895 0.4000000060
125918  -22.196  -53.080  -10.109 0.4000000060
14112  -24.504  -53.680  -10.945 0.4000000060
14771  -22.987  -52.926  -10.019 0.4000000060
3202  -32.772  -74.434  -17.939 0.3000000119
3213  -33.145  -73.709  -18.180 0.3000000119
135657  -32.123  -74.353  -17.468 0.4000000060
3200  -31.569  -73.410  -17.272 0.3000000119
3201  -32.370  -73.423  -17.911 0.4000000060
3673  -30.447  -72.269  -16.098 0.3000000119
3689  -31.323  -72.355  -17.381 0.4000000060
3672  -29.835  -72.080  -15.296 0.3000000119
4149  -30.256  -71.294  -16.500 0.3000000119
4139  -29.320  -71.130  -15.257 0.3000000119
4148  -29.633  -70.842  -16.140 0.3000000119
4640  -29.147  -70.539  -16.707 0.3000000119
133506  -28.483  -70.644  -15.089 0.3000000119
4632  -28.235  -70.485  -15.729 0.3000000119
4639  -28.439  -70.529  -16.448 0.3000000119
120938  -27.235  -70.715  -14.763 0.3000000119
4630  -27.065  -70.745  -15.455 0.3000000119
4638  -27.036  -71.020  -16.154 0.3000000119
3655  -26.080  -72.284  -13.561 0.3000000119
4621  -27.004  -71.034  -14.247 0.3000000119
129196  -26.596  -70.981  -14.862 0.3000000119
4138  -26.489  -71.231  -15.650 0.3000000119
4146  -26.635  -71.714  -16.577 0.3000000119
4131  -26.138  -71.348  -14.300 0.4000000060
3690  -31.847  -72.674  -17.768 0.3000000119
121360  -31.601  -74.288  -16.831 0.4000000060
135050  -31.018  -71.567  -17.570 0.4000000060
3191  -30.711  -73.171  -16.151 0.3000000119
4161  -30.486  -71.008  -17.297 0.4000000060
3666  -29.157  -71.792  -14.653 0.3000000119
4653  -28.723  -70.555  -17.237 0.4000000060
4160  -28.351  -70.836  -17.567 0.4000000060
3657  -27.809  -72.191  -13.905 0.3000000119
4147  -27.546  -71.136  -16.987 0.4000000060
3656  -27.108  -72.958  -13.879 0.3000000119
3688  -27.180  -72.024  -17.532 0.4000000060
3679  -26.051  -72.371  -16.515 0.3000000119
134187  -27.680  -73.924  -14.438 0.3000000119
3705  -33.230  -72.863  -18.197 0.3000000119
120221  -33.929  -73.482  -18.406 0.3000000119
3704  -32.498  -72.322  -18.070 0.3000000119
4178  -32.641  -71.335  -18.301 0.3000000119
2387  -32.290  -75.648  -16.315 0.4000000060
4163  -31.679  -71.722  -18.013 0.3000000119
4177  -31.737  -70.971  -18.676 0.3000000119
3181  -30.206  -73.083  -15.498 0.3000000119
3182  -30.718  -73.629  -15.891 0.4000000060
4655  -30.086  -70.587  -17.804 0.4000000060
4666  -30.357  -70.563  -18.518 0.3000000119
4664  -28.981  -70.536  -18.002 0.4000000060
4176  -29.293  -70.865  -18.667 0.4000000060
3180  -29.438  -72.781  -14.898 0.3000000119
3174  -29.655  -73.636  -14.941 0.3000000119
4175  -28.615  -71.110  -18.329 0.4000000060
4192  -28.846  -71.556  -19.048 0.4000000060
3665  -28.663  -72.491  -14.387 0.3000000119
2762  -29.009  -74.245  -14.706 0.3000000119
3703  -28.220  -71.880  -18.700 0.4000000060
3718  -28.428  -72.267  -19.375 0.5000000000
120266  -28.871  -73.400  -14.682 0.3000000119
3702  -27.561  -72.288  -18.390 0.4000000060
3227  -27.994  -72.921  -19.564 0.4000000060
2760  -27.507  -74.774  -14.586 0.3000000119
128615  -33.384  -71.898  -18.156 0.3000000119
3706  -34.089  -72.479  -18.366 0.3000000119
2377  -31.558  -74.868  -15.550 0.4000000060
4681  -30.443  -70.548  -19.127 0.4000000060
4194  -30.196  -70.949  -19.612 0.4000000060
2764  -30.723  -74.437  -14.908 0.4000000060
4206  -29.804  -71.673  -20.135 0.5000000000
3259  -29.187  -73.242  -21.249 0.4000000060
2763  -29.886  -74.251  -14.714 0.3000000119
3729  -29.345  -72.505  -20.614 0.4000000060
2368  -29.536  -74.952  -14.422 0.3000000119
3276  -29.701  -73.366  -22.050 0.4000000060
2761  -28.231  -74.533  -14.667 0.3000000119
2366  -27.416  -75.575  -14.773 0.3000000119
4667  -31.024  -70.552  -18.942 0.3000000119
4682  -31.424  -70.426  -19.626 0.3000000119
4207  -30.588  -71.319  -20.409 0.5000000000
3741  -30.602  -72.179  -21.607 0.4000000060
130973  -30.225  -74.712  -14.373 0.4000000060
3740  -29.907  -72.650  -21.484 0.4000000060
2025  -30.468  -76.061  -13.426 0.3000000119
2357  -30.344  -75.355  -13.977 0.3000000119
2024  -29.693  -75.781  -14.121 0.3000000119
118995  -28.902  -75.542  -14.530 0.3000000119
2031  -27.790  -76.187  -15.071 0.3000000119
2032  -28.425  -76.046  -14.811 0.3000000119
122402  -31.790  -70.582  -19.179 0.3000000119
4697  -30.916  -70.623  -19.939 0.4000000060
4208  -31.317  -70.966  -20.745 0.4000000060
1698  -31.011  -77.118  -13.038 0.3000000119
1697  -30.038  -76.658  -14.095 0.3000000119
2033  -29.102  -76.344  -14.542 0.3000000119
1690  -31.583  -77.310  -11.711 0.3000000119
1365  -31.967  -78.026  -12.111 0.3000000119
1706  -30.557  -77.696  -14.126 0.3000000119
1705  -29.475  -77.236  -14.735 0.3000000119
5659  -32.964  -68.920  -19.821 0.3000000119
4713  -31.806  -70.532  -21.009 0.4000000060
1374  -32.765  -79.144  -12.040 0.3000000119
1096  -32.575  -79.624  -13.230 0.3000000119
134013  -34.463  -68.558  -19.020 0.3000000119
5643  -33.702  -68.563  -19.509 0.3000000119
5177  -32.615  -69.133  -20.602 0.3000000119
5644  -34.469  -68.062  -19.670 0.3000000119
5660  -33.836  -68.030  -20.371 0.3000000119
12840  -21.910  -55.363  -9.529 0.5000000000
132314  -19.344  -50.387  -11.736 0.5000000000
16228  -19.747  -50.982  -11.484 0.4000000060
2425  -26.929  -76.213  -19.903 0.6000000238
136654  -27.574  -75.610  -20.537 0.5000000000
2844  -29.498  -74.212  -22.502 0.4000000060
3742  -31.186  -71.896  -22.059 0.4000000060
4218  -30.975  -71.615  -21.245 0.4000000060
4714  -32.202  -70.434  -21.650 0.4000000060
5675  -32.916  -68.745  -21.335 0.3000000119
13465  -22.930  -55.171  -11.636 0.5000000000
13460  -24.011  -54.240  -10.841 0.4000000060
3680  -30.962  -72.849  -16.758 0.3000000119
119039  -27.859  -70.803  -14.445 0.3000000119
119080  -26.975  -71.980  -13.678 0.3000000119
2780  -31.718  -74.818  -16.411 0.4000000060
4174  -27.891  -71.518  -17.931 0.4000000060
2770  -31.120  -74.189  -15.928 0.4000000060
2769  -30.392  -73.866  -15.338 0.3000000119
133724  -29.825  -70.613  -19.030 0.4000000060
131297  -28.718  -74.899  -14.620 0.3000000119
3730  -30.237  -72.024  -20.931 0.4000000060
2367  -28.111  -75.363  -14.806 0.3000000119
4698  -31.619  -70.357  -20.289 0.4000000060
2358  -31.202  -75.515  -13.006 0.3000000119
1704  -28.463  -76.827  -15.199 0.3000000119
4683  -32.487  -69.557  -19.742 0.3000000119
1373  -31.676  -78.339  -13.166 0.3000000119
1145  -27.319  -80.405  -21.276 0.5000000000
121044  -25.640  -79.424  -20.805 0.5000000000
118085  -26.419  -78.834  -20.756 0.5000000000
1747  -26.409  -77.417  -19.890 0.5000000000
2414  -26.149  -76.081  -18.898 0.4000000060
3309  -26.878  -73.761  -26.567 0.4000000060
3211  -26.724  -73.656  -18.493 0.5000000000
3199  -26.175  -73.466  -17.669 0.3000000119
3678  -25.484  -72.508  -16.035 0.3000000119
3701  -26.924  -72.847  -18.059 0.4000000060
4137  -25.914  -71.404  -15.010 0.3000000119
4145  -25.985  -71.863  -15.839 0.3000000119
2369  -30.896  -75.003  -14.086 0.3000000119
121075  -31.901  -74.982  -13.277 0.3000000119
2370  -31.555  -74.935  -14.442 0.3000000119
2781  -32.131  -75.055  -17.038 0.3000000119
2360  -32.983  -75.043  -13.034 0.3000000119
2371  -32.773  -75.164  -13.766 0.3000000119
2378  -32.341  -75.490  -15.076 0.3000000119
2039  -33.103  -76.553  -15.815 0.3000000119
134952  -33.543  -75.044  -13.209 0.3000000119
2372  -33.891  -75.584  -13.950 0.3000000119
2379  -33.439  -76.019  -14.849 0.3000000119
2034  -34.226  -76.389  -14.877 0.3000000119
2047  -33.068  -76.621  -16.746 0.3000000119
133386  -33.287  -76.559  -17.351 0.3000000119
2361  -33.893  -75.062  -13.328 0.3000000119
2048  -33.693  -77.370  -16.468 0.3000000119
751  -26.074  -80.915  -23.318 0.3000000119
2406  -26.313  -75.319  -18.838 0.5000000000
2073  -26.391  -76.691  -19.449 0.4000000060
1753  -26.074  -78.059  -20.032 0.5000000000
3190  -25.710  -73.105  -16.841 0.3000000119
14791  -24.562  -53.055  -10.575 0.3000000119
14772  -23.818  -52.910  -10.197 0.3000000119
15488  -20.834  -51.628  -11.106 0.3000000119
918  -26.949  -80.685  -21.606 0.4000000060
1419  -24.951  -78.877  -20.120 0.4000000060
2038  -21.995  -76.144  -15.615 0.4000000060
2052  -22.931  -76.792  -17.081 0.4000000060
2063  -24.138  -77.061  -17.840 0.4000000060
2064  -24.758  -76.715  -18.070 0.4000000060
1735  -25.499  -76.727  -18.643 0.4000000060
1745  -24.565  -78.057  -18.885 0.4000000060
1410  -25.304  -78.195  -19.552 0.4000000060
119396  -25.205  -77.585  -18.929 0.4000000060
1688  -22.579  -77.212  -12.737 0.3000000119
2375  -21.961  -75.704  -14.696 0.4000000060
2046  -23.310  -76.096  -16.825 0.4000000060
2045  -22.513  -76.258  -16.368 0.4000000060
1733  -23.796  -77.815  -18.321 0.4000000060
2018  -21.729  -76.537  -13.246 0.3000000119
2053  -23.668  -76.603  -17.343 0.4000000060
1734  -24.670  -77.338  -18.428 0.4000000060
2054  -24.356  -76.337  -17.591 0.4000000060
2404  -25.060  -76.061  -17.913 0.4000000060
2011  -22.191  -76.698  -12.777 0.3000000119
2363  -21.900  -75.823  -13.534 0.3000000119
2376  -22.526  -75.515  -15.632 0.3000000119
2364  -22.376  -75.071  -13.858 0.3000000119
2393  -24.517  -75.511  -17.286 0.3000000119
2394  -25.293  -75.187  -17.767 0.3000000119
2392  -23.940  -76.020  -17.135 0.3000000119
2788  -25.609  -74.256  -17.624 0.3000000119
2789  -26.186  -74.152  -18.160 0.3000000119
2797  -25.931  -74.863  -18.258 0.3000000119
2405  -25.704  -75.720  -18.371 0.3000000119
1673  -26.114  -77.005  -11.142 0.3000000119
2000  -25.889  -76.094  -10.926 0.3000000119
2009  -31.240  -76.888  -10.826 0.3000000119
121889  -26.401  -74.560  -10.619 0.3000000119
2731  -27.124  -73.856  -10.498 0.3000000119
2329  -28.652  -75.292  -10.424 0.3000000119
2732  -28.615  -74.309  -10.442 0.3000000119
2733  -29.530  -74.714  -10.411 0.3000000119
2734  -30.613  -75.175  -10.426 0.3000000119
2735  -31.483  -75.297  -10.669 0.3000000119
135241  -27.965  -73.904  -10.461 0.3000000119
3140  -28.582  -73.504  -10.504 0.3000000119
116490  -29.312  -73.838  -10.526 0.3000000119
2385  -23.797  -75.480  -16.723 0.3000000119
1674  -26.964  -76.252  -10.818 0.3000000119
138393  -28.320  -75.868  -10.488 0.3000000119
2327  -26.696  -75.421  -10.734 0.3000000119
2001  -27.690  -75.649  -10.575 0.3000000119
2328  -27.598  -74.713  -10.522 0.3000000119
3635  -27.433  -72.462  -10.457 0.3000000119
767  -23.437  -81.101  -29.616 0.5000000000
772  -22.919  -80.894  -30.345 0.5000000000
919  -27.618  -80.727  -21.567 0.5000000000
921  -29.226  -80.217  -21.892 0.6000000238
924  -28.496  -80.627  -22.071 0.6000000238
925  -29.042  -80.369  -22.288 0.6000000238
932  -28.905  -80.396  -22.751 0.6000000238
943  -29.353  -80.032  -23.411 0.6000000238
961  -24.652  -80.060  -30.179 0.5000000000
964  -22.066  -80.733  -30.340 0.5000000000
967  -25.414  -79.730  -29.554 0.5000000000
1148  -29.705  -79.885  -21.897 0.6000000238
1165  -23.149  -79.219  -24.015 0.6999999881
1167  -29.903  -79.881  -22.950 0.6000000238
1168  -30.402  -79.506  -23.307 0.6000000238
1186  -22.810  -79.438  -25.966 0.6000000238
1213  -26.141  -79.513  -29.168 0.6000000238
1214  -26.812  -79.043  -28.906 0.5000000000
1220  -24.928  -79.942  -29.952 0.5000000000
1409  -24.516  -78.579  -19.433 0.4000000060
1420  -25.673  -78.637  -20.282 0.5000000000
1428  -23.349  -77.915  -21.877 0.6000000238
1430  -28.823  -79.651  -21.157 0.6000000238
1438  -23.017  -78.343  -22.618 0.6999999881
1450  -24.174  -78.712  -23.046 0.6999999881
1452  -31.032  -79.005  -23.029 0.6999999881
1459  -22.396  -78.056  -25.413 0.6999999881
1481  -31.016  -77.765  -25.851 0.6999999881
1490  -26.020  -78.913  -29.106 0.6000000238
1492  -27.807  -77.870  -28.569 0.5000000000
1725  -23.355  -77.290  -17.650 0.4000000060
1746  -25.865  -77.472  -19.377 0.4000000060
1755  -27.345  -77.661  -20.937 0.6999999881
1776  -30.361  -78.399  -22.013 0.6999999881
1778  -31.963  -77.390  -23.066 0.5000000000
1781  -19.685  -77.115  -23.771 0.5000000000
1796  -31.622  -76.976  -25.086 0.5000000000
1807  -26.381  -78.050  -28.318 0.5000000000
2019  -22.091  -76.033  -12.923 0.3000000119
2028  -21.460  -76.458  -14.040 0.3000000119
2055  -33.640  -77.271  -17.212 0.3000000119
2106  -32.295  -76.501  -23.679 0.5000000000
2107  -32.373  -75.887  -24.246 0.6000000238
2112  -32.660  -75.505  -25.109 0.5000000000
2114  -21.874  -76.216  -25.690 0.6999999881
2115  -22.013  -76.288  -25.734 0.6999999881
2124  -28.486  -76.987  -28.122 0.5000000000
2125  -30.259  -76.709  -26.780 0.6000000238
2338  -31.628  -75.685  -10.860 0.3000000119
2384  -23.125  -75.497  -16.262 0.4000000060
2386  -24.249  -74.838  -16.683 0.3000000119
2395  -32.728  -75.872  -17.183 0.3000000119
2415  -26.670  -75.791  -19.422 0.4000000060
2430  -23.394  -75.344  -21.369 0.6000000238
2449  -21.497  -75.362  -24.426 0.6999999881
2453  -33.147  -74.870  -25.471 0.5000000000
2454  -26.565  -75.000  -27.038 0.6000000238
2791  -33.343  -75.257  -17.976 0.3000000119
2817  -28.052  -74.241  -20.642 0.5000000000
2832  -28.388  -74.550  -21.248 0.5000000000
3139  -27.808  -73.156  -10.470 0.3000000119
3173  -28.093  -73.174  -14.352 0.3000000119
3192  -31.096  -73.645  -16.506 0.3000000119
3220  -20.637  -73.661  -19.329 0.6999999881
3224  -24.003  -73.157  -20.085 0.5000000000
3225  -27.137  -74.012  -19.198 0.6000000238
3235  -20.283  -73.521  -20.960 0.6999999881
3254  -20.494  -73.348  -22.296 0.6999999881
3256  -24.603  -73.567  -21.410 0.5000000000
3272  -20.124  -73.058  -22.848 0.6999999881
3687  -26.424  -72.578  -17.218 0.3000000119
3696  -20.354  -72.574  -18.568 0.6000000238
3697  -21.196  -72.232  -18.552 0.6000000238
3707  -34.723  -72.174  -18.694 0.3000000119
3713  -18.658  -71.973  -19.806 0.6999999881
3719  -29.080  -72.020  -19.766 0.5000000000
3728  -28.581  -72.712  -20.055 0.5000000000
3769  -32.595  -73.494  -24.873 0.5000000000
4123  -25.604  -71.816  -13.885 0.4000000060
4124  -26.495  -71.546  -13.846 0.3000000119
4125  -27.433  -71.409  -13.933 0.3000000119
4132  -28.334  -71.551  -14.202 0.3000000119
4140  -29.956  -71.493  -15.816 0.3000000119
4150  -30.790  -71.877  -16.918 0.4000000060
4162  -30.861  -70.907  -18.147 0.3000000119
4171  -22.053  -71.995  -18.057 0.6000000238
4172  -24.450  -71.689  -18.357 0.5000000000
4186  -18.911  -71.859  -19.053 0.6999999881
4187  -19.701  -71.663  -18.752 0.6000000238
4193  -29.504  -71.249  -19.366 0.4000000060
4631  -27.750  -70.513  -15.205 0.3000000119
4633  -28.906  -70.589  -15.859 0.3000000119
4641  -29.854  -70.688  -16.977 0.4000000060
4652  -28.129  -70.625  -16.899 0.4000000060
4654  -29.390  -70.535  -17.547 0.4000000060
4665  -29.745  -70.563  -18.403 0.3000000119
4690  -18.618  -71.037  -20.854 0.6999999881
4699  -32.170  -69.903  -20.705 0.4000000060
4722  -18.270  -70.618  -22.792 0.6999999881
5184  -18.605  -70.178  -22.136 0.6999999881
5185  -19.190  -69.914  -21.511 0.6999999881
5198  -32.725  -69.730  -23.165 0.4000000060
5205  -19.552  -69.628  -23.996 0.6000000238
5218  -21.472  -69.719  -24.994 0.6000000238
5240  -22.856  -69.461  -27.799 0.5000000000
5640  -21.902  -68.284  -19.033 0.5000000000
5705  -23.687  -68.385  -25.039 0.6000000238
5710  -23.437  -68.786  -27.173 0.6000000238
6107  -23.156  -66.933  -15.914 0.5000000000
6148  -21.969  -67.717  -18.317 0.6000000238
6208  -23.921  -67.855  -23.762 0.6000000238
6231  -24.913  -66.554  -26.340 0.6000000238
6242  -24.746  -66.470  -26.788 0.5000000000
6665  -23.687  -65.658  -15.161 0.5000000000
6683  -22.976  -66.289  -15.785 0.6000000238
6685  -24.461  -66.408  -15.434 0.5000000000
6702  -22.578  -66.528  -16.400 0.6000000238
6712  -22.184  -66.557  -17.600 0.6000000238
6791  -24.818  -66.523  -24.663 0.6000000238
6803  -24.331  -65.591  -26.361 0.6000000238
6829  -24.298  -66.506  -26.998 0.5000000000
7353  -25.221  -64.938  -25.671 0.6000000238
7361  -25.017  -65.282  -26.159 0.6000000238
7782  -22.783  -64.515  -16.524 0.5000000000
8326  -23.591  -63.738  -15.483 0.6000000238
8402  -25.439  -63.594  -23.441 0.6999999881
8410  -24.548  -62.836  -25.128 0.6000000238
8411  -25.832  -62.883  -24.286 0.6000000238
8417  -25.363  -63.030  -25.180 0.6000000238
8848  -24.228  -62.319  -15.891 0.4000000060
8867  -19.628  -62.150  -17.533 0.6000000238
8873  -20.133  -61.850  -18.928 0.5000000000
8875  -24.173  -62.910  -18.357 0.6000000238
8889  -25.053  -62.262  -20.981 0.5000000000
8904  -25.408  -62.244  -21.824 0.5000000000
8926  -25.925  -62.366  -24.746 0.6000000238
9513  -24.966  -61.634  -20.795 0.5000000000
9527  -25.463  -61.760  -22.314 0.5000000000
9534  -25.715  -61.561  -23.566 0.6000000238
9544  -25.077  -60.400  -25.049 0.5000000000
9545  -25.470  -60.843  -24.973 0.6000000238
9546  -25.835  -61.344  -24.551 0.6000000238
10051  -23.992  -60.352  -17.345 0.5000000000
10104  -20.268  -59.977  -21.628 0.6000000238
10106  -24.691  -60.727  -22.218 0.6000000238
10613  -23.589  -59.521  -18.590 0.5000000000
10667  -24.192  -58.265  -24.457 0.6999999881
10668  -24.350  -58.721  -24.207 0.6999999881
11077  -19.454  -58.510  -9.867 0.6000000238
11089  -19.915  -58.537  -10.638 0.5000000000
11129  -21.235  -58.489  -15.102 0.6000000238
11234  -23.825  -58.195  -24.503 0.8000000119
11640  -17.884  -57.005  -8.407 0.8000000119
11650  -17.837  -57.792  -8.868 0.8000000119
11653  -20.706  -57.130  -9.289 0.5000000000
12229  -18.630  -56.667  -8.601 0.6999999881
12335  -19.988  -55.749  -20.084 0.6999999881
12843  -22.533  -55.674  -10.369 0.5000000000
12950  -22.674  -55.564  -23.042 0.6000000238
13453  -23.106  -54.323  -10.032 0.4000000060
13473  -24.340  -53.904  -12.011 0.4000000060
14111  -24.048  -53.634  -10.463 0.4000000060
115448  -27.631  -74.758  -27.581 0.5000000000
116300  -26.804  -73.052  -10.448 0.3000000119
118265  -27.926  -72.482  -19.017 0.4000000060
118647  -27.264  -73.207  -26.704 0.4000000060
118974  -25.091  -78.512  -24.734 0.6999999881
119378  -22.380  -70.397  -17.502 0.6000000238
120050  -27.357  -76.128  -20.418 0.6000000238
120310  -24.182  -57.198  -23.942 0.6999999881
121149  -19.275  -61.001  -16.903 0.6000000238
121199  -22.328  -65.828  -17.358 0.6000000238
121548  -30.426  -77.563  -22.331 0.6000000238
122730  -27.670  -70.581  -16.135 0.3000000119
122780  -33.398  -68.175  -21.049 0.3000000119
123165  -24.480  -78.993  -24.999 0.6999999881
123357  -27.902  -80.804  -21.911 0.4000000060
123850  -26.612  -79.792  -21.072 0.5000000000
124415  -18.932  -69.673  -23.387 0.6999999881
124457  -23.650  -54.126  -10.383 0.4000000060
124630  -23.969  -56.210  -23.332 0.6000000238
124653  -21.469  -58.116  -14.381 0.6000000238
125161  -25.743  -62.433  -24.989 0.6000000238
126167  -21.558  -69.784  -18.829 0.5000000000
127144  -26.302  -80.217  -28.523 0.5000000000
127662  -24.597  -63.501  -21.250 0.6000000238
127729  -21.363  -57.320  -23.303 0.8000000119
128987  -21.604  -76.604  -26.132 0.6999999881
130807  -31.964  -70.010  -19.977 0.3000000119
131015  -22.606  -65.249  -16.470 0.6000000238
131155  -20.292  -59.292  -22.201 0.6999999881
131171  -16.088  -58.085  -11.505 0.6000000238
131823  -32.247  -75.976  -23.581 0.5000000000
131839  -20.021  -60.785  -18.395 0.6000000238
132105  -22.457  -67.805  -16.956 0.6000000238
134223  -23.934  -78.015  -21.790 0.6000000238
134316  -21.361  -80.697  -30.154 0.5000000000
134744  -20.548  -73.858  -20.047 0.6999999881
134788  -23.932  -75.729  -21.440 0.5000000000
134958  -33.193  -68.525  -20.414 0.3000000119
135188  -24.278  -58.435  -24.643 0.6000000238
136077  -19.507  -54.812  -9.685 0.5000000000
136520  -23.710  -64.213  -19.843 0.6000000238
137783  -23.069  -77.380  -21.749 0.6000000238
137802  -23.437  -68.271  -23.225 0.6000000238
138066  -23.825  -62.720  -16.290 0.6000000238
138318  -24.466  -61.473  -15.865 0.4000000060
138490  -28.690  -71.085  -14.631 0.3000000119
138593  -20.231  -59.677  -21.155 0.6000000238
139111  -23.569  -80.301  -30.349 0.5000000000
