#!ascii label  , from subject sub-v1s3x0050792_ses-1 vox2ras=TkReg
1082
130493  32.056  -16.912  32.097 0.0000000000
68963  43.086  -0.658  18.729 0.0000000000
61077  34.092  -9.376  26.662 0.0000000000
48292  16.265  -21.149  42.541 0.0000000000
54449  26.472  -15.235  35.476 0.0000000000
66962  33.833  -3.322  26.634 0.0000000000
53419  19.897  -16.618  37.510 0.0000000000
48358  18.745  -21.403  40.368 0.0000000000
52463  23.519  -17.435  36.195 0.0000000000
124251  47.758  -0.733  17.282 0.0000000000
56439  32.436  -13.457  33.722 0.0000000000
59878  31.688  -10.637  32.148 0.0000000000
55408  36.061  -14.798  32.590 0.0000000000
73506  42.307  3.284  23.220 0.0000000000
74411  42.391  4.348  19.865 0.0000000000
69852  40.295  -0.262  21.886 0.0000000000
66041  41.374  -4.710  21.357 0.0000000000
66982  37.221  -3.264  23.165 0.0000000000
63261  37.640  -7.593  25.254 0.0000000000
49567  31.640  -19.890  35.950 0.0000000000
44970  13.682  -24.448  45.416 0.0000000000
49386  11.614  -20.518  47.402 0.0000000000
50401  10.535  -18.576  53.527 0.0000000000
124973  29.510  -16.379  33.533 0.0000000000
50601  27.540  -19.476  35.340 0.0000000000
63205  30.183  -7.251  30.221 0.0000000000
59892  34.410  -9.959  31.669 0.0000000000
78800  41.990  9.552  17.934 0.0000000000
130119  45.148  -1.511  17.785 0.0000000000
67031  45.021  -3.343  19.216 0.0000000000
55403  32.981  -14.259  33.389 0.0000000000
55420  33.468  -14.074  31.770 0.0000000000
53459  34.805  -16.301  32.193 0.0000000000
70819  43.382  0.376  20.236 0.0000000000
72637  44.338  2.286  23.106 0.0000000000
70830  45.455  1.380  18.539 0.0000000000
71803  46.390  2.061  17.740 0.0000000000
45943  8.723  -23.582  50.829 0.0000000000
68914  38.223  -1.324  22.460 0.0000000000
68896  36.674  -0.840  24.433 0.0000000000
64244  33.920  -6.642  25.867 0.0000000000
65110  34.948  -5.757  24.886 0.0000000000
62215  35.709  -8.259  25.567 0.0000000000
59944  37.069  -10.051  28.125 0.0000000000
48336  17.051  -21.550  41.561 0.0000000000
46069  18.266  -23.752  42.358 0.0000000000
45028  16.179  -23.896  42.784 0.0000000000
43848  15.465  -25.562  45.343 0.0000000000
47185  14.688  -22.827  43.836 0.0000000000
50482  13.076  -19.648  46.632 0.0000000000
50427  11.207  -19.309  50.081 0.0000000000
54463  27.977  -15.724  35.232 0.0000000000
51552  27.651  -18.147  34.038 0.0000000000
52482  26.327  -17.396  34.365 0.0000000000
51503  22.877  -18.610  39.167 0.0000000000
50560  24.556  -19.619  38.249 0.0000000000
58730  33.680  -9.995  33.602 0.0000000000
60997  33.142  -9.534  32.448 0.0000000000
69810  35.365  -0.480  26.573 0.0000000000
65989  34.076  -4.299  28.060 0.0000000000
64222  33.139  -6.071  28.061 0.0000000000
50562  21.061  -18.997  38.643 0.0000000000
49483  20.658  -20.632  40.181 0.0000000000
50564  18.849  -18.607  38.831 0.0000000000
51497  17.827  -18.812  40.297 0.0000000000
140518  17.454  -18.978  42.787 0.0000000000
121873  24.934  -16.071  34.846 0.0000000000
54430  22.992  -14.763  35.805 0.0000000000
52464  21.355  -16.915  36.780 0.0000000000
58693  29.036  -11.936  34.963 0.0000000000
58754  28.837  -10.972  33.008 0.0000000000
57609  31.697  -12.402  32.811 0.0000000000
57619  34.723  -12.485  31.988 0.0000000000
77980  39.748  8.062  21.505 0.0000000000
73516  41.740  4.124  21.616 0.0000000000
73555  47.003  3.259  17.907 0.0000000000
69880  41.518  -0.406  20.497 0.0000000000
67980  42.450  -2.826  19.870 0.0000000000
67950  39.919  -2.403  21.330 0.0000000000
66990  39.101  -3.819  21.876 0.0000000000
65131  39.180  -5.683  23.402 0.0000000000
66973  35.653  -2.923  24.693 0.0000000000
123592  37.335  -5.643  24.228 0.0000000000
50627  32.562  -19.226  33.613 0.0000000000
122044  34.622  -18.852  33.593 0.0000000000
69867  43.014  0.262  22.369 0.0000000000
49421  15.741  -20.817  44.283 0.0000000000
48254  13.576  -21.481  45.325 0.0000000000
47127  12.476  -22.125  46.308 0.0000000000
45979  12.001  -23.081  47.690 0.0000000000
48212  10.128  -21.956  48.453 0.0000000000
48201  9.743  -21.295  50.486 0.0000000000
48190  9.219  -21.635  52.894 0.0000000000
47062  8.105  -21.973  55.305 0.0000000000
53463  30.701  -16.438  32.716 0.0000000000
50629  29.979  -18.909  33.880 0.0000000000
49568  29.191  -19.923  35.976 0.0000000000
51533  25.055  -18.444  35.970 0.0000000000
62161  32.000  -8.366  28.097 0.0000000000
124462  30.489  -10.170  30.645 0.0000000000
59930  32.134  -10.400  29.335 0.0000000000
59947  34.155  -10.550  28.543 0.0000000000
52479  37.292  -17.397  34.732 0.0000000000
76312  42.535  6.696  14.706 0.0000000000
77131  40.180  6.729  18.654 0.0000000000
75375  41.903  5.007  16.350 0.0000000000
120344  43.756  -1.006  18.214 0.0000000000
67978  45.294  -2.254  18.253 0.0000000000
67990  44.267  -2.047  18.434 0.0000000000
53461  32.716  -16.383  31.888 0.0000000000
53471  33.347  -15.874  31.684 0.0000000000
53460  33.471  -16.744  31.944 0.0000000000
69893  43.168  0.019  18.986 0.0000000000
70831  44.609  0.731  18.952 0.0000000000
69903  43.666  -0.125  18.421 0.0000000000
69912  44.818  0.222  17.586 0.0000000000
45936  8.292  -24.204  51.699 0.0000000000
69822  37.577  -0.419  23.983 0.0000000000
125760  36.806  0.109  25.788 0.0000000000
63245  34.069  -7.634  25.904 0.0000000000
64255  34.536  -7.061  25.432 0.0000000000
62197  35.171  -8.878  25.940 0.0000000000
61074  36.459  -9.415  26.617 0.0000000000
61056  35.167  -9.941  27.086 0.0000000000
48314  16.479  -21.727  41.953 0.0000000000
131093  16.613  -22.953  42.060 0.0000000000
47204  15.715  -22.575  42.689 0.0000000000
46052  15.605  -23.418  42.991 0.0000000000
48293  15.518  -21.811  43.102 0.0000000000
54448  27.224  -15.531  35.345 0.0000000000
53442  27.276  -16.238  34.531 0.0000000000
53432  26.403  -15.932  34.742 0.0000000000
50545  22.404  -18.748  39.769 0.0000000000
62108  28.576  -8.626  34.435 0.0000000000
59865  34.450  -9.205  34.561 0.0000000000
65085  33.627  -5.457  28.628 0.0000000000
65076  33.646  -5.359  29.283 0.0000000000
51527  19.950  -17.999  37.843 0.0000000000
133594  20.295  -19.327  38.666 0.0000000000
51516  19.435  -18.292  38.317 0.0000000000
52435  18.166  -17.272  40.314 0.0000000000
53387  17.960  -17.067  41.675 0.0000000000
119339  17.498  -19.143  41.479 0.0000000000
55380  24.659  -13.950  36.206 0.0000000000
118290  20.448  -14.826  37.420 0.0000000000
54432  21.513  -15.521  36.426 0.0000000000
52465  20.639  -16.863  37.054 0.0000000000
51525  21.590  -17.876  37.640 0.0000000000
57594  29.723  -12.354  33.703 0.0000000000
56454  31.231  -13.061  33.617 0.0000000000
55418  34.593  -14.142  31.626 0.0000000000
56478  34.273  -13.289  31.627 0.0000000000
56465  35.521  -13.144  32.136 0.0000000000
57606  35.371  -12.347  32.500 0.0000000000
56451  36.719  -13.592  33.224 0.0000000000
72638  43.449  2.646  23.307 0.0000000000
75305  39.477  5.530  23.034 0.0000000000
134422  41.909  3.755  22.189 0.0000000000
70858  46.426  0.431  16.729 0.0000000000
72697  46.840  2.424  17.412 0.0000000000
71822  47.523  1.225  16.522 0.0000000000
69868  40.880  -0.314  21.207 0.0000000000
68936  40.821  -1.594  20.695 0.0000000000
69870  39.690  -0.882  21.613 0.0000000000
67942  37.475  -2.469  22.804 0.0000000000
67003  38.857  -2.940  21.778 0.0000000000
66032  38.592  -4.310  22.450 0.0000000000
65149  38.838  -5.155  22.777 0.0000000000
66019  38.137  -4.686  23.084 0.0000000000
68882  34.437  -1.832  26.461 0.0000000000
68888  35.270  -1.650  25.336 0.0000000000
66966  34.909  -3.339  25.152 0.0000000000
63274  36.246  -6.952  24.784 0.0000000000
64267  36.692  -6.118  24.493 0.0000000000
63273  37.195  -6.977  24.745 0.0000000000
64265  38.700  -6.127  24.505 0.0000000000
50614  31.922  -19.434  34.283 0.0000000000
50612  33.665  -19.627  34.531 0.0000000000
70790  41.094  0.361  23.078 0.0000000000
70806  41.273  0.217  21.954 0.0000000000
70821  41.536  0.139  21.150 0.0000000000
48357  19.500  -21.549  40.383 0.0000000000
47220  19.250  -22.491  41.286 0.0000000000
43849  14.679  -25.393  45.529 0.0000000000
43827  15.186  -25.745  46.138 0.0000000000
43828  14.340  -25.519  46.379 0.0000000000
43829  13.568  -25.073  46.744 0.0000000000
49409  15.710  -20.735  45.106 0.0000000000
49422  15.050  -21.154  44.604 0.0000000000
49411  14.035  -20.688  45.445 0.0000000000
49385  12.231  -19.991  46.937 0.0000000000
49398  12.692  -20.529  46.295 0.0000000000
47128  12.036  -22.013  46.909 0.0000000000
47109  12.215  -22.701  46.879 0.0000000000
47111  11.203  -22.089  47.759 0.0000000000
45980  11.330  -22.618  47.993 0.0000000000
48223  10.838  -21.645  47.970 0.0000000000
50416  10.429  -19.567  51.513 0.0000000000
49358  10.253  -20.591  50.115 0.0000000000
49341  9.903  -20.148  51.985 0.0000000000
48196  9.387  -21.706  51.938 0.0000000000
122392  9.635  -19.983  52.872 0.0000000000
54461  29.705  -15.755  34.409 0.0000000000
54475  30.333  -15.850  33.563 0.0000000000
53464  29.925  -16.714  32.932 0.0000000000
135746  30.480  -17.741  32.729 0.0000000000
128256  29.360  -17.850  33.240 0.0000000000
51541  27.088  -18.706  34.716 0.0000000000
50617  28.700  -19.182  34.516 0.0000000000
49569  28.411  -19.815  35.712 0.0000000000
52474  23.671  -16.606  35.548 0.0000000000
52472  24.938  -17.280  35.025 0.0000000000
51534  24.235  -18.111  36.252 0.0000000000
50559  25.442  -20.131  38.177 0.0000000000
67018  42.102  -3.417  20.434 0.0000000000
67017  42.977  -3.718  20.163 0.0000000000
65175  42.943  -4.721  20.794 0.0000000000
64214  30.733  -6.842  29.668 0.0000000000
64224  31.737  -6.884  28.629 0.0000000000
62145  31.043  -8.333  29.079 0.0000000000
58752  30.151  -11.438  32.264 0.0000000000
60999  29.407  -10.173  31.621 0.0000000000
58766  30.894  -10.705  31.450 0.0000000000
59893  33.601  -9.980  31.548 0.0000000000
59894  32.734  -10.132  31.461 0.0000000000
59911  33.596  -10.646  30.364 0.0000000000
59929  33.574  -10.671  29.319 0.0000000000
59928  34.371  -10.720  29.514 0.0000000000
59926  36.288  -10.607  29.350 0.0000000000
51558  36.154  -18.279  34.092 0.0000000000
78025  42.357  8.452  16.037 0.0000000000
76237  39.946  5.359  20.145 0.0000000000
77118  39.794  7.751  20.087 0.0000000000
75334  40.401  5.152  19.327 0.0000000000
73558  43.202  3.848  17.535 0.0000000000
73556  44.764  4.235  17.367 0.0000000000
54391  19.836  -15.036  38.117 0.0000000000
53406  18.832  -16.372  39.129 0.0000000000
68971  46.533  -1.261  17.462 0.0000000000
68958  47.877  -1.822  18.002 0.0000000000
68959  46.938  -2.027  17.895 0.0000000000
56452  32.853  -13.792  32.979 0.0000000000
128809  32.924  -13.541  32.354 0.0000000000
54492  33.165  -14.688  31.911 0.0000000000
55419  34.152  -14.884  31.596 0.0000000000
54481  35.219  -15.666  32.224 0.0000000000
122588  46.963  1.043  21.143 0.0000000000
70816  46.562  0.842  20.805 0.0000000000
71785  46.262  1.322  20.110 0.0000000000
138758  45.920  1.994  20.285 0.0000000000
72666  44.822  2.675  20.177 0.0000000000
70839  45.230  1.008  17.752 0.0000000000
70849  45.440  0.660  17.266 0.0000000000
135787  8.931  -24.424  49.404 0.0000000000
70776  39.624  0.347  23.460 0.0000000000
68913  38.947  -1.069  22.011 0.0000000000
69840  38.205  -0.285  23.383 0.0000000000
132913  37.756  -0.826  23.048 0.0000000000
67937  36.981  -2.274  23.257 0.0000000000
65101  33.853  -4.863  25.841 0.0000000000
66006  34.355  -4.235  25.412 0.0000000000
65111  34.391  -6.146  25.397 0.0000000000
63263  35.429  -7.305  25.145 0.0000000000
62213  37.202  -8.323  25.700 0.0000000000
62195  36.859  -8.911  26.146 0.0000000000
61054  37.723  -9.675  27.701 0.0000000000
120804  31.134  -20.259  36.802 0.0000000000
48359  18.027  -21.214  40.693 0.0000000000
47221  18.482  -22.560  41.271 0.0000000000
47222  17.713  -22.463  41.408 0.0000000000
45026  17.612  -24.182  42.641 0.0000000000
43862  17.323  -25.240  44.343 0.0000000000
45013  14.753  -24.201  43.970 0.0000000000
44992  14.108  -24.161  44.637 0.0000000000
50481  13.991  -19.650  46.566 0.0000000000
51446  12.922  -18.879  47.910 0.0000000000
50455  12.183  -19.170  48.086 0.0000000000
50457  10.916  -20.196  48.796 0.0000000000
51424  11.839  -18.933  49.434 0.0000000000
51392  11.693  -18.422  51.305 0.0000000000
51363  11.636  -18.066  53.462 0.0000000000
53441  28.761  -16.308  34.181 0.0000000000
53453  28.614  -16.954  33.653 0.0000000000
121316  27.930  -16.730  34.101 0.0000000000
52481  27.222  -17.531  34.057 0.0000000000
51542  26.275  -18.429  34.959 0.0000000000
51536  22.942  -18.020  37.551 0.0000000000
51523  24.035  -18.630  37.109 0.0000000000
50561  23.812  -19.205  38.658 0.0000000000
65164  40.989  -5.425  21.830 0.0000000000
63203  29.376  -7.595  31.615 0.0000000000
58748  33.294  -10.331  33.072 0.0000000000
59877  32.504  -10.142  32.455 0.0000000000
59875  33.482  -9.406  33.407 0.0000000000
60977  33.730  -9.152  33.583 0.0000000000
78796  41.947  9.870  18.770 0.0000000000
45918  7.711  -23.587  53.998 0.0000000000
69804  35.403  -0.824  28.445 0.0000000000
67914  34.422  -2.624  27.883 0.0000000000
66957  34.033  -3.395  27.531 0.0000000000
65990  33.783  -4.867  27.683 0.0000000000
64235  33.282  -6.502  27.285 0.0000000000
63229  33.118  -7.483  27.025 0.0000000000
50533  21.787  -19.172  40.275 0.0000000000
49482  21.332  -19.946  40.585 0.0000000000
50547  20.690  -19.635  39.118 0.0000000000
49525  19.952  -19.921  38.998 0.0000000000
49507  18.852  -20.470  39.723 0.0000000000
52442  18.493  -17.325  39.349 0.0000000000
51505  18.316  -18.860  39.479 0.0000000000
49508  18.220  -20.092  40.034 0.0000000000
50523  17.479  -19.902  41.146 0.0000000000
49450  17.193  -20.333  41.670 0.0000000000
49451  16.901  -20.321  42.317 0.0000000000
124524  25.641  -15.622  34.969 0.0000000000
55391  25.064  -14.539  35.662 0.0000000000
55393  23.595  -15.051  35.523 0.0000000000
53435  23.067  -15.718  35.668 0.0000000000
55383  21.846  -14.569  36.470 0.0000000000
128342  22.208  -16.072  36.096 0.0000000000
121922  22.736  -17.511  36.864 0.0000000000
134090  22.371  -17.887  37.619 0.0000000000
51504  22.118  -18.499  38.830 0.0000000000
59849  28.698  -10.443  35.565 0.0000000000
60948  28.496  -9.870  34.448 0.0000000000
58732  28.753  -11.201  33.856 0.0000000000
57610  30.035  -12.085  32.944 0.0000000000
118838  31.473  -11.412  32.527 0.0000000000
56467  32.549  -12.715  32.477 0.0000000000
56466  33.118  -12.555  32.169 0.0000000000
57608  33.164  -11.492  32.534 0.0000000000
58747  34.590  -11.381  32.933 0.0000000000
57592  35.568  -11.827  33.213 0.0000000000
77106  40.030  7.817  23.397 0.0000000000
76230  39.543  5.660  21.044 0.0000000000
74399  42.665  4.386  20.678 0.0000000000
72679  45.458  2.842  19.401 0.0000000000
73538  44.561  4.025  20.414 0.0000000000
68950  41.959  -0.806  19.779 0.0000000000
129710  42.795  -2.151  19.284 0.0000000000
136587  41.959  -1.815  19.827 0.0000000000
67963  41.284  -2.137  20.451 0.0000000000
67000  40.891  -3.988  21.195 0.0000000000
68924  39.430  -1.686  21.577 0.0000000000
67002  39.606  -3.172  21.544 0.0000000000
66042  40.685  -4.710  21.560 0.0000000000
65165  40.160  -5.199  21.963 0.0000000000
64297  39.814  -6.181  23.068 0.0000000000
69814  36.317  -0.505  25.292 0.0000000000
67928  35.705  -2.033  24.707 0.0000000000
66021  36.752  -3.795  23.836 0.0000000000
66005  35.089  -4.734  24.814 0.0000000000
66013  36.391  -4.221  24.342 0.0000000000
138668  36.888  -4.542  23.995 0.0000000000
128479  38.061  -5.612  24.034 0.0000000000
51572  32.069  -17.856  32.428 0.0000000000
51570  33.713  -18.431  32.861 0.0000000000
51560  33.960  -18.889  33.363 0.0000000000
50611  34.513  -19.615  34.640 0.0000000000
70804  43.056  0.331  21.275 0.0000000000
70820  42.292  0.249  20.620 0.0000000000
50504  17.041  -19.634  43.799 0.0000000000
50495  16.928  -19.782  44.687 0.0000000000
49438  15.885  -20.949  43.419 0.0000000000
48273  15.239  -21.472  43.906 0.0000000000
47163  14.280  -22.505  44.434 0.0000000000
47164  13.669  -22.397  45.079 0.0000000000
49412  13.311  -20.774  45.716 0.0000000000
47145  13.048  -22.240  45.643 0.0000000000
45996  13.120  -23.866  45.965 0.0000000000
45997  12.512  -23.529  46.815 0.0000000000
44926  12.431  -23.918  47.633 0.0000000000
47098  9.837  -22.831  48.594 0.0000000000
49367  10.401  -20.744  49.232 0.0000000000
48205  9.779  -21.825  48.975 0.0000000000
132418  9.296  -22.930  49.150 0.0000000000
130941  9.070  -22.811  50.065 0.0000000000
47079  9.104  -22.541  51.248 0.0000000000
47075  8.559  -23.259  53.037 0.0000000000
48184  9.122  -20.548  54.301 0.0000000000
47067  8.491  -22.287  54.374 0.0000000000
47072  8.213  -23.161  54.009 0.0000000000
54484  31.645  -15.949  32.612 0.0000000000
54474  30.912  -15.899  33.031 0.0000000000
53462  31.456  -16.600  32.378 0.0000000000
51573  31.216  -17.877  32.564 0.0000000000
51564  30.829  -18.550  33.152 0.0000000000
50598  31.283  -19.593  35.072 0.0000000000
51565  29.229  -18.377  33.590 0.0000000000
50616  29.486  -19.308  34.668 0.0000000000
50583  30.605  -19.828  35.913 0.0000000000
129502  25.129  -16.700  34.749 0.0000000000
51543  25.477  -18.019  35.149 0.0000000000
121231  26.115  -19.481  36.207 0.0000000000
50574  24.625  -19.173  37.294 0.0000000000
139821  25.794  -19.740  36.858 0.0000000000
117831  27.232  -20.269  36.859 0.0000000000
67033  43.304  -3.035  19.518 0.0000000000
64212  32.155  -6.069  28.900 0.0000000000
63218  32.132  -7.398  28.107 0.0000000000
62180  32.942  -9.004  27.192 0.0000000000
60981  28.576  -9.504  33.146 0.0000000000
121122  29.214  -9.322  31.483 0.0000000000
61012  30.178  -9.304  30.330 0.0000000000
137406  31.133  -10.464  30.868 0.0000000000
59912  31.032  -10.209  30.224 0.0000000000
61023  31.137  -9.254  29.234 0.0000000000
59950  31.745  -9.718  28.819 0.0000000000
59968  33.207  -10.126  27.825 0.0000000000
61057  34.347  -9.902  27.097 0.0000000000
59965  35.639  -10.255  27.930 0.0000000000
138871  34.628  -17.523  32.641 0.0000000000
53451  35.726  -16.927  33.088 0.0000000000
127742  36.712  -16.060  33.607 0.0000000000
53431  38.015  -16.116  35.139 0.0000000000
54457  37.571  -15.173  34.227 0.0000000000
78038  43.474  8.383  14.440 0.0000000000
78788  40.710  8.948  19.725 0.0000000000
78011  40.984  7.966  17.686 0.0000000000
74422  41.468  4.602  18.144 0.0000000000
76281  40.965  6.262  17.380 0.0000000000
77160  41.511  7.363  16.564 0.0000000000
75387  42.220  5.337  15.629 0.0000000000
73583  43.578  3.660  15.293 0.0000000000
68962  43.288  -1.580  18.700 0.0000000000
45927  8.241  -23.895  52.700 0.0000000000
63246  33.588  -8.080  26.449 0.0000000000
62198  34.280  -8.664  26.176 0.0000000000
61076  34.766  -9.417  26.510 0.0000000000
47203  16.266  -22.458  42.158 0.0000000000
48315  15.950  -21.909  42.412 0.0000000000
122323  27.279  -14.985  36.285 0.0000000000
50532  22.477  -18.994  40.614 0.0000000000
50531  23.124  -19.214  40.844 0.0000000000
62098  28.653  -8.694  35.175 0.0000000000
52457  20.248  -17.428  37.511 0.0000000000
52448  19.455  -17.443  38.025 0.0000000000
54412  20.091  -15.648  37.418 0.0000000000
136019  20.425  -16.188  37.024 0.0000000000
55409  35.441  -14.210  32.024 0.0000000000
139060  34.947  -13.386  31.705 0.0000000000
56464  36.153  -13.851  32.563 0.0000000000
55402  36.655  -14.565  33.127 0.0000000000
72647  42.951  2.915  22.815 0.0000000000
73500  42.376  3.235  23.975 0.0000000000
73501  41.640  3.587  23.712 0.0000000000
73502  40.922  3.988  23.461 0.0000000000
136529  40.421  4.374  23.202 0.0000000000
125255  42.420  3.393  22.499 0.0000000000
69919  46.902  -0.076  16.769 0.0000000000
70857  47.162  0.533  16.603 0.0000000000
128745  47.866  0.639  16.603 0.0000000000
70856  48.477  0.396  16.802 0.0000000000
127029  9.582  -24.325  49.019 0.0000000000
69869  40.320  -0.745  21.293 0.0000000000
66992  37.839  -3.017  22.529 0.0000000000
66033  37.875  -3.872  22.766 0.0000000000
66020  37.415  -4.338  23.492 0.0000000000
67918  34.155  -2.602  26.164 0.0000000000
134732  34.544  -2.748  25.566 0.0000000000
66967  34.110  -3.363  25.780 0.0000000000
118806  32.203  -19.728  35.152 0.0000000000
49566  32.539  -19.995  35.889 0.0000000000
70791  40.126  0.174  22.758 0.0000000000
139799  40.841  0.209  22.482 0.0000000000
47237  19.624  -21.980  40.859 0.0000000000
47238  18.979  -22.075  40.750 0.0000000000
44969  14.321  -24.869  45.050 0.0000000000
43850  13.954  -25.039  45.833 0.0000000000
123226  13.419  -24.602  46.122 0.0000000000
49410  14.896  -20.841  45.251 0.0000000000
49399  12.034  -20.752  46.873 0.0000000000
48222  11.571  -21.466  47.326 0.0000000000
49387  11.082  -20.968  47.784 0.0000000000
50408  10.200  -19.187  52.534 0.0000000000
52491  29.291  -17.188  33.275 0.0000000000
121701  28.291  -19.465  35.017 0.0000000000
49558  27.792  -20.027  36.235 0.0000000000
52473  24.244  -17.353  35.563 0.0000000000
66056  41.686  -4.053  20.872 0.0000000000
66055  42.475  -4.158  20.639 0.0000000000
66040  42.211  -4.873  21.156 0.0000000000
64206  29.946  -6.790  30.839 0.0000000000
64205  30.448  -6.432  30.431 0.0000000000
63211  30.580  -7.818  29.605 0.0000000000
58751  30.879  -11.125  32.154 0.0000000000
58767  30.326  -10.915  31.792 0.0000000000
59910  34.441  -10.621  30.595 0.0000000000
59909  35.174  -10.602  30.831 0.0000000000
78799  42.635  9.860  17.426 0.0000000000
78803  42.713  9.362  16.501 0.0000000000
78020  41.997  8.625  16.752 0.0000000000
75319  40.767  4.610  20.036 0.0000000000
135356  41.317  4.467  19.178 0.0000000000
55358  20.028  -14.309  38.529 0.0000000000
55359  19.550  -14.803  39.107 0.0000000000
55349  19.535  -14.082  39.767 0.0000000000
68972  45.660  -1.021  17.456 0.0000000000
68960  45.962  -1.822  17.797 0.0000000000
138157  44.918  -2.797  18.742 0.0000000000
67989  46.268  -2.482  18.355 0.0000000000
55411  33.031  -14.264  32.466 0.0000000000
53470  34.018  -16.186  31.764 0.0000000000
54490  33.839  -15.508  31.622 0.0000000000
54482  34.500  -15.613  31.805 0.0000000000
70803  44.291  0.173  20.890 0.0000000000
70802  45.829  0.192  20.773 0.0000000000
70818  44.695  0.550  19.911 0.0000000000
70817  45.927  1.071  19.783 0.0000000000
71796  46.110  1.817  19.182 0.0000000000
68973  44.896  -0.712  17.582 0.0000000000
69911  45.408  -0.189  17.248 0.0000000000
69910  46.226  -0.403  17.051 0.0000000000
45952  8.903  -23.666  49.676 0.0000000000
70777  39.139  0.391  23.945 0.0000000000
69839  38.849  0.098  23.350 0.0000000000
70755  38.446  0.115  24.002 0.0000000000
68906  36.978  -1.333  23.582 0.0000000000
125669  33.844  -5.677  25.886 0.0000000000
63264  34.822  -8.009  25.619 0.0000000000
63262  36.528  -7.739  25.222 0.0000000000
62214  36.448  -8.480  25.700 0.0000000000
124440  36.868  -9.747  27.344 0.0000000000
61037  37.796  -10.031  28.604 0.0000000000
48335  17.572  -21.731  41.235 0.0000000000
46071  16.700  -23.528  42.295 0.0000000000
45027  16.882  -24.139  42.630 0.0000000000
45011  17.287  -24.579  43.174 0.0000000000
45012  16.411  -24.500  43.218 0.0000000000
43863  16.574  -25.334  44.433 0.0000000000
46053  14.977  -23.519  43.551 0.0000000000
139496  14.664  -24.679  44.460 0.0000000000
46031  14.394  -23.423  44.174 0.0000000000
51434  13.341  -18.734  48.624 0.0000000000
51435  12.494  -18.780  48.744 0.0000000000
136842  11.853  -19.142  48.742 0.0000000000
51423  12.451  -18.594  49.618 0.0000000000
51377  11.620  -18.088  52.292 0.0000000000
54447  28.694  -15.505  35.870 0.0000000000
54462  28.766  -15.764  34.938 0.0000000000
122620  28.113  -16.171  34.602 0.0000000000
53443  26.419  -16.742  34.288 0.0000000000
130938  26.771  -17.280  34.175 0.0000000000
51553  26.752  -17.922  34.374 0.0000000000
51554  26.079  -17.822  34.629 0.0000000000
136595  22.743  -18.306  38.276 0.0000000000
51524  23.375  -18.475  37.738 0.0000000000
51513  23.321  -18.727  38.542 0.0000000000
64199  29.464  -6.943  32.425 0.0000000000
63201  28.962  -7.930  32.342 0.0000000000
59876  33.002  -9.686  32.977 0.0000000000
59866  33.835  -9.198  34.017 0.0000000000
60961  34.090  -8.986  34.228 0.0000000000
45919  7.365  -23.852  53.766 0.0000000000
68875  34.714  -1.965  28.202 0.0000000000
66958  33.718  -4.152  27.135 0.0000000000
65095  33.548  -5.554  27.729 0.0000000000
64236  32.707  -6.934  27.652 0.0000000000
50546  21.532  -19.103  39.395 0.0000000000
49504  21.051  -19.855  39.799 0.0000000000
50563  19.517  -19.171  38.685 0.0000000000
49526  19.201  -19.881  39.203 0.0000000000
127430  18.835  -19.260  39.096 0.0000000000
52436  17.867  -17.947  40.677 0.0000000000
51496  18.078  -18.047  39.823 0.0000000000
50549  18.075  -19.424  39.925 0.0000000000
50534  17.806  -19.654  40.453 0.0000000000
49485  17.870  -20.444  40.571 0.0000000000
135227  17.611  -19.215  40.887 0.0000000000
51486  17.587  -18.513  42.132 0.0000000000
50511  17.310  -19.530  42.056 0.0000000000
55379  25.723  -14.197  36.445 0.0000000000
55381  23.718  -14.302  35.874 0.0000000000
53426  21.015  -16.280  36.686 0.0000000000
137138  21.636  -16.375  36.476 0.0000000000
120717  22.110  -16.858  36.540 0.0000000000
52455  21.865  -17.412  37.095 0.0000000000
129064  21.350  -18.403  38.116 0.0000000000
58694  28.806  -11.215  35.288 0.0000000000
58713  28.800  -11.407  34.569 0.0000000000
57593  30.982  -12.557  33.123 0.0000000000
121378  30.819  -11.848  32.666 0.0000000000
56468  32.434  -13.114  32.704 0.0000000000
120444  33.106  -13.376  31.945 0.0000000000
57620  33.856  -12.439  31.914 0.0000000000
118397  32.569  -11.716  32.579 0.0000000000
57607  33.948  -11.549  32.549 0.0000000000
57591  36.529  -12.533  33.612 0.0000000000
72625  44.504  2.550  24.200 0.0000000000
134594  40.509  8.417  23.513 0.0000000000
139067  40.004  7.315  23.875 0.0000000000
75303  40.339  4.612  21.762 0.0000000000
127011  39.282  5.875  22.110 0.0000000000
76224  39.727  5.153  21.568 0.0000000000
75312  40.293  4.754  20.908 0.0000000000
129877  41.326  4.377  20.854 0.0000000000
72688  46.261  2.469  18.459 0.0000000000
72687  46.514  2.971  18.184 0.0000000000
73537  45.173  4.559  20.205 0.0000000000
119319  41.353  -1.220  20.304 0.0000000000
67964  40.594  -2.356  20.904 0.0000000000
67019  41.228  -3.133  20.721 0.0000000000
67001  40.375  -3.216  21.217 0.0000000000
68925  38.672  -2.021  21.903 0.0000000000
66043  40.012  -4.162  21.594 0.0000000000
121220  39.355  -4.745  22.157 0.0000000000
119986  39.621  -5.584  22.612 0.0000000000
69809  35.989  -0.172  26.155 0.0000000000
69815  35.426  -0.862  25.764 0.0000000000
67922  35.137  -2.448  25.173 0.0000000000
67927  36.148  -2.507  24.242 0.0000000000
66972  36.216  -3.385  24.304 0.0000000000
65120  36.677  -5.093  24.332 0.0000000000
65119  37.344  -5.090  23.937 0.0000000000
139478  37.862  -5.017  23.611 0.0000000000
51562  32.354  -18.698  32.897 0.0000000000
51561  33.181  -18.878  33.116 0.0000000000
50596  33.944  -19.916  35.250 0.0000000000
69866  43.865  0.030  21.807 0.0000000000
69879  42.190  -0.216  19.932 0.0000000000
48355  21.030  -20.720  40.948 0.0000000000
48333  21.453  -20.612  41.828 0.0000000000
133338  15.921  -25.826  45.937 0.0000000000
50503  17.466  -18.985  43.564 0.0000000000
121772  16.364  -20.388  44.937 0.0000000000
49420  16.430  -20.305  44.011 0.0000000000
48253  14.357  -21.312  44.991 0.0000000000
48274  14.591  -21.758  44.417 0.0000000000
48275  14.064  -21.879  44.853 0.0000000000
46032  13.833  -23.247  44.796 0.0000000000
49397  13.635  -20.129  46.011 0.0000000000
48255  12.829  -21.395  45.899 0.0000000000
46012  12.733  -22.954  46.146 0.0000000000
47097  10.621  -22.310  48.211 0.0000000000
45962  10.627  -22.934  48.389 0.0000000000
44905  9.980  -23.550  48.658 0.0000000000
50441  11.334  -19.530  49.186 0.0000000000
50442  10.770  -20.029  49.683 0.0000000000
48204  9.925  -21.309  49.527 0.0000000000
47085  9.488  -22.096  49.586 0.0000000000
128455  9.351  -22.087  50.477 0.0000000000
47074  9.051  -22.518  52.430 0.0000000000
49327  9.683  -19.755  54.793 0.0000000000
48180  8.689  -21.309  54.816 0.0000000000
47068  7.823  -22.776  54.822 0.0000000000
54472  32.676  -15.096  32.417 0.0000000000
53452  30.224  -16.205  33.098 0.0000000000
52502  30.907  -17.151  32.488 0.0000000000
52501  31.515  -17.288  32.339 0.0000000000
124443  29.935  -18.183  33.184 0.0000000000
50615  31.003  -19.218  34.088 0.0000000000
51566  28.579  -17.804  33.521 0.0000000000
51551  28.497  -18.581  33.953 0.0000000000
50600  28.984  -19.572  35.248 0.0000000000
50599  29.759  -19.652  35.518 0.0000000000
133815  30.353  -19.434  34.873 0.0000000000
49556  30.193  -20.232  36.716 0.0000000000
50584  29.845  -19.947  36.184 0.0000000000
121244  24.785  -17.857  35.578 0.0000000000
50603  25.789  -18.800  35.690 0.0000000000
50575  23.952  -18.977  37.946 0.0000000000
116787  26.124  -20.431  38.131 0.0000000000
49544  25.957  -20.128  37.490 0.0000000000
49559  26.445  -20.011  36.827 0.0000000000
65077  32.798  -5.531  29.380 0.0000000000
65078  31.859  -5.662  29.598 0.0000000000
63219  31.552  -7.846  28.564 0.0000000000
63230  32.558  -8.041  27.492 0.0000000000
136993  32.422  -8.889  27.707 0.0000000000
59867  28.563  -10.277  33.673 0.0000000000
60962  28.464  -9.357  34.012 0.0000000000
131305  28.723  -10.239  32.821 0.0000000000
59896  30.045  -10.506  31.294 0.0000000000
60998  29.751  -9.795  30.955 0.0000000000
62136  29.578  -8.899  30.874 0.0000000000
60979  32.857  -9.734  32.566 0.0000000000
59895  31.996  -10.271  31.807 0.0000000000
125898  32.792  -10.696  30.000 0.0000000000
136692  31.722  -10.473  30.457 0.0000000000
59931  31.320  -10.030  29.560 0.0000000000
61011  30.775  -9.702  29.900 0.0000000000
59948  33.396  -10.446  28.438 0.0000000000
59967  33.865  -10.257  27.743 0.0000000000
59966  34.689  -10.288  27.798 0.0000000000
52489  34.514  -18.269  33.017 0.0000000000
52499  33.804  -17.679  32.433 0.0000000000
52480  36.602  -17.508  34.102 0.0000000000
52488  35.940  -17.624  33.554 0.0000000000
53450  36.371  -16.838  33.577 0.0000000000
53457  36.113  -16.193  33.117 0.0000000000
53440  36.979  -16.699  34.120 0.0000000000
127126  37.745  -15.770  34.595 0.0000000000
55397  37.817  -14.499  34.463 0.0000000000
78029  42.582  8.115  15.363 0.0000000000
78028  43.093  8.463  14.996 0.0000000000
77166  42.865  7.671  14.664 0.0000000000
75399  42.927  5.111  14.399 0.0000000000
77975  40.176  8.577  21.857 0.0000000000
77132  39.914  7.317  19.312 0.0000000000
78001  40.284  8.219  19.454 0.0000000000
78012  40.486  7.875  18.547 0.0000000000
78000  40.826  8.727  18.906 0.0000000000
77142  40.592  7.059  17.874 0.0000000000
73571  42.795  3.954  16.705 0.0000000000
73559  42.536  4.073  17.347 0.0000000000
133289  41.733  4.846  16.813 0.0000000000
76294  41.411  6.516  16.650 0.0000000000
76293  41.750  5.905  16.110 0.0000000000
74461  42.535  4.448  15.997 0.0000000000
68961  44.473  -1.258  17.921 0.0000000000
138081  44.790  -1.781  18.075 0.0000000000
53472  32.920  -15.544  31.839 0.0000000000
136537  34.327  -16.930  32.226 0.0000000000
70832  43.645  0.401  19.325 0.0000000000
70841  43.820  0.293  18.742 0.0000000000
70840  44.464  0.490  18.211 0.0000000000
69902  44.246  -0.388  17.882 0.0000000000
70756  38.038  0.265  24.703 0.0000000000
69813  37.146  -0.100  24.908 0.0000000000
62196  36.012  -8.982  25.972 0.0000000000
61075  35.586  -9.452  26.498 0.0000000000
61055  36.025  -9.876  27.147 0.0000000000
47223  16.931  -22.306  41.674 0.0000000000
46072  16.149  -23.201  42.453 0.0000000000
47184  15.182  -22.693  43.310 0.0000000000
50544  23.158  -18.922  39.946 0.0000000000
63196  28.739  -7.944  34.079 0.0000000000
58729  34.562  -10.311  34.026 0.0000000000
58711  34.957  -9.919  34.991 0.0000000000
65084  34.022  -5.030  28.450 0.0000000000
65075  34.250  -5.116  29.217 0.0000000000
51515  20.294  -18.643  38.194 0.0000000000
52449  18.858  -17.834  38.632 0.0000000000
53399  18.545  -16.531  40.060 0.0000000000
121979  18.258  -16.578  41.044 0.0000000000
52428  17.988  -17.306  41.048 0.0000000000
51491  17.655  -18.557  41.162 0.0000000000
124863  23.057  -13.998  36.248 0.0000000000
54411  21.103  -14.683  36.858 0.0000000000
54433  20.699  -15.502  36.862 0.0000000000
52456  21.034  -17.442  37.236 0.0000000000
51526  20.706  -17.992  37.688 0.0000000000
57581  29.613  -12.465  34.546 0.0000000000
57580  30.416  -12.881  34.104 0.0000000000
135708  30.452  -12.616  33.487 0.0000000000
119318  33.901  -14.099  31.603 0.0000000000
56479  33.607  -13.314  31.707 0.0000000000
57605  36.084  -12.818  32.737 0.0000000000
56450  37.167  -13.387  33.812 0.0000000000
72645  44.576  2.155  21.955 0.0000000000
73481  42.132  3.865  25.228 0.0000000000
76217  39.780  6.561  23.927 0.0000000000
74377  39.792  5.308  23.732 0.0000000000
129522  40.345  4.482  22.527 0.0000000000
74383  41.114  4.084  22.163 0.0000000000
70848  46.002  0.956  16.841 0.0000000000
71811  46.405  1.656  17.019 0.0000000000
72705  47.109  1.870  16.739 0.0000000000
72704  47.959  2.018  16.536 0.0000000000
72696  47.526  2.792  17.154 0.0000000000
71821  48.512  1.220  16.541 0.0000000000
69881  40.786  -0.902  20.781 0.0000000000
68923  40.188  -1.490  21.160 0.0000000000
67941  37.990  -2.183  22.411 0.0000000000
133959  38.340  -2.720  22.140 0.0000000000
66991  38.423  -3.454  22.239 0.0000000000
65132  38.464  -5.317  23.491 0.0000000000
68881  34.819  -1.043  26.554 0.0000000000
127382  34.811  -1.414  25.918 0.0000000000
68889  34.638  -2.075  25.708 0.0000000000
64268  35.620  -6.375  24.766 0.0000000000
65121  35.834  -5.438  24.605 0.0000000000
64266  37.729  -6.252  24.460 0.0000000000
64253  38.206  -6.857  24.857 0.0000000000
50613  32.805  -19.576  34.419 0.0000000000
50597  33.082  -19.879  35.173 0.0000000000
136054  41.318  0.538  23.670 0.0000000000
134252  41.647  0.319  22.806 0.0000000000
70789  42.114  0.352  22.498 0.0000000000
70805  42.158  0.376  21.672 0.0000000000
48356  20.255  -21.430  40.655 0.0000000000
47219  20.119  -22.071  41.460 0.0000000000
134764  14.984  -25.189  44.785 0.0000000000
42651  15.868  -26.040  46.704 0.0000000000
43802  14.903  -25.928  47.106 0.0000000000
119031  14.075  -25.588  47.109 0.0000000000
44944  12.971  -24.324  46.781 0.0000000000
48238  12.254  -21.379  46.582 0.0000000000
47110  11.722  -22.356  47.434 0.0000000000
49376  10.616  -21.027  48.416 0.0000000000
50428  10.635  -19.822  50.617 0.0000000000
49349  10.093  -20.368  51.069 0.0000000000
125289  9.465  -21.713  51.132 0.0000000000
49350  9.735  -21.005  51.535 0.0000000000
49342  9.566  -20.890  52.416 0.0000000000
49336  9.293  -20.730  53.328 0.0000000000
47063  7.510  -22.358  55.612 0.0000000000
52503  30.323  -17.062  32.670 0.0000000000
52490  29.856  -17.471  32.938 0.0000000000
50618  27.913  -18.972  34.491 0.0000000000
125573  29.411  -20.220  36.648 0.0000000000
49557  28.633  -20.160  36.473 0.0000000000
53434  24.485  -16.604  35.076 0.0000000000
49524  24.984  -20.131  38.994 0.0000000000
123000  25.859  -20.466  38.807 0.0000000000
138145  42.999  -4.254  20.495 0.0000000000
65070  30.788  -5.698  30.852 0.0000000000
64204  31.040  -5.964  29.949 0.0000000000
64213  31.426  -6.440  29.271 0.0000000000
63210  31.138  -7.361  29.086 0.0000000000
58753  29.471  -11.346  32.546 0.0000000000
59879  29.095  -10.610  32.270 0.0000000000
59897  29.716  -10.837  31.922 0.0000000000
134099  32.924  -10.550  29.081 0.0000000000
59946  34.997  -10.564  28.682 0.0000000000
59927  35.332  -10.702  29.726 0.0000000000
51549  35.724  -18.942  34.316 0.0000000000
51559  35.351  -18.450  33.621 0.0000000000
140162  36.306  -18.736  34.597 0.0000000000
51548  36.764  -18.190  34.645 0.0000000000
139597  37.628  -17.572  35.284 0.0000000000
77167  42.309  7.294  15.284 0.0000000000
76238  39.519  6.380  20.427 0.0000000000
77989  39.761  7.967  20.810 0.0000000000
76258  39.598  6.995  19.970 0.0000000000
76257  39.823  6.195  19.466 0.0000000000
117737  40.270  5.789  18.820 0.0000000000
73570  43.560  3.669  16.727 0.0000000000
73584  43.171  3.773  15.986 0.0000000000
73569  44.301  3.674  16.627 0.0000000000
54413  19.599  -15.884  37.926 0.0000000000
53412  19.255  -16.540  38.247 0.0000000000
54392  19.307  -15.706  38.648 0.0000000000
54373  19.103  -15.576  39.383 0.0000000000
129680  20.964  -13.978  37.560 0.0000000000
55371  20.353  -14.341  38.002 0.0000000000
69909  47.071  -0.691  17.141 0.0000000000
68969  48.329  -1.092  17.643 0.0000000000
68970  47.413  -1.323  17.541 0.0000000000
130152  47.015  -2.563  18.477 0.0000000000
133737  33.202  -13.987  32.056 0.0000000000
54491  33.522  -14.961  31.673 0.0000000000
55410  34.932  -14.962  31.825 0.0000000000
128512  35.524  -15.068  32.272 0.0000000000
136049  45.628  1.824  21.428 0.0000000000
72655  44.972  2.255  20.865 0.0000000000
72656  43.824  2.636  21.498 0.0000000000
72657  43.113  3.014  22.059 0.0000000000
72665  46.109  1.799  19.952 0.0000000000
71804  45.958  1.764  18.098 0.0000000000
71812  45.827  1.362  17.383 0.0000000000
128792  45.838  0.321  16.930 0.0000000000
45963  9.370  -23.628  48.995 0.0000000000
69838  39.297  0.019  22.860 0.0000000000
69853  39.457  -0.420  22.277 0.0000000000
122655  38.618  -0.487  22.713 0.0000000000
125113  37.520  -1.654  22.877 0.0000000000
65996  33.725  -4.133  26.200 0.0000000000
120175  34.370  -5.237  25.353 0.0000000000
64254  34.920  -6.541  25.055 0.0000000000
133482  37.672  -8.724  26.307 0.0000000000
139488  38.002  -8.996  26.717 0.0000000000
61073  37.435  -9.277  26.836 0.0000000000
61053  38.359  -9.185  27.238 0.0000000000
49555  32.124  -20.216  36.631 0.0000000000
47239  18.253  -21.923  40.921 0.0000000000
46091  17.958  -23.178  41.693 0.0000000000
46092  17.185  -23.053  41.809 0.0000000000
46070  17.421  -23.690  42.170 0.0000000000
43864  15.740  -25.306  44.591 0.0000000000
126887  15.545  -24.243  43.422 0.0000000000
132674  15.247  -24.791  44.129 0.0000000000
50468  13.439  -19.236  47.237 0.0000000000
50469  12.588  -19.360  47.356 0.0000000000
50470  11.825  -19.773  47.630 0.0000000000
49375  11.222  -20.346  48.040 0.0000000000
50456  11.526  -19.659  48.393 0.0000000000
51410  12.562  -18.379  50.606 0.0000000000
51411  11.773  -18.713  50.357 0.0000000000
50415  11.071  -19.073  50.972 0.0000000000
50407  10.871  -18.671  51.883 0.0000000000
140272  10.866  -18.362  52.769 0.0000000000
52492  27.827  -17.355  33.826 0.0000000000
123703  27.189  -16.946  34.043 0.0000000000
50602  26.592  -19.145  35.471 0.0000000000
51535  23.448  -18.073  36.928 0.0000000000
128372  23.398  -18.953  39.177 0.0000000000
50543  24.006  -19.541  39.300 0.0000000000
64202  29.705  -6.822  31.515 0.0000000000
63206  29.702  -7.440  30.886 0.0000000000
58749  32.722  -10.567  32.649 0.0000000000
60978  33.258  -9.336  33.091 0.0000000000
60996  33.582  -9.341  32.671 0.0000000000
60995  34.366  -9.286  32.759 0.0000000000
118960  45.070  5.399  20.573 0.0000000000
116567  44.137  5.018  20.063 0.0000000000
44842  7.862  -24.005  53.207 0.0000000000
70716  35.774  -0.047  27.983 0.0000000000
69807  35.143  -0.668  27.473 0.0000000000
68879  34.568  -1.646  27.431 0.0000000000
67916  34.122  -2.525  27.046 0.0000000000
65997  33.669  -5.066  26.732 0.0000000000
65102  33.599  -6.124  26.712 0.0000000000
64245  33.559  -7.105  26.507 0.0000000000
49505  20.309  -20.347  39.518 0.0000000000
48374  19.982  -21.044  39.925 0.0000000000
48375  19.303  -21.052  39.954 0.0000000000
134111  18.823  -20.955  40.031 0.0000000000
53413  18.899  -17.114  38.608 0.0000000000
123058  18.469  -18.137  39.174 0.0000000000
50548  18.546  -19.678  39.548 0.0000000000
49484  18.422  -20.770  40.223 0.0000000000
49465  17.430  -20.903  41.188 0.0000000000
49466  16.856  -21.001  41.821 0.0000000000
54429  25.728  -14.865  35.580 0.0000000000
54450  24.907  -15.243  35.163 0.0000000000
55392  24.317  -14.745  35.486 0.0000000000
137202  24.091  -15.709  35.219 0.0000000000
53425  22.867  -16.715  36.104 0.0000000000
120144  22.481  -14.452  36.211 0.0000000000
54431  22.312  -15.182  36.024 0.0000000000
51514  22.091  -18.169  38.125 0.0000000000
138951  28.603  -9.267  35.344 0.0000000000
59857  28.599  -10.627  34.647 0.0000000000
58712  29.067  -11.924  34.135 0.0000000000
58731  29.242  -11.714  33.314 0.0000000000
58750  32.089  -10.941  32.532 0.0000000000
56453  31.925  -13.123  33.055 0.0000000000
137638  32.038  -11.846  32.692 0.0000000000
138164  33.854  -10.789  33.070 0.0000000000
120070  40.199  8.401  22.733 0.0000000000
77109  39.518  7.548  21.913 0.0000000000
76222  39.395  6.332  23.113 0.0000000000
120468  39.368  6.924  22.436 0.0000000000
76231  39.362  6.815  21.427 0.0000000000
74400  41.735  4.347  20.227 0.0000000000
72667  43.812  2.906  20.861 0.0000000000
73515  42.544  3.741  21.797 0.0000000000
73523  43.446  4.024  21.100 0.0000000000
73522  43.911  4.186  20.786 0.0000000000
73524  42.975  4.159  21.234 0.0000000000
74398  43.408  4.444  20.779 0.0000000000
74409  44.236  4.836  20.522 0.0000000000
74410  43.409  4.552  20.365 0.0000000000
68949  42.526  -1.177  19.192 0.0000000000
67962  41.802  -2.665  20.274 0.0000000000
67951  39.302  -2.438  21.595 0.0000000000
65148  40.501  -6.055  22.535 0.0000000000
68887  35.926  -1.228  24.923 0.0000000000
68897  36.316  -1.653  24.253 0.0000000000
67938  36.527  -2.116  23.759 0.0000000000
66983  36.594  -2.905  23.734 0.0000000000
139987  35.004  -4.005  24.969 0.0000000000
66014  35.674  -3.859  24.709 0.0000000000
120168  36.012  -4.610  24.562 0.0000000000
65118  38.977  -5.721  24.114 0.0000000000
52500  32.830  -17.319  32.180 0.0000000000
51571  33.001  -18.202  32.581 0.0000000000
50626  33.407  -19.305  33.810 0.0000000000
50625  34.211  -19.291  33.976 0.0000000000
50624  34.994  -19.184  34.091 0.0000000000
70833  42.793  0.150  19.692 0.0000000000
69894  42.593  -0.413  19.358 0.0000000000
48334  20.931  -21.549  42.109 0.0000000000
50512  17.140  -19.601  42.924 0.0000000000
49437  16.598  -20.311  43.122 0.0000000000
48294  14.866  -22.157  43.813 0.0000000000
140227  13.556  -23.809  45.210 0.0000000000
49396  14.671  -20.318  45.950 0.0000000000
46011  13.299  -23.098  45.452 0.0000000000
44925  13.015  -24.646  47.600 0.0000000000
45961  11.499  -23.199  48.319 0.0000000000
127088  10.130  -21.375  48.892 0.0000000000
47092  9.664  -22.376  48.848 0.0000000000
45926  8.714  -23.412  52.027 0.0000000000
49334  10.132  -19.092  54.232 0.0000000000
49335  9.499  -19.826  53.811 0.0000000000
48179  9.244  -20.455  55.308 0.0000000000
48185  8.952  -21.521  53.853 0.0000000000
47071  8.854  -22.458  53.450 0.0000000000
122206  8.097  -23.647  53.424 0.0000000000
119034  29.161  -11.734  35.812 0.0000000000
54483  32.196  -16.071  32.132 0.0000000000
51563  31.626  -18.453  32.813 0.0000000000
50628  31.705  -19.024  33.395 0.0000000000
51550  29.153  -18.911  34.054 0.0000000000
53433  25.651  -16.407  34.606 0.0000000000
52483  25.666  -17.199  34.555 0.0000000000
50587  24.666  -18.711  36.624 0.0000000000
50586  25.322  -19.160  36.553 0.0000000000
50573  25.264  -19.696  37.416 0.0000000000
50585  26.916  -19.782  36.115 0.0000000000
67979  43.552  -2.422  18.971 0.0000000000
67032  44.221  -3.070  19.157 0.0000000000
67016  43.906  -3.777  19.845 0.0000000000
66066  44.664  -3.728  19.658 0.0000000000
125909  42.994  -5.363  21.273 0.0000000000
65067  33.524  -5.157  29.876 0.0000000000
65086  33.002  -5.806  28.734 0.0000000000
64223  32.458  -6.497  28.305 0.0000000000
62179  33.110  -8.335  26.920 0.0000000000
62199  33.561  -8.912  26.690 0.0000000000
62115  28.569  -8.655  33.605 0.0000000000
62122  28.682  -8.736  32.732 0.0000000000
60980  28.836  -9.663  32.225 0.0000000000
62121  28.856  -8.817  31.999 0.0000000000
62128  29.192  -8.449  31.517 0.0000000000
124993  29.503  -8.124  31.000 0.0000000000
62135  29.993  -8.246  30.294 0.0000000000
62146  30.598  -8.809  29.690 0.0000000000
62162  31.549  -8.816  28.625 0.0000000000
61038  32.135  -9.297  28.196 0.0000000000
59949  32.589  -10.137  28.406 0.0000000000
61059  32.786  -9.641  27.690 0.0000000000
61058  33.545  -9.686  27.210 0.0000000000
134086  36.417  -10.054  27.785 0.0000000000
136179  35.747  -10.537  28.801 0.0000000000
59945  36.394  -10.331  28.469 0.0000000000
52498  35.079  -16.959  32.613 0.0000000000
135049  35.247  -17.653  33.045 0.0000000000
53458  35.494  -16.288  32.646 0.0000000000
54480  35.834  -15.590  32.667 0.0000000000
54471  36.425  -15.425  33.115 0.0000000000
53439  37.566  -16.491  34.624 0.0000000000
53449  37.288  -15.918  34.114 0.0000000000
54470  37.023  -15.261  33.637 0.0000000000
128749  37.300  -14.316  33.811 0.0000000000
77988  40.200  8.434  20.268 0.0000000000
124139  41.273  9.622  20.097 0.0000000000
78787  41.322  9.420  19.242 0.0000000000
78797  41.408  9.158  18.427 0.0000000000
78801  41.543  8.743  17.590 0.0000000000
74421  42.087  4.186  18.672 0.0000000000
75351  40.726  5.086  18.519 0.0000000000
76272  40.528  6.032  18.133 0.0000000000
74438  42.042  4.273  17.696 0.0000000000
75363  41.060  5.313  17.711 0.0000000000
77152  41.132  7.237  17.148 0.0000000000
78021  41.484  8.008  16.965 0.0000000000
78026  41.827  7.901  16.294 0.0000000000
76300  42.119  6.343  15.385 0.0000000000
74473  42.709  4.773  15.150 0.0000000000
75400  42.500  5.693  14.875 0.0000000000
43874  16.861  -24.951  43.788 0.0000000000
49506  19.628  -20.508  39.521 0.0000000000
52471  37.824  -16.969  35.242 0.0000000000
60934  28.551  -9.848  35.125 0.0000000000
68878  34.924  -1.316  28.107 0.0000000000
69918  47.657  -0.075  16.822 0.0000000000
71767  46.650  1.453  21.448 0.0000000000
71776  46.353  1.416  20.622 0.0000000000
71823  46.698  1.121  16.626 0.0000000000
72639  42.844  2.957  23.485 0.0000000000
72646  43.674  2.546  22.442 0.0000000000
73507  41.562  3.655  22.864 0.0000000000
73508  40.836  4.049  22.828 0.0000000000
73514  43.254  3.289  21.443 0.0000000000
73525  42.214  4.262  21.113 0.0000000000
73545  45.898  3.646  19.158 0.0000000000
73557  43.976  3.988  17.601 0.0000000000
73582  44.343  3.348  15.184 0.0000000000
74384  39.872  4.854  23.132 0.0000000000
74391  40.967  4.350  21.425 0.0000000000
74439  41.621  4.747  17.307 0.0000000000
74448  42.125  4.464  16.853 0.0000000000
74460  43.039  4.115  15.419 0.0000000000
75299  39.596  5.918  23.640 0.0000000000
75304  39.692  5.032  22.301 0.0000000000
75376  41.472  5.443  16.878 0.0000000000
76239  39.554  7.300  20.693 0.0000000000
77107  39.612  7.112  23.261 0.0000000000
77114  39.568  7.562  21.282 0.0000000000
77159  41.768  7.024  15.944 0.0000000000
77976  39.673  7.659  22.653 0.0000000000
121213  28.515  -9.267  34.768 0.0000000000
122231  20.763  -21.331  41.373 0.0000000000
124708  42.977  4.467  20.489 0.0000000000
125685  42.146  9.243  17.240 0.0000000000
131277  9.922  -19.274  53.383 0.0000000000
135032  42.141  7.770  15.765 0.0000000000
135658  41.029  8.521  18.219 0.0000000000
137227  39.757  8.077  22.129 0.0000000000
