#!ascii label  , from subject sub-v1s3x0050786_ses-1 vox2ras=TkReg
1765
26085  -31.607  -45.758  -18.963 0.5000000000
26084  -31.208  -45.245  -18.291 0.4000000060
27047  -30.440  -44.921  -17.962 0.6000000238
27057  -31.003  -44.569  -18.732 0.6000000238
28026  -31.724  -43.768  -21.187 0.6000000238
27058  -31.519  -44.977  -19.409 0.5000000000
27080  -32.727  -43.782  -21.818 0.6000000238
26072  -29.661  -45.410  -17.460 0.6999999881
28013  -30.552  -43.942  -19.312 0.6999999881
27064  -31.308  -44.230  -19.870 0.6999999881
138050  -32.722  -42.683  -21.064 0.5000000000
28933  -32.285  -42.480  -21.283 0.6999999881
28049  -33.042  -43.985  -22.014 0.5000000000
17462  -26.336  -55.207  -9.852 0.5000000000
26083  -29.189  -44.835  -18.062 0.6999999881
27056  -29.930  -44.320  -18.555 0.6999999881
28025  -31.003  -43.434  -20.249 0.6999999881
28012  -29.514  -43.669  -19.168 0.6999999881
28931  -30.919  -42.012  -20.928 0.6999999881
144488  -30.258  -43.337  -19.724 0.6999999881
28918  -29.952  -42.105  -20.251 0.6999999881
29746  -32.348  -42.038  -20.636 0.6000000238
25092  -26.011  -46.786  -15.312 0.6999999881
26082  -28.099  -44.847  -18.292 0.6999999881
26081  -27.293  -45.147  -18.126 0.6999999881
18249  -26.555  -54.485  -9.673 0.6000000238
17457  -24.389  -55.532  -8.599 0.4000000060
27055  -28.491  -44.138  -18.684 0.6999999881
28932  -31.710  -42.211  -21.213 0.6999999881
29745  -31.748  -41.629  -20.862 0.6999999881
30598  -31.189  -40.895  -20.654 0.6999999881
29718  -32.404  -41.111  -18.679 0.6000000238
23247  -26.830  -48.135  -14.303 0.6999999881
24153  -26.230  -47.593  -14.717 0.6999999881
25091  -25.627  -46.386  -15.988 0.6999999881
25093  -26.553  -46.342  -15.213 0.6999999881
25079  -27.304  -46.521  -14.817 0.6999999881
19039  -27.273  -53.421  -9.766 0.6000000238
26063  -25.868  -45.138  -16.262 0.6999999881
27054  -27.132  -44.345  -18.392 0.6999999881
26069  -25.760  -45.747  -17.116 0.6999999881
26057  -26.047  -45.805  -15.712 0.6999999881
26058  -26.945  -45.682  -15.380 0.6999999881
19020  -25.268  -54.318  -8.993 0.5000000000
28917  -28.944  -42.251  -19.651 0.6999999881
28023  -28.383  -43.068  -19.181 0.6999999881
27030  -27.019  -44.956  -15.729 0.6999999881
132667  -24.138  -54.734  -8.614 0.4000000060
29732  -30.353  -41.384  -20.644 0.6999999881
28011  -27.130  -43.422  -18.616 0.6999999881
27989  -25.776  -44.155  -16.978 0.6999999881
27038  -25.965  -44.524  -16.525 0.6999999881
18239  -23.539  -55.036  -8.411 0.4000000060
27990  -26.039  -43.813  -16.812 0.6999999881
27991  -26.660  -43.482  -16.652 0.6999999881
127378  -31.159  -41.456  -20.889 0.6999999881
29731  -29.408  -41.528  -20.107 0.6999999881
28905  -26.050  -41.985  -18.003 0.6999999881
28009  -26.055  -42.827  -17.755 0.6999999881
145835  -31.591  -40.969  -20.331 0.6999999881
28915  -27.006  -41.747  -18.882 0.6999999881
30577  -32.169  -40.296  -18.481 0.6000000238
30589  -31.293  -40.380  -20.050 0.6999999881
31430  -30.942  -39.696  -19.715 0.6999999881
33059  -33.670  -37.784  -16.785 0.5000000000
31390  -33.871  -39.111  -16.670 0.5000000000
31393  -35.979  -39.857  -16.865 0.4000000060
31392  -35.593  -39.267  -16.787 0.5000000000
25080  -28.394  -46.392  -14.600 0.6999999881
20667  -27.610  -51.980  -9.609 0.6000000238
27046  -25.906  -44.273  -17.349 0.6999999881
19037  -25.935  -53.942  -9.250 0.5000000000
27031  -27.634  -44.527  -15.832 0.6999999881
28906  -27.072  -42.537  -18.752 0.6999999881
29744  -30.577  -40.779  -20.628 0.6999999881
29729  -27.115  -40.958  -19.130 0.6999999881
33073  -32.354  -37.450  -17.289 0.6999999881
30590  -31.838  -40.659  -19.459 0.6999999881
32275  -32.375  -38.260  -17.401 0.6999999881
32289  -31.838  -38.781  -17.969 0.6999999881
143258  -32.903  -37.782  -17.041 0.6999999881
22329  -29.963  -49.862  -11.338 0.6999999881
22343  -30.353  -49.114  -11.768 0.6999999881
148650  -30.381  -48.292  -12.845 0.8000000119
23233  -30.286  -47.742  -13.302 0.8000000119
21493  -29.472  -50.424  -10.572 0.6000000238
139097  -29.474  -47.578  -13.715 0.8000000119
21478  -29.156  -49.866  -9.913 0.6000000238
24156  -29.010  -47.052  -14.192 0.6999999881
146195  -28.112  -51.672  -9.721 0.6000000238
148296  -28.964  -50.547  -9.941 0.6000000238
126168  -27.066  -52.262  -9.493 0.6000000238
20666  -26.937  -51.593  -9.441 0.6000000238
26060  -28.579  -44.750  -15.507 0.6999999881
19842  -26.001  -53.022  -9.307 0.5000000000
125372  -26.259  -52.117  -9.389 0.6000000238
26049  -28.779  -45.566  -14.999 0.6999999881
27040  -27.407  -43.924  -16.251 0.6999999881
29743  -29.813  -40.819  -20.468 0.6999999881
29730  -28.258  -41.506  -19.544 0.6999999881
28880  -26.199  -43.079  -17.256 0.6999999881
33089  -30.968  -37.700  -18.174 0.8000000119
31417  -31.362  -39.230  -18.786 0.6999999881
30587  -29.033  -40.995  -20.043 0.6999999881
28894  -26.217  -42.152  -17.702 0.6999999881
33072  -31.584  -37.133  -17.555 0.8000000119
31429  -30.176  -39.513  -20.109 0.6999999881
31427  -28.417  -39.041  -19.966 0.6999999881
32265  -34.398  -38.412  -16.664 0.5000000000
32277  -35.891  -38.643  -17.207 0.5000000000
33077  -36.203  -37.946  -17.784 0.5000000000
31419  -36.953  -39.239  -18.099 0.4000000060
22317  -30.253  -49.073  -10.973 0.6000000238
23213  -30.610  -48.448  -12.173 0.6999999881
24123  -31.303  -47.008  -12.624 0.8000000119
24122  -30.858  -47.745  -12.604 0.8999999762
22316  -29.719  -49.535  -10.465 0.6000000238
24141  -30.905  -47.127  -13.302 0.8000000119
24140  -30.034  -47.058  -13.838 0.8000000119
139897  -30.742  -45.647  -14.415 0.8000000119
126020  -28.470  -50.140  -9.620 0.6000000238
21476  -27.699  -50.402  -9.443 0.6000000238
26050  -29.777  -45.437  -14.766 0.8000000119
124551  -25.255  -52.348  -9.352 0.6000000238
21475  -26.741  -50.688  -9.396 0.6000000238
27023  -29.483  -44.866  -15.216 0.6999999881
19036  -25.000  -53.302  -9.142 0.5000000000
27993  -28.908  -43.127  -16.381 0.6999999881
27981  -29.520  -43.584  -15.836 0.6999999881
146972  -23.505  -53.610  -8.956 0.5000000000
19035  -23.904  -53.113  -9.187 0.5000000000
27992  -27.778  -43.274  -16.528 0.6999999881
28881  -26.832  -42.680  -16.997 0.6999999881
33071  -30.788  -36.915  -17.925 0.8000000119
32302  -30.545  -38.906  -19.375 0.8000000119
31428  -29.369  -39.277  -20.129 0.6999999881
144792  -27.202  -40.286  -19.317 0.6999999881
30565  -26.540  -40.618  -18.259 0.6999999881
130644  -29.775  -38.901  -19.914 0.6999999881
32266  -35.221  -38.596  -16.755 0.5000000000
23189  -30.327  -48.270  -10.668 0.6999999881
24095  -30.664  -47.440  -10.772 0.6999999881
132707  -30.748  -47.903  -11.236 0.6999999881
24110  -31.440  -46.879  -12.016 0.8000000119
25056  -31.665  -46.358  -12.459 0.8000000119
22301  -29.320  -48.993  -9.844 0.6999999881
148307  -31.343  -46.658  -11.500 0.8000000119
145202  -31.947  -45.569  -13.540 0.8000000119
22300  -28.579  -49.358  -9.567 0.6000000238
22299  -27.833  -49.572  -9.410 0.6000000238
143431  -31.103  -44.976  -14.580 0.6999999881
148576  -26.225  -51.313  -9.414 0.6000000238
27033  -30.174  -44.155  -15.333 0.8000000119
129510  -30.896  -44.447  -14.885 0.6999999881
19841  -24.303  -52.451  -9.367 0.6000000238
27982  -30.405  -43.233  -15.567 0.8000000119
128703  -22.950  -53.024  -9.283 0.4000000060
29704  -26.421  -41.312  -17.769 0.6999999881
28895  -27.159  -41.903  -17.305 0.6999999881
145201  -29.232  -42.473  -16.508 0.6999999881
127871  -21.376  -54.342  -8.584 0.4000000060
29705  -27.030  -40.799  -17.675 0.6999999881
28882  -28.233  -42.454  -16.817 0.6999999881
32287  -30.395  -38.149  -18.878 0.8000000119
32300  -28.946  -38.375  -19.897 0.8000000119
130236  -26.438  -40.693  -17.981 0.6999999881
30585  -26.826  -39.682  -19.189 0.6999999881
33991  -32.485  -36.406  -17.278 0.8000000119
33074  -33.185  -37.085  -17.010 0.6999999881
33978  -34.057  -36.939  -16.887 0.5000000000
33091  -36.572  -37.596  -18.606 0.5000000000
136805  -35.144  -37.508  -17.069 0.5000000000
32291  -37.226  -38.894  -18.754 0.4000000060
24080  -30.073  -47.567  -10.147 0.6000000238
25032  -31.018  -46.704  -10.926 0.6999999881
25046  -31.641  -46.224  -11.833 0.8000000119
142506  -32.023  -45.765  -12.822 0.8000000119
127813  -29.189  -48.277  -9.648 0.6999999881
23174  -28.538  -48.526  -9.478 0.6999999881
27015  -32.228  -44.811  -13.873 0.8000000119
127835  -28.001  -48.951  -9.396 0.6000000238
26038  -32.375  -45.058  -13.109 0.8000000119
22298  -26.956  -49.729  -9.350 0.6000000238
146151  -31.847  -43.847  -14.586 0.8000000119
27034  -31.205  -43.749  -15.015 0.8000000119
20665  -25.444  -51.501  -9.413 0.6000000238
124915  -25.681  -50.705  -9.417 0.6000000238
28871  -29.787  -42.797  -16.114 0.8999999762
27983  -31.174  -42.819  -15.267 0.8000000119
28883  -29.064  -41.993  -16.766 0.8000000119
28884  -29.864  -41.932  -16.375 0.8000000119
19840  -23.414  -52.395  -9.436 0.5000000000
128961  -28.350  -39.182  -17.685 0.8000000119
29690  -28.354  -41.650  -17.143 0.6999999881
33989  -30.529  -36.158  -17.854 0.8000000119
33101  -29.620  -37.830  -19.284 0.8000000119
33100  -28.800  -37.595  -19.576 0.8000000119
31426  -27.307  -39.010  -19.526 0.8000000119
134214  -26.764  -39.868  -18.376 0.6999999881
33990  -31.411  -36.233  -17.549 0.8000000119
32299  -27.800  -38.309  -19.741 0.8000000119
30575  -26.667  -39.735  -18.753 0.6999999881
34932  -32.012  -35.464  -17.511 0.8000000119
34017  -28.278  -36.946  -19.523 0.8000000119
33993  -34.522  -36.246  -17.283 0.6000000238
33992  -33.604  -36.260  -17.147 0.6000000238
33090  -36.127  -37.197  -18.199 0.5000000000
25014  -29.595  -46.750  -9.728 0.6000000238
26011  -31.795  -45.400  -11.649 0.6999999881
27002  -32.527  -44.439  -12.539 0.6999999881
23173  -27.791  -48.413  -9.380 0.6000000238
138426  -28.968  -47.073  -9.495 0.6000000238
25981  -29.947  -45.922  -9.932 0.6000000238
126091  -27.978  -47.783  -9.362 0.6000000238
27026  -32.389  -43.908  -14.151 0.8000000119
124700  -25.981  -49.885  -9.379 0.6000000238
23172  -27.190  -48.816  -9.361 0.6000000238
27016  -32.635  -44.234  -13.358 0.6999999881
124703  -24.749  -50.874  -9.458 0.5000000000
27974  -31.934  -43.183  -14.648 0.8000000119
126201  -23.857  -51.137  -9.527 0.3000000119
30543  -30.662  -40.427  -16.023 0.8000000119
29681  -30.717  -41.421  -15.835 0.8000000119
134139  -29.465  -40.682  -16.859 0.8000000119
29692  -30.056  -41.013  -16.449 0.8000000119
32272  -27.766  -38.756  -18.041 0.8000000119
33087  -29.375  -37.011  -18.924 0.8000000119
32285  -26.611  -38.526  -19.036 0.8000000119
31402  -27.472  -39.481  -17.956 0.8000000119
30566  -27.273  -40.206  -17.777 0.6999999881
32298  -26.890  -38.363  -19.317 0.8000000119
134343  -27.362  -36.985  -19.544 0.8000000119
34933  -33.202  -35.420  -17.451 0.6999999881
34936  -35.473  -35.945  -18.201 0.6000000238
33107  -36.765  -37.583  -20.711 0.3000000119
25999  -31.285  -45.226  -10.932 0.6999999881
26988  -31.672  -44.572  -11.228 0.6999999881
129007  -32.549  -43.791  -12.025 0.6999999881
24076  -24.505  -47.530  -9.464 0.5000000000
25013  -28.794  -46.357  -9.492 0.6000000238
27957  -32.887  -43.665  -12.739 0.6999999881
124699  -25.243  -49.211  -9.409 0.5000000000
24077  -27.190  -47.912  -9.390 0.5000000000
25012  -28.196  -46.918  -9.412 0.6000000238
28860  -33.220  -42.459  -13.192 0.6999999881
127582  -24.043  -50.243  -9.489 0.3000000119
124701  -24.991  -50.019  -9.392 0.5000000000
28859  -32.887  -42.544  -13.810 0.8000000119
30531  -32.042  -40.808  -14.812 0.8000000119
29674  -32.214  -41.721  -14.628 0.8000000119
31389  -29.863  -39.314  -16.718 0.8999999762
30544  -31.285  -40.677  -15.472 0.8000000119
29682  -31.507  -41.485  -15.229 0.8000000119
32273  -28.684  -38.523  -17.512 0.8999999762
31388  -29.127  -39.220  -17.305 0.8999999762
30553  -30.040  -40.163  -16.568 0.8999999762
139243  -30.161  -35.437  -17.948 0.8000000119
34007  -29.744  -36.187  -18.353 0.8000000119
32286  -26.651  -38.250  -18.914 0.8000000119
31401  -26.908  -39.009  -18.511 0.8000000119
34931  -31.031  -35.423  -17.658 0.8000000119
35833  -32.451  -34.697  -17.700 0.6999999881
34935  -34.881  -35.573  -17.758 0.6000000238
34019  -36.238  -36.522  -19.590 0.6000000238
34009  -36.281  -36.821  -18.843 0.6000000238
25997  -30.094  -45.084  -10.120 0.6000000238
134015  -30.703  -44.973  -10.496 0.6000000238
137609  -31.450  -43.896  -10.926 0.6999999881
147933  -29.287  -45.952  -9.639 0.6000000238
27946  -32.033  -43.847  -11.397 0.6999999881
138486  -28.030  -45.992  -9.454 0.6000000238
27932  -32.393  -43.089  -11.542 0.8000000119
124697  -25.255  -48.333  -9.422 0.6000000238
124696  -26.299  -48.094  -9.402 0.5000000000
135212  -27.514  -46.433  -9.438 0.6000000238
28849  -32.904  -43.045  -12.221 0.6999999881
22297  -24.302  -49.281  -9.442 0.4000000060
29666  -33.105  -41.822  -13.607 0.6999999881
29675  -32.720  -41.978  -14.125 0.8000000119
31380  -30.569  -39.428  -16.098 0.8000000119
128323  -31.652  -40.103  -15.153 0.8000000119
33069  -28.046  -37.114  -17.691 0.8999999762
31381  -31.151  -39.833  -15.585 0.8000000119
33070  -28.852  -37.645  -17.248 0.8000000119
34005  -27.573  -36.142  -19.465 0.8000000119
34941  -26.347  -35.807  -19.099 0.8000000119
32271  -27.186  -38.301  -18.441 0.6999999881
34943  -29.353  -35.481  -18.440 0.8000000119
33086  -26.597  -37.406  -18.966 0.8000000119
34003  -26.605  -36.857  -19.075 0.8000000119
35832  -31.464  -34.713  -17.724 0.8000000119
34942  -28.385  -35.439  -18.938 0.8000000119
142603  -34.134  -34.492  -18.024 0.6999999881
34946  -35.282  -35.373  -18.572 0.6999999881
139501  -35.335  -35.673  -21.118 0.6000000238
34975  -35.016  -35.942  -22.105 0.6000000238
34045  -35.542  -36.673  -22.456 0.6000000238
25980  -28.649  -45.537  -9.594 0.6000000238
28819  -31.506  -42.115  -10.661 0.8000000119
27931  -31.590  -43.060  -10.938 0.6999999881
25976  -24.964  -45.708  -9.642 0.5000000000
25978  -27.229  -45.751  -9.506 0.5000000000
28850  -33.226  -42.267  -12.427 0.8000000119
27958  -33.171  -42.980  -12.841 0.6999999881
25010  -25.785  -46.342  -9.494 0.5000000000
145025  -26.482  -47.196  -9.414 0.5000000000
29642  -33.103  -41.677  -11.762 0.8000000119
29655  -33.350  -41.485  -12.303 0.8000000119
29667  -33.401  -41.665  -12.968 0.8000000119
30518  -33.270  -40.913  -13.479 0.8000000119
30533  -33.209  -40.002  -13.655 0.8000000119
30517  -32.764  -41.294  -14.171 0.8000000119
133822  -32.214  -39.943  -14.666 0.8000000119
147884  -32.818  -39.789  -14.183 0.8000000119
139544  -31.075  -39.082  -15.568 0.8000000119
32262  -29.572  -38.332  -16.822 0.8000000119
31371  -31.675  -39.279  -15.074 0.8000000119
34956  -27.457  -35.324  -19.380 0.8000000119
33987  -27.175  -36.490  -18.223 0.8000000119
34929  -26.446  -35.778  -18.693 0.8999999762
35831  -30.576  -34.700  -17.859 0.8000000119
35846  -29.108  -34.090  -18.501 0.8000000119
139797  -33.439  -34.583  -17.788 0.6999999881
35848  -32.786  -34.002  -18.023 0.6999999881
34967  -35.186  -35.208  -20.434 0.6999999881
36821  -33.138  -33.523  -18.633 0.6999999881
145493  -34.354  -34.231  -18.713 0.6999999881
137721  -34.275  -34.001  -20.123 0.6999999881
35874  -34.598  -34.571  -20.527 0.6999999881
28817  -29.946  -42.144  -10.364 0.8000000119
27929  -29.789  -43.581  -10.337 0.6000000238
136251  -30.077  -42.929  -10.433 0.6000000238
28818  -30.760  -42.593  -10.525 0.8000000119
28838  -25.187  -42.254  -10.854 0.6000000238
27926  -25.789  -43.634  -10.381 0.5000000000
26952  -28.644  -44.698  -9.817 0.6000000238
128973  -28.676  -43.985  -10.056 0.6000000238
28820  -32.202  -42.326  -11.133 0.8000000119
28836  -23.621  -42.287  -11.116 0.6000000238
28837  -24.437  -42.320  -10.960 0.6000000238
28813  -25.617  -42.818  -10.638 0.6000000238
27927  -26.822  -43.527  -10.297 0.5000000000
26951  -26.857  -44.990  -9.669 0.5000000000
31349  -24.038  -39.408  -12.242 0.5000000000
30479  -23.842  -40.849  -11.692 0.5000000000
30480  -24.765  -40.971  -11.439 0.6000000238
149018  -25.672  -45.528  -9.636 0.5000000000
26969  -26.402  -44.303  -10.027 0.5000000000
30484  -33.304  -40.850  -11.801 0.8000000119
30500  -33.449  -40.879  -12.640 0.8000000119
137244  -24.338  -40.139  -11.782 0.5000000000
25977  -26.388  -45.666  -9.562 0.5000000000
31348  -23.253  -39.331  -12.684 0.4000000060
25011  -26.786  -46.411  -9.457 0.5000000000
126097  -33.493  -40.139  -12.994 0.6999999881
32255  -31.326  -38.401  -15.315 0.8000000119
31372  -32.490  -39.217  -14.460 0.8000000119
31373  -33.137  -39.254  -13.893 0.6999999881
33056  -28.788  -36.873  -17.002 0.8000000119
33058  -30.239  -37.853  -16.114 0.8000000119
32248  -32.052  -38.452  -14.764 0.8000000119
33050  -30.844  -37.645  -15.523 0.8000000119
36817  -29.313  -33.330  -18.631 0.8999999762
35845  -27.988  -34.509  -18.941 0.8999999762
34928  -25.963  -34.979  -18.968 0.8000000119
33988  -28.212  -36.284  -17.296 0.8000000119
138480  -26.228  -34.788  -19.308 1.0000000000
133041  -26.559  -34.894  -18.150 0.8000000119
36806  -30.917  -34.042  -17.990 0.8000000119
36820  -32.216  -33.478  -18.461 0.6999999881
136041  -29.155  -42.045  -10.376 0.8000000119
29622  -30.773  -41.782  -10.380 0.8000000119
29623  -31.409  -41.403  -10.464 0.8000000119
29639  -25.421  -41.507  -11.084 0.6000000238
28816  -28.494  -42.335  -10.427 0.6000000238
134744  -29.248  -42.833  -10.381 0.6000000238
30458  -31.704  -40.608  -10.349 0.8000000119
139461  -25.094  -40.157  -11.552 0.5000000000
149070  -24.800  -41.728  -11.153 0.6000000238
29617  -26.076  -42.170  -10.741 0.6000000238
144385  -27.469  -43.135  -10.380 0.6000000238
29624  -32.149  -41.460  -10.810 0.8000000119
30459  -33.006  -40.390  -11.140 0.8000000119
128858  -33.315  -40.078  -11.588 0.6999999881
29618  -27.076  -41.803  -10.641 0.6000000238
136828  -28.284  -43.267  -10.299 0.6000000238
32222  -23.785  -38.584  -12.727 0.4000000060
31331  -24.744  -39.467  -11.856 0.4000000060
147650  -25.693  -40.089  -11.370 0.4000000060
31350  -33.558  -39.420  -12.550 0.6999999881
130235  -24.462  -38.882  -12.242 0.4000000060
32203  -25.110  -38.724  -11.881 0.4000000060
31308  -27.004  -39.988  -10.845 0.4000000060
31361  -33.455  -39.369  -13.252 0.6999999881
32999  -25.584  -37.416  -11.684 0.4000000060
32205  -26.356  -38.772  -11.219 0.5000000000
32249  -32.927  -38.529  -14.220 0.6999999881
33010  -25.142  -37.826  -12.080 0.3000000119
132585  -26.542  -37.996  -11.002 0.5000000000
138519  -26.812  -39.245  -10.932 0.5000000000
33057  -29.549  -37.134  -16.456 0.8000000119
33049  -30.292  -36.915  -15.756 0.8000000119
33039  -31.639  -37.540  -15.073 0.8000000119
33040  -32.530  -37.787  -14.550 0.8000000119
137776  -27.931  -33.297  -18.984 0.8000000119
35861  -26.861  -34.743  -19.449 1.0000000000
35829  -25.941  -34.160  -18.680 0.8000000119
35830  -26.696  -34.029  -17.660 0.8000000119
34930  -27.377  -35.609  -17.649 0.8000000119
33976  -29.054  -36.222  -16.545 0.8000000119
33977  -29.779  -36.177  -15.954 0.8000000119
35844  -27.051  -33.916  -19.354 1.0000000000
137735  -28.838  -34.687  -16.305 0.8000000119
35847  -30.035  -34.026  -18.156 0.8000000119
36814  -25.703  -32.943  -19.198 0.8000000119
34922  -27.712  -34.631  -17.086 0.8000000119
36819  -31.290  -33.461  -18.388 0.8999999762
36833  -32.589  -32.986  -19.158 0.6999999881
36834  -33.468  -33.373  -19.363 0.6999999881
36848  -34.061  -34.003  -20.883 0.6999999881
139967  -34.200  -34.583  -21.404 0.6999999881
34974  -34.298  -35.493  -22.675 0.6999999881
34992  -34.973  -36.003  -23.383 0.6000000238
34984  -34.317  -35.514  -23.073 0.6999999881
36859  -33.632  -34.328  -21.801 0.6999999881
35909  -36.320  -34.852  -24.245 0.6000000238
35000  -35.563  -35.457  -23.836 0.6000000238
148534  -30.182  -41.409  -10.263 0.8000000119
30457  -30.790  -40.999  -10.197 0.8000000119
29640  -26.193  -41.245  -10.932 0.5000000000
29620  -28.618  -41.481  -10.424 0.8000000119
127264  -29.104  -40.868  -10.292 0.8000000119
29621  -29.484  -41.437  -10.315 0.8000000119
30481  -25.564  -40.738  -11.276 0.5000000000
30452  -26.945  -40.864  -10.779 0.6000000238
148891  -32.485  -40.716  -10.790 0.6999999881
31332  -25.420  -39.504  -11.567 0.4000000060
30482  -26.245  -40.425  -11.113 0.5000000000
30454  -28.375  -40.550  -10.418 0.6999999881
29619  -27.937  -41.875  -10.516 0.6999999881
134291  -32.527  -39.915  -10.555 0.6999999881
31312  -33.147  -39.546  -11.102 0.6999999881
125495  -33.389  -38.745  -11.383 0.6999999881
31334  -33.468  -39.427  -11.807 0.6999999881
32206  -33.640  -38.606  -12.177 0.6999999881
32224  -33.735  -38.247  -12.816 0.6999999881
32980  -26.730  -37.263  -10.684 0.5000000000
33041  -33.378  -37.813  -14.034 0.6999999881
33908  -25.746  -36.742  -11.456 0.4000000060
33909  -26.346  -36.634  -10.875 0.4000000060
33967  -30.962  -36.767  -15.347 0.8000000119
139125  -30.397  -36.050  -15.529 0.8000000119
34907  -29.934  -35.505  -15.722 0.8000000119
35804  -31.077  -34.528  -15.616 0.6999999881
36804  -26.131  -33.278  -18.319 0.8000000119
34924  -29.333  -35.449  -16.153 0.8000000119
36818  -30.344  -33.400  -18.434 0.8999999762
37787  -28.253  -32.476  -19.299 0.8999999762
37786  -26.727  -32.182  -19.690 0.8000000119
37801  -25.819  -32.179  -19.360 0.8000000119
140121  -26.410  -32.655  -17.986 0.8000000119
37789  -30.741  -32.810  -18.826 0.8999999762
37788  -29.611  -32.664  -18.959 0.8000000119
37790  -31.692  -32.940  -18.854 0.8999999762
130461  -32.226  -32.550  -19.976 0.8000000119
33127  -35.825  -37.244  -23.123 0.4000000060
149114  -33.292  -33.195  -20.574 0.8000000119
36846  -33.383  -33.527  -21.236 0.6999999881
35884  -33.880  -34.949  -22.297 0.6999999881
135504  -37.886  -33.343  -25.770 0.5000000000
30424  -29.809  -39.905  -9.903 0.6999999881
30425  -30.680  -40.037  -9.897 0.8000000119
31283  -29.311  -39.435  -9.885 0.6999999881
31286  -31.619  -38.911  -9.753 0.6999999881
32204  -25.799  -38.168  -11.546 0.4000000060
125249  -28.330  -38.865  -10.200 0.6000000238
31284  -30.059  -39.295  -9.696 0.6999999881
148100  -32.811  -39.349  -10.661 0.6999999881
143365  -33.022  -38.864  -10.755 0.6999999881
33001  -33.614  -37.923  -11.594 0.6999999881
130258  -27.221  -37.795  -10.497 0.5000000000
132004  -33.842  -37.721  -12.334 0.6999999881
33888  -26.946  -36.601  -10.377 0.4000000060
33025  -33.870  -37.596  -13.209 0.6999999881
34826  -26.173  -35.184  -10.507 0.3000000119
131641  -26.555  -35.910  -10.472 0.3000000119
33889  -27.624  -36.630  -9.984 0.5000000000
34908  -30.503  -35.191  -15.536 0.6999999881
143091  -32.242  -37.150  -14.807 0.6999999881
132343  -33.794  -37.074  -13.910 0.6999999881
34827  -27.209  -35.936  -10.001 0.4000000060
134432  -31.080  -35.975  -15.298 0.6999999881
132953  -33.039  -37.165  -14.482 0.6999999881
33969  -31.934  -35.997  -15.203 0.6999999881
35803  -30.233  -34.305  -15.787 0.6999999881
37770  -25.763  -32.360  -18.796 0.8000000119
36805  -26.998  -33.254  -17.434 0.8000000119
35822  -28.394  -33.911  -16.534 0.8000000119
37747  -27.253  -32.624  -17.476 0.8000000119
38764  -30.600  -31.995  -20.070 0.8000000119
38763  -29.243  -31.583  -20.691 0.8000000119
37806  -31.278  -32.474  -19.485 0.8999999762
37820  -31.770  -32.345  -20.912 0.8000000119
36858  -33.030  -34.056  -22.339 0.8000000119
35903  -35.691  -34.408  -23.689 0.6999999881
137681  -36.509  -34.109  -24.176 0.6000000238
35893  -32.979  -34.391  -22.966 0.6999999881
35901  -33.911  -34.935  -23.251 0.6999999881
137548  -33.369  -33.333  -23.540 0.6999999881
31285  -30.895  -39.131  -9.657 0.6999999881
32965  -28.916  -37.328  -9.572 0.6000000238
128234  -29.611  -37.929  -9.541 0.6000000238
32168  -30.272  -38.529  -9.560 0.6999999881
32169  -31.137  -38.367  -9.576 0.6999999881
32170  -31.984  -38.343  -9.752 0.6999999881
31311  -32.380  -39.058  -10.205 0.6999999881
32187  -27.815  -38.352  -10.315 0.5000000000
31282  -28.873  -38.971  -9.932 0.6000000238
32968  -32.344  -37.789  -9.864 0.6999999881
32188  -32.712  -38.309  -10.286 0.6999999881
32166  -28.711  -38.241  -9.833 0.6000000238
34847  -25.864  -35.885  -11.092 0.3000000119
32981  -27.995  -37.452  -10.016 0.5000000000
129552  -29.833  -36.994  -9.429 0.6000000238
34816  -27.475  -35.239  -9.688 0.4000000060
33877  -27.909  -35.970  -9.658 0.5000000000
132350  -28.690  -35.999  -9.502 0.6000000238
33011  -34.122  -36.963  -12.518 0.6999999881
33958  -33.581  -36.431  -14.441 0.6999999881
33941  -34.189  -36.777  -13.242 0.6999999881
35715  -27.059  -34.493  -9.686 0.3000000119
34910  -32.280  -35.428  -15.313 0.6999999881
36786  -28.781  -33.307  -16.553 0.8000000119
36787  -29.478  -33.316  -16.398 0.8000000119
36788  -30.172  -33.510  -16.174 0.6999999881
36761  -30.776  -33.909  -15.877 0.6999999881
35805  -32.177  -34.648  -15.545 0.6999999881
38722  -25.958  -31.686  -18.867 0.8000000119
37749  -29.122  -32.768  -16.754 0.8000000119
37804  -28.570  -31.806  -19.811 0.8000000119
37802  -25.958  -31.170  -20.072 0.8000000119
38760  -25.935  -31.384  -19.770 0.8000000119
37772  -27.397  -31.981  -17.744 0.8000000119
38777  -30.624  -31.902  -20.900 0.8000000119
38775  -27.308  -30.123  -21.673 0.8000000119
38743  -26.675  -30.467  -20.300 0.8000000119
39625  -27.354  -29.977  -20.325 0.8000000119
39664  -28.575  -29.579  -21.271 0.8000000119
36882  -37.015  -33.542  -24.486 0.6000000238
36875  -36.297  -33.438  -23.748 0.6999999881
36872  -32.641  -33.571  -23.324 0.8000000119
36873  -34.249  -33.781  -23.515 0.6000000238
38808  -34.757  -31.855  -23.734 0.6999999881
39702  -35.525  -31.162  -23.805 0.6000000238
37851  -36.047  -32.640  -23.536 0.6000000238
32966  -30.536  -37.715  -9.487 0.6000000238
33878  -29.063  -36.623  -9.486 0.6000000238
33879  -32.364  -37.123  -9.827 0.6999999881
32982  -32.959  -37.590  -10.352 0.6999999881
143662  -30.359  -36.346  -9.442 0.6000000238
33892  -33.080  -36.796  -10.372 0.6999999881
32983  -33.494  -37.326  -11.019 0.6999999881
136143  -28.241  -35.255  -9.505 0.4000000060
34817  -30.378  -35.652  -9.483 0.5000000000
33891  -32.315  -36.248  -9.826 0.6999999881
138703  -33.857  -37.080  -11.764 0.6999999881
131879  -29.083  -35.292  -9.463 0.5000000000
129842  -29.772  -35.325  -9.475 0.5000000000
33910  -34.181  -36.208  -12.006 0.6999999881
33927  -34.313  -36.352  -12.706 0.6999999881
35716  -27.777  -34.511  -9.529 0.3000000119
35717  -28.708  -34.391  -9.502 0.4000000060
34909  -31.449  -35.292  -15.389 0.6999999881
33942  -34.381  -36.099  -13.286 0.6999999881
36683  -27.340  -33.933  -9.565 0.3000000119
37662  -28.273  -32.866  -9.740 0.3000000119
34895  -33.796  -35.616  -14.727 0.6999999881
34896  -34.297  -35.894  -14.023 0.6999999881
34911  -33.114  -35.190  -15.277 0.6999999881
35785  -34.050  -34.857  -15.037 0.6999999881
37748  -28.205  -32.662  -17.016 0.8000000119
133815  -31.072  -33.338  -16.241 0.6999999881
35807  -34.284  -34.100  -15.300 0.6999999881
36762  -31.595  -33.913  -15.876 0.6999999881
36764  -33.698  -33.627  -15.838 0.6999999881
145462  -26.387  -30.865  -19.547 0.8000000119
36763  -32.631  -33.836  -15.894 0.6999999881
36790  -33.065  -33.145  -16.345 0.6999999881
37803  -26.831  -31.343  -20.277 0.8000000119
127126  -25.977  -30.929  -20.043 0.8000000119
38724  -27.650  -31.350  -18.394 0.8000000119
37773  -28.584  -32.084  -17.423 0.8000000119
37774  -29.774  -32.283  -17.213 0.8000000119
37751  -31.472  -32.656  -16.690 0.8000000119
135498  -33.320  -32.517  -16.683 0.6999999881
38762  -27.396  -30.868  -21.060 0.8000000119
38744  -27.904  -30.596  -19.218 0.8000000119
38745  -29.748  -30.902  -18.537 0.8000000119
38727  -31.503  -31.473  -17.777 0.8000000119
38776  -28.050  -30.814  -21.932 0.8000000119
39644  -26.917  -29.991  -21.028 0.8000000119
39626  -28.762  -30.140  -19.675 0.8000000119
38746  -30.996  -30.982  -18.431 0.8000000119
37833  -30.864  -32.248  -22.068 0.8000000119
38796  -27.871  -30.073  -22.530 0.8000000119
39646  -29.411  -29.831  -20.220 0.8000000119
39627  -30.285  -30.447  -19.242 0.8000000119
39628  -31.487  -30.614  -19.013 0.8000000119
37832  -29.780  -31.750  -22.820 0.8000000119
37840  -30.782  -32.462  -23.055 0.8000000119
38831  -38.405  -31.856  -25.663 0.5000000000
38823  -37.344  -31.794  -24.243 0.6000000238
37846  -30.981  -32.298  -23.544 0.8000000119
37847  -32.010  -32.850  -23.532 0.8000000119
38830  -37.882  -32.110  -25.122 0.6000000238
38824  -37.932  -31.334  -24.834 0.6000000238
144280  -36.191  -31.302  -23.652 0.6000000238
38822  -36.553  -31.866  -23.672 0.6000000238
133845  -30.855  -36.913  -9.457 0.6999999881
32967  -31.553  -37.572  -9.585 0.6999999881
132995  -29.581  -36.057  -9.441 0.6000000238
34829  -31.834  -35.515  -9.743 0.6999999881
137686  -33.087  -36.092  -10.403 0.6999999881
33893  -33.675  -36.384  -11.091 0.6999999881
34828  -31.109  -35.168  -9.615 0.5000000000
34830  -32.572  -35.480  -10.174 0.6999999881
145463  -29.430  -33.886  -9.610 0.4000000060
35727  -30.158  -34.002  -9.695 0.5000000000
33911  -34.412  -35.733  -12.650 0.6999999881
36693  -29.066  -32.619  -10.035 0.3000000119
139716  -34.407  -34.419  -12.173 0.6999999881
34879  -34.573  -35.307  -13.364 0.6999999881
37670  -27.624  -32.350  -9.888 0.3000000119
38650  -29.406  -31.573  -10.672 0.3000000119
35770  -34.817  -34.416  -13.694 0.6999999881
38649  -28.696  -31.543  -10.583 0.3000000119
36744  -34.884  -33.686  -14.845 0.6999999881
37750  -30.535  -32.782  -16.635 0.8000000119
36789  -32.041  -33.255  -16.304 0.6999999881
37752  -32.449  -32.596  -16.711 0.6999999881
37753  -33.962  -31.990  -16.887 0.6999999881
38761  -26.727  -30.543  -20.416 0.8000000119
38725  -29.027  -31.416  -18.001 0.8000000119
37775  -30.878  -32.059  -17.324 0.6999999881
37777  -32.930  -32.072  -17.173 0.8000000119
38728  -32.451  -31.519  -17.694 0.8000000119
39629  -32.534  -30.694  -18.854 0.8000000119
38789  -28.661  -31.049  -22.587 0.8000000119
39663  -27.445  -29.804  -21.675 0.8000000119
39665  -30.105  -29.811  -20.807 0.8000000119
39666  -31.482  -30.184  -20.427 0.8000000119
39648  -32.036  -30.402  -19.603 0.8000000119
37839  -30.101  -31.785  -23.309 0.8000000119
38798  -29.242  -31.245  -23.111 0.8000000119
39678  -29.243  -29.780  -21.974 0.8000000119
132691  -30.353  -30.299  -22.486 0.8000000119
39667  -32.634  -30.333  -20.236 0.8000000119
38820  -33.849  -31.352  -24.516 0.8000000119
34818  -31.225  -36.077  -9.539 0.6000000238
36684  -28.041  -33.713  -9.540 0.3000000119
35718  -29.579  -34.632  -9.525 0.5000000000
136389  -31.870  -34.722  -9.991 0.6000000238
35728  -30.958  -34.309  -9.782 0.5000000000
136125  -32.257  -34.053  -10.407 0.6999999881
35730  -32.838  -34.806  -10.485 0.6999999881
35731  -33.648  -34.871  -10.999 0.6999999881
35729  -31.486  -33.966  -10.153 0.6000000238
35742  -33.165  -34.123  -10.762 0.6999999881
137843  -34.093  -34.906  -11.611 0.6999999881
37671  -28.462  -32.156  -10.183 0.3000000119
37672  -29.757  -32.265  -10.416 0.3000000119
36705  -33.407  -33.449  -11.131 0.6999999881
38648  -27.889  -31.617  -10.412 0.3000000119
38663  -30.652  -31.337  -11.104 0.3000000119
36707  -34.539  -33.488  -12.346 0.6999999881
35756  -34.767  -33.972  -12.924 0.6999999881
40547  -28.567  -29.491  -12.449 0.3000000119
40534  -28.975  -29.972  -11.916 0.3000000119
40535  -29.779  -29.934  -11.868 0.3000000119
39568  -30.672  -29.854  -11.953 0.3000000119
40563  -28.168  -29.072  -13.012 0.3000000119
36765  -34.586  -33.328  -15.515 0.6999999881
38729  -33.420  -31.491  -17.573 0.8000000119
38748  -32.963  -31.073  -18.203 0.8000000119
38797  -28.527  -30.532  -22.720 0.8000000119
39677  -28.255  -29.977  -22.569 0.8000000119
39689  -29.051  -30.503  -22.986 0.8000000119
137789  -29.218  -30.183  -22.705 0.8000000119
130306  -31.767  -30.399  -22.112 0.8000000119
130740  -32.195  -30.340  -21.100 0.8000000119
37857  -31.562  -32.105  -24.015 0.8000000119
39691  -31.125  -30.479  -23.186 0.8000000119
37858  -32.391  -32.198  -24.140 0.8000000119
38821  -34.744  -31.062  -24.238 0.6000000238
36697  -32.555  -33.354  -10.680 0.6000000238
35743  -33.861  -34.244  -11.397 0.6999999881
37683  -32.831  -32.651  -11.031 0.6000000238
37684  -33.714  -32.805  -11.500 0.6999999881
36706  -34.119  -33.574  -11.708 0.6999999881
38665  -32.377  -31.411  -11.432 0.4000000060
37685  -34.326  -32.963  -11.936 0.6999999881
36721  -34.852  -33.311  -12.913 0.6999999881
36730  -35.039  -33.490  -13.592 0.6999999881
40550  -31.304  -29.345  -12.414 0.3000000119
38673  -33.003  -31.072  -11.683 0.4000000060
135069  -34.591  -31.734  -12.434 0.6000000238
37707  -35.274  -32.663  -13.789 0.6999999881
36731  -35.191  -33.212  -14.350 0.6999999881
37717  -35.154  -33.073  -15.025 0.6999999881
37718  -35.384  -32.355  -14.643 0.6999999881
37731  -35.046  -32.488  -15.623 0.6999999881
37755  -35.230  -31.695  -16.032 0.6999999881
37776  -31.938  -32.071  -17.231 0.8000000119
38747  -31.992  -31.048  -18.303 0.8000000119
38749  -33.892  -30.959  -18.037 0.8000000119
39650  -34.186  -30.298  -19.348 0.8000000119
39679  -30.908  -30.155  -21.439 0.8000000119
39680  -33.245  -30.349  -20.992 0.8000000119
39708  -31.049  -30.945  -24.264 0.8000000119
39690  -29.921  -30.549  -23.293 0.8000000119
39692  -32.511  -30.391  -22.748 0.8000000119
39700  -31.524  -30.388  -23.937 0.8000000119
39703  -36.169  -30.645  -23.849 0.6000000238
39710  -33.140  -30.895  -25.155 0.8000000119
39712  -35.263  -30.404  -24.412 0.6000000238
146761  -34.360  -29.513  -25.549 0.6999999881
36696  -31.666  -33.351  -10.429 0.6000000238
37674  -31.934  -32.628  -10.715 0.6000000238
131767  -31.152  -30.639  -11.542 0.3000000119
37695  -34.135  -32.254  -11.891 0.6000000238
39569  -31.698  -30.024  -11.948 0.3000000119
39560  -32.093  -30.771  -11.618 0.3000000119
38674  -33.843  -31.469  -11.876 0.5000000000
39570  -32.814  -30.249  -12.049 0.3000000119
39571  -33.739  -30.808  -12.082 0.5000000000
37697  -35.130  -32.204  -13.106 0.6999999881
146848  -30.183  -28.439  -13.278 0.3000000119
41655  -31.911  -28.764  -12.734 0.3000000119
39578  -35.311  -30.740  -13.369 0.4000000060
38684  -35.419  -31.692  -13.821 0.6999999881
42702  -30.500  -27.562  -14.059 0.3000000119
135166  -35.530  -31.490  -14.620 0.6000000238
38712  -35.308  -31.134  -16.430 0.6000000238
38699  -35.550  -31.021  -15.858 0.6000000238
38730  -34.343  -31.286  -17.362 0.8000000119
38711  -34.806  -31.539  -16.696 0.6999999881
39593  -35.855  -30.286  -15.812 0.6000000238
38731  -35.088  -30.937  -17.070 0.6999999881
39603  -35.619  -30.485  -16.586 0.6999999881
39630  -33.519  -30.656  -18.722 0.8000000119
39632  -35.181  -30.245  -18.279 0.6999999881
39614  -35.419  -30.356  -17.475 0.6999999881
40602  -35.864  -29.927  -17.109 0.6999999881
39649  -33.120  -30.465  -19.469 0.8000000119
39651  -34.884  -30.153  -18.938 0.8000000119
40626  -35.512  -29.713  -18.902 0.6999999881
143081  -36.095  -29.304  -18.630 0.6999999881
40652  -34.305  -30.089  -21.004 0.8000000119
141301  -34.508  -30.043  -20.093 0.8000000119
129571  -35.566  -29.527  -19.667 0.6999999881
40627  -36.056  -29.210  -19.319 0.6999999881
39698  -29.724  -30.888  -23.590 0.8000000119
39699  -30.636  -30.788  -23.972 0.8000000119
143978  -32.757  -30.412  -21.750 0.8000000119
40653  -35.140  -29.542  -21.441 0.8000000119
148493  -31.375  -30.628  -24.339 0.8000000119
126761  -34.363  -29.909  -22.035 0.8000000119
38806  -30.367  -31.580  -23.706 0.8000000119
39709  -31.810  -30.425  -24.667 0.8000000119
39701  -32.553  -30.132  -23.622 0.8000000119
40671  -33.552  -29.577  -23.555 0.8000000119
38818  -31.742  -31.287  -24.515 0.8000000119
39720  -32.099  -30.003  -25.198 0.8000000119
40689  -33.186  -29.373  -25.734 0.6999999881
39713  -36.246  -29.800  -24.255 0.6000000238
41796  -36.779  -28.951  -24.456 0.6000000238
39721  -32.892  -30.193  -25.479 0.8000000119
40679  -33.828  -29.996  -25.495 0.6999999881
146265  -34.235  -31.209  -12.215 0.5000000000
40552  -33.880  -30.137  -12.421 0.4000000060
39572  -34.620  -30.864  -12.560 0.5000000000
41679  -32.560  -28.249  -13.169 0.3000000119
39586  -35.589  -30.805  -14.277 0.6000000238
41680  -33.616  -28.433  -13.137 0.3000000119
39579  -35.518  -30.241  -13.867 0.6000000238
146520  -35.714  -30.436  -14.739 0.6000000238
42704  -32.213  -27.575  -13.664 0.3000000119
41681  -34.598  -28.695  -13.363 0.3000000119
42721  -31.889  -26.992  -14.273 0.3000000119
43848  -30.678  -26.645  -15.059 0.3000000119
40592  -36.049  -29.804  -16.451 0.6999999881
40610  -35.841  -29.707  -17.938 0.6999999881
40663  -35.015  -29.334  -22.318 0.8000000119
41755  -35.849  -29.046  -20.963 0.6999999881
40640  -35.992  -29.140  -20.102 0.6999999881
40662  -34.293  -29.678  -22.750 0.8000000119
41786  -34.988  -28.332  -23.321 0.6999999881
40669  -31.907  -30.158  -24.596 0.8000000119
40670  -32.417  -29.656  -24.320 0.6999999881
41784  -32.856  -28.952  -24.428 0.8000000119
41785  -34.092  -28.540  -23.918 0.6000000238
41811  -39.061  -28.179  -25.301 0.6000000238
40688  -32.312  -29.441  -25.346 0.6999999881
41807  -33.105  -28.679  -26.013 0.6999999881
41806  -32.544  -28.691  -25.526 0.6999999881
40690  -35.133  -28.883  -25.541 0.6999999881
41809  -36.201  -28.357  -25.182 0.6999999881
45128  -33.819  -24.862  -28.144 0.5000000000
139161  -34.774  -25.393  -28.441 0.5000000000
125447  -35.700  -30.083  -14.427 0.6000000238
131407  -35.897  -30.008  -15.127 0.6000000238
141584  -36.119  -29.334  -15.278 0.6000000238
148099  -36.320  -29.258  -16.344 0.6000000238
40603  -36.295  -29.316  -17.130 0.6999999881
41719  -36.609  -28.544  -17.431 0.6999999881
45002  -28.691  -25.773  -16.827 0.3000000119
41743  -36.444  -28.607  -19.647 0.6999999881
40611  -36.374  -29.017  -18.038 0.6999999881
41729  -36.424  -28.750  -18.852 0.6999999881
41794  -33.180  -28.182  -24.542 0.6999999881
41778  -36.018  -28.227  -22.029 0.6999999881
41768  -36.241  -28.337  -21.364 0.6000000238
41777  -35.468  -28.490  -22.624 0.6999999881
40677  -31.989  -29.655  -24.985 0.6999999881
40678  -32.102  -29.300  -24.918 0.6999999881
42833  -32.963  -27.491  -24.859 0.6000000238
41792  -32.486  -28.362  -25.238 0.6999999881
41810  -37.184  -28.180  -24.782 0.6000000238
42835  -37.897  -28.150  -24.790 0.5000000000
41824  -34.598  -28.292  -26.269 0.6999999881
42861  -34.209  -27.524  -26.691 0.6999999881
42862  -35.241  -27.609  -26.408 0.6999999881
43982  -34.963  -26.797  -27.082 0.6000000238
40573  -35.884  -29.428  -14.681 0.5000000000
42725  -36.022  -28.174  -14.819 0.4000000060
40574  -36.145  -28.785  -15.022 0.5000000000
40582  -36.359  -28.846  -15.791 0.6000000238
41706  -36.335  -28.142  -15.438 0.5000000000
41710  -36.589  -28.094  -16.207 0.6000000238
42749  -36.951  -27.810  -17.615 0.6000000238
131656  -29.380  -25.840  -16.574 0.3000000119
45003  -30.091  -25.655  -16.695 0.3000000119
42761  -36.729  -28.295  -18.277 0.6999999881
42793  -36.881  -27.914  -19.973 0.6000000238
42779  -36.860  -28.092  -19.109 0.6000000238
41756  -36.399  -28.477  -20.504 0.6000000238
42824  -34.823  -27.674  -23.701 0.6000000238
42818  -36.412  -27.669  -21.796 0.6000000238
41793  -32.386  -28.385  -25.011 0.6999999881
42834  -33.972  -27.601  -24.332 0.6000000238
42825  -35.534  -27.720  -23.107 0.6000000238
42832  -32.575  -27.528  -25.402 0.6999999881
43955  -32.868  -26.691  -25.155 0.6000000238
42860  -33.007  -27.355  -26.512 0.6999999881
42863  -35.970  -26.961  -26.490 0.6999999881
147079  -36.777  -27.661  -25.310 0.6000000238
148932  -38.178  -26.549  -26.075 0.5000000000
43967  -36.774  -27.008  -25.826 0.6000000238
43968  -37.520  -26.687  -25.941 0.6000000238
43984  -37.626  -26.308  -26.683 0.5000000000
43981  -33.790  -26.655  -27.005 0.6000000238
131673  -35.779  -26.518  -27.234 0.5000000000
44000  -36.000  -26.245  -28.063 0.5000000000
43999  -35.205  -26.093  -27.971 0.5000000000
45138  -34.844  -24.630  -28.950 0.5000000000
42737  -36.059  -27.411  -15.131 0.4000000060
43868  -34.070  -26.104  -14.920 0.4000000060
42741  -36.872  -27.263  -16.735 0.6000000238
131931  -30.888  -25.458  -16.744 0.3000000119
44990  -32.033  -25.587  -16.070 0.3000000119
42762  -37.167  -27.540  -18.472 0.6000000238
47415  -30.408  -23.616  -18.047 0.3000000119
42794  -37.273  -27.142  -20.272 0.6000000238
133149  -36.782  -26.883  -21.630 0.5000000000
43947  -35.404  -26.942  -23.405 0.6000000238
137910  -36.014  -27.023  -22.810 0.6000000238
43946  -34.613  -26.875  -24.005 0.6000000238
43940  -36.402  -26.435  -22.308 0.6000000238
43956  -33.718  -26.767  -24.591 0.6000000238
138127  -34.298  -26.032  -24.159 0.6000000238
43966  -32.398  -27.064  -25.887 0.6999999881
45098  -33.346  -25.927  -24.810 0.6000000238
43980  -32.868  -26.440  -26.738 0.6999999881
43998  -34.322  -25.964  -27.666 0.5000000000
137342  -34.930  -26.303  -14.933 0.4000000060
43870  -36.402  -26.664  -15.876 0.4000000060
43869  -35.710  -26.524  -15.240 0.4000000060
124849  -36.496  -27.517  -15.854 0.5000000000
141181  -35.493  -25.442  -15.754 0.4000000060
42742  -37.155  -26.570  -17.217 0.4000000060
42750  -37.285  -27.011  -17.733 0.5000000000
139232  -30.779  -24.608  -17.580 0.3000000119
46181  -31.462  -24.393  -17.412 0.3000000119
45005  -32.387  -25.079  -16.508 0.4000000060
43892  -37.473  -26.565  -18.644 0.4000000060
47391  -31.747  -23.658  -17.491 0.3000000119
46166  -32.746  -24.347  -16.753 0.4000000060
43921  -37.397  -26.346  -20.595 0.5000000000
42780  -37.284  -27.325  -19.370 0.6000000238
42808  -37.163  -26.344  -21.237 0.5000000000
45080  -36.309  -25.461  -22.301 0.5000000000
45088  -34.933  -25.344  -23.517 0.6000000238
46253  -36.479  -24.654  -21.942 0.5000000000
45087  -33.879  -25.142  -24.362 0.6000000238
45108  -32.191  -26.029  -26.082 0.6000000238
46272  -32.666  -25.071  -25.222 0.6000000238
45114  -32.238  -25.609  -26.621 0.5000000000
43997  -33.228  -25.718  -27.272 0.5000000000
45127  -32.449  -24.606  -27.461 0.5000000000
46307  -33.061  -23.914  -28.247 0.5000000000
46308  -33.901  -23.750  -28.711 0.5000000000
124923  -34.794  -23.973  -28.930 0.5000000000
44992  -35.254  -25.865  -15.395 0.4000000060
43880  -36.849  -26.320  -16.664 0.4000000060
45007  -36.459  -25.829  -16.237 0.4000000060
45008  -36.870  -25.607  -16.846 0.4000000060
45006  -36.020  -25.315  -16.062 0.4000000060
45019  -37.268  -25.427  -17.553 0.4000000060
45029  -37.505  -25.635  -18.337 0.4000000060
47416  -31.149  -23.000  -17.769 0.3000000119
134107  -37.527  -25.613  -20.130 0.4000000060
132554  -37.580  -25.678  -19.192 0.5000000000
48509  -30.370  -22.776  -18.188 0.3000000119
46243  -36.943  -24.679  -21.268 0.4000000060
46252  -35.926  -24.595  -22.485 0.5000000000
47456  -36.608  -23.875  -21.579 0.4000000060
45079  -35.621  -25.176  -22.823 0.5000000000
146006  -36.211  -24.057  -22.192 0.5000000000
46261  -34.456  -24.437  -23.822 0.5000000000
46262  -35.271  -24.494  -23.100 0.5000000000
139935  -31.796  -24.742  -26.807 0.5000000000
46284  -31.861  -24.755  -25.981 0.6000000238
46285  -32.421  -24.197  -25.644 0.6000000238
46273  -33.483  -24.235  -24.672 0.6000000238
47495  -31.977  -24.131  -26.368 0.6000000238
46306  -31.949  -23.997  -27.269 0.5000000000
134555  -32.969  -22.960  -28.495 0.5000000000
46294  -31.797  -24.450  -26.628 0.5000000000
50672  -29.357  -20.191  -20.035 0.3000000119
50652  -30.719  -20.395  -19.545 0.4000000060
50653  -31.381  -20.173  -19.576 0.4000000060
144816  -33.140  -23.586  -25.405 0.5000000000
140947  -30.053  -19.647  -20.584 0.4000000060
47496  -32.516  -23.262  -26.511 0.5000000000
48567  -35.392  -22.520  -24.207 0.5000000000
48568  -36.048  -22.372  -23.481 0.5000000000
48575  -34.536  -22.546  -25.096 0.5000000000
47516  -32.361  -23.091  -27.836 0.5000000000
47508  -32.500  -22.644  -27.718 0.6000000238
137274  -35.236  -23.838  -28.728 0.5000000000
47518  -33.742  -22.870  -28.653 0.6000000238
48610  -33.592  -22.118  -28.575 0.5000000000
47519  -34.380  -23.025  -28.575 0.6000000238
47509  -35.490  -23.208  -27.657 0.4000000060
51662  -30.904  -19.354  -20.748 0.4000000060
51634  -32.641  -20.037  -19.172 0.4000000060
47497  -33.500  -22.776  -25.832 0.5000000000
48587  -32.915  -22.078  -27.385 0.5000000000
49690  -33.723  -21.210  -28.074 0.5000000000
136829  -33.405  -21.141  -27.191 0.5000000000
47517  -32.763  -22.259  -28.303 0.5000000000
48598  -32.912  -21.993  -28.340 0.5000000000
48599  -34.937  -22.237  -27.566 0.4000000060
49698  -33.453  -21.824  -28.508 0.5000000000
48611  -34.087  -22.106  -28.474 0.5000000000
51663  -32.237  -19.184  -20.368 0.4000000060
52747  -30.320  -18.662  -21.707 0.4000000060
142049  -33.766  -22.037  -26.221 0.5000000000
49656  -35.781  -21.748  -24.244 0.4000000060
49691  -33.952  -21.161  -28.253 0.4000000060
134644  -35.448  -21.742  -26.879 0.3000000119
49667  -34.998  -21.115  -25.186 0.4000000060
49692  -34.421  -20.278  -27.665 0.5000000000
49682  -36.267  -21.256  -26.076 0.4000000060
129276  -33.832  -20.090  -27.891 0.4000000060
148507  -38.021  -21.106  -24.919 0.4000000060
50731  -35.822  -20.315  -26.341 0.4000000060
51748  -33.897  -18.859  -27.617 0.4000000060
50732  -36.959  -20.235  -25.285 0.4000000060
49669  -37.794  -20.824  -24.920 0.4000000060
51732  -38.269  -19.573  -24.437 0.4000000060
50721  -38.234  -20.559  -24.805 0.4000000060
51749  -34.152  -18.749  -27.691 0.4000000060
50739  -34.587  -19.399  -27.512 0.3000000119
51742  -35.776  -19.472  -26.361 0.4000000060
51750  -34.636  -18.160  -27.403 0.4000000060
52827  -34.064  -17.947  -27.479 0.4000000060
51743  -36.814  -19.205  -25.216 0.3000000119
131106  -37.787  -20.044  -24.650 0.4000000060
50722  -38.734  -19.588  -24.652 0.4000000060
144665  -34.841  -18.819  -27.380 0.3000000119
52811  -37.032  -18.319  -24.696 0.4000000060
51731  -37.780  -19.159  -24.359 0.5000000000
132129  -35.572  -18.540  -26.566 0.4000000060
52820  -36.043  -17.958  -25.861 0.4000000060
125951  -30.910  -47.919  -11.843 0.6999999881
27024  -30.346  -44.915  -14.872 0.8000000119
25082  -31.417  -45.916  -13.904 0.8000000119
24079  -29.423  -47.653  -9.701 0.6000000238
25998  -30.726  -45.824  -10.535 0.6000000238
25033  -31.364  -46.039  -11.211 0.6999999881
23171  -24.291  -48.403  -9.451 0.4000000060
34006  -28.803  -36.216  -18.918 0.8000000119
27930  -30.716  -43.540  -10.583 0.6000000238
26968  -25.220  -44.951  -9.836 0.5000000000
29641  -32.634  -41.803  -11.318 0.8000000119
30453  -27.577  -40.527  -10.611 0.6000000238
30426  -31.653  -39.626  -9.975 0.6999999881
142297  -29.706  -34.814  -15.846 0.6999999881
136305  -33.288  -38.136  -10.885 0.6999999881
39647  -30.843  -30.157  -19.839 0.8000000119
34831  -33.387  -35.539  -10.717 0.6999999881
37754  -34.682  -32.129  -16.323 0.6999999881
37732  -35.456  -31.672  -15.299 0.6000000238
41699  -35.686  -28.698  -14.303 0.4000000060
42807  -36.777  -27.646  -20.932 0.6000000238
44993  -35.957  -25.908  -15.677 0.4000000060
128195  -33.609  -20.214  -27.623 0.4000000060
27065  -31.993  -44.871  -21.178 0.5000000000
27072  -32.502  -44.213  -21.789 0.5000000000
25113  -28.105  -46.419  -17.314 0.6999999881
28907  -32.499  -41.892  -19.349 0.5000000000
18254  -27.512  -54.386  -10.601 0.5000000000
29733  -32.057  -41.328  -20.011 0.6999999881
24155  -27.992  -47.168  -14.362 0.6999999881
26048  -27.835  -45.903  -15.041 0.6999999881
27053  -26.158  -43.651  -17.963 0.6999999881
28002  -25.979  -43.605  -17.338 0.6999999881
29728  -26.673  -40.404  -18.762 0.6999999881
28010  -26.195  -42.690  -18.174 0.6999999881
31418  -32.006  -39.554  -18.214 0.6999999881
31391  -34.757  -39.369  -16.563 0.5000000000
32276  -33.024  -38.376  -16.991 0.6000000238
33075  -34.896  -36.933  -17.157 0.5000000000
132040  -27.611  -51.228  -9.513 0.6000000238
27980  -28.472  -43.962  -16.036 0.6999999881
32274  -31.681  -37.990  -17.737 0.6999999881
21492  -29.034  -51.164  -10.296 0.6000000238
25081  -29.644  -46.243  -14.415 0.8000000119
32290  -36.783  -38.419  -18.308 0.4000000060
25069  -31.533  -46.369  -13.247 0.8000000119
132317  -30.147  -36.747  -18.322 0.8000000119
23175  -29.737  -48.305  -10.023 0.6999999881
26051  -31.624  -45.285  -14.187 0.6999999881
125344  -24.553  -51.694  -9.457 0.5000000000
28872  -30.509  -42.365  -15.764 0.8000000119
33994  -35.252  -36.362  -17.653 0.5000000000
26012  -32.206  -45.202  -12.350 0.6999999881
124698  -26.172  -49.010  -9.385 0.6000000238
28867  -32.394  -42.479  -14.399 0.8000000119
29706  -28.417  -40.761  -17.367 0.8000000119
34008  -35.806  -36.568  -18.234 0.6000000238
124765  -27.354  -47.104  -9.403 0.6000000238
33068  -27.014  -37.463  -18.563 0.8999999762
139169  -26.732  -36.285  -19.363 0.8000000119
34018  -35.862  -36.003  -18.984 0.6000000238
34038  -36.204  -37.030  -21.523 0.4000000060
23170  -23.475  -48.747  -9.526 0.3000000119
22296  -23.336  -49.628  -9.572 0.4000000060
34944  -29.755  -34.741  -18.179 0.8000000119
26973  -30.286  -44.324  -10.375 0.6000000238
26953  -29.340  -45.242  -9.815 0.6000000238
126142  -25.508  -47.338  -9.432 0.5000000000
32254  -30.708  -38.506  -15.787 0.8000000119
35862  -34.593  -34.345  -19.585 0.6999999881
34985  -34.786  -36.126  -22.980 0.6000000238
34058  -35.613  -36.277  -23.957 0.4000000060
25996  -24.436  -45.048  -9.854 0.5000000000
25009  -24.754  -46.582  -9.519 0.5000000000
25979  -27.813  -45.034  -9.628 0.5000000000
128784  -33.489  -40.143  -12.220 0.6999999881
144842  -29.068  -43.581  -10.211 0.6000000238
137482  -26.253  -42.978  -10.528 0.6000000238
143456  -25.626  -44.413  -10.090 0.5000000000
140382  -24.850  -44.202  -10.266 0.5000000000
26971  -28.038  -44.138  -9.961 0.5000000000
29638  -24.146  -41.619  -11.340 0.6000000238
28814  -26.909  -42.698  -10.521 0.6000000238
27928  -27.580  -43.656  -10.188 0.5000000000
136832  -33.625  -38.833  -12.864 0.6999999881
34923  -28.436  -35.471  -16.744 0.8000000119
35842  -25.799  -33.903  -19.168 0.8999999762
28815  -27.703  -42.523  -10.468 0.6000000238
133222  -27.758  -41.194  -10.571 0.6000000238
138853  -25.761  -38.967  -11.514 0.4000000060
31333  -26.177  -39.584  -11.260 0.4000000060
31309  -27.608  -39.227  -10.539 0.5000000000
32236  -33.471  -38.518  -13.479 0.6999999881
33000  -26.149  -37.371  -11.246 0.4000000060
32186  -27.042  -38.569  -10.721 0.5000000000
33968  -31.694  -36.666  -15.126 0.6999999881
36816  -26.313  -32.917  -19.457 0.8000000119
138815  -34.767  -34.423  -23.501 0.6999999881
30455  -29.168  -40.157  -10.122 0.6999999881
31310  -28.517  -39.585  -10.244 0.6000000238
147178  -27.298  -37.148  -10.328 0.5000000000
37821  -32.753  -32.830  -20.887 0.8000000119
32167  -29.466  -38.737  -9.689 0.6000000238
34815  -26.807  -35.205  -10.035 0.3000000119
33957  -32.543  -36.582  -14.875 0.6999999881
149023  -34.139  -36.481  -13.799 0.6999999881
138845  -31.367  -32.225  -20.216 0.8999999762
36857  -32.583  -33.304  -21.966 0.8000000119
37841  -31.736  -32.951  -22.630 0.8000000119
35900  -33.143  -34.349  -23.156 0.6000000238
36874  -35.431  -33.511  -23.540 0.6000000238
37850  -35.166  -32.697  -23.530 0.6000000238
37848  -32.784  -32.853  -23.689 0.8000000119
33890  -28.359  -36.676  -9.653 0.5000000000
34894  -32.879  -35.929  -15.041 0.6999999881
139624  -29.832  -32.935  -16.572 0.8000000119
140581  -29.459  -31.553  -21.905 0.8000000119
35719  -30.325  -34.843  -9.565 0.5000000000
34849  -34.294  -35.331  -12.075 0.6999999881
130431  -34.488  -35.126  -14.290 0.6999999881
35806  -33.344  -34.394  -15.509 0.6999999881
35786  -34.648  -34.366  -14.587 0.6999999881
36791  -34.124  -32.804  -16.247 0.6999999881
38726  -30.080  -31.588  -17.752 0.8000000119
144853  -30.686  -31.380  -17.922 0.8000000119
34848  -33.947  -35.558  -11.419 0.6999999881
36685  -28.897  -33.393  -9.664 0.3000000119
36694  -29.795  -33.154  -9.929 0.5000000000
34864  -34.512  -35.096  -12.619 0.6999999881
36695  -30.777  -33.444  -10.109 0.5000000000
135388  -30.393  -32.728  -10.333 0.4000000060
134964  -34.666  -34.652  -12.935 0.6999999881
145424  -34.993  -33.854  -14.201 0.6999999881
39548  -28.251  -30.987  -10.912 0.3000000119
144459  -34.570  -30.038  -25.107 0.6999999881
135775  -32.180  -31.964  -11.118 0.6000000238
38666  -33.177  -31.919  -11.435 0.6000000238
37696  -34.695  -32.692  -12.540 0.6999999881
37706  -35.047  -32.886  -13.192 0.6999999881
40625  -35.026  -29.925  -19.571 0.8000000119
40661  -33.556  -30.133  -22.752 0.8000000119
40680  -35.271  -29.606  -24.897 0.6000000238
41795  -35.947  -29.103  -24.787 0.6000000238
38664  -31.596  -31.359  -11.310 0.5000000000
138666  -32.281  -29.484  -12.373 0.3000000119
38675  -35.155  -31.451  -12.987 0.5000000000
41677  -30.709  -28.047  -13.516 0.3000000119
138306  -35.287  -30.000  -13.443 0.5000000000
38691  -35.688  -30.831  -15.102 0.6000000238
39613  -34.740  -30.721  -17.795 0.8000000119
40639  -35.243  -29.654  -20.418 0.6999999881
40551  -32.946  -28.914  -12.667 0.3000000119
41678  -31.565  -28.154  -13.326 0.3000000119
40564  -34.076  -29.271  -12.770 0.3000000119
42720  -31.012  -27.069  -14.490 0.3000000119
43850  -32.528  -26.460  -14.708 0.3000000119
40581  -36.143  -29.590  -15.792 0.6000000238
41823  -33.541  -28.198  -26.361 0.6999999881
41822  -32.746  -28.113  -26.065 0.6999999881
40593  -36.527  -28.695  -16.617 0.6000000238
42817  -36.020  -27.733  -22.468 0.6000000238
42859  -32.517  -27.482  -26.058 0.6999999881
42846  -37.567  -27.462  -25.272 0.5000000000
137052  -35.561  -27.838  -14.439 0.4000000060
43954  -32.415  -26.487  -25.716 0.6000000238
45096  -32.112  -25.531  -25.871 0.6000000238
43983  -36.692  -26.474  -26.740 0.6000000238
43853  -35.354  -27.040  -14.657 0.4000000060
130597  -32.924  -25.416  -15.855 0.4000000060
136509  -31.630  -25.273  -16.660 0.3000000119
46201  -30.266  -24.284  -17.929 0.3000000119
47390  -30.976  -23.959  -17.741 0.3000000119
43908  -37.504  -26.469  -19.702 0.5000000000
43931  -36.861  -25.996  -21.751 0.5000000000
43939  -35.713  -26.081  -22.947 0.5000000000
43885  -37.380  -26.214  -17.774 0.4000000060
46182  -32.107  -24.167  -17.215 0.4000000060
47392  -32.671  -23.437  -17.148 0.4000000060
45072  -37.260  -25.577  -21.070 0.5000000000
131428  -37.435  -24.986  -18.112 0.4000000060
45061  -37.357  -24.780  -20.493 0.4000000060
47463  -35.695  -23.773  -22.711 0.5000000000
47507  -32.047  -23.619  -27.100 0.6000000238
50673  -30.119  -20.301  -19.790 0.3000000119
51644  -32.115  -19.727  -19.732 0.4000000060
50737  -33.718  -19.614  -27.664 0.4000000060
52828  -34.545  -17.550  -27.249 0.4000000060
51717  -38.653  -19.085  -24.280 0.3000000119
124304  -24.431  -51.076  -16.489 0.5000000000
21563  -26.095  -50.399  -17.395 0.5000000000
19078  -24.342  -53.331  -14.767 0.4000000060
142878  -24.365  -52.588  -14.987 0.5000000000
19903  -23.394  -51.895  -16.038 0.5000000000
20729  -23.977  -51.313  -15.932 0.5000000000
21562  -25.574  -50.154  -17.157 0.6000000238
19079  -25.130  -52.970  -14.524 0.5000000000
19891  -24.730  -52.024  -14.839 0.5000000000
21532  -24.748  -50.737  -14.999 0.5000000000
19067  -25.852  -53.674  -13.956 0.5000000000
21543  -24.891  -50.139  -15.221 0.6000000238
22376  -25.174  -49.353  -15.567 0.6000000238
21552  -24.909  -50.213  -16.292 0.6000000238
23288  -25.761  -48.620  -17.121 0.6000000238
131925  -25.891  -48.013  -17.291 0.6000000238
145036  -25.558  -47.848  -16.418 0.6000000238
23290  -26.684  -48.252  -17.360 0.6000000238
24191  -27.654  -47.135  -17.178 0.6000000238
25112  -26.911  -46.748  -17.611 0.6000000238
19883  -25.968  -52.756  -14.134 0.5000000000
20717  -25.173  -51.317  -14.630 0.5000000000
21533  -25.270  -50.444  -14.647 0.6000000238
19068  -26.625  -53.384  -13.556 0.5000000000
19884  -26.651  -52.415  -13.685 0.5000000000
128549  -25.480  -48.885  -14.884 0.6000000238
18268  -26.973  -54.739  -12.521 0.5000000000
18283  -27.291  -53.997  -12.918 0.5000000000
23260  -25.449  -48.448  -15.476 0.6000000238
24188  -25.742  -47.222  -17.066 0.6000000238
143562  -28.376  -45.523  -17.787 0.6000000238
19893  -25.965  -51.824  -14.198 0.5000000000
21534  -25.844  -50.177  -14.304 0.5000000000
19069  -27.424  -53.088  -13.164 0.5000000000
19885  -27.453  -52.125  -13.337 0.5000000000
20708  -26.614  -51.438  -13.774 0.5000000000
21523  -26.552  -50.411  -13.870 0.5000000000
22367  -25.438  -49.605  -14.674 0.6000000238
19058  -27.948  -53.604  -12.397 0.5000000000
19875  -28.122  -52.720  -12.666 0.5000000000
23245  -25.776  -48.268  -14.778 0.6000000238
18269  -27.642  -54.374  -12.060 0.5000000000
19052  -28.146  -53.908  -11.521 0.5000000000
24152  -25.686  -47.623  -15.298 0.6000000238
25101  -25.577  -46.977  -16.439 0.6000000238
26071  -27.275  -45.877  -17.815 0.6000000238
130134  -26.343  -45.906  -17.603 0.6000000238
21524  -27.500  -50.149  -13.523 0.5000000000
22354  -26.774  -49.674  -13.866 0.6000000238
23230  -27.442  -48.701  -13.870 0.6000000238
20697  -28.219  -51.817  -12.906 0.5000000000
22368  -26.161  -49.600  -14.197 0.6000000238
23229  -26.620  -48.941  -14.124 0.6000000238
145465  -28.031  -54.021  -10.894 0.5000000000
18250  -27.213  -54.136  -9.975 0.5000000000
25110  -25.642  -46.420  -16.806 0.6000000238
26070  -25.970  -45.094  -17.403 0.6000000238
20698  -28.922  -51.487  -12.409 0.5000000000
20710  -28.268  -50.930  -13.117 0.5000000000
22356  -28.162  -49.422  -13.455 0.5000000000
19869  -28.849  -52.557  -11.272 0.5000000000
19048  -28.422  -53.341  -10.916 0.5000000000
19859  -28.584  -52.508  -10.541 0.6000000238
22341  -29.110  -49.937  -12.902 0.6000000238
21525  -28.421  -50.234  -13.209 0.5000000000
23231  -28.389  -48.522  -13.632 0.6000000238
19870  -29.220  -51.820  -11.581 0.6000000238
20699  -29.469  -51.091  -11.879 0.6000000238
24138  -27.681  -47.940  -14.120 0.6000000238
19845  -28.178  -52.309  -9.931 0.5000000000
19860  -29.060  -51.892  -10.766 0.6000000238
19038  -26.664  -53.646  -9.532 0.4000000060
21505  -29.664  -50.610  -11.366 0.6000000238
21514  -29.678  -50.370  -12.109 0.6000000238
22342  -29.897  -49.632  -12.351 0.6000000238
22357  -29.228  -49.151  -13.162 0.5000000000
23232  -29.530  -48.312  -13.367 0.6000000238
34029  -35.793  -35.921  -20.188 0.5000000000
40681  -37.308  -29.762  -24.205 0.5000000000
133618  -36.094  -27.570  -25.800 0.5000000000
51716  -38.357  -18.894  -24.082 0.4000000060
52792  -38.834  -18.595  -23.890 0.3000000119
53803  -39.233  -17.488  -23.416 0.3000000119
54830  -39.802  -16.278  -23.117 0.3000000119
19077  -23.534  -53.520  -15.046 0.4000000060
19902  -22.858  -52.556  -16.115 0.5000000000
20728  -23.786  -51.775  -16.505 0.5000000000
140777  -27.152  -49.407  -16.768 0.5000000000
18297  -25.056  -53.938  -14.272 0.4000000060
22405  -26.059  -49.687  -17.391 0.6000000238
131854  -26.002  -49.071  -17.409 0.6000000238
22392  -26.572  -49.113  -17.241 0.5000000000
24173  -27.771  -47.801  -16.726 0.5000000000
18280  -24.823  -54.716  -13.844 0.4000000060
18282  -26.513  -54.295  -13.317 0.5000000000
17481  -26.557  -55.362  -12.109 0.5000000000
18261  -27.175  -54.973  -11.646 0.3000000119
17468  -26.540  -55.426  -10.511 0.4000000060
17461  -25.727  -55.455  -9.441 0.4000000060
34030  -36.295  -36.739  -20.477 0.4000000060
34037  -35.712  -36.322  -21.314 0.4000000060
37673  -31.094  -32.678  -10.499 0.5000000000
37682  -31.311  -31.963  -10.854 0.4000000060
39714  -37.398  -30.770  -24.185 0.5000000000
40682  -38.196  -29.572  -24.635 0.5000000000
41798  -38.533  -28.686  -24.884 0.5000000000
40566  -35.544  -29.540  -13.915 0.4000000060
141279  -39.351  -16.854  -23.077 0.3000000119
55921  -40.155  -15.033  -22.615 0.3000000119
18296  -24.189  -54.142  -14.452 0.4000000060
127306  -25.891  -48.910  -14.465 0.6000000238
19843  -26.828  -52.861  -9.499 0.5000000000
19047  -27.827  -53.635  -10.315 0.5000000000
19858  -28.218  -52.980  -10.274 0.6000000238
39715  -38.002  -30.454  -24.632 0.5000000000
17469  -27.161  -55.010  -10.893 0.4000000060
21561  -25.045  -50.910  -17.053 0.6000000238
19090  -23.606  -52.642  -15.452 0.4000000060
19904  -24.052  -51.908  -15.439 0.5000000000
21542  -24.477  -50.735  -15.650 0.6000000238
19892  -25.396  -52.176  -14.473 0.5000000000
20709  -27.410  -51.134  -13.457 0.5000000000
19053  -28.494  -53.144  -11.818 0.5000000000
19876  -28.778  -52.322  -12.154 0.5000000000
53802  -38.799  -17.905  -23.459 0.4000000060
18281  -25.682  -54.504  -13.631 0.4000000060
23274  -27.346  -48.625  -16.814 0.4000000060
24174  -28.451  -47.136  -16.679 0.4000000060
17496  -26.256  -55.027  -12.946 0.4000000060
25995  -23.725  -45.250  -9.832 0.4000000060
25975  -24.116  -45.873  -9.670 0.3000000119
26967  -23.846  -44.469  -10.177 0.4000000060
28835  -22.705  -42.259  -11.288 0.4000000060
28810  -23.060  -42.981  -10.820 0.4000000060
27925  -24.206  -43.705  -10.465 0.4000000060
29635  -21.637  -41.673  -12.212 0.3000000119
28834  -21.824  -42.279  -11.589 0.3000000119
29653  -22.085  -40.956  -12.434 0.4000000060
29636  -22.387  -41.567  -11.793 0.4000000060
29637  -23.264  -41.548  -11.523 0.5000000000
29654  -22.922  -40.807  -11.986 0.4000000060
30499  -23.508  -40.082  -12.163 0.4000000060
37681  -30.535  -32.081  -10.641 0.3000000119
138412  -34.802  -30.046  -12.876 0.3000000119
40565  -34.993  -29.403  -13.298 0.3000000119
41682  -35.252  -28.898  -13.681 0.3000000119
47484  -34.303  -23.865  -24.079 0.4000000060
43852  -34.440  -26.739  -14.473 0.3000000119
47472  -34.977  -23.837  -23.449 0.4000000060
47485  -34.817  -23.278  -24.121 0.4000000060
44991  -33.856  -25.562  -15.458 0.3000000119
143839  -33.082  -24.875  -16.342 0.3000000119
47474  -36.099  -22.944  -22.738 0.3000000119
47473  -35.506  -23.142  -23.388 0.4000000060
48588  -34.296  -21.631  -25.805 0.4000000060
49681  -33.724  -20.689  -26.601 0.3000000119
141429  -34.561  -25.813  -15.278 0.3000000119
46154  -34.705  -25.285  -15.707 0.3000000119
46169  -35.412  -24.893  -16.098 0.3000000119
46153  -33.783  -24.996  -15.975 0.3000000119
46168  -34.594  -24.570  -16.194 0.3000000119
47381  -35.486  -24.063  -16.509 0.3000000119
46170  -36.799  -24.817  -17.025 0.3000000119
47380  -34.495  -23.798  -16.531 0.3000000119
133682  -35.967  -23.411  -16.893 0.3000000119
46183  -36.968  -24.091  -17.515 0.3000000119
46184  -37.229  -24.712  -17.687 0.3000000119
133556  -37.535  -24.921  -18.765 0.3000000119
47379  -33.557  -23.645  -16.714 0.3000000119
131789  -37.537  -24.856  -19.611 0.3000000119
48485  -32.093  -22.763  -17.528 0.3000000119
48486  -32.356  -21.886  -17.732 0.3000000119
46234  -37.422  -24.043  -19.973 0.3000000119
48510  -31.650  -22.209  -17.823 0.3000000119
49601  -31.780  -21.405  -18.290 0.3000000119
138169  -37.081  -23.963  -20.788 0.3000000119
137448  -36.581  -23.158  -21.656 0.3000000119
48548  -36.503  -22.707  -22.090 0.3000000119
51642  -30.789  -19.891  -20.100 0.3000000119
47464  -36.292  -23.428  -22.167 0.3000000119
145927  -29.651  -19.101  -21.417 0.3000000119
139329  -35.149  -21.956  -24.895 0.3000000119
50730  -33.537  -20.042  -27.182 0.3000000119
47382  -36.361  -24.027  -16.870 0.3000000119
47394  -34.323  -22.993  -16.809 0.3000000119
47395  -35.260  -23.160  -16.792 0.3000000119
47397  -37.107  -23.456  -18.013 0.3000000119
47393  -33.502  -22.943  -16.977 0.3000000119
48489  -35.050  -22.282  -17.205 0.3000000119
48490  -36.034  -22.667  -17.319 0.3000000119
129574  -37.155  -22.895  -18.438 0.3000000119
47417  -37.344  -23.462  -18.707 0.3000000119
46219  -37.470  -24.141  -19.124 0.3000000119
48487  -33.046  -22.365  -17.358 0.3000000119
49588  -33.739  -21.655  -17.530 0.3000000119
49589  -35.171  -21.438  -17.615 0.3000000119
49600  -30.982  -21.242  -18.621 0.3000000119
128363  -32.648  -21.157  -18.137 0.3000000119
49587  -33.034  -21.590  -17.681 0.3000000119
47457  -36.886  -23.221  -21.071 0.3000000119
48549  -36.845  -22.560  -21.425 0.3000000119
50654  -31.994  -20.275  -19.255 0.3000000119
49639  -36.871  -21.952  -21.954 0.3000000119
51643  -31.510  -19.558  -20.251 0.3000000119
52728  -31.601  -18.988  -20.826 0.3000000119
52729  -32.221  -18.663  -20.834 0.3000000119
48556  -36.512  -22.153  -22.717 0.3000000119
49657  -36.424  -21.528  -23.455 0.3000000119
50720  -35.193  -20.200  -24.914 0.3000000119
140325  -33.555  -19.631  -27.055 0.3000000119
50719  -34.164  -20.206  -26.148 0.3000000119
47396  -36.566  -23.371  -17.379 0.3000000119
49590  -35.869  -21.822  -17.639 0.3000000119
48491  -36.808  -22.751  -17.906 0.3000000119
48511  -37.024  -22.083  -18.558 0.3000000119
126324  -37.343  -22.715  -19.026 0.3000000119
134409  -34.404  -21.008  -17.785 0.3000000119
49603  -35.809  -21.079  -17.943 0.3000000119
49604  -36.439  -21.461  -18.147 0.3000000119
47433  -37.395  -23.344  -19.484 0.3000000119
129457  -33.046  -20.479  -18.522 0.3000000119
50640  -33.916  -20.375  -18.338 0.3000000119
48538  -37.156  -22.530  -20.690 0.3000000119
49648  -37.186  -21.195  -21.826 0.3000000119
49640  -37.191  -21.730  -21.124 0.3000000119
51664  -33.044  -19.319  -19.773 0.3000000119
52730  -32.928  -18.645  -20.503 0.3000000119
49647  -36.892  -21.304  -22.601 0.3000000119
145798  -31.752  -18.343  -21.368 0.3000000119
53743  -32.656  -18.137  -21.085 0.3000000119
135877  -36.707  -20.612  -23.327 0.3000000119
49668  -36.013  -20.899  -24.193 0.3000000119
51729  -34.239  -19.376  -25.945 0.3000000119
49605  -37.177  -21.564  -19.217 0.3000000119
51636  -34.428  -19.755  -18.727 0.3000000119
51637  -35.335  -19.824  -18.678 0.3000000119
50643  -36.767  -20.364  -19.073 0.3000000119
125478  -37.292  -22.081  -19.292 0.3000000119
48523  -37.351  -22.483  -19.847 0.3000000119
51635  -33.496  -19.817  -18.944 0.3000000119
51647  -36.674  -19.733  -19.413 0.3000000119
50655  -37.147  -20.901  -19.505 0.3000000119
49628  -37.336  -21.296  -20.528 0.3000000119
51645  -34.107  -19.221  -19.388 0.3000000119
135320  -35.024  -19.269  -19.145 0.3000000119
53744  -33.566  -17.899  -20.762 0.3000000119
53745  -34.596  -17.652  -20.632 0.3000000119
51699  -37.205  -19.408  -22.337 0.3000000119
50698  -37.233  -20.338  -22.301 0.3000000119
126900  -32.327  -17.558  -21.503 0.3000000119
53762  -33.201  -17.384  -21.245 0.3000000119
51698  -36.860  -19.673  -23.129 0.3000000119
50709  -36.107  -19.973  -23.952 0.3000000119
51714  -35.320  -19.314  -24.623 0.3000000119
52819  -33.747  -18.094  -27.257 0.3000000119
51638  -36.168  -19.905  -18.846 0.3000000119
51646  -35.744  -19.422  -19.110 0.3000000119
51648  -37.127  -20.087  -19.793 0.3000000119
50674  -37.315  -20.693  -20.228 0.3000000119
52719  -35.693  -18.889  -19.543 0.3000000119
52720  -36.292  -19.274  -19.478 0.3000000119
50687  -37.357  -20.654  -21.149 0.3000000119
52717  -33.976  -18.519  -20.115 0.3000000119
51684  -37.337  -19.613  -21.532 0.3000000119
54785  -32.928  -16.702  -21.571 0.3000000119
54786  -33.645  -16.676  -21.424 0.3000000119
53763  -34.182  -16.999  -21.143 0.3000000119
138757  -36.775  -18.817  -22.804 0.3000000119
51715  -36.167  -19.045  -23.703 0.3000000119
51730  -34.584  -18.680  -25.319 0.3000000119
52808  -33.880  -18.366  -26.427 0.3000000119
53818  -33.919  -17.512  -26.579 0.3000000119
51666  -37.293  -19.816  -20.605 0.3000000119
52733  -36.339  -18.600  -19.998 0.3000000119
129973  -36.744  -18.499  -20.602 0.3000000119
52750  -37.168  -18.931  -21.019 0.3000000119
53746  -35.524  -17.664  -20.650 0.3000000119
53747  -36.258  -17.989  -20.628 0.3000000119
52768  -37.139  -18.757  -21.902 0.3000000119
143097  -34.201  -16.304  -21.553 0.3000000119
53764  -35.228  -16.888  -21.306 0.3000000119
53765  -36.057  -17.346  -21.360 0.3000000119
52789  -36.012  -18.111  -23.426 0.3000000119
52788  -35.315  -18.341  -24.460 0.3000000119
52809  -34.415  -17.813  -25.490 0.3000000119
53835  -35.414  -17.115  -26.441 0.3000000119
53846  -35.075  -17.108  -27.009 0.3000000119
53845  -34.246  -17.243  -27.106 0.3000000119
52749  -36.678  -18.100  -21.444 0.3000000119
54804  -32.719  -15.946  -21.995 0.3000000119
53784  -36.136  -17.366  -22.218 0.3000000119
52767  -36.551  -18.076  -22.423 0.3000000119
54805  -33.716  -15.880  -21.785 0.3000000119
54787  -34.518  -15.678  -22.073 0.3000000119
134599  -34.718  -16.372  -21.594 0.3000000119
54789  -35.638  -16.690  -22.181 0.3000000119
132773  -34.812  -16.987  -24.555 0.3000000119
53819  -34.522  -16.472  -25.861 0.3000000119
54860  -34.517  -16.609  -26.378 0.3000000119
146329  -34.235  -17.045  -25.898 0.3000000119
144193  -33.940  -16.981  -26.424 0.3000000119
54861  -35.034  -16.482  -26.401 0.3000000119
55915  -32.606  -15.303  -22.398 0.3000000119
55916  -33.416  -15.194  -22.323 0.3000000119
131986  -34.075  -15.162  -22.358 0.3000000119
55903  -34.799  -15.473  -22.803 0.3000000119
54806  -35.096  -15.916  -23.078 0.3000000119
53783  -35.397  -16.611  -23.164 0.3000000119
55938  -34.623  -15.142  -23.902 0.3000000119
54827  -34.605  -15.684  -24.738 0.3000000119
54844  -34.829  -15.797  -25.636 0.3000000119
52810  -36.100  -17.041  -25.549 0.3000000119
128384  -35.289  -15.362  -25.352 0.3000000119
52790  -37.824  -18.444  -23.962 0.3000000119
57087  -33.038  -14.561  -22.655 0.3000000119
57088  -34.004  -14.386  -22.884 0.3000000119
55917  -34.482  -14.808  -23.221 0.3000000119
55954  -34.731  -14.925  -24.897 0.3000000119
54845  -35.555  -16.042  -25.569 0.3000000119
54829  -37.409  -17.067  -23.733 0.3000000119
53801  -38.041  -17.890  -23.558 0.3000000119
25102  -29.216  -46.540  -16.732 0.4000000060
28811  -23.958  -43.010  -10.734 0.4000000060
46167  -33.686  -24.382  -16.401 0.3000000119
141159  -36.471  -25.252  -16.512 0.3000000119
138194  -36.118  -24.696  -16.450 0.3000000119
50638  -31.548  -20.696  -18.879 0.3000000119
51683  -30.397  -19.136  -21.207 0.3000000119
52748  -30.992  -18.810  -21.320 0.3000000119
46202  -37.353  -24.248  -18.264 0.3000000119
138380  -21.183  -43.052  -11.505 0.4000000060
27944  -21.580  -43.552  -10.846 0.4000000060
27923  -22.415  -43.749  -10.518 0.4000000060
149621  -21.122  -41.822  -12.724 0.3000000119
48488  -34.019  -22.319  -17.177 0.3000000119
140370  -34.490  -21.737  -17.446 0.3000000119
47447  -37.247  -23.257  -20.310 0.3000000119
49602  -33.450  -21.007  -17.950 0.3000000119
52766  -30.922  -18.245  -21.790 0.3000000119
136869  -36.862  -21.171  -18.817 0.3000000119
50641  -34.812  -20.355  -18.267 0.3000000119
50642  -35.633  -20.454  -18.347 0.3000000119
129806  -36.304  -20.708  -18.488 0.3000000119
49615  -37.325  -21.557  -19.852 0.3000000119
51665  -36.923  -19.198  -20.063 0.3000000119
52718  -34.883  -18.673  -19.672 0.3000000119
52731  -34.918  -18.151  -20.190 0.3000000119
52732  -35.653  -18.283  -20.068 0.3000000119
53800  -35.878  -17.420  -23.043 0.3000000119
54788  -35.135  -16.108  -22.093 0.3000000119
54846  -36.508  -16.702  -24.724 0.3000000119
133835  -36.667  -37.314  -19.591 0.4000000060
19017  -22.832  -53.765  -8.891 0.3000000119
18238  -22.748  -54.508  -8.533 0.3000000119
19016  -21.991  -53.962  -8.863 0.3000000119
19018  -23.519  -54.261  -8.672 0.3000000119
30498  -22.531  -40.066  -12.705 0.3000000119
26966  -23.038  -44.316  -10.252 0.3000000119
144716  -23.051  -44.993  -9.935 0.3000000119
26964  -21.508  -44.244  -10.595 0.3000000119
26965  -22.279  -44.635  -10.226 0.3000000119
32303  -37.067  -38.112  -19.077 0.3000000119
18240  -24.817  -54.860  -8.784 0.4000000060
18241  -25.423  -55.012  -9.044 0.5000000000
18248  -25.926  -54.784  -9.329 0.6000000238
18253  -26.929  -54.826  -10.253 0.5000000000
18262  -27.668  -54.487  -11.237 0.5000000000
19019  -24.329  -54.015  -8.839 0.3000000119
19034  -22.305  -53.336  -9.201 0.3000000119
19844  -27.629  -52.798  -9.768 0.5000000000
20668  -28.576  -51.767  -10.130 0.5000000000
20691  -29.452  -51.220  -11.025 0.6000000238
20716  -24.476  -51.306  -15.205 0.5000000000
20718  -25.898  -50.914  -14.242 0.5000000000
21477  -28.404  -51.009  -9.717 0.6000000238
21513  -29.039  -50.704  -12.638 0.5000000000
22355  -27.256  -49.361  -13.747 0.5000000000
22391  -25.358  -49.582  -16.567 0.6000000238
22404  -25.754  -49.333  -17.161 0.6000000238
23188  -29.893  -48.854  -10.374 0.6999999881
23201  -30.574  -48.477  -11.427 0.6999999881
23212  -30.128  -48.902  -12.655 0.8000000119
23246  -26.225  -48.345  -14.453 0.6000000238
23273  -25.473  -48.866  -16.430 0.6000000238
23289  -26.173  -48.622  -17.404 0.6000000238
24078  -28.735  -47.730  -9.474 0.6000000238
24109  -31.105  -47.309  -11.482 0.8000000119
24139  -28.633  -47.758  -13.898 0.6000000238
24154  -27.059  -47.360  -14.512 0.6999999881
24163  -25.593  -47.077  -15.801 0.6000000238
24189  -26.315  -47.436  -17.433 0.6000000238
24190  -27.075  -47.621  -17.417 0.6000000238
25015  -30.393  -46.720  -10.292 0.6000000238
25068  -30.808  -46.467  -13.926 0.8000000119
25078  -26.591  -46.908  -14.882 0.6999999881
25111  -25.991  -46.594  -17.394 0.6000000238
26024  -31.914  -45.814  -12.214 0.8000000119
26059  -27.808  -45.246  -15.416 0.6999999881
26062  -25.693  -45.690  -16.460 0.6999999881
26073  -30.800  -45.637  -17.448 0.4000000060
26080  -26.392  -44.638  -17.876 0.6999999881
26950  -26.023  -44.972  -9.763 0.5000000000
26970  -27.258  -44.258  -9.919 0.5000000000
26972  -29.403  -44.342  -10.081 0.6000000238
26974  -31.052  -44.424  -10.702 0.6999999881
26989  -32.202  -44.566  -11.839 0.6999999881
27025  -31.680  -44.462  -14.493 0.6999999881
27029  -26.309  -45.034  -15.924 0.6999999881
27032  -29.255  -44.268  -15.596 0.6999999881
27037  -25.723  -44.888  -16.904 0.6999999881
27039  -26.641  -44.311  -16.234 0.6999999881
27924  -23.444  -43.707  -10.481 0.3000000119
27945  -22.096  -42.934  -10.980 0.4000000060
27967  -32.898  -43.294  -13.479 0.6999999881
27975  -32.595  -43.120  -14.130 0.8000000119
28024  -29.594  -42.876  -19.708 0.6999999881
28027  -33.173  -43.264  -20.805 0.5000000000
28035  -31.546  -42.824  -21.225 0.6999999881
28036  -32.793  -43.345  -21.554 0.6000000238
28048  -32.261  -43.015  -21.565 0.6999999881
28812  -24.863  -43.130  -10.633 0.4000000060
28839  -32.802  -42.383  -11.708 0.8000000119
28866  -31.707  -42.275  -14.957 0.8000000119
28873  -31.115  -42.062  -15.441 0.8000000119
28916  -27.938  -42.257  -19.240 0.6999999881
28919  -32.742  -42.571  -20.054 0.5000000000
29691  -29.259  -41.351  -16.823 0.8000000119
29703  -26.129  -41.317  -17.986 0.6999999881
29717  -26.357  -41.252  -18.364 0.6999999881
30456  -29.886  -40.673  -10.102 0.8000000119
30483  -32.814  -41.157  -11.246 0.8000000119
30532  -32.790  -40.468  -14.190 0.8000000119
30552  -29.315  -40.027  -17.140 0.8999999762
30576  -31.597  -39.971  -19.096 0.6999999881
30586  -28.263  -40.570  -19.740 0.6999999881
30588  -30.652  -40.244  -20.352 0.6999999881
30596  -28.916  -39.813  -20.163 0.6999999881
30597  -29.249  -40.437  -20.242 0.6999999881
31403  -28.395  -39.831  -17.563 0.8000000119
31404  -32.580  -39.057  -17.447 0.6000000238
31406  -36.128  -39.276  -17.174 0.4000000060
31415  -26.614  -39.025  -19.076 0.8000000119
31416  -26.604  -39.075  -18.850 0.8000000119
32263  -30.241  -38.677  -16.330 0.8000000119
32264  -33.636  -38.495  -16.751 0.5000000000
32278  -36.468  -38.863  -17.651 0.5000000000
32288  -31.148  -38.467  -18.478 0.8000000119
32301  -29.872  -38.428  -19.519 0.6999999881
33060  -34.543  -37.577  -16.822 0.5000000000
33061  -34.993  -37.994  -16.809 0.5000000000
33076  -35.589  -37.192  -17.605 0.5000000000
33085  -26.683  -37.734  -19.102 0.8000000119
33088  -30.221  -37.414  -18.576 0.8000000119
33098  -27.198  -37.660  -19.491 0.8000000119
33099  -28.037  -37.639  -19.714 0.8000000119
34004  -26.519  -36.686  -18.938 0.8000000119
34016  -26.861  -37.097  -19.337 0.8000000119
34051  -35.390  -36.592  -23.348 0.6000000238
34934  -34.141  -35.659  -17.402 0.6000000238
34945  -34.704  -34.867  -18.221 0.6999999881
34954  -26.368  -35.437  -19.260 1.0000000000
34955  -26.748  -35.500  -19.448 0.8000000119
34957  -35.405  -35.315  -19.486 0.6999999881
34966  -34.644  -35.208  -21.538 0.6999999881
35001  -36.206  -35.658  -24.402 0.4000000060
35821  -27.594  -33.799  -17.050 0.8000000119
35823  -29.382  -33.969  -16.141 0.8000000119
35834  -34.164  -35.040  -17.679 0.6999999881
35843  -25.762  -34.264  -19.029 0.8000000119
35849  -33.640  -34.027  -18.254 0.6999999881
35860  -26.214  -33.962  -19.379 1.0000000000
35863  -34.978  -34.764  -19.018 0.6999999881
35875  -34.998  -34.811  -19.793 0.6999999881
35883  -33.371  -34.608  -22.603 0.6999999881
35892  -32.652  -34.015  -23.038 0.8000000119
35894  -33.593  -34.949  -22.975 0.6999999881
35902  -34.749  -35.256  -23.455 0.6999999881
36785  -27.912  -33.235  -16.891 0.8000000119
36807  -31.836  -34.052  -17.970 0.8000000119
36815  -25.627  -33.332  -19.020 0.8000000119
36822  -33.817  -33.716  -18.841 0.6999999881
36832  -25.792  -33.171  -19.297 0.8000000119
36835  -34.114  -33.802  -19.451 0.6999999881
36847  -33.734  -33.510  -20.226 0.6999999881
36866  -31.703  -33.018  -23.135 0.8000000119
36867  -32.396  -33.726  -22.895 0.8000000119
36883  -37.466  -33.785  -25.355 0.5000000000
37661  -27.401  -33.219  -9.619 0.3000000119
37771  -26.394  -32.061  -18.301 0.8000000119
37785  -25.708  -32.440  -19.187 0.8000000119
37805  -30.066  -32.213  -19.548 0.8000000119
37807  -33.102  -32.978  -20.017 0.8000000119
37834  -32.046  -32.675  -21.651 0.8000000119
37849  -34.274  -32.751  -23.597 0.6999999881
37859  -36.877  -32.669  -23.975 0.6000000238
37860  -37.542  -32.843  -24.965 0.6000000238
37865  -38.139  -32.687  -25.736 0.5000000000
38723  -26.391  -31.449  -18.791 0.8000000119
38741  -25.833  -31.738  -19.343 0.8000000119
38742  -25.907  -31.302  -19.580 0.8000000119
38787  -27.625  -29.962  -22.276 0.8000000119
38788  -27.859  -30.268  -22.374 0.8000000119
38804  -29.164  -30.882  -23.268 0.8000000119
38805  -29.735  -31.226  -23.569 0.8000000119
38807  -33.521  -32.250  -23.931 0.8000000119
38809  -35.752  -31.901  -23.549 0.6000000238
38810  -36.795  -31.082  -23.762 0.6000000238
38816  -30.316  -31.117  -23.945 0.8000000119
38817  -30.932  -31.545  -24.057 0.8000000119
38819  -32.790  -31.448  -24.709 0.8000000119
38829  -32.317  -30.647  -25.072 0.8000000119
39631  -34.419  -30.515  -18.517 0.8000000119
39645  -27.878  -29.697  -20.739 0.8000000119
39668  -33.692  -30.269  -20.159 0.8000000119
39711  -34.063  -30.621  -25.050 0.6999999881
40651  -33.531  -30.288  -21.888 0.8000000119
41767  -35.665  -28.848  -21.806 0.6999999881
41776  -34.656  -29.062  -23.112 0.8000000119
41797  -37.657  -28.825  -24.506 0.5000000000
41808  -33.954  -28.898  -26.061 0.6999999881
42724  -34.804  -27.467  -14.118 0.3000000119
42844  -32.592  -27.944  -25.654 0.6999999881
42845  -35.443  -28.168  -25.859 0.6999999881
42847  -38.435  -27.805  -25.148 0.5000000000
43881  -37.168  -26.027  -17.195 0.4000000060
43979  -32.425  -26.684  -26.230 0.6999999881
45004  -31.201  -24.983  -17.206 0.3000000119
45071  -36.774  -25.273  -21.671 0.5000000000
45097  -32.625  -25.939  -25.397 0.6000000238
46165  -31.914  -24.735  -16.994 0.4000000060
48609  -33.110  -21.873  -28.467 0.5000000000
50637  -30.984  -20.686  -19.121 0.3000000119
50639  -32.258  -20.640  -18.682 0.3000000119
50738  -33.872  -19.462  -27.804 0.4000000060
51741  -33.634  -18.972  -27.247 0.3000000119
52791  -38.438  -18.388  -23.740 0.4000000060
52829  -35.215  -17.642  -26.884 0.4000000060
53820  -37.202  -17.625  -24.258 0.3000000119
53834  -33.917  -17.343  -27.108 0.3000000119
54859  -34.212  -17.019  -26.803 0.3000000119
128221  -35.526  -37.970  -17.194 0.5000000000
131024  -33.231  -38.913  -16.929 0.5000000000
131507  -27.989  -37.959  -17.938 0.8000000119
132469  -27.832  -39.752  -19.672 0.6999999881
133190  -25.985  -34.864  -19.094 0.8000000119
133446  -37.305  -21.911  -20.383 0.3000000119
135276  -27.984  -29.674  -22.088 0.8000000119
135347  -29.050  -45.953  -17.199 0.6999999881
136047  -27.817  -39.984  -10.535 0.6000000238
136395  -35.196  -20.826  -17.907 0.3000000119
137030  -32.198  -28.968  -25.079 0.6999999881
137458  -30.535  -42.680  -20.413 0.6999999881
137947  -31.837  -25.137  -26.303 0.6000000238
138373  -26.624  -50.068  -17.082 0.5000000000
138499  -28.988  -34.842  -18.538 0.8000000119
139035  -35.047  -26.245  -23.592 0.6000000238
139065  -31.192  -47.414  -12.120 0.8000000119
139419  -25.691  -50.946  -17.415 0.5000000000
140811  -36.510  -22.131  -17.859 0.3000000119
141034  -27.217  -48.091  -17.170 0.5000000000
141545  -23.808  -51.858  -9.508 0.5000000000
141715  -29.866  -40.094  -20.410 0.6999999881
142171  -27.478  -41.282  -17.459 0.6999999881
143077  -32.275  -33.503  -23.121 0.8000000119
143113  -25.990  -31.753  -19.851 0.8000000119
143376  -36.803  -30.368  -23.918 0.6000000238
143412  -26.614  -45.349  -17.832 0.6000000238
143593  -36.764  -28.093  -16.908 0.6000000238
144026  -33.181  -22.234  -28.550 0.5000000000
144398  -34.522  -16.893  -26.711 0.3000000119
144531  -31.664  -36.775  -9.594 0.6999999881
144667  -37.173  -26.909  -20.959 0.5000000000
144825  -32.212  -43.494  -21.623 0.6000000238
145208  -35.371  -39.881  -16.611 0.5000000000
145689  -32.439  -23.646  -27.901 0.5000000000
146411  -30.322  -24.708  -17.676 0.3000000119
146686  -33.989  -23.410  -24.786 0.4000000060
146955  -36.380  -27.149  -22.234 0.6000000238
148115  -26.312  -41.999  -18.350 0.6999999881
148242  -29.085  -32.020  -10.380 0.3000000119
148448  -31.968  -32.721  -19.322 0.8999999762
149279  -24.768  -48.797  -9.431 0.4000000060
