#!ascii label  , from subject sub-v1s3x0050803_ses-1 vox2ras=TkReg
866
45492  31.284  -27.304  57.903 0.0000000000
70137  46.636  -4.231  41.251 0.0000000000
129013  56.271  -0.534  41.245 0.0000000000
61681  50.650  -10.949  48.640 0.0000000000
46574  37.692  -26.010  50.725 0.0000000000
41077  35.787  -30.766  54.742 0.0000000000
72314  51.422  -1.425  41.822 0.0000000000
74406  51.016  0.469  46.641 0.0000000000
58412  47.364  -15.140  50.433 0.0000000000
148519  42.103  -22.984  53.106 0.0000000000
73516  61.894  0.311  32.255 0.0000000000
72361  57.797  -0.637  37.067 0.0000000000
63748  47.118  -9.293  45.577 0.0000000000
68942  46.419  -4.206  46.941 0.0000000000
44474  34.939  -28.072  54.115 0.0000000000
42162  33.773  -28.830  57.020 0.0000000000
148542  48.979  -2.669  41.520 0.0000000000
129977  51.346  -0.180  43.624 0.0000000000
72279  48.710  -1.768  43.867 0.0000000000
51896  48.945  -20.288  49.024 0.0000000000
43349  40.272  -28.730  52.390 0.0000000000
47610  40.707  -24.412  50.935 0.0000000000
44490  42.780  -28.066  51.746 0.0000000000
74563  60.984  0.623  33.385 0.0000000000
72403  60.471  -1.316  34.089 0.0000000000
73479  60.775  0.717  35.821 0.0000000000
71215  54.865  -1.881  39.543 0.0000000000
71248  55.092  -2.057  37.122 0.0000000000
73428  57.561  -0.630  39.555 0.0000000000
71229  58.612  -1.160  38.671 0.0000000000
153494  57.051  -2.604  40.085 0.0000000000
59464  49.124  -12.863  49.497 0.0000000000
133811  47.377  -12.546  48.528 0.0000000000
142839  47.924  -9.730  49.765 0.0000000000
65801  46.642  -6.853  45.921 0.0000000000
66791  48.372  -7.316  49.828 0.0000000000
68910  49.763  -5.044  49.327 0.0000000000
144967  51.695  -8.864  47.465 0.0000000000
43331  37.738  -28.269  53.715 0.0000000000
71217  52.427  -2.779  39.546 0.0000000000
72311  54.492  -0.959  41.438 0.0000000000
74453  53.839  0.592  43.899 0.0000000000
72232  53.146  0.210  45.377 0.0000000000
52955  44.023  -18.490  54.447 0.0000000000
54094  47.409  -18.060  51.271 0.0000000000
56365  49.566  -16.708  49.515 0.0000000000
129835  51.428  -14.940  47.314 0.0000000000
59565  50.995  -12.870  45.225 0.0000000000
52958  41.708  -19.582  53.137 0.0000000000
49697  43.660  -22.192  52.678 0.0000000000
73548  60.157  0.014  30.025 0.0000000000
73466  58.596  -0.359  35.661 0.0000000000
72359  59.515  -0.815  37.146 0.0000000000
70174  57.276  -3.185  37.385 0.0000000000
71139  45.696  -2.495  44.317 0.0000000000
73292  48.218  -1.317  47.307 0.0000000000
71089  50.580  -2.355  47.577 0.0000000000
42151  31.403  -28.824  58.060 0.0000000000
43271  32.782  -28.146  57.487 0.0000000000
42180  32.708  -29.501  57.020 0.0000000000
70117  48.384  -3.132  41.267 0.0000000000
71172  49.145  -2.261  42.293 0.0000000000
71174  47.658  -2.922  42.908 0.0000000000
43348  41.396  -28.850  52.211 0.0000000000
137390  59.685  0.635  33.109 0.0000000000
74553  60.772  0.390  34.292 0.0000000000
73480  60.089  0.281  34.953 0.0000000000
72330  55.824  -0.909  40.417 0.0000000000
72345  56.032  -1.140  39.511 0.0000000000
72329  57.106  -0.633  40.380 0.0000000000
155250  57.788  -0.754  40.197 0.0000000000
146920  50.033  -12.138  48.877 0.0000000000
61664  48.724  -11.375  49.779 0.0000000000
62672  49.054  -9.724  49.902 0.0000000000
64707  48.215  -8.369  49.865 0.0000000000
64726  49.627  -8.844  49.563 0.0000000000
144190  50.840  -8.298  48.844 0.0000000000
62695  51.305  -9.829  48.355 0.0000000000
129720  37.246  -28.259  54.459 0.0000000000
41055  37.445  -28.918  55.061 0.0000000000
41075  38.692  -30.059  54.174 0.0000000000
132212  51.154  -2.427  40.408 0.0000000000
70150  51.128  -3.306  38.984 0.0000000000
71204  52.049  -2.365  40.311 0.0000000000
72332  53.630  -1.718  40.787 0.0000000000
72312  53.384  -1.226  41.577 0.0000000000
131224  53.903  0.055  42.967 0.0000000000
135163  52.954  -0.095  43.093 0.0000000000
73343  51.171  0.604  45.518 0.0000000000
74437  52.746  0.783  44.892 0.0000000000
74404  51.994  0.870  46.117 0.0000000000
72257  52.197  -1.193  45.545 0.0000000000
72234  51.863  -0.677  46.437 0.0000000000
52969  45.763  -19.044  52.434 0.0000000000
54096  46.031  -17.875  52.463 0.0000000000
141002  46.549  -19.180  51.568 0.0000000000
52983  49.812  -19.025  49.281 0.0000000000
56363  50.853  -16.442  48.400 0.0000000000
48657  41.464  -23.182  52.543 0.0000000000
49700  40.911  -21.845  53.024 0.0000000000
50750  41.817  -20.956  53.615 0.0000000000
142538  42.691  -20.452  53.743 0.0000000000
49698  43.055  -22.061  53.241 0.0000000000
75629  61.575  1.388  31.875 0.0000000000
73527  61.873  0.426  31.769 0.0000000000
71284  59.885  -1.717  34.505 0.0000000000
72362  56.928  -1.061  37.437 0.0000000000
72369  55.409  -1.845  36.279 0.0000000000
72368  56.544  -1.248  36.352 0.0000000000
72376  56.570  -1.161  35.296 0.0000000000
73454  58.869  -0.361  36.685 0.0000000000
73465  60.018  0.215  36.202 0.0000000000
73445  58.966  -0.533  37.513 0.0000000000
70162  56.914  -3.133  38.796 0.0000000000
70173  57.686  -2.740  38.106 0.0000000000
57377  46.581  -15.836  50.775 0.0000000000
58424  46.565  -14.785  49.569 0.0000000000
62718  47.460  -10.825  47.063 0.0000000000
60649  47.361  -12.030  45.812 0.0000000000
144815  46.476  -5.535  46.604 0.0000000000
67902  45.144  -5.257  44.780 0.0000000000
68958  45.018  -4.204  45.067 0.0000000000
70082  44.317  -3.166  43.932 0.0000000000
70052  45.466  -2.926  45.581 0.0000000000
72238  46.764  -1.933  45.835 0.0000000000
71091  46.764  -2.339  47.153 0.0000000000
66832  51.296  -6.200  47.727 0.0000000000
70016  50.255  -3.374  48.481 0.0000000000
67873  50.515  -5.010  47.030 0.0000000000
68956  49.713  -4.271  45.641 0.0000000000
128622  34.889  -27.615  55.907 0.0000000000
41057  35.273  -29.752  55.913 0.0000000000
132881  34.426  -30.394  54.738 0.0000000000
42195  33.416  -29.642  56.253 0.0000000000
71187  50.050  -2.168  41.425 0.0000000000
72294  51.161  -0.893  42.702 0.0000000000
72295  50.276  -1.324  42.640 0.0000000000
73362  50.126  -0.782  43.750 0.0000000000
136042  50.037  -0.154  45.389 0.0000000000
45580  38.697  -27.086  51.516 0.0000000000
46593  39.118  -25.024  50.527 0.0000000000
129797  40.311  -26.343  51.064 0.0000000000
46570  41.925  -25.515  51.472 0.0000000000
46554  43.039  -25.489  52.229 0.0000000000
141214  43.464  -25.645  52.165 0.0000000000
45560  44.032  -27.242  51.589 0.0000000000
74562  61.320  0.561  33.010 0.0000000000
73517  61.288  -0.329  33.402 0.0000000000
73502  61.128  0.072  34.041 0.0000000000
72385  60.848  -0.071  34.578 0.0000000000
71267  60.132  -1.567  35.389 0.0000000000
129747  53.776  -2.858  38.062 0.0000000000
71240  55.213  -1.953  38.036 0.0000000000
72355  56.108  -1.289  38.634 0.0000000000
73439  57.830  -0.489  38.811 0.0000000000
73437  58.673  -0.642  38.140 0.0000000000
72343  58.303  -0.885  39.246 0.0000000000
71213  58.120  -1.523  39.255 0.0000000000
58411  48.116  -13.841  49.855 0.0000000000
59466  47.509  -13.397  49.521 0.0000000000
60583  47.959  -12.437  49.646 0.0000000000
62696  47.542  -10.762  48.522 0.0000000000
63735  47.440  -9.449  47.218 0.0000000000
64761  46.965  -7.716  45.959 0.0000000000
64749  47.460  -8.391  48.142 0.0000000000
65773  47.500  -6.873  48.516 0.0000000000
153364  47.709  -5.748  49.055 0.0000000000
70010  48.132  -3.886  49.017 0.0000000000
66808  49.248  -6.700  49.743 0.0000000000
142744  51.389  -7.176  48.455 0.0000000000
64759  50.903  -8.295  46.293 0.0000000000
151668  35.307  -28.459  52.111 0.0000000000
131338  36.912  -28.041  51.830 0.0000000000
44515  38.326  -27.863  52.231 0.0000000000
43351  38.266  -28.362  53.040 0.0000000000
41074  39.508  -29.959  53.543 0.0000000000
132770  53.139  -2.654  39.458 0.0000000000
72331  54.697  -1.439  40.574 0.0000000000
130464  55.991  -0.407  41.587 0.0000000000
73377  55.136  -0.015  42.578 0.0000000000
73357  54.968  0.239  43.154 0.0000000000
72254  54.230  -0.136  44.370 0.0000000000
152244  52.897  0.417  43.729 0.0000000000
74436  53.279  0.630  44.408 0.0000000000
54098  43.776  -18.338  51.958 0.0000000000
55230  44.934  -17.356  52.298 0.0000000000
56336  46.158  -16.820  51.857 0.0000000000
56334  47.338  -16.476  51.092 0.0000000000
52985  48.623  -19.132  50.244 0.0000000000
55244  48.585  -17.418  50.322 0.0000000000
57388  48.422  -15.980  50.310 0.0000000000
57399  49.905  -15.085  49.002 0.0000000000
59487  50.441  -13.790  48.425 0.0000000000
59507  51.343  -13.202  47.438 0.0000000000
60629  51.633  -11.983  47.198 0.0000000000
58465  51.470  -14.224  46.080 0.0000000000
54079  43.571  -18.844  53.729 0.0000000000
51836  44.146  -19.857  53.580 0.0000000000
50792  45.389  -21.506  51.419 0.0000000000
130684  44.329  -24.380  52.016 0.0000000000
49709  45.213  -22.676  51.220 0.0000000000
74593  61.207  0.465  29.923 0.0000000000
134691  57.698  -0.303  33.735 0.0000000000
137636  59.530  -0.030  35.313 0.0000000000
73463  60.367  0.489  35.745 0.0000000000
71246  59.570  -1.760  36.555 0.0000000000
71238  58.979  -1.435  37.945 0.0000000000
71239  59.184  -1.915  37.201 0.0000000000
133213  57.766  -2.935  35.975 0.0000000000
59509  46.857  -13.797  47.413 0.0000000000
70101  44.343  -2.895  42.733 0.0000000000
71175  45.815  -2.940  43.245 0.0000000000
71154  47.144  -2.591  43.809 0.0000000000
72236  48.100  -1.505  45.353 0.0000000000
73308  49.712  -0.342  46.927 0.0000000000
71072  48.820  -2.702  48.818 0.0000000000
72179  49.512  -1.219  47.941 0.0000000000
72193  50.705  -0.495  47.282 0.0000000000
71104  50.587  -2.433  46.738 0.0000000000
62716  51.639  -11.051  46.642 0.0000000000
132183  50.885  -9.957  45.717 0.0000000000
43252  31.556  -28.059  58.096 0.0000000000
44395  30.845  -27.526  58.246 0.0000000000
44411  32.039  -27.351  57.421 0.0000000000
42150  32.179  -28.499  57.716 0.0000000000
70136  47.633  -3.683  40.933 0.0000000000
70118  47.683  -3.351  41.964 0.0000000000
139938  47.010  -3.843  41.842 0.0000000000
74554  60.063  0.445  34.232 0.0000000000
74555  58.621  0.181  33.420 0.0000000000
73415  56.392  -0.543  40.968 0.0000000000
72310  56.688  -0.786  41.148 0.0000000000
60598  50.566  -11.791  48.505 0.0000000000
130694  49.614  -10.648  49.497 0.0000000000
62682  50.201  -10.322  49.116 0.0000000000
63701  49.417  -9.419  49.674 0.0000000000
133759  49.963  -9.563  49.324 0.0000000000
63713  50.608  -9.706  48.833 0.0000000000
147688  50.909  -10.331  48.571 0.0000000000
136862  35.958  -29.745  55.637 0.0000000000
42192  36.933  -28.698  55.445 0.0000000000
41056  36.729  -29.455  55.449 0.0000000000
39912  36.325  -31.069  54.271 0.0000000000
71205  50.828  -2.044  41.211 0.0000000000
72334  51.726  -1.953  41.081 0.0000000000
72333  52.640  -1.854  40.943 0.0000000000
72313  52.354  -1.327  41.677 0.0000000000
73400  53.128  -0.647  42.323 0.0000000000
73401  52.136  -0.760  42.452 0.0000000000
147711  51.340  0.747  46.107 0.0000000000
74423  51.897  0.964  46.002 0.0000000000
74405  51.589  0.694  46.369 0.0000000000
72211  52.121  0.392  46.353 0.0000000000
72212  51.564  -0.066  46.770 0.0000000000
51857  46.409  -20.083  51.302 0.0000000000
47602  41.941  -23.507  52.712 0.0000000000
48651  41.343  -22.459  53.003 0.0000000000
49699  41.641  -22.010  53.349 0.0000000000
49690  41.509  -21.544  53.399 0.0000000000
48641  41.816  -22.207  53.368 0.0000000000
49688  42.048  -21.838  53.549 0.0000000000
48640  42.179  -22.514  53.328 0.0000000000
74561  61.692  0.774  32.411 0.0000000000
74560  62.073  1.196  31.840 0.0000000000
74570  62.140  0.852  31.884 0.0000000000
73455  57.628  -0.778  36.008 0.0000000000
73446  58.673  -0.499  37.511 0.0000000000
58403  46.987  -15.138  50.442 0.0000000000
57390  46.551  -15.300  50.168 0.0000000000
132687  46.923  -14.698  50.060 0.0000000000
145824  47.337  -9.889  45.982 0.0000000000
62730  47.066  -10.282  45.178 0.0000000000
133776  46.198  -4.747  46.490 0.0000000000
67875  45.647  -4.479  45.848 0.0000000000
68943  45.949  -3.885  46.359 0.0000000000
68957  45.453  -3.603  45.709 0.0000000000
70038  45.786  -3.029  46.193 0.0000000000
71105  46.321  -2.455  46.431 0.0000000000
70037  46.366  -3.238  46.949 0.0000000000
143924  50.724  -5.973  46.895 0.0000000000
67872  50.949  -5.543  47.620 0.0000000000
153454  50.324  -5.487  46.487 0.0000000000
44410  33.687  -27.697  56.822 0.0000000000
45510  34.279  -27.466  56.001 0.0000000000
43285  34.896  -28.135  56.351 0.0000000000
42177  35.019  -29.107  56.400 0.0000000000
42178  34.238  -29.225  56.593 0.0000000000
41059  34.103  -29.701  56.216 0.0000000000
42179  33.540  -29.322  56.821 0.0000000000
153459  48.931  -2.994  40.906 0.0000000000
70152  48.696  -3.610  39.667 0.0000000000
140672  49.467  -2.612  41.033 0.0000000000
131778  50.169  -2.597  40.511 0.0000000000
72315  50.567  -1.610  41.982 0.0000000000
72316  49.871  -1.891  42.137 0.0000000000
72297  48.986  -2.023  43.135 0.0000000000
72278  49.447  -1.409  43.571 0.0000000000
154824  49.118  -1.407  44.083 0.0000000000
72258  49.552  -0.888  44.436 0.0000000000
72259  48.725  -1.443  44.587 0.0000000000
44493  39.258  -27.990  52.091 0.0000000000
45579  39.451  -27.176  51.528 0.0000000000
44514  40.445  -27.432  51.556 0.0000000000
44491  42.132  -28.145  51.804 0.0000000000
44513  41.653  -27.333  51.583 0.0000000000
44512  42.591  -27.133  51.712 0.0000000000
46569  42.673  -25.737  51.908 0.0000000000
45562  43.128  -26.505  51.898 0.0000000000
45561  43.472  -26.971  51.765 0.0000000000
74571  60.341  0.969  32.451 0.0000000000
75623  61.211  1.143  32.688 0.0000000000
152196  61.001  0.477  33.669 0.0000000000
74552  60.938  0.437  33.847 0.0000000000
74535  60.622  0.484  35.299 0.0000000000
73478  60.757  0.405  34.861 0.0000000000
72374  60.495  0.308  35.139 0.0000000000
143469  60.745  -0.845  34.864 0.0000000000
72375  60.426  -0.565  35.612 0.0000000000
71231  54.523  -2.334  38.467 0.0000000000
150560  55.332  -1.755  38.827 0.0000000000
72344  56.792  -0.584  39.054 0.0000000000
72354  57.065  -0.784  38.408 0.0000000000
73438  58.170  -0.560  38.807 0.0000000000
73427  57.944  -0.694  39.550 0.0000000000
71214  57.576  -1.635  39.971 0.0000000000
72328  58.187  -0.988  39.908 0.0000000000
70147  57.422  -2.477  39.450 0.0000000000
138347  48.757  -13.656  49.608 0.0000000000
59446  47.951  -13.196  49.762 0.0000000000
59465  48.500  -12.949  49.643 0.0000000000
62674  48.091  -10.258  49.920 0.0000000000
141896  48.004  -10.979  49.774 0.0000000000
62684  47.803  -10.459  49.495 0.0000000000
62706  47.465  -10.116  47.722 0.0000000000
63725  47.453  -9.189  47.997 0.0000000000
143356  47.375  -8.604  47.207 0.0000000000
63714  47.609  -8.810  48.864 0.0000000000
65727  48.378  -7.862  49.859 0.0000000000
65749  48.014  -7.664  49.734 0.0000000000
66810  48.020  -6.874  49.680 0.0000000000
67864  47.339  -5.813  48.182 0.0000000000
143829  48.031  -6.127  49.515 0.0000000000
67844  47.987  -5.310  49.315 0.0000000000
66809  48.399  -6.631  49.729 0.0000000000
64736  51.275  -8.687  48.482 0.0000000000
65746  51.118  -7.706  48.730 0.0000000000
64748  51.689  -8.349  47.956 0.0000000000
65787  51.568  -7.598  47.535 0.0000000000
64758  51.557  -8.254  47.108 0.0000000000
44499  34.179  -27.904  53.181 0.0000000000
140280  34.455  -28.209  52.142 0.0000000000
44498  35.187  -28.444  53.005 0.0000000000
44471  37.706  -28.315  53.752 0.0000000000
44472  36.997  -28.303  53.831 0.0000000000
44496  37.410  -28.260  52.919 0.0000000000
44516  37.810  -27.843  52.099 0.0000000000
44495  38.042  -28.197  52.957 0.0000000000
44494  38.248  -28.249  52.856 0.0000000000
43330  38.112  -28.367  53.387 0.0000000000
71218  51.576  -2.869  39.649 0.0000000000
71233  52.865  -3.036  38.888 0.0000000000
73416  55.558  -0.647  41.228 0.0000000000
73398  55.293  -0.254  42.060 0.0000000000
74470  54.241  0.329  43.363 0.0000000000
74469  54.722  0.267  43.073 0.0000000000
74452  54.345  0.370  43.534 0.0000000000
73358  54.634  0.126  43.788 0.0000000000
74435  54.031  0.517  44.146 0.0000000000
73380  52.113  -0.124  43.291 0.0000000000
73360  52.344  0.546  44.256 0.0000000000
74421  52.874  0.727  45.140 0.0000000000
73341  53.551  0.408  44.722 0.0000000000
72255  53.637  -0.402  44.810 0.0000000000
54086  44.209  -18.280  53.725 0.0000000000
54097  44.529  -17.594  52.395 0.0000000000
55210  44.632  -17.777  53.048 0.0000000000
54095  46.567  -17.930  51.916 0.0000000000
55208  45.654  -17.409  52.380 0.0000000000
55228  46.249  -17.355  52.111 0.0000000000
55227  46.737  -16.947  51.624 0.0000000000
51854  48.642  -19.859  50.035 0.0000000000
52984  49.191  -19.482  49.656 0.0000000000
55256  50.075  -17.482  49.247 0.0000000000
140435  49.082  -18.048  49.999 0.0000000000
55243  49.320  -17.445  49.745 0.0000000000
56346  48.860  -16.707  50.028 0.0000000000
143702  49.063  -15.976  49.795 0.0000000000
57400  49.187  -15.214  49.588 0.0000000000
132250  49.748  -15.936  49.314 0.0000000000
57407  51.268  -15.732  47.716 0.0000000000
57408  50.671  -15.427  48.408 0.0000000000
58433  50.999  -14.624  47.910 0.0000000000
141969  50.986  -13.589  47.822 0.0000000000
58444  51.404  -14.106  47.335 0.0000000000
59525  51.617  -13.555  46.802 0.0000000000
58455  51.562  -14.589  46.783 0.0000000000
47611  39.920  -24.462  50.598 0.0000000000
47618  38.502  -23.985  50.490 0.0000000000
48660  39.299  -23.225  50.894 0.0000000000
52959  40.984  -19.888  52.924 0.0000000000
52989  41.040  -19.233  51.858 0.0000000000
52971  42.127  -19.099  52.383 0.0000000000
52956  42.955  -18.769  53.149 0.0000000000
52957  42.505  -19.144  53.253 0.0000000000
50772  43.157  -21.426  53.475 0.0000000000
51837  43.305  -20.285  53.792 0.0000000000
50771  43.848  -21.067  52.924 0.0000000000
50770  44.753  -20.712  52.413 0.0000000000
49696  44.474  -21.864  51.961 0.0000000000
47599  43.532  -24.690  52.436 0.0000000000
48664  45.608  -23.262  50.585 0.0000000000
74584  61.910  0.500  30.839 0.0000000000
72420  60.412  -1.159  33.273 0.0000000000
140205  54.293  -2.593  36.977 0.0000000000
71250  53.735  -2.845  36.462 0.0000000000
71249  54.566  -2.361  36.356 0.0000000000
73482  57.437  -0.757  35.031 0.0000000000
72386  56.600  -0.963  34.418 0.0000000000
128905  57.280  -0.622  34.281 0.0000000000
73481  58.170  -0.368  34.703 0.0000000000
129033  59.415  -0.482  36.782 0.0000000000
73452  59.896  0.122  35.971 0.0000000000
72367  59.964  -0.499  36.251 0.0000000000
71255  60.058  -1.300  36.156 0.0000000000
71237  59.705  -1.209  36.847 0.0000000000
72353  58.934  -0.878  38.163 0.0000000000
155359  57.883  -2.737  37.527 0.0000000000
143198  58.459  -2.340  37.731 0.0000000000
70182  58.077  -2.715  36.963 0.0000000000
59488  47.207  -13.160  48.884 0.0000000000
147483  46.988  -13.716  49.162 0.0000000000
59508  47.176  -13.078  48.006 0.0000000000
67903  44.525  -5.244  44.146 0.0000000000
71157  44.497  -2.774  43.434 0.0000000000
71158  44.056  -2.713  42.983 0.0000000000
71176  44.927  -2.708  43.209 0.0000000000
70100  45.387  -3.179  42.792 0.0000000000
71155  45.846  -2.601  43.767 0.0000000000
145905  46.653  -2.967  43.340 0.0000000000
130938  47.328  -1.627  46.468 0.0000000000
72237  47.572  -1.531  46.023 0.0000000000
73310  48.129  -1.263  46.765 0.0000000000
73309  48.965  -0.761  46.750 0.0000000000
73291  48.955  -0.877  47.261 0.0000000000
140376  48.999  -4.702  49.464 0.0000000000
70017  48.157  -2.930  48.706 0.0000000000
70008  49.214  -3.509  49.136 0.0000000000
70026  50.587  -3.240  48.008 0.0000000000
129843  49.951  -2.681  48.520 0.0000000000
142411  50.291  -2.454  48.157 0.0000000000
72178  50.095  -1.033  47.775 0.0000000000
131681  50.426  -1.424  47.683 0.0000000000
139465  50.851  -1.522  47.310 0.0000000000
70051  49.663  -3.741  45.197 0.0000000000
60647  51.490  -12.286  46.041 0.0000000000
61708  51.590  -11.669  46.485 0.0000000000
61709  51.384  -11.443  45.973 0.0000000000
45499  32.969  -27.258  56.840 0.0000000000
43270  33.441  -28.216  57.222 0.0000000000
42163  32.985  -28.943  57.390 0.0000000000
149303  32.072  -29.129  57.603 0.0000000000
70135  48.470  -3.379  40.444 0.0000000000
71188  48.442  -2.791  42.079 0.0000000000
71173  48.508  -2.468  42.768 0.0000000000
71153  48.162  -2.345  43.509 0.0000000000
42253  40.661  -29.270  52.574 0.0000000000
44492  41.012  -28.205  51.866 0.0000000000
42252  41.533  -29.332  52.373 0.0000000000
43347  42.288  -28.991  52.075 0.0000000000
152036  60.557  0.507  33.812 0.0000000000
73429  56.804  -0.595  40.159 0.0000000000
71202  57.387  -0.977  40.421 0.0000000000
60581  49.509  -12.061  49.354 0.0000000000
60582  48.926  -12.093  49.653 0.0000000000
138119  49.306  -11.282  49.614 0.0000000000
61663  49.065  -10.529  49.857 0.0000000000
63684  48.261  -9.579  49.967 0.0000000000
63702  48.084  -9.052  49.875 0.0000000000
144775  48.459  -8.943  49.921 0.0000000000
64706  48.591  -8.327  49.907 0.0000000000
64705  49.061  -8.255  49.900 0.0000000000
65748  49.577  -8.074  49.623 0.0000000000
64725  50.237  -8.497  49.224 0.0000000000
63712  51.010  -9.224  48.618 0.0000000000
63724  51.607  -9.215  48.043 0.0000000000
44473  36.005  -28.373  53.912 0.0000000000
44439  36.438  -28.080  54.928 0.0000000000
43298  36.974  -28.146  54.815 0.0000000000
43315  37.544  -28.401  54.266 0.0000000000
43314  38.102  -28.469  53.881 0.0000000000
42213  38.138  -29.002  54.425 0.0000000000
149518  49.943  -3.074  39.782 0.0000000000
71219  50.688  -2.948  39.742 0.0000000000
71203  52.922  -2.297  40.180 0.0000000000
73399  54.200  -0.435  42.218 0.0000000000
73379  53.616  0.446  43.632 0.0000000000
73361  51.360  0.322  44.493 0.0000000000
73342  52.108  0.863  45.256 0.0000000000
74422  52.306  0.843  45.559 0.0000000000
73326  52.471  0.631  45.758 0.0000000000
72233  52.612  -0.134  45.918 0.0000000000
71120  51.260  -1.679  45.711 0.0000000000
52954  44.780  -18.493  53.399 0.0000000000
52953  45.424  -18.146  52.834 0.0000000000
52968  46.238  -18.369  52.207 0.0000000000
52967  47.124  -18.743  51.302 0.0000000000
53004  49.521  -19.652  49.133 0.0000000000
55255  50.616  -17.317  48.670 0.0000000000
56364  50.260  -16.653  49.031 0.0000000000
55254  51.043  -17.130  48.214 0.0000000000
56383  51.369  -16.278  47.251 0.0000000000
136156  40.976  -23.613  51.605 0.0000000000
48659  40.177  -23.554  51.061 0.0000000000
48658  40.710  -22.737  52.161 0.0000000000
50774  40.139  -21.091  52.580 0.0000000000
51839  40.612  -20.466  52.873 0.0000000000
51838  41.336  -20.620  53.355 0.0000000000
52949  41.780  -20.175  53.457 0.0000000000
135178  42.479  -19.738  53.544 0.0000000000
50749  42.293  -20.751  53.669 0.0000000000
50748  42.698  -21.331  53.632 0.0000000000
74583  62.368  0.887  31.227 0.0000000000
73539  61.097  0.072  30.856 0.0000000000
134125  55.986  -1.537  36.972 0.0000000000
72377  55.674  -1.617  35.489 0.0000000000
73453  59.304  -0.432  36.713 0.0000000000
148317  57.775  -2.376  38.843 0.0000000000
71230  58.412  -1.981  38.491 0.0000000000
154828  56.830  -3.357  37.976 0.0000000000
57391  46.092  -15.959  50.411 0.0000000000
154041  47.457  -11.583  47.098 0.0000000000
60614  47.391  -12.205  47.680 0.0000000000
61711  47.435  -11.402  46.353 0.0000000000
61712  47.249  -11.242  45.486 0.0000000000
66842  46.767  -6.327  46.663 0.0000000000
66852  46.303  -5.992  45.959 0.0000000000
67874  45.954  -5.248  45.953 0.0000000000
67884  45.466  -5.003  45.429 0.0000000000
68975  44.375  -3.926  44.353 0.0000000000
68986  43.963  -3.639  43.770 0.0000000000
70068  44.686  -3.421  44.574 0.0000000000
71123  44.843  -2.794  44.330 0.0000000000
72262  45.749  -2.456  44.762 0.0000000000
72261  46.310  -2.264  45.035 0.0000000000
72239  46.096  -2.325  45.385 0.0000000000
72215  46.864  -1.891  46.601 0.0000000000
72196  47.256  -1.824  47.237 0.0000000000
67852  50.826  -5.771  48.650 0.0000000000
68920  50.246  -4.327  48.868 0.0000000000
68930  50.725  -5.029  48.464 0.0000000000
68931  50.605  -4.134  48.281 0.0000000000
68941  50.541  -4.092  47.485 0.0000000000
70036  50.406  -3.253  47.036 0.0000000000
68955  50.178  -4.139  46.532 0.0000000000
44475  34.001  -27.510  54.221 0.0000000000
44457  34.685  -27.657  55.072 0.0000000000
144688  35.316  -27.829  55.331 0.0000000000
44424  35.460  -27.944  55.759 0.0000000000
42194  35.617  -29.241  56.042 0.0000000000
136476  35.527  -30.368  55.327 0.0000000000
41078  35.168  -30.641  54.787 0.0000000000
41058  34.737  -30.128  55.565 0.0000000000
41079  33.981  -29.985  55.517 0.0000000000
73381  50.577  -0.782  43.255 0.0000000000
72296  49.608  -1.663  42.789 0.0000000000
147592  50.011  -1.206  43.166 0.0000000000
147747  50.734  -0.296  43.874 0.0000000000
129356  50.472  -0.151  44.525 0.0000000000
73327  50.615  0.347  46.223 0.0000000000
50790  47.056  -20.896  50.507 0.0000000000
46573  38.460  -26.097  50.837 0.0000000000
46594  38.069  -25.053  50.509 0.0000000000
130057  39.323  -26.221  50.918 0.0000000000
46572  40.106  -25.325  50.649 0.0000000000
45578  41.268  -26.450  51.278 0.0000000000
46571  41.057  -25.419  50.982 0.0000000000
47609  41.583  -24.303  51.660 0.0000000000
47608  42.319  -24.652  52.094 0.0000000000
47601  42.696  -24.357  52.505 0.0000000000
48649  42.558  -23.437  52.884 0.0000000000
47600  43.003  -24.818  52.480 0.0000000000
46552  43.718  -26.510  51.833 0.0000000000
46551  44.217  -26.850  51.572 0.0000000000
75622  61.801  1.007  32.269 0.0000000000
141042  61.638  -0.015  32.607 0.0000000000
73501  61.441  0.337  33.132 0.0000000000
72402  60.984  -0.617  34.114 0.0000000000
71256  59.523  -2.113  35.878 0.0000000000
71242  53.719  -2.923  37.318 0.0000000000
71241  54.404  -2.497  37.640 0.0000000000
72363  56.036  -1.433  37.751 0.0000000000
73447  57.921  -0.450  38.050 0.0000000000
135033  58.394  -0.535  38.152 0.0000000000
72342  58.439  -0.763  38.749 0.0000000000
70148  56.681  -3.251  39.691 0.0000000000
148902  47.848  -14.590  50.179 0.0000000000
59447  47.463  -14.282  49.980 0.0000000000
60599  47.628  -12.518  49.286 0.0000000000
61665  48.209  -11.540  49.729 0.0000000000
61672  47.882  -11.713  49.529 0.0000000000
61682  47.540  -11.747  48.695 0.0000000000
152771  47.464  -10.756  47.769 0.0000000000
144266  47.435  -10.027  46.739 0.0000000000
63747  47.357  -9.286  46.484 0.0000000000
64771  46.826  -8.464  45.277 0.0000000000
64770  47.212  -8.519  46.206 0.0000000000
64760  47.219  -7.909  46.762 0.0000000000
65790  47.058  -7.154  46.740 0.0000000000
64737  47.630  -7.823  48.944 0.0000000000
65789  47.345  -7.606  47.699 0.0000000000
65774  47.183  -6.593  47.508 0.0000000000
130864  46.913  -5.854  47.248 0.0000000000
67865  46.741  -5.023  47.313 0.0000000000
67854  47.168  -4.867  48.044 0.0000000000
68922  47.412  -4.294  48.377 0.0000000000
68921  47.873  -4.482  48.992 0.0000000000
68911  48.349  -4.678  49.312 0.0000000000
67842  49.910  -5.811  49.352 0.0000000000
65747  50.284  -7.739  49.267 0.0000000000
66807  49.951  -6.950  49.423 0.0000000000
66806  50.439  -6.284  49.112 0.0000000000
66821  51.217  -6.420  48.473 0.0000000000
144241  51.241  -6.840  47.200 0.0000000000
46575  37.081  -25.875  50.541 0.0000000000
45582  37.256  -26.947  51.093 0.0000000000
45581  38.055  -27.006  51.438 0.0000000000
139661  38.516  -28.244  52.687 0.0000000000
43350  39.101  -28.440  52.667 0.0000000000
43313  38.528  -28.622  53.549 0.0000000000
42235  39.143  -29.074  53.349 0.0000000000
42234  40.084  -29.574  53.028 0.0000000000
137547  53.737  -2.665  38.929 0.0000000000
71216  53.831  -2.205  39.931 0.0000000000
73396  56.056  -0.445  41.719 0.0000000000
73397  55.726  -0.313  41.931 0.0000000000
73376  55.502  -0.378  42.596 0.0000000000
73378  54.715  0.113  42.783 0.0000000000
73359  53.219  0.635  44.191 0.0000000000
54110  44.340  -18.165  51.109 0.0000000000
56350  45.421  -16.893  51.640 0.0000000000
54084  45.297  -17.790  52.760 0.0000000000
55229  45.549  -17.125  52.118 0.0000000000
57378  46.012  -16.461  51.381 0.0000000000
131627  46.490  -16.327  51.237 0.0000000000
56335  46.760  -16.368  51.301 0.0000000000
56348  47.276  -15.813  50.821 0.0000000000
51856  47.266  -19.875  50.739 0.0000000000
52966  47.969  -19.426  50.526 0.0000000000
149459  47.862  -18.704  50.719 0.0000000000
54108  49.201  -18.751  49.863 0.0000000000
54109  48.363  -18.228  50.492 0.0000000000
55226  47.605  -17.322  51.061 0.0000000000
56347  48.121  -16.646  50.591 0.0000000000
152680  47.773  -15.998  50.668 0.0000000000
57389  47.948  -15.290  50.410 0.0000000000
58423  48.478  -14.584  49.866 0.0000000000
58422  49.263  -14.356  49.430 0.0000000000
150636  50.321  -15.930  48.845 0.0000000000
58421  49.840  -14.083  48.953 0.0000000000
59463  49.814  -13.027  48.991 0.0000000000
59486  50.568  -12.802  48.326 0.0000000000
60597  51.118  -12.351  47.858 0.0000000000
148069  51.404  -11.158  48.012 0.0000000000
60613  51.528  -12.599  47.260 0.0000000000
60630  51.646  -12.667  46.704 0.0000000000
59544  51.524  -13.261  46.046 0.0000000000
57435  51.236  -14.857  45.827 0.0000000000
58466  50.957  -14.309  45.365 0.0000000000
49710  39.253  -22.387  51.353 0.0000000000
52970  43.094  -18.798  52.235 0.0000000000
54087  43.688  -18.344  53.445 0.0000000000
54078  43.998  -18.537  54.685 0.0000000000
51822  43.349  -19.474  53.853 0.0000000000
52946  43.820  -18.966  54.551 0.0000000000
136168  44.221  -18.918  53.808 0.0000000000
51835  44.899  -19.482  52.962 0.0000000000
51858  45.565  -20.333  51.827 0.0000000000
50791  46.171  -21.128  50.883 0.0000000000
131612  43.013  -23.971  52.814 0.0000000000
48647  43.447  -23.388  52.711 0.0000000000
48646  44.366  -23.067  51.912 0.0000000000
48656  45.069  -23.857  51.301 0.0000000000
45493  30.577  -27.267  58.188 0.0000000000
74601  60.741  0.642  28.933 0.0000000000
73503  58.960  0.011  34.377 0.0000000000
130035  60.834  0.933  36.065 0.0000000000
73464  60.939  1.019  36.154 0.0000000000
73444  59.148  -0.708  37.594 0.0000000000
146459  59.410  -1.217  37.427 0.0000000000
71247  58.810  -2.428  36.372 0.0000000000
69027  45.622  -4.402  41.482 0.0000000000
59467  46.984  -14.160  49.616 0.0000000000
138737  46.619  -14.237  49.005 0.0000000000
70083  43.841  -2.983  43.208 0.0000000000
70120  44.915  -3.600  42.185 0.0000000000
70119  46.071  -3.972  42.144 0.0000000000
70099  46.655  -3.439  42.687 0.0000000000
72280  47.811  -2.045  44.471 0.0000000000
72260  47.137  -1.939  45.258 0.0000000000
73344  49.079  -0.929  45.399 0.0000000000
73328  49.586  -0.345  46.280 0.0000000000
74407  50.387  0.058  46.720 0.0000000000
70027  47.558  -2.873  48.230 0.0000000000
71081  47.945  -2.116  48.181 0.0000000000
72181  48.344  -1.607  48.011 0.0000000000
70007  49.831  -3.400  48.874 0.0000000000
71079  49.149  -1.860  48.417 0.0000000000
72194  48.589  -1.276  47.659 0.0000000000
73280  49.282  -0.949  47.626 0.0000000000
73289  50.457  -0.195  47.083 0.0000000000
74384  51.129  0.284  46.783 0.0000000000
72213  51.246  -0.649  47.109 0.0000000000
72235  51.127  -1.574  46.621 0.0000000000
71121  50.538  -2.380  45.875 0.0000000000
70050  50.039  -3.295  45.993 0.0000000000
61690  51.576  -11.287  47.586 0.0000000000
62704  51.699  -10.796  47.380 0.0000000000
62717  51.727  -10.289  46.910 0.0000000000
61710  50.955  -11.164  45.482 0.0000000000
62727  51.310  -10.593  46.039 0.0000000000
63744  51.384  -9.734  46.387 0.0000000000
63745  50.731  -9.141  45.810 0.0000000000
41041  34.669  -29.648  56.191 0.0000000000
41076  36.397  -30.471  55.100 0.0000000000
42176  35.589  -28.569  56.089 0.0000000000
42193  36.186  -29.089  55.891 0.0000000000
42212  38.724  -29.117  53.905 0.0000000000
42233  41.130  -29.777  52.630 0.0000000000
43251  32.358  -28.133  57.782 0.0000000000
43269  34.088  -28.156  56.779 0.0000000000
43328  39.585  -28.954  52.850 0.0000000000
43329  38.710  -28.590  53.152 0.0000000000
44394  31.567  -27.418  57.785 0.0000000000
44425  34.257  -27.654  56.342 0.0000000000
44426  33.600  -27.482  56.536 0.0000000000
44441  35.352  -27.850  55.477 0.0000000000
44442  34.806  -27.609  55.653 0.0000000000
44454  36.825  -28.166  54.780 0.0000000000
44455  36.600  -28.139  54.654 0.0000000000
44456  35.665  -27.986  54.852 0.0000000000
44470  38.036  -28.315  53.308 0.0000000000
44487  44.213  -27.635  51.378 0.0000000000
45491  31.692  -27.320  57.592 0.0000000000
45500  31.467  -27.235  57.737 0.0000000000
45563  38.655  -27.908  52.202 0.0000000000
45577  42.080  -26.467  51.544 0.0000000000
46553  43.270  -26.035  52.025 0.0000000000
47617  39.397  -24.024  50.564 0.0000000000
48639  42.247  -22.026  53.540 0.0000000000
48648  42.561  -22.936  53.197 0.0000000000
48650  41.818  -22.665  53.160 0.0000000000
49689  41.869  -21.572  53.527 0.0000000000
50751  41.653  -21.145  53.515 0.0000000000
50773  41.002  -21.135  53.242 0.0000000000
51823  42.970  -19.833  53.752 0.0000000000
51824  42.252  -20.423  53.614 0.0000000000
51825  41.848  -20.737  53.576 0.0000000000
51855  48.130  -20.135  50.271 0.0000000000
51859  39.972  -20.260  52.322 0.0000000000
52947  43.896  -18.874  54.697 0.0000000000
52948  43.501  -19.284  53.788 0.0000000000
52972  41.605  -19.305  52.690 0.0000000000
54085  44.725  -18.058  53.353 0.0000000000
54124  49.703  -18.215  49.507 0.0000000000
55209  45.111  -17.598  52.716 0.0000000000
55264  51.117  -17.265  47.855 0.0000000000
56377  51.250  -16.662  47.827 0.0000000000
57376  46.910  -15.759  50.876 0.0000000000
58434  50.385  -14.620  48.538 0.0000000000
59489  46.854  -13.722  48.453 0.0000000000
59545  51.176  -13.682  45.480 0.0000000000
60570  48.352  -12.233  49.670 0.0000000000
60612  51.428  -11.781  47.666 0.0000000000
60631  47.412  -12.167  46.668 0.0000000000
60646  51.652  -12.043  46.715 0.0000000000
61671  49.982  -11.268  49.142 0.0000000000
61680  51.107  -11.443  48.181 0.0000000000
61691  47.455  -11.314  47.799 0.0000000000
61700  51.732  -11.490  47.072 0.0000000000
62673  48.596  -10.032  49.975 0.0000000000
62683  49.548  -10.018  49.583 0.0000000000
62694  51.492  -10.593  48.064 0.0000000000
62705  51.674  -10.025  47.716 0.0000000000
62729  47.389  -10.600  46.101 0.0000000000
63682  48.965  -8.979  49.925 0.0000000000
63683  48.669  -9.440  49.958 0.0000000000
63700  50.362  -9.111  49.081 0.0000000000
63733  51.733  -9.510  47.245 0.0000000000
63734  51.489  -8.953  46.694 0.0000000000
64724  50.729  -8.779  48.834 0.0000000000
64727  47.902  -8.478  49.618 0.0000000000
65725  49.070  -7.697  49.893 0.0000000000
65726  48.666  -7.742  49.895 0.0000000000
65761  47.805  -7.097  49.394 0.0000000000
65772  51.574  -7.655  48.206 0.0000000000
66790  48.800  -7.125  49.866 0.0000000000
66822  47.714  -6.416  49.136 0.0000000000
66853  45.773  -5.647  45.343 0.0000000000
67841  50.405  -5.386  49.008 0.0000000000
67843  49.219  -5.870  49.655 0.0000000000
67853  47.560  -5.097  48.691 0.0000000000
67863  51.131  -5.617  48.199 0.0000000000
68932  46.869  -4.035  47.647 0.0000000000
68940  50.881  -4.884  47.932 0.0000000000
70009  48.584  -3.714  49.139 0.0000000000
70018  47.744  -3.650  48.640 0.0000000000
70019  47.302  -3.559  48.136 0.0000000000
70028  46.962  -2.992  47.700 0.0000000000
70053  45.060  -3.180  45.097 0.0000000000
71071  49.453  -2.599  48.680 0.0000000000
71078  49.869  -1.832  48.230 0.0000000000
71080  48.524  -2.015  48.401 0.0000000000
71090  47.371  -2.223  47.708 0.0000000000
71106  45.887  -2.504  45.768 0.0000000000
71122  45.435  -2.604  45.008 0.0000000000
71138  46.595  -2.353  44.535 0.0000000000
71140  45.176  -2.589  44.177 0.0000000000
71156  44.965  -2.663  43.582 0.0000000000
71177  44.261  -2.734  43.052 0.0000000000
72180  48.863  -1.394  48.058 0.0000000000
72195  47.877  -1.624  47.608 0.0000000000
72214  47.556  -1.537  47.032 0.0000000000
72216  46.369  -2.153  45.992 0.0000000000
72360  59.285  -0.945  37.714 0.0000000000
73279  49.978  -0.653  47.508 0.0000000000
73290  49.830  -0.461  47.230 0.0000000000
73307  51.652  0.580  46.413 0.0000000000
73329  48.532  -1.071  46.169 0.0000000000
74385  50.499  0.025  46.885 0.0000000000
133380  49.433  -7.381  49.704 0.0000000000
135656  39.903  -22.736  51.497 0.0000000000
136744  49.709  -6.358  49.512 0.0000000000
137474  44.182  -17.854  53.144 0.0000000000
138113  41.925  -29.516  52.326 0.0000000000
138468  42.553  -29.588  52.067 0.0000000000
139193  37.386  -28.351  54.346 0.0000000000
139400  37.870  -29.856  54.686 0.0000000000
139778  47.733  -11.146  49.318 0.0000000000
139784  50.764  -7.072  48.962 0.0000000000
140737  48.409  -10.767  49.883 0.0000000000
140863  42.182  -21.292  53.700 0.0000000000
141000  48.794  -6.441  49.776 0.0000000000
142711  47.624  -9.760  48.836 0.0000000000
143220  51.652  -6.956  47.968 0.0000000000
143377  44.616  -4.654  44.489 0.0000000000
143887  39.944  -28.256  52.079 0.0000000000
143912  51.362  -8.156  48.466 0.0000000000
144731  49.357  -13.600  49.339 0.0000000000
145093  49.645  -4.168  49.219 0.0000000000
147212  46.822  -17.505  51.668 0.0000000000
148681  49.988  -5.954  46.012 0.0000000000
148911  47.817  -9.174  49.506 0.0000000000
148955  32.905  -27.498  57.171 0.0000000000
150043  48.526  -5.732  49.599 0.0000000000
150825  49.506  -2.316  41.676 0.0000000000
152185  51.200  -0.077  46.974 0.0000000000
152684  34.391  -28.720  56.664 0.0000000000
152716  51.155  -10.841  48.333 0.0000000000
152795  42.049  -21.316  53.639 0.0000000000
153023  41.113  -19.426  52.515 0.0000000000
153535  42.426  -23.424  52.851 0.0000000000
153593  43.775  -18.819  54.450 0.0000000000
153617  51.022  -12.982  47.809 0.0000000000
154177  50.855  -0.935  47.400 0.0000000000
154340  44.069  -18.699  54.808 0.0000000000
154474  48.600  -15.377  50.020 0.0000000000
