#!ascii label  , from subject sub-v1s3x0050803_ses-1 vox2ras=TkReg
1806
42227  11.169  -30.166  54.147 0.0000000000
139939  48.178  -4.722  31.328 0.0000000000
50869  32.844  -21.643  45.661 0.0000000000
53006  42.903  -19.677  49.281 0.0000000000
47696  24.343  -24.604  46.717 0.0000000000
43304  20.262  -28.509  55.876 0.0000000000
129770  55.934  3.246  24.475 0.0000000000
73519  57.575  -0.094  32.836 0.0000000000
63849  42.268  -9.478  38.749 0.0000000000
152425  55.898  7.375  16.095 0.0000000000
143032  32.542  -26.439  51.170 0.0000000000
146626  15.102  -27.513  55.324 0.0000000000
75661  57.477  1.513  28.096 0.0000000000
74607  52.292  0.195  28.195 0.0000000000
68029  47.327  -5.386  36.358 0.0000000000
70175  53.047  -3.274  36.992 0.0000000000
67004  43.055  -6.944  35.243 0.0000000000
55338  38.483  -17.680  42.158 0.0000000000
54163  36.709  -18.611  47.832 0.0000000000
46579  27.915  -25.632  51.690 0.0000000000
44413  25.491  -27.399  57.063 0.0000000000
140345  21.911  -25.259  51.262 0.0000000000
130004  16.849  -26.342  50.597 0.0000000000
129478  29.047  -24.209  45.992 0.0000000000
79775  60.975  5.197  23.902 0.0000000000
77692  62.416  3.493  29.014 0.0000000000
71300  52.994  -2.212  32.874 0.0000000000
67954  41.405  -4.698  41.135 0.0000000000
58476  44.182  -14.841  44.066 0.0000000000
79825  55.828  5.397  20.146 0.0000000000
81917  61.187  7.904  18.832 0.0000000000
86158  63.689  13.195  14.751 0.0000000000
45552  32.626  -26.726  54.330 0.0000000000
43322  13.235  -28.620  54.849 0.0000000000
44406  13.778  -27.864  58.590 0.0000000000
42159  11.269  -29.234  58.255 0.0000000000
76664  50.912  2.143  27.076 0.0000000000
146621  47.673  -4.495  38.779 0.0000000000
70167  49.752  -3.774  38.667 0.0000000000
36494  7.548  -35.017  57.545 0.0000000000
67027  43.559  -6.937  33.059 0.0000000000
54233  32.234  -17.972  43.247 0.0000000000
55327  34.435  -17.508  44.104 0.0000000000
53066  34.410  -19.431  46.531 0.0000000000
148188  26.174  -25.387  49.229 0.0000000000
46582  24.931  -25.484  51.194 0.0000000000
47642  23.305  -24.651  48.712 0.0000000000
47694  26.471  -24.734  46.113 0.0000000000
46625  28.782  -25.351  49.125 0.0000000000
43286  22.735  -28.320  56.530 0.0000000000
78757  58.051  4.159  23.914 0.0000000000
138532  61.505  5.354  26.691 0.0000000000
79735  58.840  4.899  26.543 0.0000000000
74586  57.587  0.652  30.798 0.0000000000
75640  59.752  1.537  30.776 0.0000000000
70260  47.411  -3.562  29.425 0.0000000000
71341  50.464  -2.784  29.608 0.0000000000
70232  50.428  -3.733  32.092 0.0000000000
64883  39.036  -7.286  37.354 0.0000000000
68023  39.223  -5.020  38.120 0.0000000000
65899  41.737  -7.253  39.899 0.0000000000
55294  40.984  -18.105  45.243 0.0000000000
56425  41.222  -16.258  42.808 0.0000000000
55281  44.505  -17.529  46.702 0.0000000000
77762  53.062  3.254  22.789 0.0000000000
78807  53.482  4.772  21.096 0.0000000000
78773  56.064  4.218  22.403 0.0000000000
79807  58.724  5.398  21.530 0.0000000000
84052  59.714  10.370  12.364 0.0000000000
151176  59.515  8.402  15.123 0.0000000000
84001  62.377  10.257  17.125 0.0000000000
129504  58.782  7.536  16.800 0.0000000000
46677  32.720  -24.946  47.878 0.0000000000
48685  35.516  -23.544  48.688 0.0000000000
44531  35.267  -27.624  50.747 0.0000000000
44431  17.561  -27.761  56.000 0.0000000000
129813  18.931  -28.761  59.167 0.0000000000
148195  16.328  -28.027  58.636 0.0000000000
76700  52.977  2.044  24.951 0.0000000000
77716  55.515  4.013  27.096 0.0000000000
76661  53.239  2.856  27.060 0.0000000000
74630  54.242  0.806  27.706 0.0000000000
73542  55.594  -0.215  30.315 0.0000000000
68058  48.072  -5.093  34.168 0.0000000000
70208  50.744  -3.740  34.077 0.0000000000
69091  50.304  -4.255  37.171 0.0000000000
60804  41.248  -12.325  37.699 0.0000000000
56349  45.567  -16.513  50.743 0.0000000000
41090  9.807  -31.056  53.976 0.0000000000
41025  9.762  -30.659  58.208 0.0000000000
135703  8.687  -32.715  57.654 0.0000000000
68107  45.699  -5.476  30.827 0.0000000000
67025  45.346  -6.368  33.693 0.0000000000
66990  45.198  -6.243  36.120 0.0000000000
68005  45.320  -5.728  38.304 0.0000000000
55355  35.068  -17.429  41.405 0.0000000000
54215  37.799  -18.500  44.255 0.0000000000
54140  39.668  -19.344  48.381 0.0000000000
137292  36.639  -22.263  49.526 0.0000000000
51860  39.327  -20.441  51.730 0.0000000000
46520  29.966  -26.205  54.969 0.0000000000
132637  28.278  -26.891  57.874 0.0000000000
45543  26.610  -26.309  54.765 0.0000000000
45554  23.796  -26.280  53.708 0.0000000000
44459  21.618  -27.344  54.034 0.0000000000
132855  20.491  -24.108  48.518 0.0000000000
46608  19.291  -25.721  50.396 0.0000000000
44502  18.160  -26.974  53.108 0.0000000000
45572  16.036  -26.852  52.139 0.0000000000
135949  13.873  -28.068  52.120 0.0000000000
43362  11.663  -29.143  51.901 0.0000000000
51984  30.810  -20.626  42.795 0.0000000000
136049  29.282  -22.345  42.430 0.0000000000
48729  31.223  -23.332  45.576 0.0000000000
144060  30.824  -24.762  48.328 0.0000000000
46576  30.376  -25.552  51.160 0.0000000000
77715  63.513  3.461  27.671 0.0000000000
76645  59.930  2.677  28.440 0.0000000000
73567  49.440  -0.493  28.356 0.0000000000
72449  52.971  -1.967  30.142 0.0000000000
72423  55.379  -1.172  33.044 0.0000000000
71273  52.723  -2.765  34.303 0.0000000000
154752  55.235  -1.783  35.008 0.0000000000
65950  39.709  -6.924  35.225 0.0000000000
68021  41.197  -5.483  38.095 0.0000000000
69051  43.357  -3.814  40.902 0.0000000000
59622  41.875  -13.941  40.176 0.0000000000
140295  43.517  -11.756  41.372 0.0000000000
145592  46.216  -15.125  47.930 0.0000000000
60669  46.563  -12.333  44.555 0.0000000000
63785  44.674  -9.473  42.161 0.0000000000
65844  44.121  -6.942  42.213 0.0000000000
145004  44.099  -4.435  43.977 0.0000000000
80887  55.899  6.233  18.175 0.0000000000
143547  58.563  6.417  19.380 0.0000000000
80860  61.510  6.534  21.233 0.0000000000
154783  33.747  -27.380  56.075 0.0000000000
131334  12.478  -29.340  54.504 0.0000000000
43308  12.403  -28.945  56.173 0.0000000000
42208  11.809  -29.600  55.748 0.0000000000
69048  47.093  -4.215  40.236 0.0000000000
70153  47.910  -3.856  39.943 0.0000000000
36506  6.158  -34.589  55.932 0.0000000000
140092  32.505  -19.943  44.690 0.0000000000
53101  33.218  -18.667  44.887 0.0000000000
136858  33.249  -20.841  45.845 0.0000000000
46685  25.042  -25.049  48.100 0.0000000000
46658  24.741  -25.105  48.838 0.0000000000
129820  23.848  -24.625  47.375 0.0000000000
47712  26.129  -24.536  45.246 0.0000000000
47695  25.590  -24.657  46.079 0.0000000000
46684  26.214  -25.109  47.586 0.0000000000
145323  21.436  -28.668  56.410 0.0000000000
43258  21.006  -29.026  58.070 0.0000000000
77743  57.372  3.824  24.647 0.0000000000
78737  58.545  4.884  25.970 0.0000000000
147134  57.151  4.489  26.494 0.0000000000
74573  57.901  0.539  31.572 0.0000000000
74572  59.072  0.795  31.875 0.0000000000
70249  47.848  -4.211  30.016 0.0000000000
70248  49.342  -3.741  30.263 0.0000000000
69155  49.653  -4.068  31.594 0.0000000000
62847  41.006  -9.920  36.953 0.0000000000
64881  41.196  -8.395  37.985 0.0000000000
64873  40.257  -7.385  38.260 0.0000000000
64871  42.325  -8.747  39.225 0.0000000000
53046  42.237  -19.368  47.666 0.0000000000
54176  42.999  -18.156  46.227 0.0000000000
139263  44.129  -18.665  48.109 0.0000000000
77760  54.768  3.140  23.197 0.0000000000
145670  54.406  3.858  22.388 0.0000000000
77759  56.071  3.607  23.300 0.0000000000
78758  56.752  4.020  23.025 0.0000000000
82995  58.178  8.124  14.540 0.0000000000
81968  58.145  7.712  15.354 0.0000000000
82973  59.562  8.200  15.894 0.0000000000
81936  57.312  7.154  16.492 0.0000000000
46621  32.708  -25.987  49.029 0.0000000000
45619  34.044  -26.706  49.557 0.0000000000
136631  33.673  -27.265  50.322 0.0000000000
136719  16.265  -27.368  54.962 0.0000000000
44416  16.610  -27.813  57.171 0.0000000000
129375  15.820  -27.686  57.044 0.0000000000
44378  12.640  -27.915  60.393 0.0000000000
44376  14.167  -27.762  61.210 0.0000000000
76689  51.629  2.244  25.666 0.0000000000
77728  53.450  2.992  26.244 0.0000000000
76677  52.048  2.469  26.559 0.0000000000
74632  51.345  1.297  27.906 0.0000000000
74631  52.585  1.627  27.823 0.0000000000
73582  53.577  0.524  27.858 0.0000000000
73552  55.093  -0.264  29.231 0.0000000000
73554  53.817  -0.756  28.632 0.0000000000
68048  48.044  -5.179  35.067 0.0000000000
69107  49.384  -4.573  35.140 0.0000000000
145919  48.755  -4.822  36.261 0.0000000000
76712  51.566  2.233  23.840 0.0000000000
39903  9.535  -31.613  55.352 0.0000000000
38743  8.537  -32.622  55.259 0.0000000000
68092  44.109  -6.026  31.043 0.0000000000
68074  45.985  -5.920  32.444 0.0000000000
67045  44.718  -6.505  32.426 0.0000000000
67019  43.085  -6.993  34.452 0.0000000000
67017  44.512  -6.623  34.886 0.0000000000
67003  43.835  -6.728  35.660 0.0000000000
66979  44.954  -6.227  36.781 0.0000000000
66980  44.255  -6.355  37.205 0.0000000000
56453  33.981  -16.846  40.362 0.0000000000
55283  35.444  -18.211  46.064 0.0000000000
55309  35.888  -18.056  44.536 0.0000000000
135148  36.876  -18.713  46.110 0.0000000000
146012  38.640  -19.036  46.274 0.0000000000
54161  37.599  -18.915  47.908 0.0000000000
46617  36.247  -24.847  49.695 0.0000000000
49726  36.253  -22.782  49.212 0.0000000000
47619  37.525  -24.280  50.358 0.0000000000
49710  39.253  -22.387  51.353 0.0000000000
52960  40.304  -19.886  52.384 0.0000000000
137372  28.892  -25.859  53.050 0.0000000000
46530  27.893  -26.111  54.276 0.0000000000
46542  27.238  -25.878  53.136 0.0000000000
46583  23.501  -25.357  51.636 0.0000000000
147146  24.686  -25.770  52.684 0.0000000000
46563  22.933  -25.631  52.205 0.0000000000
45555  22.534  -26.510  53.333 0.0000000000
45586  21.508  -26.277  52.380 0.0000000000
47671  21.362  -23.857  47.956 0.0000000000
46634  17.489  -25.706  49.155 0.0000000000
46633  18.399  -25.461  49.322 0.0000000000
45606  18.539  -25.988  50.614 0.0000000000
135906  19.224  -26.564  51.893 0.0000000000
45590  17.336  -26.488  51.419 0.0000000000
44503  17.226  -26.850  52.933 0.0000000000
45591  16.455  -26.630  51.390 0.0000000000
43376  13.241  -28.358  51.727 0.0000000000
139198  30.648  -18.712  41.440 0.0000000000
53142  30.300  -19.560  41.338 0.0000000000
47725  28.338  -24.007  44.755 0.0000000000
48749  29.585  -23.363  44.450 0.0000000000
49793  29.994  -22.784  43.907 0.0000000000
47709  29.774  -23.933  45.882 0.0000000000
47690  30.978  -24.274  46.928 0.0000000000
47663  29.585  -24.546  47.259 0.0000000000
46601  27.847  -25.511  50.409 0.0000000000
129215  29.075  -25.407  49.830 0.0000000000
136717  29.219  -25.669  52.139 0.0000000000
46557  29.817  -25.787  52.775 0.0000000000
45505  26.691  -27.176  57.650 0.0000000000
39867  9.173  -30.943  59.092 0.0000000000
42160  9.679  -30.341  59.107 0.0000000000
80809  62.288  6.214  25.485 0.0000000000
79734  61.762  4.949  27.240 0.0000000000
78715  63.053  4.494  27.924 0.0000000000
78705  63.065  3.736  28.677 0.0000000000
75646  62.972  2.016  29.630 0.0000000000
76658  56.659  2.842  27.155 0.0000000000
154625  58.196  3.389  27.026 0.0000000000
75673  58.108  2.088  27.646 0.0000000000
75639  61.760  1.800  31.185 0.0000000000
71315  51.907  -2.824  31.395 0.0000000000
71340  51.371  -2.525  29.620 0.0000000000
72438  53.079  -2.013  31.069 0.0000000000
72447  54.261  -1.206  31.119 0.0000000000
72424  54.483  -1.515  32.695 0.0000000000
70195  51.592  -3.612  35.376 0.0000000000
70207  51.478  -3.422  34.444 0.0000000000
70184  52.863  -3.218  36.110 0.0000000000
65951  38.544  -6.739  35.297 0.0000000000
67993  40.170  -4.501  39.110 0.0000000000
68022  39.948  -4.964  38.170 0.0000000000
67992  41.469  -4.430  39.325 0.0000000000
67974  42.698  -4.624  39.786 0.0000000000
70139  42.424  -3.667  40.744 0.0000000000
55378  37.200  -17.175  39.759 0.0000000000
56439  38.939  -16.944  40.828 0.0000000000
57457  42.714  -15.494  43.426 0.0000000000
57473  42.064  -14.966  41.876 0.0000000000
140172  42.880  -14.060  41.880 0.0000000000
60727  42.776  -13.013  40.827 0.0000000000
59601  44.033  -13.370  42.897 0.0000000000
56378  45.586  -16.209  48.591 0.0000000000
61724  46.710  -11.262  44.627 0.0000000000
61754  45.060  -10.778  42.897 0.0000000000
63773  45.556  -9.499  43.208 0.0000000000
64807  45.029  -8.490  42.449 0.0000000000
136889  45.535  -7.914  43.228 0.0000000000
78806  54.329  5.014  20.622 0.0000000000
79846  55.917  5.880  18.882 0.0000000000
139461  57.843  6.461  18.780 0.0000000000
79836  57.315  5.826  19.822 0.0000000000
79791  59.750  5.137  22.622 0.0000000000
80852  60.091  5.928  21.221 0.0000000000
80841  61.327  5.788  22.447 0.0000000000
80849  62.876  7.093  22.645 0.0000000000
85084  61.927  11.155  13.257 0.0000000000
83991  61.875  9.370  17.513 0.0000000000
83977  62.958  10.034  18.729 0.0000000000
82935  62.866  8.856  19.879 0.0000000000
45565  32.335  -26.340  52.598 0.0000000000
45584  33.464  -27.481  52.224 0.0000000000
148278  33.862  -27.343  54.902 0.0000000000
43306  13.547  -28.190  55.194 0.0000000000
131920  14.199  -27.752  56.689 0.0000000000
43292  13.062  -28.266  56.138 0.0000000000
43263  12.314  -28.314  58.271 0.0000000000
43232  11.413  -28.463  60.597 0.0000000000
148842  49.887  1.854  27.189 0.0000000000
74634  49.945  1.417  27.525 0.0000000000
68017  47.439  -5.170  37.292 0.0000000000
153065  48.835  -4.495  37.747 0.0000000000
69082  48.374  -4.385  38.377 0.0000000000
70134  49.285  -3.087  40.222 0.0000000000
38744  7.796  -33.060  54.945 0.0000000000
36505  6.960  -34.476  55.851 0.0000000000
35360  6.735  -35.571  57.147 0.0000000000
130143  43.062  -6.835  32.188 0.0000000000
65975  42.224  -7.198  34.021 0.0000000000
56428  33.386  -16.857  42.299 0.0000000000
55313  33.054  -17.592  43.747 0.0000000000
54204  34.213  -18.227  45.589 0.0000000000
54164  35.489  -18.555  47.139 0.0000000000
46602  26.950  -25.517  50.407 0.0000000000
46560  26.681  -25.740  52.308 0.0000000000
148428  25.527  -25.466  50.558 0.0000000000
46629  23.803  -25.029  50.260 0.0000000000
47621  22.952  -24.791  50.185 0.0000000000
138912  15.612  -26.558  49.961 0.0000000000
45643  15.005  -26.152  48.681 0.0000000000
129376  27.000  -24.419  44.813 0.0000000000
130398  28.284  -24.475  46.051 0.0000000000
46681  29.125  -24.822  47.744 0.0000000000
149846  27.534  -25.076  47.448 0.0000000000
130470  26.943  -25.412  49.064 0.0000000000
44414  24.628  -27.794  57.242 0.0000000000
153501  59.222  4.503  24.148 0.0000000000
79753  61.546  5.880  25.358 0.0000000000
78736  59.277  4.977  25.746 0.0000000000
79746  59.321  5.085  26.435 0.0000000000
77705  60.676  4.185  27.402 0.0000000000
75650  57.566  1.165  29.325 0.0000000000
133210  58.449  1.460  29.695 0.0000000000
75641  58.794  1.316  30.469 0.0000000000
139981  60.839  1.358  32.019 0.0000000000
71355  48.365  -2.274  28.802 0.0000000000
70258  49.089  -3.398  29.746 0.0000000000
70247  50.499  -3.347  30.432 0.0000000000
71302  51.712  -2.950  32.353 0.0000000000
71242  53.719  -2.923  37.318 0.0000000000
65939  37.800  -6.862  36.775 0.0000000000
66996  38.313  -6.038  36.664 0.0000000000
65927  38.341  -6.003  37.486 0.0000000000
65901  39.666  -5.806  39.045 0.0000000000
66946  41.367  -5.791  40.816 0.0000000000
129913  40.041  -17.800  44.037 0.0000000000
56426  40.435  -16.716  42.505 0.0000000000
55307  41.463  -17.450  44.683 0.0000000000
56398  43.071  -17.013  45.166 0.0000000000
56405  44.196  -16.101  45.049 0.0000000000
78776  52.779  4.115  22.136 0.0000000000
78795  52.289  4.810  21.590 0.0000000000
78775  53.595  4.266  21.859 0.0000000000
78793  54.368  4.487  21.553 0.0000000000
79810  56.055  5.082  21.032 0.0000000000
79809  57.011  5.187  21.180 0.0000000000
78790  57.300  4.905  21.962 0.0000000000
128740  58.273  4.588  23.014 0.0000000000
83011  57.634  9.075  13.768 0.0000000000
84028  59.549  8.977  13.697 0.0000000000
84026  61.402  9.800  14.761 0.0000000000
85057  62.944  11.792  16.023 0.0000000000
84014  61.483  9.617  15.727 0.0000000000
82971  60.824  8.720  16.779 0.0000000000
81933  59.813  7.635  17.808 0.0000000000
154091  32.660  -23.257  46.288 0.0000000000
49748  33.970  -22.922  47.100 0.0000000000
47640  34.292  -24.464  48.104 0.0000000000
46618  35.429  -25.320  49.370 0.0000000000
45599  36.533  -26.278  50.466 0.0000000000
44448  18.426  -27.955  55.771 0.0000000000
43276  19.608  -28.719  57.379 0.0000000000
43277  18.591  -28.463  57.449 0.0000000000
43261  17.622  -28.370  58.729 0.0000000000
44405  14.584  -27.825  58.286 0.0000000000
44375  15.488  -27.863  61.323 0.0000000000
76709  54.250  2.462  24.644 0.0000000000
77726  55.488  3.916  26.295 0.0000000000
77727  53.967  3.281  26.202 0.0000000000
77711  54.809  3.621  27.179 0.0000000000
75676  55.118  2.214  27.478 0.0000000000
76662  52.416  2.527  27.050 0.0000000000
75677  54.308  1.923  27.646 0.0000000000
74629  56.042  0.895  27.847 0.0000000000
74604  56.180  0.594  28.707 0.0000000000
74588  56.297  0.250  30.191 0.0000000000
130713  56.532  -0.147  31.732 0.0000000000
68071  48.187  -4.992  33.238 0.0000000000
129285  48.931  -4.603  32.906 0.0000000000
69118  49.443  -4.471  34.328 0.0000000000
70196  50.771  -4.018  35.576 0.0000000000
140460  51.814  -3.781  36.854 0.0000000000
69080  50.063  -4.065  37.927 0.0000000000
70165  51.613  -3.629  38.164 0.0000000000
70164  52.541  -3.345  38.249 0.0000000000
142646  41.765  -10.958  37.884 0.0000000000
54125  44.350  -18.567  49.975 0.0000000000
77764  51.312  4.069  22.689 0.0000000000
77749  51.507  3.043  23.199 0.0000000000
77747  53.391  2.544  23.507 0.0000000000
82985  55.511  8.773  16.058 0.0000000000
82974  55.014  8.660  16.842 0.0000000000
41089  10.559  -30.611  54.566 0.0000000000
41070  10.628  -30.569  55.649 0.0000000000
41052  10.074  -31.090  56.052 0.0000000000
39874  9.241  -31.392  58.162 0.0000000000
130646  8.413  -32.285  58.991 0.0000000000
37616  8.368  -33.569  57.539 0.0000000000
143440  47.104  -4.641  30.258 0.0000000000
69170  45.630  -4.930  30.131 0.0000000000
148928  47.039  -5.269  31.551 0.0000000000
68090  46.607  -5.567  31.970 0.0000000000
68060  46.685  -5.676  33.871 0.0000000000
68050  46.521  -5.735  34.607 0.0000000000
67026  44.539  -6.685  33.199 0.0000000000
67016  45.332  -6.337  34.531 0.0000000000
68030  46.568  -5.660  36.183 0.0000000000
68018  46.650  -5.534  37.021 0.0000000000
141483  46.102  -5.392  38.412 0.0000000000
150274  45.890  -4.998  39.980 0.0000000000
134553  37.033  -17.630  41.099 0.0000000000
150364  34.322  -17.205  42.450 0.0000000000
55340  36.754  -17.931  42.649 0.0000000000
55324  38.255  -17.990  43.025 0.0000000000
130019  39.107  -18.541  44.783 0.0000000000
53065  40.776  -19.240  46.886 0.0000000000
53024  41.514  -19.609  48.338 0.0000000000
134463  34.976  -21.915  47.772 0.0000000000
51916  35.897  -20.594  48.364 0.0000000000
51915  36.487  -19.842  48.606 0.0000000000
48666  38.510  -22.907  50.758 0.0000000000
50820  37.564  -20.993  50.172 0.0000000000
53009  37.751  -18.989  49.058 0.0000000000
54114  39.015  -19.205  49.995 0.0000000000
53007  40.748  -19.167  50.681 0.0000000000
52987  42.704  -19.345  51.230 0.0000000000
45514  30.396  -26.573  56.716 0.0000000000
45515  29.371  -26.523  56.665 0.0000000000
45530  27.586  -26.434  55.551 0.0000000000
130487  26.128  -26.604  55.427 0.0000000000
46561  25.684  -25.761  52.542 0.0000000000
46533  25.175  -26.200  54.104 0.0000000000
45520  24.804  -27.100  55.833 0.0000000000
44444  23.146  -27.387  55.085 0.0000000000
44445  22.214  -27.830  55.210 0.0000000000
136086  20.977  -27.810  54.463 0.0000000000
141056  22.141  -24.125  48.067 0.0000000000
47644  21.410  -24.083  48.641 0.0000000000
46630  21.261  -24.703  49.987 0.0000000000
47645  19.492  -24.469  48.430 0.0000000000
46631  20.382  -24.917  49.804 0.0000000000
46607  20.706  -25.272  50.563 0.0000000000
45587  20.679  -26.320  52.015 0.0000000000
44500  20.101  -27.234  53.204 0.0000000000
44461  19.422  -27.734  54.384 0.0000000000
154718  18.078  -27.275  53.854 0.0000000000
44463  16.714  -27.245  54.201 0.0000000000
44481  15.329  -27.277  53.618 0.0000000000
45592  15.614  -26.837  51.331 0.0000000000
44505  14.889  -27.411  52.877 0.0000000000
44482  14.595  -27.666  53.658 0.0000000000
43339  13.707  -28.348  53.359 0.0000000000
150083  12.629  -29.286  53.759 0.0000000000
42245  11.829  -29.658  53.720 0.0000000000
42246  11.024  -30.026  53.239 0.0000000000
41124  9.682  -30.336  52.676 0.0000000000
54251  31.181  -18.058  41.919 0.0000000000
53119  31.690  -18.785  43.057 0.0000000000
51974  31.644  -20.542  43.864 0.0000000000
50902  30.507  -21.360  42.944 0.0000000000
49813  31.127  -22.003  44.165 0.0000000000
49775  31.860  -22.752  45.392 0.0000000000
47689  31.791  -24.100  46.761 0.0000000000
46678  31.989  -24.834  47.911 0.0000000000
45622  31.747  -25.627  50.095 0.0000000000
46653  29.393  -25.075  48.535 0.0000000000
154861  30.685  -25.395  50.128 0.0000000000
152790  31.627  -25.745  51.195 0.0000000000
46538  31.299  -26.009  53.280 0.0000000000
45541  31.091  -26.295  54.961 0.0000000000
42171  10.845  -29.767  57.888 0.0000000000
42148  10.390  -29.462  59.614 0.0000000000
79743  62.898  5.575  26.634 0.0000000000
78718  57.331  4.478  26.930 0.0000000000
77706  59.793  3.700  27.308 0.0000000000
77693  61.569  3.546  28.611 0.0000000000
76638  59.796  2.222  29.273 0.0000000000
128657  61.661  2.456  30.161 0.0000000000
77683  62.559  2.797  29.592 0.0000000000
74611  48.977  0.255  28.015 0.0000000000
73565  51.068  -0.207  28.470 0.0000000000
72463  50.007  -2.109  29.004 0.0000000000
72472  51.258  -1.139  28.655 0.0000000000
72471  52.192  -1.237  28.648 0.0000000000
72458  54.274  -1.068  30.272 0.0000000000
73532  55.620  -0.474  31.401 0.0000000000
73520  56.772  -0.299  32.501 0.0000000000
70219  50.898  -3.520  33.284 0.0000000000
70218  51.535  -3.104  33.145 0.0000000000
71289  53.265  -2.359  33.790 0.0000000000
71258  54.152  -2.522  35.794 0.0000000000
71271  54.128  -2.366  35.032 0.0000000000
144768  54.624  -1.708  33.567 0.0000000000
72406  55.276  -1.450  33.885 0.0000000000
73504  56.782  -0.674  33.702 0.0000000000
65962  40.546  -7.259  34.410 0.0000000000
65961  41.737  -7.093  34.968 0.0000000000
66995  38.890  -5.739  36.833 0.0000000000
66983  40.644  -5.839  37.443 0.0000000000
153498  42.760  -6.680  36.757 0.0000000000
66972  43.604  -5.934  38.543 0.0000000000
67991  44.130  -5.367  39.770 0.0000000000
69027  45.622  -4.402  41.482 0.0000000000
57475  40.716  -15.822  41.203 0.0000000000
60766  41.790  -13.035  39.220 0.0000000000
61783  42.488  -11.672  39.471 0.0000000000
62812  42.759  -10.865  39.639 0.0000000000
55265  45.159  -17.029  49.007 0.0000000000
131387  45.456  -16.482  46.636 0.0000000000
58468  45.726  -14.896  45.185 0.0000000000
59546  46.709  -13.821  45.417 0.0000000000
59569  45.488  -13.664  44.209 0.0000000000
134519  44.377  -11.923  42.546 0.0000000000
61763  44.105  -10.777  41.874 0.0000000000
63819  43.118  -9.333  40.134 0.0000000000
64845  43.087  -8.363  40.414 0.0000000000
65865  43.084  -6.989  41.322 0.0000000000
66907  42.703  -5.732  42.148 0.0000000000
65817  45.973  -6.849  44.435 0.0000000000
66892  43.734  -5.733  43.112 0.0000000000
67932  42.646  -4.666  42.420 0.0000000000
70103  43.044  -3.216  42.094 0.0000000000
81938  54.432  7.338  17.418 0.0000000000
80900  55.371  6.600  17.373 0.0000000000
80898  57.204  6.785  17.283 0.0000000000
81919  59.271  7.162  18.328 0.0000000000
81911  59.784  6.999  19.029 0.0000000000
79822  58.435  5.678  20.779 0.0000000000
80872  60.200  6.577  20.054 0.0000000000
81909  61.395  7.497  19.623 0.0000000000
81887  62.841  7.766  21.116 0.0000000000
147052  31.956  -26.859  57.059 0.0000000000
45512  32.604  -27.103  56.736 0.0000000000
42226  11.832  -29.702  54.808 0.0000000000
70136  47.633  -3.683  40.933 0.0000000000
51963  32.746  -20.614  45.234 0.0000000000
50859  33.489  -21.421  46.252 0.0000000000
47668  24.667  -24.789  47.435 0.0000000000
141640  25.126  -24.723  46.775 0.0000000000
43288  20.783  -28.728  56.508 0.0000000000
43274  21.420  -28.855  57.176 0.0000000000
43275  20.499  -28.860  57.270 0.0000000000
77735  56.613  3.699  25.160 0.0000000000
77725  57.161  4.346  25.792 0.0000000000
150502  55.897  3.722  25.608 0.0000000000
74564  58.282  0.382  32.456 0.0000000000
74555  58.621  0.181  33.420 0.0000000000
69168  47.739  -4.726  30.771 0.0000000000
69167  48.419  -4.410  30.747 0.0000000000
69156  48.792  -4.458  31.474 0.0000000000
62846  41.586  -10.118  37.556 0.0000000000
63860  41.191  -9.108  37.371 0.0000000000
63850  41.776  -9.348  38.043 0.0000000000
64872  41.797  -8.625  38.596 0.0000000000
53023  42.504  -19.548  48.426 0.0000000000
54157  43.495  -18.935  47.755 0.0000000000
155419  43.822  -19.073  48.503 0.0000000000
77745  55.002  2.774  24.311 0.0000000000
152432  55.469  3.220  23.536 0.0000000000
77744  56.720  3.588  24.003 0.0000000000
81970  56.752  7.795  15.204 0.0000000000
81953  56.469  7.331  15.991 0.0000000000
81969  57.350  7.507  15.626 0.0000000000
45603  32.821  -26.684  50.379 0.0000000000
45620  33.161  -26.597  49.615 0.0000000000
45602  33.116  -27.155  51.177 0.0000000000
136718  15.607  -27.382  54.899 0.0000000000
44433  15.611  -27.566  56.149 0.0000000000
131221  50.739  2.194  25.607 0.0000000000
74608  51.527  0.480  28.253 0.0000000000
149630  52.066  1.141  28.055 0.0000000000
73563  53.182  -0.236  28.100 0.0000000000
68038  48.066  -5.170  35.909 0.0000000000
39904  8.868  -32.067  54.808 0.0000000000
68109  43.691  -5.552  30.493 0.0000000000
67063  44.425  -6.355  31.741 0.0000000000
67064  43.621  -6.468  31.579 0.0000000000
132963  43.679  -6.848  34.861 0.0000000000
66991  44.414  -6.484  36.342 0.0000000000
66992  43.597  -6.642  36.543 0.0000000000
54182  35.831  -18.368  46.906 0.0000000000
54181  36.220  -18.455  46.620 0.0000000000
130848  36.396  -18.556  47.358 0.0000000000
54180  37.022  -18.730  47.113 0.0000000000
54162  36.944  -18.680  47.773 0.0000000000
46595  37.289  -25.143  50.374 0.0000000000
47620  36.843  -24.512  50.100 0.0000000000
46558  28.373  -25.724  52.311 0.0000000000
136670  28.023  -25.861  53.044 0.0000000000
46559  27.584  -25.751  52.392 0.0000000000
46584  22.684  -25.248  51.457 0.0000000000
45567  22.341  -26.141  52.689 0.0000000000
46564  22.127  -25.692  51.940 0.0000000000
45623  17.212  -26.020  49.887 0.0000000000
46610  17.997  -25.835  49.930 0.0000000000
45607  17.704  -26.172  50.661 0.0000000000
45589  18.352  -26.432  51.476 0.0000000000
47710  28.536  -24.180  45.430 0.0000000000
132322  28.803  -23.623  44.229 0.0000000000
48731  29.152  -23.841  45.134 0.0000000000
128716  29.991  -23.550  45.177 0.0000000000
47662  30.237  -24.407  47.135 0.0000000000
47692  29.647  -24.299  46.606 0.0000000000
130254  28.133  -25.542  51.038 0.0000000000
46578  28.650  -25.586  51.494 0.0000000000
45506  26.167  -27.046  56.911 0.0000000000
41012  8.517  -31.145  60.319 0.0000000000
80830  62.233  6.321  23.962 0.0000000000
80817  62.221  6.341  24.797 0.0000000000
77704  61.888  4.328  28.018 0.0000000000
78706  62.775  4.003  28.541 0.0000000000
77691  62.826  3.310  29.181 0.0000000000
77690  63.027  3.232  29.177 0.0000000000
75674  57.344  2.071  27.272 0.0000000000
71314  52.587  -2.354  31.470 0.0000000000
71313  53.065  -2.049  31.931 0.0000000000
72425  53.726  -1.796  32.351 0.0000000000
146270  52.439  -3.533  36.739 0.0000000000
70194  52.320  -3.343  35.534 0.0000000000
67009  38.116  -6.330  36.144 0.0000000000
69054  40.826  -4.329  39.589 0.0000000000
69083  40.663  -4.423  39.137 0.0000000000
69068  41.416  -4.203  39.751 0.0000000000
69067  41.958  -3.973  39.875 0.0000000000
69031  41.448  -4.062  40.186 0.0000000000
55363  38.308  -17.214  40.718 0.0000000000
55377  37.986  -16.973  39.948 0.0000000000
55351  38.728  -17.319  41.410 0.0000000000
57456  43.424  -15.208  43.759 0.0000000000
58484  43.080  -14.828  43.081 0.0000000000
58483  43.645  -14.532  43.368 0.0000000000
59602  43.409  -13.787  42.419 0.0000000000
131964  44.196  -14.051  43.484 0.0000000000
62729  47.389  -10.600  46.101 0.0000000000
62741  46.424  -10.374  44.308 0.0000000000
63758  46.573  -9.365  44.576 0.0000000000
64797  46.023  -8.813  43.716 0.0000000000
155405  46.432  -8.391  44.503 0.0000000000
78805  55.269  5.119  20.614 0.0000000000
79826  54.899  5.367  19.925 0.0000000000
79838  55.484  5.624  19.363 0.0000000000
79837  56.437  5.741  19.483 0.0000000000
79824  56.719  5.468  20.375 0.0000000000
146936  60.289  4.958  23.430 0.0000000000
79790  60.728  5.332  22.930 0.0000000000
79774  61.543  5.683  23.404 0.0000000000
80840  62.167  6.239  22.961 0.0000000000
85083  62.929  12.435  13.874 0.0000000000
134722  63.669  13.331  13.726 0.0000000000
87248  63.926  13.441  14.406 0.0000000000
136005  61.568  8.810  17.942 0.0000000000
83978  62.165  9.253  18.244 0.0000000000
82947  62.516  9.033  19.009 0.0000000000
81908  62.012  8.191  19.293 0.0000000000
141714  32.701  -26.715  53.444 0.0000000000
45551  33.270  -27.095  54.255 0.0000000000
43307  12.927  -28.663  55.463 0.0000000000
43294  12.133  -28.921  57.040 0.0000000000
43279  12.473  -28.409  57.435 0.0000000000
43280  11.910  -28.828  57.843 0.0000000000
43246  12.162  -28.276  59.171 0.0000000000
43264  11.708  -28.710  58.699 0.0000000000
75681  49.103  1.658  27.368 0.0000000000
145693  49.328  1.005  27.728 0.0000000000
69094  47.548  -4.819  38.120 0.0000000000
37632  6.862  -33.261  54.792 0.0000000000
35367  5.923  -35.566  56.795 0.0000000000
55330  32.356  -17.457  42.831 0.0000000000
55344  32.392  -17.148  42.556 0.0000000000
142578  32.679  -17.561  43.325 0.0000000000
53067  33.884  -19.516  46.060 0.0000000000
54217  33.684  -18.087  44.976 0.0000000000
54184  34.295  -18.725  46.105 0.0000000000
54203  34.708  -18.267  46.126 0.0000000000
53051  34.962  -19.142  47.004 0.0000000000
46627  26.728  -25.464  49.667 0.0000000000
46603  26.251  -25.528  50.755 0.0000000000
147940  26.154  -25.475  50.016 0.0000000000
146287  24.030  -24.914  48.957 0.0000000000
129002  24.350  -25.095  49.574 0.0000000000
47630  23.527  -24.834  49.522 0.0000000000
47631  22.665  -24.586  49.460 0.0000000000
47727  26.334  -24.353  44.307 0.0000000000
145714  26.945  -24.579  45.492 0.0000000000
47711  27.762  -24.371  45.293 0.0000000000
128738  27.399  -24.682  46.086 0.0000000000
47665  27.895  -24.811  46.791 0.0000000000
47693  26.904  -24.959  46.950 0.0000000000
46656  26.381  -25.299  48.414 0.0000000000
46655  27.153  -25.338  48.474 0.0000000000
129213  27.426  -25.473  49.694 0.0000000000
44415  23.658  -28.004  56.827 0.0000000000
148387  23.153  -28.435  57.252 0.0000000000
78747  59.622  4.626  24.663 0.0000000000
78748  58.868  4.357  24.791 0.0000000000
79757  58.584  4.921  26.209 0.0000000000
79756  58.948  5.031  26.355 0.0000000000
78727  59.986  5.076  26.687 0.0000000000
74595  57.355  0.770  30.118 0.0000000000
75642  58.018  1.005  30.237 0.0000000000
74585  58.402  0.876  30.999 0.0000000000
74571  60.341  0.969  32.451 0.0000000000
71344  47.875  -2.911  29.080 0.0000000000
70259  48.277  -3.508  29.575 0.0000000000
70239  50.476  -3.618  31.252 0.0000000000
130266  49.854  -3.774  30.719 0.0000000000
70231  51.129  -3.297  31.764 0.0000000000
65938  38.190  -6.942  37.091 0.0000000000
65926  39.032  -6.536  37.963 0.0000000000
65914  40.459  -7.020  38.885 0.0000000000
65900  40.726  -6.666  39.537 0.0000000000
66958  40.195  -5.392  39.561 0.0000000000
65883  41.016  -6.257  40.193 0.0000000000
131595  40.687  -17.663  44.391 0.0000000000
55322  40.459  -17.375  43.683 0.0000000000
55282  43.773  -17.881  46.457 0.0000000000
55293  42.679  -17.631  45.552 0.0000000000
56397  43.836  -16.793  45.387 0.0000000000
137873  43.456  -16.346  44.802 0.0000000000
56396  44.556  -16.533  45.609 0.0000000000
155631  53.578  3.744  22.400 0.0000000000
146827  55.335  3.718  22.758 0.0000000000
78774  55.189  4.300  22.027 0.0000000000
78792  55.178  4.752  21.263 0.0000000000
147969  55.805  4.617  21.707 0.0000000000
78791  56.508  4.758  21.779 0.0000000000
147027  56.821  4.471  22.380 0.0000000000
133382  57.520  4.428  22.822 0.0000000000
78756  58.794  4.500  23.642 0.0000000000
82994  58.961  8.466  14.259 0.0000000000
82993  59.904  8.745  14.669 0.0000000000
84027  60.481  9.307  14.240 0.0000000000
84015  60.700  9.107  15.178 0.0000000000
82972  60.229  8.423  16.425 0.0000000000
81934  59.564  7.876  16.846 0.0000000000
82961  60.452  8.214  17.374 0.0000000000
135543  59.041  7.416  17.491 0.0000000000
47659  33.079  -24.400  47.385 0.0000000000
47658  33.681  -24.266  47.600 0.0000000000
47641  33.456  -24.873  47.953 0.0000000000
45601  34.672  -27.138  50.132 0.0000000000
45618  35.066  -26.297  49.660 0.0000000000
45600  35.661  -26.706  50.272 0.0000000000
46597  35.999  -25.762  49.909 0.0000000000
45583  36.301  -27.347  50.938 0.0000000000
43290  18.420  -28.202  56.506 0.0000000000
43278  16.979  -28.111  58.047 0.0000000000
43262  16.906  -28.226  59.125 0.0000000000
43230  17.518  -28.469  61.048 0.0000000000
43245  16.858  -28.255  60.320 0.0000000000
130486  13.916  -27.839  57.895 0.0000000000
44419  14.449  -27.766  57.453 0.0000000000
76688  53.687  2.543  25.394 0.0000000000
76699  54.506  2.909  25.394 0.0000000000
76676  52.927  2.746  26.506 0.0000000000
77718  53.671  3.186  26.587 0.0000000000
77712  53.983  3.278  27.158 0.0000000000
76659  55.165  3.319  27.422 0.0000000000
76660  54.451  2.975  27.506 0.0000000000
138882  51.038  2.337  26.580 0.0000000000
76663  51.570  2.292  27.052 0.0000000000
134300  53.413  1.566  27.795 0.0000000000
147367  55.154  1.000  27.535 0.0000000000
74605  55.443  0.321  28.380 0.0000000000
74597  55.901  0.221  29.439 0.0000000000
73531  56.352  0.049  30.922 0.0000000000
69129  48.798  -4.719  33.805 0.0000000000
147603  49.273  -4.637  35.828 0.0000000000
132424  49.976  -4.393  35.719 0.0000000000
69098  50.522  -4.212  36.389 0.0000000000
70186  51.309  -3.876  36.238 0.0000000000
69090  51.082  -4.025  36.976 0.0000000000
69081  49.241  -4.172  38.194 0.0000000000
69092  49.498  -4.401  37.450 0.0000000000
70150  51.128  -3.306  38.984 0.0000000000
70149  52.043  -3.224  38.897 0.0000000000
71233  52.865  -3.036  38.888 0.0000000000
61810  40.965  -11.824  37.089 0.0000000000
61828  41.183  -10.925  37.122 0.0000000000
152085  41.417  -11.570  37.579 0.0000000000
77750  50.725  3.627  23.164 0.0000000000
76701  52.145  1.992  24.545 0.0000000000
76711  52.930  2.041  24.151 0.0000000000
76710  53.620  2.210  24.390 0.0000000000
41071  10.046  -31.118  55.003 0.0000000000
38734  8.946  -32.511  56.155 0.0000000000
39893  9.501  -31.718  56.268 0.0000000000
39883  9.117  -32.045  57.232 0.0000000000
39875  8.772  -32.140  58.241 0.0000000000
37621  7.791  -34.095  56.206 0.0000000000
37620  8.289  -33.682  56.683 0.0000000000
36498  8.003  -34.299  57.023 0.0000000000
69178  47.049  -4.127  29.739 0.0000000000
69169  46.379  -4.453  29.877 0.0000000000
68108  44.722  -5.418  30.474 0.0000000000
69171  44.917  -4.761  29.910 0.0000000000
148077  46.417  -5.052  30.494 0.0000000000
68106  46.472  -5.419  31.212 0.0000000000
131183  45.332  -6.351  32.845 0.0000000000
68061  46.028  -5.983  33.323 0.0000000000
67015  45.987  -6.012  34.176 0.0000000000
128967  43.976  -6.683  32.339 0.0000000000
67002  45.290  -6.292  35.343 0.0000000000
67001  45.963  -5.973  34.976 0.0000000000
68041  45.925  -5.940  35.791 0.0000000000
68031  45.787  -5.897  36.720 0.0000000000
68019  45.150  -6.000  37.454 0.0000000000
129692  45.980  -5.670  37.642 0.0000000000
67989  45.946  -5.179  39.183 0.0000000000
136162  45.161  -5.521  39.096 0.0000000000
55366  35.672  -17.418  40.379 0.0000000000
55365  36.673  -17.470  40.428 0.0000000000
55354  36.150  -17.648  41.338 0.0000000000
147279  33.487  -17.036  43.043 0.0000000000
55343  33.933  -17.215  43.521 0.0000000000
54216  36.826  -18.406  44.426 0.0000000000
55326  36.470  -18.075  43.587 0.0000000000
54231  37.265  -18.303  43.772 0.0000000000
55325  37.368  -18.108  43.144 0.0000000000
54230  37.828  -18.271  43.577 0.0000000000
54229  38.446  -18.253  43.766 0.0000000000
54200  38.273  -18.728  44.962 0.0000000000
54160  38.945  -19.266  47.113 0.0000000000
54178  40.061  -19.090  46.428 0.0000000000
54159  39.851  -19.354  47.424 0.0000000000
53048  40.617  -19.489  47.833 0.0000000000
53025  40.384  -19.417  48.835 0.0000000000
48686  34.889  -23.604  48.151 0.0000000000
49758  34.372  -22.034  47.246 0.0000000000
49736  35.327  -22.984  48.329 0.0000000000
50822  36.103  -22.204  48.908 0.0000000000
132765  36.379  -21.614  49.103 0.0000000000
50821  36.921  -21.172  49.524 0.0000000000
50793  39.314  -21.499  51.729 0.0000000000
49716  38.570  -22.025  51.060 0.0000000000
135160  38.122  -20.823  50.639 0.0000000000
51880  38.009  -20.099  50.307 0.0000000000
52991  38.677  -19.429  50.359 0.0000000000
53008  38.354  -19.163  49.463 0.0000000000
52975  39.144  -19.648  51.177 0.0000000000
54112  40.339  -19.211  51.233 0.0000000000
52988  41.610  -19.229  51.347 0.0000000000
148884  30.471  -26.346  55.699 0.0000000000
45528  29.670  -26.333  55.797 0.0000000000
45542  27.384  -26.270  54.866 0.0000000000
45531  26.923  -26.512  55.510 0.0000000000
46581  25.857  -25.612  51.525 0.0000000000
46546  23.988  -25.894  53.099 0.0000000000
46545  24.569  -26.027  53.571 0.0000000000
147122  24.391  -26.500  54.362 0.0000000000
129039  25.066  -26.521  54.710 0.0000000000
45533  24.600  -26.832  55.121 0.0000000000
44443  24.035  -27.265  55.547 0.0000000000
45545  23.546  -26.783  54.366 0.0000000000
45556  21.718  -26.786  53.249 0.0000000000
44458  22.399  -27.405  54.579 0.0000000000
145332  21.428  -28.104  55.221 0.0000000000
154866  20.976  -23.889  48.284 0.0000000000
47632  21.778  -24.398  49.405 0.0000000000
47633  20.889  -24.421  49.259 0.0000000000
47646  18.531  -24.709  48.085 0.0000000000
46659  18.864  -24.975  48.836 0.0000000000
46632  19.381  -25.208  49.588 0.0000000000
143795  19.937  -25.389  50.245 0.0000000000
46587  19.946  -25.782  50.876 0.0000000000
46586  20.630  -25.829  51.289 0.0000000000
45588  19.929  -26.293  51.597 0.0000000000
45569  18.662  -26.764  52.340 0.0000000000
152517  19.253  -26.808  52.398 0.0000000000
44501  19.206  -27.050  52.964 0.0000000000
44477  19.551  -27.442  53.626 0.0000000000
44478  18.809  -27.363  53.708 0.0000000000
149760  18.460  -27.547  54.438 0.0000000000
150563  16.429  -26.876  52.876 0.0000000000
154200  16.760  -26.997  53.456 0.0000000000
44480  16.098  -27.042  53.567 0.0000000000
44504  15.636  -27.004  52.884 0.0000000000
154619  15.068  -26.715  49.828 0.0000000000
45609  15.264  -26.796  50.512 0.0000000000
134385  13.887  -27.883  51.196 0.0000000000
129353  14.498  -27.611  52.070 0.0000000000
44506  14.170  -27.962  52.916 0.0000000000
44483  14.050  -28.065  53.707 0.0000000000
43360  13.502  -28.390  52.628 0.0000000000
43361  12.754  -28.855  52.271 0.0000000000
43341  12.253  -29.283  52.914 0.0000000000
42280  10.856  -29.485  51.976 0.0000000000
42263  10.402  -29.943  52.469 0.0000000000
41107  10.312  -30.488  53.407 0.0000000000
53133  30.869  -19.131  42.017 0.0000000000
53132  31.336  -18.708  42.481 0.0000000000
52002  31.179  -19.653  42.728 0.0000000000
139774  31.635  -19.685  43.467 0.0000000000
51983  31.269  -20.366  43.269 0.0000000000
50927  29.565  -21.679  41.986 0.0000000000
50949  29.706  -21.095  41.574 0.0000000000
49833  29.972  -21.860  42.696 0.0000000000
149745  30.629  -23.294  45.194 0.0000000000
153274  30.601  -22.505  44.184 0.0000000000
48748  31.101  -22.718  44.816 0.0000000000
49791  31.749  -22.104  44.794 0.0000000000
48713  32.045  -23.459  46.070 0.0000000000
142216  30.809  -24.536  47.615 0.0000000000
46679  31.339  -24.696  47.950 0.0000000000
46651  31.569  -24.970  48.507 0.0000000000
46622  31.851  -25.465  49.259 0.0000000000
131907  31.030  -25.024  49.086 0.0000000000
46654  28.520  -25.191  48.334 0.0000000000
46599  29.953  -25.427  50.328 0.0000000000
46598  31.128  -25.541  50.660 0.0000000000
146925  31.135  -25.700  51.661 0.0000000000
46555  31.680  -25.956  52.482 0.0000000000
46556  30.753  -25.799  52.572 0.0000000000
46540  29.589  -25.947  53.575 0.0000000000
46539  30.415  -25.928  53.382 0.0000000000
46528  30.210  -26.079  54.174 0.0000000000
155599  29.391  -26.954  58.280 0.0000000000
131548  19.231  -28.745  58.218 0.0000000000
129631  19.767  -28.962  59.062 0.0000000000
43242  19.450  -28.969  60.095 0.0000000000
41051  10.516  -30.489  56.637 0.0000000000
42190  11.048  -29.942  57.074 0.0000000000
41036  10.367  -30.319  57.550 0.0000000000
42149  9.666  -29.953  60.153 0.0000000000
151830  10.115  -29.889  59.151 0.0000000000
42140  10.103  -29.301  60.727 0.0000000000
43233  10.687  -28.806  61.162 0.0000000000
42128  9.878  -29.085  61.987 0.0000000000
79744  61.540  5.744  26.086 0.0000000000
137217  62.182  5.572  26.544 0.0000000000
138348  63.363  4.050  28.031 0.0000000000
78739  55.888  4.204  26.778 0.0000000000
78729  56.770  4.415  26.793 0.0000000000
78719  56.293  4.279  27.057 0.0000000000
76656  58.586  2.774  27.279 0.0000000000
77707  58.797  3.774  27.041 0.0000000000
76655  59.487  2.951  27.593 0.0000000000
77694  60.471  3.267  28.049 0.0000000000
75648  59.355  1.708  29.955 0.0000000000
75649  58.963  1.824  29.207 0.0000000000
76631  60.578  2.033  30.216 0.0000000000
76630  62.174  2.126  30.697 0.0000000000
76636  62.354  2.424  30.140 0.0000000000
76635  62.598  2.302  30.041 0.0000000000
73568  48.513  -0.594  28.272 0.0000000000
74612  48.067  0.124  27.981 0.0000000000
74610  49.964  0.568  27.999 0.0000000000
73566  50.355  -0.308  28.418 0.0000000000
71354  49.181  -2.244  28.912 0.0000000000
71339  52.200  -2.315  29.822 0.0000000000
72461  51.791  -1.942  29.037 0.0000000000
72460  52.639  -1.713  29.236 0.0000000000
72459  53.558  -1.345  29.524 0.0000000000
73522  55.101  -1.044  32.131 0.0000000000
73533  54.842  -0.984  31.472 0.0000000000
73521  55.953  -0.598  32.310 0.0000000000
73505  56.309  -0.698  33.055 0.0000000000
69117  50.044  -4.146  34.020 0.0000000000
69127  50.248  -3.956  33.367 0.0000000000
131885  52.168  -3.185  34.777 0.0000000000
70206  52.004  -2.964  33.857 0.0000000000
71290  52.643  -2.585  33.559 0.0000000000
72377  55.674  -1.617  35.489 0.0000000000
72370  54.832  -2.080  35.494 0.0000000000
72388  54.817  -1.880  34.517 0.0000000000
71288  54.008  -2.145  34.129 0.0000000000
72387  55.700  -1.428  34.607 0.0000000000
150334  41.342  -7.231  34.446 0.0000000000
65949  40.774  -7.065  35.149 0.0000000000
66985  38.792  -5.485  37.626 0.0000000000
66984  39.387  -5.337  37.579 0.0000000000
66982  42.057  -6.378  37.424 0.0000000000
66993  41.738  -6.719  36.575 0.0000000000
66981  43.210  -6.487  37.321 0.0000000000
66973  42.595  -6.036  38.186 0.0000000000
67973  43.348  -4.458  40.349 0.0000000000
130096  43.527  -5.559  39.239 0.0000000000
67972  44.301  -4.778  40.598 0.0000000000
69028  44.417  -4.089  41.422 0.0000000000
56437  40.239  -16.456  41.652 0.0000000000
56436  40.935  -16.039  42.022 0.0000000000
58497  41.795  -14.795  41.181 0.0000000000
57482  41.174  -15.227  40.786 0.0000000000
58505  41.536  -14.594  40.462 0.0000000000
58523  41.040  -14.119  38.977 0.0000000000
59635  41.593  -13.668  39.466 0.0000000000
153247  43.166  -12.738  41.282 0.0000000000
60748  42.622  -12.317  40.124 0.0000000000
61772  42.917  -11.511  40.256 0.0000000000
61771  43.306  -11.436  40.876 0.0000000000
55258  44.752  -17.601  50.496 0.0000000000
55266  44.773  -17.795  49.443 0.0000000000
55257  45.105  -16.961  50.048 0.0000000000
57410  45.983  -15.492  48.553 0.0000000000
138922  45.924  -15.814  47.830 0.0000000000
57420  46.192  -15.534  47.044 0.0000000000
57431  45.789  -15.876  46.355 0.0000000000
57430  46.226  -15.229  46.194 0.0000000000
60650  47.105  -12.601  45.310 0.0000000000
60632  47.310  -12.794  46.112 0.0000000000
137984  46.676  -13.192  44.885 0.0000000000
59568  46.171  -13.809  44.709 0.0000000000
136406  46.083  -13.107  44.324 0.0000000000
60690  45.202  -12.513  43.484 0.0000000000
137632  45.553  -11.896  43.608 0.0000000000
63784  45.120  -9.945  42.754 0.0000000000
62769  44.614  -10.387  42.328 0.0000000000
62782  44.244  -10.072  41.807 0.0000000000
62783  43.763  -10.232  41.233 0.0000000000
154307  43.684  -9.689  41.009 0.0000000000
63799  43.562  -9.217  40.756 0.0000000000
63798  44.014  -9.415  41.418 0.0000000000
141771  44.519  -7.811  42.062 0.0000000000
65864  43.858  -7.559  41.571 0.0000000000
66927  42.695  -6.367  41.633 0.0000000000
66906  43.525  -6.190  42.535 0.0000000000
136001  46.490  -7.501  45.022 0.0000000000
66872  46.172  -6.430  45.224 0.0000000000
66874  45.006  -5.793  44.265 0.0000000000
67915  43.883  -5.075  43.598 0.0000000000
147710  43.141  -5.486  42.682 0.0000000000
67916  43.238  -4.802  43.021 0.0000000000
69007  42.487  -3.720  41.815 0.0000000000
139157  43.372  -3.210  42.720 0.0000000000
82962  54.460  8.089  17.431 0.0000000000
78794  52.909  4.624  21.502 0.0000000000
147819  52.103  5.264  21.291 0.0000000000
79811  52.577  5.208  20.950 0.0000000000
80888  54.981  6.276  18.038 0.0000000000
80899  56.288  6.586  17.331 0.0000000000
80886  57.000  6.425  18.209 0.0000000000
80885  58.556  6.770  18.553 0.0000000000
80884  59.141  6.777  18.982 0.0000000000
79808  57.872  5.291  21.367 0.0000000000
79823  57.585  5.563  20.583 0.0000000000
80851  60.978  6.047  21.554 0.0000000000
80862  59.798  6.220  20.463 0.0000000000
80861  60.692  6.445  20.688 0.0000000000
81901  60.768  6.927  19.920 0.0000000000
81900  61.700  7.063  20.549 0.0000000000
81888  62.395  6.985  21.551 0.0000000000
154315  63.691  7.919  22.897 0.0000000000
84053  58.845  10.500  12.477 0.0000000000
152872  59.251  10.913  12.175 0.0000000000
85097  60.504  11.152  12.087 0.0000000000
85045  62.236  10.441  16.297 0.0000000000
45525  32.625  -26.948  55.939 0.0000000000
153794  12.898  -28.971  54.939 0.0000000000
43323  12.413  -29.231  55.314 0.0000000000
42189  11.693  -29.471  56.624 0.0000000000
42170  11.493  -29.361  57.456 0.0000000000
69065  47.394  -4.366  39.413 0.0000000000
53118  32.105  -18.832  43.719 0.0000000000
54232  32.661  -18.040  43.808 0.0000000000
53102  32.642  -18.949  44.410 0.0000000000
51962  33.373  -20.011  45.695 0.0000000000
51948  33.863  -20.401  46.328 0.0000000000
46657  25.553  -25.247  48.695 0.0000000000
147358  24.166  -24.828  48.190 0.0000000000
146331  23.444  -24.593  47.971 0.0000000000
47666  25.944  -24.867  46.831 0.0000000000
146820  25.718  -25.168  48.044 0.0000000000
43287  21.978  -28.656  56.664 0.0000000000
43273  22.404  -28.733  57.404 0.0000000000
147689  21.854  -28.976  58.182 0.0000000000
151891  21.441  -29.184  58.975 0.0000000000
78749  58.037  4.226  25.321 0.0000000000
78738  57.898  4.656  26.327 0.0000000000
78728  57.642  4.536  26.689 0.0000000000
137390  59.685  0.635  33.109 0.0000000000
135069  48.720  -3.951  30.144 0.0000000000
69166  49.157  -4.134  30.814 0.0000000000
64895  39.933  -8.334  36.921 0.0000000000
64882  40.257  -8.026  37.503 0.0000000000
147071  41.166  -7.881  38.548 0.0000000000
64860  41.597  -7.792  39.181 0.0000000000
54177  41.571  -18.911  46.597 0.0000000000
54196  42.328  -18.104  45.905 0.0000000000
143334  42.348  -18.604  46.498 0.0000000000
54175  43.351  -18.501  46.926 0.0000000000
54156  44.150  -18.249  47.323 0.0000000000
77761  53.940  3.121  22.936 0.0000000000
152390  57.289  3.971  23.620 0.0000000000
81985  57.454  7.894  14.834 0.0000000000
82983  58.902  8.069  15.197 0.0000000000
81951  58.880  7.784  16.076 0.0000000000
81952  58.126  7.453  16.269 0.0000000000
46649  33.055  -25.568  48.410 0.0000000000
46620  33.488  -26.153  48.977 0.0000000000
44532  34.420  -27.690  50.716 0.0000000000
44450  16.512  -27.545  55.813 0.0000000000
146205  16.909  -27.723  56.516 0.0000000000
44417  16.089  -27.846  57.883 0.0000000000
131921  13.165  -27.875  59.786 0.0000000000
44389  13.663  -27.866  59.303 0.0000000000
131926  52.399  2.169  25.422 0.0000000000
130773  52.937  2.515  25.758 0.0000000000
136912  52.371  2.567  26.141 0.0000000000
75680  51.149  1.879  27.423 0.0000000000
75679  51.970  1.941  27.551 0.0000000000
147091  52.836  0.834  27.995 0.0000000000
74606  54.751  0.347  27.891 0.0000000000
73562  54.144  -0.102  27.984 0.0000000000
139489  54.463  -0.437  28.693 0.0000000000
73553  54.353  -0.785  29.410 0.0000000000
69119  48.726  -4.823  34.671 0.0000000000
69108  48.695  -4.875  35.480 0.0000000000
69099  49.608  -4.522  36.560 0.0000000000
128568  50.251  -3.372  39.152 0.0000000000
39918  9.292  -31.554  54.420 0.0000000000
134379  9.112  -32.136  55.548 0.0000000000
67062  45.021  -5.935  31.253 0.0000000000
68091  45.853  -5.791  31.609 0.0000000000
67044  45.235  -6.192  32.039 0.0000000000
147507  43.106  -7.034  33.710 0.0000000000
67018  43.915  -6.851  34.028 0.0000000000
147493  44.640  -6.498  35.689 0.0000000000
68020  44.470  -6.023  38.019 0.0000000000
55367  34.778  -17.245  40.670 0.0000000000
55296  34.848  -17.930  45.403 0.0000000000
55295  35.445  -18.025  45.262 0.0000000000
54202  36.251  -18.395  45.452 0.0000000000
54201  37.313  -18.696  45.166 0.0000000000
131691  37.862  -18.892  45.999 0.0000000000
152429  38.186  -19.115  47.626 0.0000000000
143638  38.374  -19.135  48.131 0.0000000000
47628  35.725  -24.301  49.143 0.0000000000
49735  35.817  -22.848  48.770 0.0000000000
48675  36.437  -23.987  49.668 0.0000000000
49725  36.591  -23.185  49.657 0.0000000000
49718  37.135  -22.852  50.097 0.0000000000
49701  40.024  -22.011  52.138 0.0000000000
52974  39.747  -19.674  51.698 0.0000000000
151488  28.957  -25.986  53.791 0.0000000000
46521  29.095  -26.235  55.034 0.0000000000
46541  28.349  -25.976  53.692 0.0000000000
134376  27.717  -25.970  53.637 0.0000000000
46531  27.076  -26.042  54.031 0.0000000000
131760  24.342  -25.524  51.813 0.0000000000
46562  23.765  -25.675  52.409 0.0000000000
45566  23.201  -26.045  53.043 0.0000000000
128938  23.057  -26.586  53.786 0.0000000000
46660  18.000  -25.220  48.574 0.0000000000
46609  18.715  -25.661  49.959 0.0000000000
45605  19.218  -26.142  51.145 0.0000000000
45570  17.768  -26.695  52.245 0.0000000000
45571  16.874  -26.710  52.180 0.0000000000
43377  12.340  -28.665  51.325 0.0000000000
52003  30.615  -20.100  42.075 0.0000000000
48768  29.258  -23.135  43.669 0.0000000000
49815  29.658  -22.532  43.179 0.0000000000
48730  30.512  -23.682  45.785 0.0000000000
48714  31.152  -23.842  46.267 0.0000000000
47691  30.377  -24.082  46.454 0.0000000000
46680  30.026  -24.674  47.934 0.0000000000
129214  28.286  -25.452  49.754 0.0000000000
46600  28.775  -25.487  50.574 0.0000000000
46577  29.511  -25.545  51.259 0.0000000000
139576  30.134  -25.635  51.924 0.0000000000
41011  9.155  -30.551  59.942 0.0000000000
79733  62.510  5.136  27.210 0.0000000000
143921  62.455  4.600  27.816 0.0000000000
77703  63.286  3.366  28.623 0.0000000000
76654  63.383  2.809  28.370 0.0000000000
75657  63.184  2.297  28.833 0.0000000000
77710  55.815  3.773  27.291 0.0000000000
77709  56.754  4.089  27.202 0.0000000000
76657  57.654  2.971  26.973 0.0000000000
76639  59.016  2.276  28.284 0.0000000000
131511  60.873  1.684  31.253 0.0000000000
71328  51.076  -3.006  30.132 0.0000000000
71327  51.719  -2.760  30.420 0.0000000000
71326  52.431  -2.405  30.720 0.0000000000
72448  53.645  -1.537  30.630 0.0000000000
72437  53.677  -1.648  31.510 0.0000000000
72436  54.322  -1.350  31.888 0.0000000000
132205  50.971  -3.796  34.856 0.0000000000
71260  52.835  -2.971  35.177 0.0000000000
68011  39.452  -4.968  38.364 0.0000000000
68010  39.918  -4.793  38.557 0.0000000000
68009  40.626  -4.643  38.656 0.0000000000
68008  41.575  -5.104  38.673 0.0000000000
68007  42.581  -5.394  39.015 0.0000000000
69052  42.503  -3.854  40.518 0.0000000000
57458  41.977  -15.824  43.102 0.0000000000
57466  41.683  -15.571  42.332 0.0000000000
57465  42.439  -15.084  42.617 0.0000000000
151813  42.556  -14.589  42.069 0.0000000000
58504  42.128  -14.203  40.860 0.0000000000
59621  42.346  -13.616  40.614 0.0000000000
59611  42.628  -13.765  41.232 0.0000000000
59610  43.174  -13.273  41.655 0.0000000000
60708  43.532  -12.447  41.689 0.0000000000
56366  45.554  -16.322  49.711 0.0000000000
57391  46.092  -15.959  50.411 0.0000000000
57401  46.047  -15.531  49.430 0.0000000000
57409  46.275  -14.899  48.799 0.0000000000
61725  46.097  -11.675  44.038 0.0000000000
61741  46.201  -10.989  44.023 0.0000000000
62756  45.548  -10.280  43.315 0.0000000000
151724  45.197  -9.253  42.703 0.0000000000
64824  44.359  -8.580  41.764 0.0000000000
64806  45.476  -8.818  43.043 0.0000000000
79827  53.279  5.372  20.318 0.0000000000
79847  55.212  5.907  18.667 0.0000000000
80875  56.509  6.086  18.776 0.0000000000
80874  57.169  6.126  19.088 0.0000000000
151036  57.801  6.182  19.426 0.0000000000
79792  59.011  5.159  22.149 0.0000000000
79806  59.525  5.506  21.738 0.0000000000
79805  60.374  5.615  22.047 0.0000000000
80850  61.897  6.356  22.022 0.0000000000
85085  60.865  10.506  12.781 0.0000000000
85096  61.509  11.678  12.320 0.0000000000
86172  62.555  12.491  12.721 0.0000000000
83990  62.647  10.099  17.897 0.0000000000
85017  63.991  11.178  19.295 0.0000000000
45585  32.689  -26.659  51.936 0.0000000000
151240  32.828  -26.821  52.741 0.0000000000
45564  33.337  -27.216  53.378 0.0000000000
45538  33.363  -27.131  55.037 0.0000000000
141644  14.316  -27.740  55.317 0.0000000000
44434  14.681  -27.648  56.054 0.0000000000
44435  13.854  -27.871  55.983 0.0000000000
149970  13.523  -27.922  56.578 0.0000000000
44420  13.673  -27.865  57.232 0.0000000000
43293  12.610  -28.508  56.741 0.0000000000
44421  12.983  -28.118  56.961 0.0000000000
44407  13.085  -27.982  57.877 0.0000000000
147268  12.537  -28.002  59.627 0.0000000000
44379  12.042  -28.137  60.075 0.0000000000
146846  11.544  -27.944  61.977 0.0000000000
76678  50.257  2.151  26.922 0.0000000000
76665  50.500  1.847  27.300 0.0000000000
74633  50.650  1.319  27.726 0.0000000000
74609  50.827  0.581  28.185 0.0000000000
68028  48.115  -5.047  36.747 0.0000000000
69093  48.196  -4.779  37.572 0.0000000000
70168  48.930  -3.880  38.910 0.0000000000
69064  48.162  -4.071  39.174 0.0000000000
70152  48.696  -3.610  39.667 0.0000000000
70151  49.457  -3.455  39.393 0.0000000000
38752  7.397  -32.536  54.423 0.0000000000
37627  7.401  -33.784  55.411 0.0000000000
36499  7.340  -34.816  56.606 0.0000000000
37628  6.276  -34.003  55.404 0.0000000000
153979  7.081  -35.580  57.778 0.0000000000
150963  42.479  -7.049  34.840 0.0000000000
56417  32.848  -17.045  42.918 0.0000000000
55328  33.229  -17.383  43.622 0.0000000000
54218  33.172  -18.004  44.361 0.0000000000
55312  33.586  -17.710  44.372 0.0000000000
55311  34.204  -17.754  44.858 0.0000000000
55297  34.659  -18.074  45.692 0.0000000000
138971  35.336  -18.303  46.558 0.0000000000
138952  36.001  -18.385  47.283 0.0000000000
130253  27.482  -25.561  51.097 0.0000000000
146344  27.284  -25.654  51.776 0.0000000000
46580  26.755  -25.595  51.320 0.0000000000
46628  25.303  -25.331  49.591 0.0000000000
128961  24.664  -25.299  50.351 0.0000000000
130031  24.078  -25.280  51.019 0.0000000000
46604  23.234  -25.021  50.902 0.0000000000
46605  22.413  -24.910  50.774 0.0000000000
46661  17.143  -25.409  48.349 0.0000000000
155179  16.928  -25.933  49.378 0.0000000000
45624  16.331  -26.209  49.651 0.0000000000
45625  15.393  -26.418  49.327 0.0000000000
47726  27.683  -24.173  44.561 0.0000000000
47664  28.858  -24.592  46.850 0.0000000000
46682  28.288  -24.990  47.546 0.0000000000
144793  27.699  -25.249  48.101 0.0000000000
46683  26.967  -25.211  47.832 0.0000000000
46626  27.819  -25.384  48.937 0.0000000000
78746  60.318  4.836  24.323 0.0000000000
79763  60.914  5.409  24.975 0.0000000000
79754  60.676  5.563  25.898 0.0000000000
79745  60.423  5.342  26.403 0.0000000000
79755  59.713  5.298  26.222 0.0000000000
78726  60.897  5.170  26.724 0.0000000000
78716  61.089  4.814  27.130 0.0000000000
75660  58.267  1.674  28.725 0.0000000000
75631  59.153  1.157  31.125 0.0000000000
75630  59.975  1.261  31.580 0.0000000000
71343  48.736  -2.877  29.242 0.0000000000
71342  49.558  -2.807  29.412 0.0000000000
137649  49.822  -3.354  29.990 0.0000000000
70238  51.164  -3.201  30.892 0.0000000000
71301  52.421  -2.500  32.184 0.0000000000
70163  53.107  -3.220  37.748 0.0000000000
66997  37.921  -6.394  36.556 0.0000000000
65928  38.032  -6.198  36.996 0.0000000000
150564  38.407  -5.828  37.092 0.0000000000
65916  38.737  -5.499  38.028 0.0000000000
65915  39.250  -6.101  38.539 0.0000000000
66974  39.202  -5.269  38.403 0.0000000000
66959  39.623  -4.962  38.761 0.0000000000
151509  40.697  -5.360  40.186 0.0000000000
67975  40.897  -4.682  40.304 0.0000000000
132267  39.092  -17.681  42.746 0.0000000000
55350  39.248  -17.318  42.035 0.0000000000
55336  40.251  -17.171  43.089 0.0000000000
56416  40.835  -16.856  43.280 0.0000000000
56415  41.545  -16.520  43.554 0.0000000000
128705  41.892  -17.803  45.344 0.0000000000
55306  42.247  -17.199  44.933 0.0000000000
56414  42.294  -16.207  43.844 0.0000000000
57449  43.067  -15.910  44.152 0.0000000000
57448  43.827  -15.649  44.433 0.0000000000
57447  44.539  -15.423  44.719 0.0000000000
78777  51.854  4.467  22.156 0.0000000000
79793  58.190  5.011  22.232 0.0000000000
78772  58.895  4.865  22.821 0.0000000000
78755  59.571  4.708  23.622 0.0000000000
84041  58.071  9.432  13.389 0.0000000000
140770  59.189  9.521  12.849 0.0000000000
83010  58.096  8.640  13.776 0.0000000000
84040  58.706  8.994  13.397 0.0000000000
84039  60.167  9.607  13.199 0.0000000000
84038  61.193  10.079  13.776 0.0000000000
85072  62.127  10.849  14.308 0.0000000000
85071  62.936  12.065  15.058 0.0000000000
85058  62.173  10.643  15.361 0.0000000000
82982  60.134  8.611  15.560 0.0000000000
84003  60.804  8.933  16.061 0.0000000000
84002  61.531  9.375  16.684 0.0000000000
82960  61.207  8.766  17.384 0.0000000000
82949  61.078  8.324  18.077 0.0000000000
81918  60.505  7.784  18.298 0.0000000000
49774  32.611  -22.671  45.889 0.0000000000
49773  33.190  -22.191  46.181 0.0000000000
48712  33.223  -23.002  46.515 0.0000000000
48694  34.177  -23.671  47.591 0.0000000000
47639  35.086  -24.170  48.558 0.0000000000
46648  33.918  -25.382  48.493 0.0000000000
47629  34.858  -24.932  48.773 0.0000000000
46596  36.680  -25.337  50.185 0.0000000000
44519  33.934  -27.836  51.243 0.0000000000
44518  34.841  -28.138  51.368 0.0000000000
44517  35.837  -28.165  51.562 0.0000000000
44497  36.274  -28.479  52.718 0.0000000000
47697  23.464  -24.419  46.529 0.0000000000
43305  19.272  -28.326  55.979 0.0000000000
43289  19.949  -28.666  56.607 0.0000000000
147595  19.174  -28.496  56.777 0.0000000000
43260  18.385  -28.541  58.427 0.0000000000
43291  17.547  -28.058  57.075 0.0000000000
150678  17.814  -28.331  57.915 0.0000000000
43243  18.187  -28.554  59.386 0.0000000000
43229  18.043  -28.578  60.358 0.0000000000
44418  15.009  -27.666  56.851 0.0000000000
129368  15.253  -27.769  57.712 0.0000000000
44404  15.491  -27.896  58.742 0.0000000000
44388  14.526  -27.850  59.318 0.0000000000
44387  15.430  -27.930  59.984 0.0000000000
44403  16.188  -28.088  59.552 0.0000000000
77736  55.268  3.368  25.450 0.0000000000
129694  54.700  3.625  26.189 0.0000000000
129948  55.116  3.831  26.739 0.0000000000
77717  54.330  3.537  26.693 0.0000000000
154225  55.298  3.781  27.241 0.0000000000
133042  55.858  2.543  27.315 0.0000000000
75675  56.617  1.633  27.461 0.0000000000
75678  52.848  2.286  27.511 0.0000000000
133349  53.674  2.592  27.518 0.0000000000
135031  55.820  1.533  27.461 0.0000000000
75651  56.793  1.017  28.479 0.0000000000
74596  56.714  0.639  29.575 0.0000000000
74587  56.883  0.474  30.518 0.0000000000
74574  57.082  0.298  31.271 0.0000000000
74565  57.331  0.109  32.039 0.0000000000
69143  48.227  -4.848  32.186 0.0000000000
134306  49.066  -4.421  32.157 0.0000000000
69128  49.532  -4.353  33.498 0.0000000000
69106  50.210  -4.191  34.819 0.0000000000
69100  48.850  -4.714  37.063 0.0000000000
70166  50.629  -3.714  38.417 0.0000000000
70178  50.889  -3.939  37.677 0.0000000000
70177  51.554  -3.817  37.436 0.0000000000
70176  52.322  -3.573  37.471 0.0000000000
71232  53.202  -3.070  38.355 0.0000000000
62861  40.599  -10.488  36.523 0.0000000000
62829  42.085  -10.231  38.309 0.0000000000
52986  43.396  -19.098  51.117 0.0000000000
53005  43.757  -19.268  49.411 0.0000000000
55246  44.874  -17.261  51.569 0.0000000000
77763  52.154  3.574  22.670 0.0000000000
77748  52.403  2.544  23.439 0.0000000000
77746  54.223  2.550  23.753 0.0000000000
81954  55.339  7.714  16.347 0.0000000000
42209  11.238  -30.153  55.216 0.0000000000
41037  9.796  -31.047  57.164 0.0000000000
39868  8.704  -31.636  59.100 0.0000000000
37626  8.274  -33.323  55.861 0.0000000000
38735  8.680  -32.991  56.849 0.0000000000
38725  8.385  -32.954  58.428 0.0000000000
37608  8.044  -32.837  59.381 0.0000000000
69158  47.100  -5.084  30.927 0.0000000000
69157  47.625  -5.011  31.480 0.0000000000
68089  47.334  -5.249  32.147 0.0000000000
68072  47.623  -5.229  32.802 0.0000000000
68059  47.453  -5.350  33.591 0.0000000000
68073  46.839  -5.600  32.875 0.0000000000
68049  47.273  -5.459  34.604 0.0000000000
68039  47.404  -5.415  35.525 0.0000000000
134253  44.752  -6.603  34.070 0.0000000000
68040  46.674  -5.667  35.363 0.0000000000
152477  47.002  -5.540  35.851 0.0000000000
141721  46.757  -5.247  37.876 0.0000000000
68004  46.862  -4.889  38.770 0.0000000000
69066  46.585  -4.718  39.661 0.0000000000
69049  46.235  -4.648  40.562 0.0000000000
132769  36.363  -17.251  39.626 0.0000000000
55364  37.509  -17.383  40.534 0.0000000000
55352  37.810  -17.620  41.429 0.0000000000
56441  33.117  -16.642  41.402 0.0000000000
56440  34.123  -17.005  41.448 0.0000000000
55342  34.880  -17.494  43.166 0.0000000000
134281  35.399  -17.593  42.219 0.0000000000
135654  36.220  -17.775  42.164 0.0000000000
55353  36.947  -17.792  41.825 0.0000000000
55339  37.611  -17.887  42.367 0.0000000000
141547  38.949  -17.967  43.394 0.0000000000
55308  39.263  -18.135  44.060 0.0000000000
54198  40.194  -18.650  45.570 0.0000000000
131370  38.839  -18.843  45.493 0.0000000000
128786  40.917  -18.732  46.055 0.0000000000
53047  41.493  -19.344  47.350 0.0000000000
144891  42.092  -19.739  49.097 0.0000000000
49759  33.724  -22.143  46.671 0.0000000000
50858  34.140  -21.246  46.808 0.0000000000
143368  34.793  -21.199  47.431 0.0000000000
49746  35.482  -22.211  48.335 0.0000000000
50846  35.408  -21.323  48.057 0.0000000000
51932  35.345  -20.393  47.722 0.0000000000
53050  35.421  -19.350  47.476 0.0000000000
53028  35.957  -19.554  48.070 0.0000000000
53027  36.639  -18.869  48.259 0.0000000000
48667  37.699  -23.381  50.434 0.0000000000
49717  37.826  -22.491  50.538 0.0000000000
50807  37.961  -21.596  50.618 0.0000000000
50808  37.294  -21.926  50.092 0.0000000000
51898  37.445  -20.201  49.713 0.0000000000
53010  37.121  -19.160  48.804 0.0000000000
53026  37.314  -18.819  48.425 0.0000000000
54129  37.889  -18.965  48.808 0.0000000000
54128  38.520  -19.167  49.212 0.0000000000
54127  39.235  -19.208  49.620 0.0000000000
54099  39.923  -19.285  51.241 0.0000000000
54113  39.776  -19.182  50.501 0.0000000000
54126  40.044  -19.176  49.778 0.0000000000
132857  41.135  -19.491  49.487 0.0000000000
141448  42.138  -19.614  50.179 0.0000000000
145182  43.245  -19.499  50.251 0.0000000000
134883  31.393  -26.836  57.114 0.0000000000
45502  29.832  -26.768  57.663 0.0000000000
45503  28.918  -26.735  57.514 0.0000000000
45529  28.828  -26.366  55.836 0.0000000000
129983  28.105  -26.471  56.023 0.0000000000
129566  28.117  -26.688  56.933 0.0000000000
45517  27.349  -26.671  56.345 0.0000000000
129216  26.815  -26.898  56.895 0.0000000000
45519  25.613  -26.965  56.174 0.0000000000
46543  26.325  -25.919  53.359 0.0000000000
46532  26.331  -26.129  54.144 0.0000000000
46544  25.383  -25.929  53.371 0.0000000000
144787  25.812  -26.083  53.927 0.0000000000
45544  25.789  -26.371  54.626 0.0000000000
45532  25.337  -26.730  55.317 0.0000000000
44427  24.968  -27.372  56.503 0.0000000000
44428  24.262  -27.566  56.311 0.0000000000
44429  23.417  -27.770  56.005 0.0000000000
131739  22.884  -27.001  54.352 0.0000000000
44430  22.672  -27.939  55.762 0.0000000000
146561  21.926  -28.354  55.938 0.0000000000
43303  21.079  -28.522  55.841 0.0000000000
44446  20.631  -28.231  55.203 0.0000000000
47669  22.907  -24.383  47.432 0.0000000000
136384  22.852  -24.440  48.179 0.0000000000
47643  22.343  -24.338  48.749 0.0000000000
47622  22.108  -24.655  50.106 0.0000000000
46606  21.620  -24.956  50.640 0.0000000000
47634  20.032  -24.640  49.116 0.0000000000
152093  19.456  -24.818  49.007 0.0000000000
149373  21.231  -25.410  51.072 0.0000000000
46585  21.355  -25.808  51.646 0.0000000000
45557  20.801  -26.832  52.786 0.0000000000
45568  19.890  -26.785  52.391 0.0000000000
44476  20.911  -27.343  53.596 0.0000000000
44460  20.207  -27.638  53.971 0.0000000000
145050  20.215  -27.947  54.646 0.0000000000
44447  19.791  -28.165  55.201 0.0000000000
131179  18.896  -27.891  55.161 0.0000000000
137830  18.004  -27.638  55.155 0.0000000000
44479  17.409  -27.124  53.655 0.0000000000
44462  17.617  -27.382  54.400 0.0000000000
44449  17.108  -27.474  55.094 0.0000000000
44464  15.826  -27.256  54.286 0.0000000000
44465  15.027  -27.461  54.450 0.0000000000
45608  16.022  -26.563  50.584 0.0000000000
44523  14.739  -27.190  51.144 0.0000000000
44522  15.217  -27.111  52.094 0.0000000000
44466  14.212  -27.860  54.469 0.0000000000
43321  13.598  -28.419  54.191 0.0000000000
43340  13.170  -28.832  53.342 0.0000000000
134447  13.106  -28.964  54.296 0.0000000000
42262  11.340  -29.628  52.666 0.0000000000
41108  9.366  -30.789  53.171 0.0000000000
39933  8.988  -31.299  53.664 0.0000000000
150177  31.848  -17.261  42.170 0.0000000000
54243  31.778  -17.957  42.648 0.0000000000
53103  32.074  -19.785  44.136 0.0000000000
51973  32.149  -20.655  44.525 0.0000000000
50881  32.250  -21.458  44.961 0.0000000000
50926  30.215  -21.040  42.211 0.0000000000
49814  30.438  -22.053  43.495 0.0000000000
50901  31.084  -21.219  43.524 0.0000000000
50882  31.672  -21.363  44.296 0.0000000000
49790  32.285  -22.157  45.319 0.0000000000
48696  32.683  -23.810  46.742 0.0000000000
47660  32.325  -24.466  47.317 0.0000000000
47661  31.534  -24.493  47.402 0.0000000000
46650  32.328  -25.321  48.477 0.0000000000
45621  32.393  -26.070  49.816 0.0000000000
46652  30.218  -24.992  48.813 0.0000000000
46624  29.634  -25.278  49.380 0.0000000000
46623  30.451  -25.262  49.611 0.0000000000
128576  31.166  -25.364  49.832 0.0000000000
45604  32.085  -25.880  50.752 0.0000000000
142906  32.061  -25.972  51.683 0.0000000000
45553  32.126  -26.305  53.325 0.0000000000
45540  31.739  -26.295  54.116 0.0000000000
45526  31.879  -26.621  55.726 0.0000000000
43259  20.133  -28.938  58.124 0.0000000000
130124  20.648  -29.150  59.066 0.0000000000
137945  11.183  -30.059  56.190 0.0000000000
41024  10.236  -30.088  58.391 0.0000000000
145639  10.643  -29.599  58.690 0.0000000000
43265  11.066  -29.108  59.135 0.0000000000
43248  10.860  -28.964  60.094 0.0000000000
142242  11.226  -28.233  61.616 0.0000000000
80801  62.563  5.987  26.080 0.0000000000
130683  56.352  4.267  26.261 0.0000000000
79736  58.173  4.649  26.671 0.0000000000
77708  57.677  4.273  27.086 0.0000000000
78717  58.101  4.637  27.054 0.0000000000
142946  59.333  4.609  26.940 0.0000000000
76637  60.921  2.713  29.197 0.0000000000
77684  61.870  3.067  29.473 0.0000000000
76634  62.781  2.731  29.528 0.0000000000
74635  48.547  0.958  27.734 0.0000000000
145732  48.870  -1.149  28.479 0.0000000000
72474  49.509  -1.410  28.636 0.0000000000
72462  50.883  -2.021  29.003 0.0000000000
72473  50.389  -1.226  28.672 0.0000000000
151656  50.767  -0.702  28.556 0.0000000000
73564  51.779  -0.426  28.434 0.0000000000
134395  52.525  -0.635  28.366 0.0000000000
72470  53.021  -1.126  28.586 0.0000000000
128669  54.832  -0.610  30.040 0.0000000000
73543  54.894  -0.746  30.797 0.0000000000
69142  49.759  -4.145  32.618 0.0000000000
69141  50.473  -3.752  32.779 0.0000000000
136964  51.341  -3.327  33.759 0.0000000000
128834  51.032  -3.376  32.574 0.0000000000
71291  52.222  -2.697  33.001 0.0000000000
71250  53.735  -2.845  36.462 0.0000000000
71259  53.525  -2.775  35.561 0.0000000000
71249  54.566  -2.361  36.356 0.0000000000
71272  53.419  -2.578  34.673 0.0000000000
72407  53.843  -1.957  33.227 0.0000000000
72405  56.000  -1.064  33.760 0.0000000000
130094  56.992  -0.402  33.140 0.0000000000
134691  57.698  -0.303  33.735 0.0000000000
67005  42.214  -6.972  35.571 0.0000000000
67008  38.793  -6.308  36.087 0.0000000000
67007  39.905  -6.557  35.985 0.0000000000
66994  40.208  -6.214  36.723 0.0000000000
67006  41.140  -6.890  35.848 0.0000000000
142224  42.912  -6.864  36.053 0.0000000000
151846  43.693  -6.235  37.861 0.0000000000
68006  44.436  -5.773  38.823 0.0000000000
67990  45.165  -5.288  39.930 0.0000000000
69050  45.306  -4.877  40.742 0.0000000000
56438  39.482  -16.831  41.330 0.0000000000
56450  40.022  -16.251  40.854 0.0000000000
57474  41.413  -15.394  41.561 0.0000000000
57483  40.490  -15.627  40.413 0.0000000000
60785  41.636  -12.557  38.583 0.0000000000
59634  42.209  -13.152  39.952 0.0000000000
60765  42.158  -12.433  39.352 0.0000000000
61796  41.742  -11.729  38.215 0.0000000000
138305  42.267  -11.081  38.738 0.0000000000
62828  42.555  -10.222  39.095 0.0000000000
54138  44.309  -18.659  48.917 0.0000000000
55273  44.747  -17.974  48.264 0.0000000000
134190  44.783  -17.635  47.417 0.0000000000
55272  45.240  -17.153  47.914 0.0000000000
55291  44.866  -16.875  46.263 0.0000000000
56395  45.242  -16.244  45.874 0.0000000000
57439  44.905  -15.848  45.280 0.0000000000
58475  44.858  -14.831  44.506 0.0000000000
58435  46.511  -14.388  48.133 0.0000000000
60615  47.228  -12.949  47.048 0.0000000000
59526  47.052  -13.646  46.308 0.0000000000
154322  46.778  -14.163  46.685 0.0000000000
58467  46.195  -14.428  45.202 0.0000000000
58474  45.522  -14.452  44.664 0.0000000000
58482  44.836  -14.202  44.089 0.0000000000
59586  44.817  -13.350  43.561 0.0000000000
60691  44.484  -12.592  42.923 0.0000000000
61756  43.943  -11.658  41.961 0.0000000000
61743  44.966  -11.721  43.058 0.0000000000
61755  44.492  -11.208  42.457 0.0000000000
61764  43.650  -11.088  41.323 0.0000000000
62795  43.271  -10.717  40.520 0.0000000000
62811  42.981  -10.094  39.895 0.0000000000
63837  42.708  -9.482  39.459 0.0000000000
63820  42.767  -8.843  39.784 0.0000000000
64859  42.391  -8.121  39.765 0.0000000000
138098  42.427  -7.590  40.254 0.0000000000
64825  43.764  -8.514  41.129 0.0000000000
139335  43.355  -7.771  41.013 0.0000000000
65881  42.740  -7.321  40.761 0.0000000000
65866  42.327  -6.554  41.123 0.0000000000
64782  45.670  -7.150  43.786 0.0000000000
65831  45.133  -6.822  43.301 0.0000000000
66873  45.579  -6.055  44.682 0.0000000000
66890  45.339  -6.418  44.012 0.0000000000
65832  44.333  -6.465  42.884 0.0000000000
67933  42.069  -4.578  41.719 0.0000000000
69030  41.998  -3.700  40.917 0.0000000000
70123  42.713  -3.477  41.305 0.0000000000
70122  43.271  -3.300  41.769 0.0000000000
70102  43.755  -2.994  42.598 0.0000000000
70121  43.887  -3.176  42.077 0.0000000000
81955  54.728  7.776  16.914 0.0000000000
81937  54.978  7.073  16.930 0.0000000000
80912  55.789  6.991  16.589 0.0000000000
80911  56.573  6.908  16.681 0.0000000000
81935  58.157  7.165  17.191 0.0000000000
80897  57.908  6.767  17.987 0.0000000000
81920  58.590  7.069  17.915 0.0000000000
134917  59.993  7.370  18.518 0.0000000000
79835  58.112  5.974  20.036 0.0000000000
80863  58.964  6.108  20.219 0.0000000000
79821  59.263  5.811  20.990 0.0000000000
80873  59.533  6.551  19.664 0.0000000000
81910  60.176  6.852  19.554 0.0000000000
137850  60.536  7.318  19.119 0.0000000000
81899  62.387  7.909  20.155 0.0000000000
129773  63.297  7.841  22.140 0.0000000000
36500  6.436  -35.051  56.355 0.0000000000
43244  17.517  -28.411  59.777 0.0000000000
43247  11.557  -28.597  59.607 0.0000000000
43272  23.173  -28.679  58.010 0.0000000000
44390  12.904  -27.972  58.914 0.0000000000
44412  26.056  -27.374  57.643 0.0000000000
44432  16.298  -27.637  56.530 0.0000000000
45495  28.789  -27.053  58.523 0.0000000000
45511  33.201  -27.260  56.393 0.0000000000
45516  28.647  -26.532  56.556 0.0000000000
45518  26.489  -26.779  56.189 0.0000000000
45523  34.052  -27.414  55.557 0.0000000000
45524  33.351  -27.214  55.735 0.0000000000
45534  23.944  -26.932  54.912 0.0000000000
45546  22.315  -26.963  53.956 0.0000000000
46522  28.207  -26.278  55.114 0.0000000000
46527  30.943  -26.087  53.962 0.0000000000
46529  29.386  -26.092  54.299 0.0000000000
46619  34.486  -25.853  49.097 0.0000000000
47667  25.446  -24.947  47.462 0.0000000000
48668  36.992  -23.694  50.116 0.0000000000
48676  36.091  -23.441  49.200 0.0000000000
48695  33.469  -23.722  47.120 0.0000000000
49747  34.764  -22.769  47.773 0.0000000000
49792  30.328  -23.035  44.598 0.0000000000
50806  38.606  -21.116  51.184 0.0000000000
50833  36.397  -20.835  48.915 0.0000000000
50834  35.935  -21.481  48.629 0.0000000000
51879  38.615  -20.203  50.922 0.0000000000
51899  36.937  -20.107  49.167 0.0000000000
51933  34.666  -20.176  47.057 0.0000000000
52973  40.454  -19.433  51.970 0.0000000000
52990  39.389  -19.318  50.837 0.0000000000
52992  37.958  -19.367  49.744 0.0000000000
53045  42.882  -19.292  47.875 0.0000000000
53049  36.067  -18.644  47.718 0.0000000000
53083  33.647  -18.959  45.507 0.0000000000
53084  32.985  -19.546  45.103 0.0000000000
54111  43.857  -18.984  50.562 0.0000000000
54139  43.268  -19.376  48.505 0.0000000000
54141  38.847  -19.189  48.818 0.0000000000
54142  38.018  -19.015  48.601 0.0000000000
54143  37.378  -18.866  48.230 0.0000000000
54158  42.768  -18.925  47.206 0.0000000000
54179  39.413  -18.957  45.969 0.0000000000
54183  34.876  -18.587  46.610 0.0000000000
54197  41.681  -18.369  45.928 0.0000000000
54199  39.545  -18.651  45.273 0.0000000000
54213  39.989  -18.211  44.761 0.0000000000
54214  38.591  -18.455  44.341 0.0000000000
55245  45.144  -16.961  50.919 0.0000000000
55280  45.179  -17.116  47.018 0.0000000000
55292  44.170  -17.194  46.001 0.0000000000
55298  34.062  -17.887  45.095 0.0000000000
55310  34.991  -17.760  44.708 0.0000000000
55321  41.135  -17.107  43.985 0.0000000000
55323  39.708  -17.634  43.364 0.0000000000
55329  32.753  -17.367  43.151 0.0000000000
55337  39.770  -17.254  42.623 0.0000000000
55341  35.842  -17.786  42.912 0.0000000000
56384  45.573  -16.472  47.527 0.0000000000
56406  42.656  -16.594  44.531 0.0000000000
56407  41.876  -16.847  44.260 0.0000000000
56427  39.830  -16.916  42.031 0.0000000000
56451  39.381  -16.561  40.496 0.0000000000
56452  38.736  -16.777  40.189 0.0000000000
57437  46.108  -14.919  45.599 0.0000000000
57438  45.622  -15.489  45.590 0.0000000000
57446  45.203  -15.176  44.971 0.0000000000
58445  46.527  -14.701  47.040 0.0000000000
58456  46.620  -14.492  45.979 0.0000000000
58489  43.719  -14.007  42.988 0.0000000000
58490  42.967  -14.448  42.470 0.0000000000
58496  42.367  -14.405  41.515 0.0000000000
58513  41.293  -14.377  39.712 0.0000000000
59509  46.857  -13.797  47.413 0.0000000000
60670  45.829  -12.433  43.982 0.0000000000
60707  44.010  -12.417  42.336 0.0000000000
60726  43.115  -12.174  40.929 0.0000000000
61742  45.633  -11.120  43.527 0.0000000000
61795  42.077  -11.889  38.853 0.0000000000
62755  45.986  -10.515  43.768 0.0000000000
63772  46.044  -9.814  43.779 0.0000000000
63861  40.615  -8.992  36.843 0.0000000000
65843  44.874  -7.361  42.608 0.0000000000
65845  43.348  -6.629  41.901 0.0000000000
65882  41.959  -6.848  40.527 0.0000000000
65976  41.263  -7.323  33.718 0.0000000000
66891  44.528  -5.975  43.653 0.0000000000
66928  42.015  -5.690  41.513 0.0000000000
67976  40.469  -4.740  39.733 0.0000000000
68987  43.488  -3.915  43.338 0.0000000000
69006  42.960  -3.797  42.582 0.0000000000
69029  43.440  -3.459  41.477 0.0000000000
69053  41.989  -3.915  40.311 0.0000000000
70138  42.893  -3.465  41.041 0.0000000000
70185  52.072  -3.596  36.163 0.0000000000
73561  54.813  -0.086  28.393 0.0000000000
76644  63.174  2.798  29.146 0.0000000000
79747  58.652  4.831  26.492 0.0000000000
79748  58.226  4.662  26.584 0.0000000000
79762  61.600  5.800  24.435 0.0000000000
79764  60.127  5.089  25.424 0.0000000000
82948  61.717  8.528  18.551 0.0000000000
82996  57.549  8.499  14.235 0.0000000000
129217  13.946  -27.824  60.075 0.0000000000
130279  25.108  -25.649  51.951 0.0000000000
130974  43.440  -17.462  45.782 0.0000000000
131019  47.111  -11.902  45.104 0.0000000000
131128  33.668  -17.528  44.189 0.0000000000
132827  39.113  -19.280  48.027 0.0000000000
134798  35.403  -17.768  43.824 0.0000000000
136382  32.273  -27.205  57.145 0.0000000000
137759  43.361  -14.317  42.847 0.0000000000
138251  38.021  -19.059  47.018 0.0000000000
139752  37.448  -19.465  49.311 0.0000000000
139943  43.430  -9.886  40.570 0.0000000000
141616  46.105  -7.774  44.067 0.0000000000
143028  45.498  -13.027  43.896 0.0000000000
143874  43.712  -13.030  42.259 0.0000000000
144530  28.637  -26.118  54.353 0.0000000000
146304  21.775  -27.673  54.635 0.0000000000
146685  58.564  9.682  12.950 0.0000000000
146832  15.823  -27.446  55.438 0.0000000000
147575  45.877  -16.083  47.074 0.0000000000
148125  39.546  -19.256  49.152 0.0000000000
150413  47.053  -13.236  45.587 0.0000000000
150911  42.879  -18.572  46.709 0.0000000000
151684  42.104  -19.065  47.036 0.0000000000
152043  31.746  -27.216  57.429 0.0000000000
152574  14.657  -27.611  54.897 0.0000000000
153409  61.513  2.051  30.761 0.0000000000
154113  22.025  -27.363  54.302 0.0000000000
154603  44.064  -12.853  42.596 0.0000000000
154896  45.652  -5.459  38.727 0.0000000000
155482  49.913  -0.852  28.527 0.0000000000
