#!ascii label  , from subject sub-v1s3x0050803_ses-1 vox2ras=TkReg
1145
52897  12.255  -20.117  59.654 0.0000000000
50863  4.525  -22.010  46.639 0.0000000000
49599  4.058  -23.003  61.972 0.0000000000
56275  7.841  -16.903  57.778 0.0000000000
59503  7.825  -13.641  48.697 0.0000000000
52863  9.064  -20.374  63.202 0.0000000000
143331  8.181  -14.735  63.146 0.0000000000
48575  16.013  -22.620  60.150 0.0000000000
149089  11.645  -22.541  60.903 0.0000000000
47572  6.933  -24.443  60.775 0.0000000000
62605  4.228  -10.921  55.927 0.0000000000
58395  8.909  -13.873  53.782 0.0000000000
149899  3.904  -9.459  51.076 0.0000000000
144842  3.769  -25.261  56.539 0.0000000000
50747  5.772  -21.220  55.079 0.0000000000
54021  4.514  -18.031  59.656 0.0000000000
62541  5.621  -10.821  60.291 0.0000000000
54093  3.699  -18.089  51.518 0.0000000000
147374  9.197  -18.430  48.361 0.0000000000
56421  10.883  -16.775  43.110 0.0000000000
59581  5.181  -13.954  44.916 0.0000000000
52881  10.739  -20.301  61.828 0.0000000000
55092  9.287  -17.385  60.547 0.0000000000
51775  14.791  -21.388  60.189 0.0000000000
48591  14.302  -22.625  60.351 0.0000000000
50637  12.776  -21.512  61.496 0.0000000000
130149  10.346  -21.966  62.866 0.0000000000
62643  3.657  -10.247  53.629 0.0000000000
142674  3.979  -23.980  59.315 0.0000000000
49635  4.789  -22.420  58.356 0.0000000000
50649  4.628  -21.108  60.633 0.0000000000
60477  9.892  -12.583  60.033 0.0000000000
60471  7.478  -12.086  62.391 0.0000000000
143699  5.318  -25.060  61.880 0.0000000000
45480  5.348  -26.772  60.489 0.0000000000
45483  4.110  -26.472  60.701 0.0000000000
45509  3.495  -26.452  58.192 0.0000000000
140801  3.544  -18.100  55.552 0.0000000000
149085  3.892  -19.679  53.031 0.0000000000
55189  5.922  -17.527  54.383 0.0000000000
59443  9.091  -13.485  51.454 0.0000000000
151715  10.936  -16.099  51.624 0.0000000000
58431  11.519  -15.055  49.119 0.0000000000
55301  10.522  -17.660  45.598 0.0000000000
58464  11.570  -14.692  45.958 0.0000000000
50631  6.207  -21.754  63.395 0.0000000000
52866  5.658  -19.182  63.180 0.0000000000
55054  7.848  -17.887  63.183 0.0000000000
57302  9.609  -15.470  60.475 0.0000000000
48613  17.142  -23.506  58.138 0.0000000000
146801  15.936  -22.655  56.084 0.0000000000
48615  15.269  -23.023  58.425 0.0000000000
128966  12.358  -22.409  58.238 0.0000000000
48578  9.304  -22.988  61.294 0.0000000000
48567  7.678  -23.235  62.668 0.0000000000
59364  6.687  -12.938  57.361 0.0000000000
128911  8.738  -15.070  56.113 0.0000000000
60540  5.527  -12.684  54.922 0.0000000000
59427  5.523  -12.799  52.269 0.0000000000
60595  4.814  -12.994  49.991 0.0000000000
51803  14.831  -20.171  56.839 0.0000000000
49665  20.386  -22.535  55.390 0.0000000000
139494  21.641  -23.558  58.755 0.0000000000
50660  17.943  -22.776  59.590 0.0000000000
50693  17.088  -21.332  58.166 0.0000000000
44486  3.760  -26.862  54.025 0.0000000000
46549  4.930  -25.460  53.410 0.0000000000
48635  4.675  -24.365  55.635 0.0000000000
137299  4.050  -19.197  57.380 0.0000000000
55106  5.828  -17.287  58.636 0.0000000000
148516  5.360  -16.785  62.843 0.0000000000
57304  6.515  -15.300  61.317 0.0000000000
59344  7.096  -13.519  59.702 0.0000000000
154946  4.644  -10.980  58.081 0.0000000000
47605  6.725  -23.936  52.009 0.0000000000
50817  6.721  -21.009  50.700 0.0000000000
51910  4.592  -20.015  49.309 0.0000000000
55203  9.209  -17.445  53.282 0.0000000000
129197  6.783  -18.378  49.946 0.0000000000
53060  4.775  -19.539  47.439 0.0000000000
54209  6.362  -19.067  45.271 0.0000000000
154359  7.439  -18.627  42.559 0.0000000000
64735  6.242  -8.398  50.087 0.0000000000
61688  6.605  -11.574  48.400 0.0000000000
62726  8.452  -10.717  46.327 0.0000000000
59542  6.505  -14.305  46.307 0.0000000000
135197  9.772  -13.263  43.934 0.0000000000
51778  12.064  -20.336  60.620 0.0000000000
52899  10.545  -19.376  59.854 0.0000000000
52907  11.527  -19.607  58.733 0.0000000000
145392  13.805  -20.583  59.483 0.0000000000
50648  13.895  -21.534  60.775 0.0000000000
51777  12.878  -20.555  60.358 0.0000000000
51766  12.079  -20.663  61.264 0.0000000000
49766  3.261  -23.065  45.937 0.0000000000
147247  3.631  -21.378  46.114 0.0000000000
48594  3.998  -23.557  60.149 0.0000000000
49624  4.312  -22.668  60.043 0.0000000000
129607  4.372  -21.668  61.486 0.0000000000
49681  17.737  -22.327  54.928 0.0000000000
47565  4.967  -24.129  62.320 0.0000000000
46505  4.758  -25.521  61.597 0.0000000000
47571  4.117  -25.149  61.412 0.0000000000
46510  3.871  -25.507  60.412 0.0000000000
55144  6.508  -17.501  56.837 0.0000000000
55167  5.094  -17.522  55.595 0.0000000000
55143  7.198  -17.553  56.106 0.0000000000
59482  8.586  -13.501  49.678 0.0000000000
143485  10.721  -14.383  50.178 0.0000000000
59501  10.311  -13.856  48.963 0.0000000000
58442  11.407  -14.574  47.572 0.0000000000
59521  10.183  -13.688  47.468 0.0000000000
50629  7.681  -21.681  63.415 0.0000000000
52860  7.342  -19.721  63.622 0.0000000000
52864  8.061  -19.423  63.359 0.0000000000
56229  9.183  -16.393  60.995 0.0000000000
58339  10.670  -13.935  58.654 0.0000000000
48601  16.916  -23.471  59.164 0.0000000000
48614  16.187  -23.251  58.057 0.0000000000
48602  16.006  -23.243  59.291 0.0000000000
49619  12.957  -22.610  60.472 0.0000000000
49630  13.583  -22.706  59.831 0.0000000000
49631  11.458  -22.468  59.314 0.0000000000
131421  10.008  -22.582  60.623 0.0000000000
50627  9.510  -21.326  63.272 0.0000000000
49592  9.558  -22.321  62.882 0.0000000000
131339  8.223  -21.923  63.333 0.0000000000
49589  7.600  -22.270  63.217 0.0000000000
60518  4.501  -11.907  56.453 0.0000000000
60529  5.868  -12.755  55.706 0.0000000000
60531  4.308  -11.946  55.669 0.0000000000
62659  3.533  -9.880  52.658 0.0000000000
151742  3.832  -12.033  52.794 0.0000000000
61661  4.056  -11.846  51.284 0.0000000000
60579  4.761  -12.854  50.814 0.0000000000
61670  4.281  -11.735  50.633 0.0000000000
48586  18.815  -23.371  59.296 0.0000000000
46526  3.896  -25.585  55.567 0.0000000000
46525  4.164  -25.374  55.178 0.0000000000
130863  4.196  -24.810  55.992 0.0000000000
51788  4.611  -20.249  58.908 0.0000000000
50695  4.944  -21.441  57.712 0.0000000000
52922  3.829  -18.392  57.813 0.0000000000
54044  3.887  -17.932  57.523 0.0000000000
55096  4.403  -17.875  59.191 0.0000000000
56192  6.807  -16.405  64.270 0.0000000000
55055  5.464  -17.653  63.305 0.0000000000
58296  6.390  -14.910  64.253 0.0000000000
61572  6.101  -11.455  61.717 0.0000000000
59331  5.994  -12.803  62.481 0.0000000000
59338  5.957  -12.827  61.527 0.0000000000
59337  6.729  -13.647  60.658 0.0000000000
60486  5.599  -12.116  59.914 0.0000000000
60492  5.440  -12.116  58.875 0.0000000000
62549  5.314  -10.802  59.446 0.0000000000
49671  14.644  -22.284  55.802 0.0000000000
49684  14.754  -21.982  55.082 0.0000000000
47576  6.874  -24.588  59.186 0.0000000000
47580  6.768  -24.845  58.316 0.0000000000
47577  6.437  -25.385  59.114 0.0000000000
44391  4.712  -27.834  59.748 0.0000000000
44408  5.226  -27.803  59.212 0.0000000000
139273  3.430  -26.150  57.113 0.0000000000
149875  3.425  -26.551  55.886 0.0000000000
146963  5.671  -23.635  54.410 0.0000000000
48655  5.906  -24.291  53.124 0.0000000000
49694  6.673  -21.947  53.522 0.0000000000
52965  3.119  -18.063  51.942 0.0000000000
129847  6.263  -20.783  52.034 0.0000000000
135825  5.038  -20.285  50.957 0.0000000000
145589  5.478  -20.492  49.676 0.0000000000
53003  4.130  -19.089  50.441 0.0000000000
58384  9.005  -14.394  54.660 0.0000000000
56314  9.381  -16.805  54.464 0.0000000000
57368  9.747  -15.665  53.970 0.0000000000
55263  9.897  -17.939  50.002 0.0000000000
54103  9.055  -18.079  51.054 0.0000000000
54134  7.641  -18.494  49.411 0.0000000000
54150  5.860  -18.773  48.506 0.0000000000
136039  6.934  -18.671  48.246 0.0000000000
54191  5.686  -19.168  45.966 0.0000000000
149270  7.451  -18.763  46.560 0.0000000000
55317  10.566  -17.483  44.633 0.0000000000
54221  9.156  -18.379  44.586 0.0000000000
54245  9.329  -18.048  42.884 0.0000000000
130622  7.753  -7.937  49.602 0.0000000000
63710  6.515  -9.897  49.438 0.0000000000
63723  8.058  -10.050  48.506 0.0000000000
62751  6.424  -11.159  44.554 0.0000000000
61721  6.225  -12.345  45.338 0.0000000000
60666  5.990  -12.899  46.098 0.0000000000
129873  5.558  -14.155  45.400 0.0000000000
59560  8.849  -13.596  45.283 0.0000000000
59579  7.217  -13.745  44.618 0.0000000000
52870  10.302  -20.511  62.453 0.0000000000
54005  9.287  -19.288  62.181 0.0000000000
52891  9.884  -19.583  61.511 0.0000000000
131706  15.873  -21.970  60.320 0.0000000000
48576  15.342  -22.547  60.272 0.0000000000
50647  14.686  -21.832  60.645 0.0000000000
150695  13.657  -22.127  61.141 0.0000000000
49597  12.480  -22.171  61.631 0.0000000000
148768  10.991  -22.393  62.025 0.0000000000
50632  11.559  -21.483  62.270 0.0000000000
50633  10.863  -21.152  62.653 0.0000000000
62641  4.376  -10.040  54.256 0.0000000000
62625  3.744  -10.698  54.416 0.0000000000
63651  3.929  -9.234  53.536 0.0000000000
143153  3.518  -8.438  52.784 0.0000000000
138710  3.571  -7.664  51.807 0.0000000000
47582  4.021  -24.576  57.576 0.0000000000
48618  4.447  -24.031  57.285 0.0000000000
48606  4.535  -23.461  58.121 0.0000000000
50665  4.698  -21.157  59.548 0.0000000000
145177  4.445  -19.140  60.117 0.0000000000
59329  9.079  -13.439  61.805 0.0000000000
59324  8.126  -13.398  62.986 0.0000000000
60469  8.961  -12.639  61.627 0.0000000000
61578  7.954  -11.321  61.050 0.0000000000
153230  6.974  -10.568  60.074 0.0000000000
62556  6.011  -10.495  58.989 0.0000000000
47570  6.259  -25.065  61.161 0.0000000000
46509  6.042  -26.122  59.869 0.0000000000
46504  5.442  -25.499  61.439 0.0000000000
45481  4.828  -27.078  60.659 0.0000000000
44392  4.305  -27.704  59.730 0.0000000000
44393  4.033  -28.183  59.165 0.0000000000
45498  3.771  -26.831  59.387 0.0000000000
46513  3.605  -25.755  58.632 0.0000000000
51811  3.769  -18.926  55.326 0.0000000000
51820  4.772  -20.349  54.405 0.0000000000
141124  3.222  -18.637  53.684 0.0000000000
55207  3.044  -17.834  53.295 0.0000000000
55225  4.553  -17.673  52.677 0.0000000000
129000  9.330  -13.774  52.272 0.0000000000
57375  10.250  -15.515  52.861 0.0000000000
58409  10.488  -14.659  51.417 0.0000000000
56361  11.366  -16.148  50.396 0.0000000000
55269  10.577  -17.627  48.740 0.0000000000
147460  9.738  -18.259  46.746 0.0000000000
55286  11.470  -16.731  46.844 0.0000000000
131341  11.692  -15.958  45.817 0.0000000000
57452  11.670  -15.338  44.617 0.0000000000
59583  4.636  -13.057  44.055 0.0000000000
146246  6.324  -13.341  43.545 0.0000000000
60722  5.031  -12.587  42.036 0.0000000000
49593  5.275  -22.342  62.996 0.0000000000
154765  4.871  -21.093  62.643 0.0000000000
141022  5.829  -20.881  63.393 0.0000000000
144143  6.739  -18.073  63.923 0.0000000000
56201  7.802  -16.301  63.356 0.0000000000
55072  8.677  -18.295  62.189 0.0000000000
57292  8.526  -15.934  62.361 0.0000000000
57291  8.767  -15.074  62.154 0.0000000000
59335  9.931  -13.553  60.258 0.0000000000
49655  17.415  -23.214  56.863 0.0000000000
49668  17.288  -22.653  55.645 0.0000000000
48624  16.773  -23.207  57.233 0.0000000000
48604  14.436  -22.804  59.699 0.0000000000
49642  13.758  -22.647  58.106 0.0000000000
49659  12.763  -22.096  56.622 0.0000000000
48592  8.254  -23.357  59.728 0.0000000000
48580  7.587  -23.870  60.336 0.0000000000
48571  9.459  -22.763  62.294 0.0000000000
48572  8.547  -23.375  62.034 0.0000000000
48573  7.614  -23.669  62.203 0.0000000000
143768  7.064  -23.421  62.668 0.0000000000
148023  5.724  -23.684  62.605 0.0000000000
58351  8.115  -14.389  57.742 0.0000000000
57341  8.573  -15.633  56.745 0.0000000000
59373  8.142  -13.849  56.491 0.0000000000
59397  7.642  -13.377  55.014 0.0000000000
132443  7.361  -13.159  54.143 0.0000000000
132120  4.307  -12.352  54.084 0.0000000000
59411  5.906  -12.748  53.319 0.0000000000
130352  7.625  -13.144  53.258 0.0000000000
132151  7.523  -13.228  51.866 0.0000000000
153238  6.861  -13.405  50.487 0.0000000000
59484  6.034  -13.596  48.920 0.0000000000
52905  13.264  -20.174  58.527 0.0000000000
152793  19.185  -22.945  55.912 0.0000000000
49638  23.515  -22.893  57.690 0.0000000000
48582  22.979  -23.108  59.093 0.0000000000
49639  22.716  -23.163  57.446 0.0000000000
48620  20.949  -23.409  57.248 0.0000000000
48621  19.998  -23.593  57.446 0.0000000000
48622  19.051  -23.547  57.275 0.0000000000
48600  17.851  -23.664  58.978 0.0000000000
49616  17.486  -22.878  59.793 0.0000000000
135481  17.733  -22.266  59.328 0.0000000000
50662  16.444  -22.162  60.092 0.0000000000
51785  15.878  -21.190  59.111 0.0000000000
129203  15.065  -20.791  58.810 0.0000000000
48638  5.205  -24.005  54.959 0.0000000000
49677  5.784  -22.173  55.627 0.0000000000
147150  4.896  -23.515  56.791 0.0000000000
50707  5.167  -21.432  56.874 0.0000000000
51804  4.582  -20.135  56.136 0.0000000000
52940  3.678  -18.271  55.888 0.0000000000
55126  5.071  -17.395  57.281 0.0000000000
55093  7.033  -17.166  58.396 0.0000000000
51747  5.132  -19.679  62.408 0.0000000000
150716  4.903  -18.789  61.847 0.0000000000
55075  5.031  -17.794  61.089 0.0000000000
58310  6.075  -13.969  63.599 0.0000000000
57293  5.865  -15.556  62.300 0.0000000000
56231  5.634  -16.899  60.959 0.0000000000
56245  6.056  -16.874  59.958 0.0000000000
57312  7.349  -15.508  59.716 0.0000000000
57320  8.085  -15.119  58.285 0.0000000000
59351  6.543  -12.813  58.400 0.0000000000
137251  4.703  -11.884  57.327 0.0000000000
62586  4.366  -10.974  56.696 0.0000000000
62584  5.884  -10.501  57.155 0.0000000000
62603  5.884  -10.508  56.164 0.0000000000
62623  5.398  -10.323  54.645 0.0000000000
46518  6.442  -25.923  56.979 0.0000000000
46512  6.157  -26.145  58.912 0.0000000000
50788  6.733  -21.294  52.641 0.0000000000
49713  7.500  -22.146  51.457 0.0000000000
50840  5.290  -20.820  47.858 0.0000000000
55165  8.456  -17.305  55.392 0.0000000000
136797  7.430  -17.552  53.988 0.0000000000
55223  6.861  -17.655  52.351 0.0000000000
55220  10.154  -17.164  52.194 0.0000000000
55242  7.829  -17.787  52.045 0.0000000000
54105  5.618  -17.887  51.082 0.0000000000
54136  4.793  -18.650  49.620 0.0000000000
53039  4.706  -19.416  48.428 0.0000000000
139975  4.227  -20.559  46.538 0.0000000000
53078  4.070  -20.139  46.081 0.0000000000
54222  8.339  -18.667  45.035 0.0000000000
154234  6.858  -18.931  43.601 0.0000000000
65745  4.134  -7.498  51.302 0.0000000000
65743  6.464  -6.916  50.531 0.0000000000
63699  4.727  -9.102  50.527 0.0000000000
131990  5.498  -10.192  49.801 0.0000000000
61689  5.570  -12.126  48.980 0.0000000000
59505  5.951  -13.665  48.159 0.0000000000
61698  7.370  -11.436  47.611 0.0000000000
60628  5.865  -13.545  47.570 0.0000000000
59522  7.559  -13.984  47.293 0.0000000000
59540  8.959  -13.666  46.163 0.0000000000
59559  10.739  -13.706  45.327 0.0000000000
58485  11.479  -14.328  43.411 0.0000000000
59607  10.830  -13.531  42.614 0.0000000000
52898  11.388  -19.787  59.724 0.0000000000
52906  12.414  -19.919  58.648 0.0000000000
51787  13.079  -20.343  59.563 0.0000000000
141155  13.546  -20.782  60.203 0.0000000000
49764  5.015  -22.542  46.702 0.0000000000
49765  3.890  -22.871  46.431 0.0000000000
50864  3.469  -22.196  46.127 0.0000000000
49607  4.026  -23.102  61.076 0.0000000000
151260  4.119  -22.440  61.502 0.0000000000
49680  18.516  -22.367  54.927 0.0000000000
48570  4.421  -23.623  62.227 0.0000000000
47568  4.308  -24.485  61.954 0.0000000000
48574  4.021  -23.715  61.797 0.0000000000
48581  3.913  -24.130  61.191 0.0000000000
147704  7.317  -17.373  57.400 0.0000000000
153831  7.531  -17.451  56.676 0.0000000000
55124  8.143  -17.137  56.891 0.0000000000
59481  9.629  -13.647  49.539 0.0000000000
59502  9.129  -13.592  48.873 0.0000000000
128779  9.677  -13.652  48.174 0.0000000000
135194  8.386  -13.688  48.074 0.0000000000
51738  8.557  -20.630  63.433 0.0000000000
52865  7.972  -19.953  63.515 0.0000000000
151001  8.473  -20.075  63.359 0.0000000000
48588  16.558  -23.096  59.915 0.0000000000
48589  15.754  -22.941  60.061 0.0000000000
147265  12.447  -22.474  61.131 0.0000000000
49620  12.000  -22.561  60.219 0.0000000000
49621  10.898  -22.508  60.048 0.0000000000
49605  10.905  -22.531  61.159 0.0000000000
51737  9.356  -20.877  63.282 0.0000000000
50628  8.881  -21.630  63.382 0.0000000000
131891  8.927  -21.150  63.451 0.0000000000
133747  8.221  -21.237  63.476 0.0000000000
61620  4.269  -11.439  56.258 0.0000000000
61631  4.037  -11.409  55.512 0.0000000000
62671  3.679  -10.075  51.574 0.0000000000
61662  3.823  -10.996  51.898 0.0000000000
62670  4.005  -10.966  51.142 0.0000000000
62681  4.313  -10.693  50.628 0.0000000000
151142  3.830  -25.413  56.011 0.0000000000
47586  3.992  -25.177  55.887 0.0000000000
140751  4.268  -19.211  59.199 0.0000000000
139072  4.118  -19.242  58.292 0.0000000000
52909  3.958  -18.425  58.608 0.0000000000
150646  3.873  -17.977  58.238 0.0000000000
57272  7.413  -15.533  63.908 0.0000000000
57263  6.574  -15.584  64.331 0.0000000000
58302  7.365  -14.659  63.940 0.0000000000
61580  5.870  -10.953  61.057 0.0000000000
60472  5.792  -12.002  61.950 0.0000000000
60473  5.663  -11.419  61.138 0.0000000000
60480  5.577  -12.045  60.948 0.0000000000
60487  5.414  -11.497  60.300 0.0000000000
61589  5.263  -11.141  59.806 0.0000000000
154524  7.041  -24.391  59.957 0.0000000000
47573  6.454  -25.148  60.118 0.0000000000
43249  4.691  -28.246  59.244 0.0000000000
152733  3.598  -25.602  56.757 0.0000000000
45522  3.323  -26.764  56.639 0.0000000000
46519  3.614  -25.868  56.198 0.0000000000
45537  3.685  -26.147  55.392 0.0000000000
140088  5.939  -22.679  54.949 0.0000000000
49695  6.229  -22.832  54.094 0.0000000000
49687  6.312  -21.570  54.306 0.0000000000
51876  3.913  -19.231  51.812 0.0000000000
52982  3.853  -18.559  51.273 0.0000000000
51894  4.603  -19.952  50.222 0.0000000000
54107  4.150  -18.369  50.815 0.0000000000
131292  9.419  -15.243  54.497 0.0000000000
58394  9.510  -14.722  53.780 0.0000000000
55270  9.821  -18.128  49.092 0.0000000000
54132  9.337  -18.265  49.637 0.0000000000
54148  8.350  -18.535  48.730 0.0000000000
147178  7.502  -18.576  48.723 0.0000000000
54149  7.778  -18.617  48.145 0.0000000000
54170  7.423  -18.706  47.394 0.0000000000
54169  8.478  -18.578  47.685 0.0000000000
55332  10.675  -17.216  43.756 0.0000000000
55333  9.948  -17.795  43.590 0.0000000000
55346  10.192  -17.421  42.774 0.0000000000
150113  8.213  -7.415  49.636 0.0000000000
65758  8.618  -8.082  49.177 0.0000000000
64733  8.106  -8.774  49.157 0.0000000000
154924  8.296  -9.401  48.695 0.0000000000
60686  4.903  -12.899  44.595 0.0000000000
61735  6.250  -11.889  44.839 0.0000000000
59564  5.119  -13.677  45.026 0.0000000000
60667  5.467  -13.578  45.587 0.0000000000
59580  5.851  -14.103  44.865 0.0000000000
52882  9.932  -20.022  62.230 0.0000000000
52890  10.595  -19.791  60.947 0.0000000000
155205  10.625  -18.707  58.355 0.0000000000
50663  15.407  -21.736  60.304 0.0000000000
50646  15.407  -21.973  60.484 0.0000000000
50664  14.968  -21.726  60.449 0.0000000000
51753  13.080  -21.285  61.042 0.0000000000
50636  13.504  -21.763  61.222 0.0000000000
49596  13.059  -22.042  61.480 0.0000000000
49591  12.307  -21.850  61.894 0.0000000000
51742  12.124  -21.289  61.844 0.0000000000
51755  11.603  -20.680  61.729 0.0000000000
51743  11.516  -20.950  62.141 0.0000000000
51756  11.040  -20.684  62.182 0.0000000000
51744  10.656  -20.837  62.565 0.0000000000
64688  3.833  -7.537  53.035 0.0000000000
64689  3.641  -7.673  52.722 0.0000000000
64690  3.430  -7.990  52.308 0.0000000000
65709  3.523  -7.214  52.366 0.0000000000
47578  3.915  -24.423  58.520 0.0000000000
142667  4.193  -24.130  58.006 0.0000000000
144700  4.189  -23.874  58.595 0.0000000000
147517  4.513  -21.853  60.044 0.0000000000
51779  4.653  -20.144  59.889 0.0000000000
142339  4.712  -19.987  60.859 0.0000000000
59336  9.510  -13.040  61.000 0.0000000000
60478  9.292  -12.226  60.842 0.0000000000
61586  8.986  -11.305  59.989 0.0000000000
61588  7.404  -10.855  60.575 0.0000000000
62554  8.164  -10.656  58.951 0.0000000000
47566  6.100  -24.655  61.902 0.0000000000
46508  4.434  -26.116  61.132 0.0000000000
46507  4.950  -26.401  61.084 0.0000000000
45482  4.574  -26.863  60.781 0.0000000000
45489  4.621  -27.394  60.354 0.0000000000
45490  4.205  -27.034  60.351 0.0000000000
148976  3.775  -24.647  59.489 0.0000000000
47575  3.692  -25.169  59.116 0.0000000000
47579  3.708  -24.936  57.989 0.0000000000
143200  3.284  -18.144  55.064 0.0000000000
52945  3.096  -18.246  54.462 0.0000000000
54070  3.089  -18.042  54.573 0.0000000000
133979  5.189  -17.532  54.875 0.0000000000
55191  3.087  -17.794  53.956 0.0000000000
55190  4.500  -17.638  54.144 0.0000000000
55206  3.895  -17.734  53.303 0.0000000000
55205  5.456  -17.558  53.446 0.0000000000
58410  9.950  -14.402  52.164 0.0000000000
59442  9.798  -13.967  51.489 0.0000000000
58432  10.970  -14.375  49.500 0.0000000000
58419  11.225  -14.914  50.132 0.0000000000
57397  11.481  -15.614  49.841 0.0000000000
55261  11.143  -17.039  49.246 0.0000000000
138602  11.498  -16.452  48.821 0.0000000000
55275  11.352  -16.979  47.600 0.0000000000
150294  11.529  -16.518  48.093 0.0000000000
58454  11.326  -14.340  46.735 0.0000000000
56392  11.701  -15.894  46.653 0.0000000000
57434  11.690  -15.378  46.127 0.0000000000
57442  11.664  -15.894  45.164 0.0000000000
138680  11.687  -15.325  45.468 0.0000000000
61737  4.747  -11.908  44.131 0.0000000000
138789  4.280  -12.423  43.445 0.0000000000
60703  4.953  -13.091  43.394 0.0000000000
60723  4.283  -12.518  42.700 0.0000000000
50634  5.289  -21.382  63.115 0.0000000000
138260  6.573  -20.814  63.561 0.0000000000
53982  7.534  -19.167  63.536 0.0000000000
53983  7.040  -18.931  63.755 0.0000000000
144264  7.259  -18.262  63.702 0.0000000000
144554  7.522  -17.427  63.540 0.0000000000
152237  7.796  -17.177  63.269 0.0000000000
54013  9.269  -18.504  61.235 0.0000000000
55081  8.838  -17.315  61.564 0.0000000000
56217  8.764  -16.408  61.828 0.0000000000
129804  9.045  -15.628  61.535 0.0000000000
130512  9.306  -14.762  61.301 0.0000000000
58324  9.489  -13.898  61.163 0.0000000000
57301  9.810  -14.473  60.375 0.0000000000
153721  17.275  -23.389  57.472 0.0000000000
49640  15.267  -22.828  57.316 0.0000000000
48577  14.751  -22.482  60.418 0.0000000000
48590  14.999  -22.774  60.171 0.0000000000
146301  13.155  -22.607  58.662 0.0000000000
148378  13.904  -22.724  59.033 0.0000000000
49643  12.871  -22.390  57.574 0.0000000000
49644  11.988  -22.160  57.482 0.0000000000
49645  10.359  -22.282  57.856 0.0000000000
49606  9.125  -22.938  60.152 0.0000000000
48579  8.426  -23.421  60.815 0.0000000000
151506  11.408  -22.043  62.304 0.0000000000
49598  10.185  -22.616  61.722 0.0000000000
129019  10.352  -22.305  62.524 0.0000000000
48563  8.188  -22.768  62.898 0.0000000000
48566  8.800  -22.824  62.698 0.0000000000
154543  8.188  -23.209  62.552 0.0000000000
47563  6.900  -23.940  62.226 0.0000000000
154137  7.312  -23.543  62.468 0.0000000000
49590  6.963  -22.242  63.296 0.0000000000
48565  7.011  -22.874  63.017 0.0000000000
145525  6.159  -22.862  63.052 0.0000000000
48569  5.149  -23.268  62.655 0.0000000000
59363  7.837  -13.678  57.176 0.0000000000
59374  7.364  -13.325  56.497 0.0000000000
59384  6.987  -13.140  55.730 0.0000000000
59398  6.597  -13.019  54.937 0.0000000000
135158  6.231  -12.836  54.155 0.0000000000
61643  3.793  -11.430  54.760 0.0000000000
60553  3.711  -11.809  53.480 0.0000000000
60559  4.597  -12.524  52.375 0.0000000000
60551  4.857  -12.592  53.236 0.0000000000
59410  6.793  -12.918  53.503 0.0000000000
59426  6.820  -12.969  52.630 0.0000000000
59444  6.428  -13.150  51.601 0.0000000000
59462  5.239  -13.216  50.279 0.0000000000
59461  6.151  -13.347  50.640 0.0000000000
153510  5.764  -13.384  50.052 0.0000000000
131201  6.417  -13.460  49.880 0.0000000000
142846  5.444  -13.306  49.502 0.0000000000
52917  14.252  -20.130  57.186 0.0000000000
52918  13.468  -19.895  57.290 0.0000000000
52928  14.354  -19.784  56.248 0.0000000000
49664  21.142  -22.466  55.564 0.0000000000
50722  20.783  -21.965  54.768 0.0000000000
49666  19.658  -22.751  55.593 0.0000000000
48583  21.568  -23.285  59.259 0.0000000000
148936  22.373  -23.074  59.352 0.0000000000
48595  22.283  -23.397  58.902 0.0000000000
48607  22.910  -23.274  58.326 0.0000000000
48608  22.150  -23.536  58.157 0.0000000000
48619  21.852  -23.337  57.300 0.0000000000
48609  21.270  -23.668  58.203 0.0000000000
49654  19.515  -23.182  56.412 0.0000000000
49615  18.648  -23.006  59.541 0.0000000000
48599  18.698  -23.751  59.029 0.0000000000
48587  18.092  -23.237  59.447 0.0000000000
128896  17.343  -23.212  59.678 0.0000000000
144199  17.572  -21.679  58.583 0.0000000000
50661  17.187  -22.495  59.817 0.0000000000
50679  16.826  -21.727  59.378 0.0000000000
50680  15.984  -21.707  60.016 0.0000000000
145763  15.422  -20.396  57.023 0.0000000000
138174  14.883  -20.449  57.688 0.0000000000
51796  14.178  -20.409  58.390 0.0000000000
44509  3.750  -27.497  53.576 0.0000000000
155471  4.088  -26.460  53.805 0.0000000000
149487  4.555  -24.954  54.831 0.0000000000
48634  5.389  -23.291  55.607 0.0000000000
49648  5.009  -22.759  57.412 0.0000000000
50708  4.597  -20.261  57.068 0.0000000000
50725  5.440  -21.427  56.029 0.0000000000
51805  3.988  -19.099  56.410 0.0000000000
55108  4.224  -17.610  57.837 0.0000000000
131903  5.070  -17.356  58.061 0.0000000000
55125  6.265  -17.398  57.784 0.0000000000
51746  5.284  -20.442  62.925 0.0000000000
131780  4.894  -20.513  62.288 0.0000000000
55064  5.281  -17.291  62.713 0.0000000000
53997  5.091  -18.225  62.318 0.0000000000
55065  5.144  -17.645  62.038 0.0000000000
54006  4.955  -18.073  61.637 0.0000000000
145379  5.290  -17.088  62.333 0.0000000000
60464  7.800  -12.638  62.772 0.0000000000
59320  6.602  -13.468  63.614 0.0000000000
60461  6.576  -12.855  63.212 0.0000000000
58326  6.177  -14.342  62.074 0.0000000000
58318  5.937  -13.593  62.889 0.0000000000
56219  5.468  -16.691  62.014 0.0000000000
56218  6.044  -16.140  61.475 0.0000000000
56246  5.276  -17.317  60.173 0.0000000000
56230  6.629  -16.059  60.487 0.0000000000
58332  7.354  -14.419  60.001 0.0000000000
154070  7.572  -14.033  59.214 0.0000000000
145100  7.738  -14.843  59.077 0.0000000000
58340  7.815  -14.210  58.517 0.0000000000
147379  7.280  -13.445  58.850 0.0000000000
60505  4.874  -11.618  58.317 0.0000000000
60506  4.599  -11.274  57.802 0.0000000000
146624  4.438  -11.404  57.016 0.0000000000
62569  4.501  -10.977  57.435 0.0000000000
62567  5.904  -10.471  58.073 0.0000000000
49669  16.309  -22.423  55.394 0.0000000000
47581  6.446  -25.520  58.343 0.0000000000
46514  6.726  -25.230  57.437 0.0000000000
46506  5.743  -25.938  60.777 0.0000000000
45487  5.638  -26.920  59.606 0.0000000000
44469  3.448  -27.312  54.627 0.0000000000
141797  3.514  -27.630  54.079 0.0000000000
147643  6.156  -24.456  52.548 0.0000000000
47615  6.176  -24.899  52.066 0.0000000000
47614  7.003  -24.277  51.394 0.0000000000
51819  5.013  -20.429  53.502 0.0000000000
50769  6.301  -20.980  53.577 0.0000000000
51851  5.793  -20.640  52.729 0.0000000000
51874  6.103  -20.650  51.295 0.0000000000
50787  6.977  -21.275  51.596 0.0000000000
50816  7.427  -21.656  50.735 0.0000000000
49722  7.755  -22.562  50.670 0.0000000000
50827  7.133  -21.369  49.997 0.0000000000
132263  6.426  -21.119  49.219 0.0000000000
51909  5.322  -20.572  48.791 0.0000000000
50851  6.031  -21.515  47.666 0.0000000000
51925  4.674  -20.128  48.349 0.0000000000
56288  8.572  -16.945  56.088 0.0000000000
57350  8.829  -16.068  56.050 0.0000000000
55186  8.997  -17.383  54.099 0.0000000000
146581  8.891  -17.229  54.789 0.0000000000
145548  8.184  -17.581  53.530 0.0000000000
55204  6.885  -17.572  53.237 0.0000000000
148819  7.691  -17.644  52.780 0.0000000000
131155  10.603  -15.954  52.340 0.0000000000
56333  10.337  -16.584  52.562 0.0000000000
56345  10.612  -16.616  51.880 0.0000000000
129662  7.783  -18.344  50.243 0.0000000000
54104  8.003  -18.093  51.137 0.0000000000
130482  6.870  -18.157  50.729 0.0000000000
141219  6.886  -17.868  51.531 0.0000000000
54119  5.951  -18.194  50.378 0.0000000000
54120  4.851  -18.240  50.386 0.0000000000
54135  5.686  -18.425  49.764 0.0000000000
53038  5.171  -19.147  48.010 0.0000000000
54151  4.892  -18.917  48.875 0.0000000000
134315  4.612  -19.916  47.804 0.0000000000
139934  4.696  -19.678  47.695 0.0000000000
53061  4.499  -19.907  46.959 0.0000000000
54225  5.466  -19.212  44.879 0.0000000000
54187  10.380  -17.845  46.463 0.0000000000
54207  8.750  -18.588  45.926 0.0000000000
148048  9.160  -18.452  45.310 0.0000000000
54236  8.402  -18.560  44.025 0.0000000000
54237  7.567  -18.701  43.377 0.0000000000
147382  6.698  -18.880  42.761 0.0000000000
64721  5.815  -7.526  50.506 0.0000000000
63711  5.713  -9.193  50.030 0.0000000000
154309  5.194  -9.585  50.196 0.0000000000
62691  7.172  -10.440  48.809 0.0000000000
62692  6.178  -10.909  49.177 0.0000000000
60611  5.350  -13.031  48.825 0.0000000000
60610  5.686  -12.833  48.271 0.0000000000
146072  8.457  -10.493  45.682 0.0000000000
63743  8.998  -10.145  46.347 0.0000000000
139194  8.582  -10.574  46.855 0.0000000000
62715  8.242  -10.703  47.463 0.0000000000
61706  7.896  -11.224  46.806 0.0000000000
59543  5.733  -13.985  46.489 0.0000000000
60627  6.000  -13.103  46.949 0.0000000000
142818  5.945  -14.174  46.746 0.0000000000
59523  6.317  -14.114  47.330 0.0000000000
151542  6.630  -14.253  46.865 0.0000000000
135193  8.604  -13.771  46.885 0.0000000000
59541  7.596  -14.082  46.577 0.0000000000
59578  8.704  -13.436  44.386 0.0000000000
59577  9.960  -13.415  44.711 0.0000000000
151050  10.867  -13.658  44.583 0.0000000000
141841  11.270  -13.881  44.080 0.0000000000
59592  11.082  -13.669  43.343 0.0000000000
146758  7.271  -12.986  43.083 0.0000000000
52880  11.463  -20.346  61.242 0.0000000000
52889  11.213  -19.966  60.521 0.0000000000
52908  10.819  -19.274  58.871 0.0000000000
52921  11.008  -19.120  58.040 0.0000000000
129204  14.152  -21.056  60.129 0.0000000000
51764  14.408  -21.477  60.462 0.0000000000
51776  13.868  -21.193  60.456 0.0000000000
129483  13.346  -21.021  60.654 0.0000000000
51754  12.306  -20.987  61.500 0.0000000000
51765  12.659  -20.811  60.935 0.0000000000
50865  3.085  -21.764  45.580 0.0000000000
51956  3.503  -20.920  45.768 0.0000000000
144702  4.297  -22.145  60.793 0.0000000000
140850  4.674  -20.736  61.587 0.0000000000
47567  4.865  -24.896  62.035 0.0000000000
154377  4.494  -25.079  61.821 0.0000000000
47574  3.835  -24.500  60.340 0.0000000000
55145  5.058  -17.468  56.410 0.0000000000
55168  3.928  -17.805  54.954 0.0000000000
131902  6.158  -17.489  56.068 0.0000000000
55166  6.413  -17.530  55.300 0.0000000000
59460  8.820  -13.440  50.659 0.0000000000
59459  9.535  -13.658  50.912 0.0000000000
145483  9.565  -13.635  50.238 0.0000000000
59480  10.294  -13.930  49.867 0.0000000000
58443  11.194  -14.419  48.580 0.0000000000
147213  11.605  -14.988  48.187 0.0000000000
154800  10.974  -13.985  47.343 0.0000000000
150020  10.673  -13.787  46.784 0.0000000000
50630  7.078  -21.599  63.483 0.0000000000
51739  7.750  -20.486  63.553 0.0000000000
53987  8.145  -18.841  63.142 0.0000000000
57311  10.068  -15.851  59.591 0.0000000000
57310  10.196  -15.080  59.591 0.0000000000
58331  10.316  -14.192  59.495 0.0000000000
57319  10.567  -14.816  58.777 0.0000000000
49618  13.697  -22.541  60.614 0.0000000000
129111  12.430  -22.568  59.297 0.0000000000
49586  10.217  -21.462  62.988 0.0000000000
49587  9.557  -21.839  63.189 0.0000000000
49588  8.764  -22.252  63.148 0.0000000000
130598  8.089  -22.396  63.125 0.0000000000
48564  7.623  -22.811  62.947 0.0000000000
142989  5.544  -12.469  57.125 0.0000000000
60516  6.288  -12.832  56.487 0.0000000000
60517  5.141  -12.390  56.492 0.0000000000
60530  4.872  -12.364  55.716 0.0000000000
60541  4.609  -12.351  54.915 0.0000000000
61656  3.679  -11.175  52.888 0.0000000000
61655  3.922  -11.901  52.104 0.0000000000
60569  4.371  -12.399  51.581 0.0000000000
59445  4.867  -12.748  51.603 0.0000000000
60580  4.454  -12.445  50.702 0.0000000000
60596  4.548  -12.390  50.165 0.0000000000
48596  20.991  -23.613  58.975 0.0000000000
48598  19.476  -23.650  59.064 0.0000000000
49614  19.293  -23.203  59.404 0.0000000000
50694  16.387  -21.061  58.186 0.0000000000
45550  3.713  -26.484  54.700 0.0000000000
45549  4.128  -26.125  54.165 0.0000000000
46537  3.988  -25.838  54.892 0.0000000000
47589  4.245  -25.024  55.489 0.0000000000
50681  4.796  -21.319  58.611 0.0000000000
51797  4.586  -20.306  57.974 0.0000000000
52932  3.815  -18.356  56.891 0.0000000000
150036  4.051  -17.828  58.413 0.0000000000
55107  4.576  -17.572  58.762 0.0000000000
135836  6.037  -17.848  63.857 0.0000000000
53990  5.334  -18.375  62.965 0.0000000000
55047  5.765  -16.963  63.876 0.0000000000
56194  5.698  -16.145  63.781 0.0000000000
56203  5.511  -16.180  63.246 0.0000000000
61571  6.805  -11.698  62.148 0.0000000000
60466  6.269  -12.514  62.653 0.0000000000
61566  6.316  -11.954  62.285 0.0000000000
139356  5.983  -13.337  62.209 0.0000000000
144342  6.374  -13.725  61.484 0.0000000000
58325  6.788  -14.425  61.000 0.0000000000
59345  6.279  -12.858  60.344 0.0000000000
59352  6.462  -12.789  59.354 0.0000000000
60493  5.172  -11.522  59.324 0.0000000000
61596  4.866  -11.119  58.759 0.0000000000
49670  15.407  -22.362  55.593 0.0000000000
48593  7.471  -23.880  59.366 0.0000000000
140440  3.382  -27.271  57.775 0.0000000000
44453  3.402  -26.901  55.309 0.0000000000
47597  5.236  -24.870  53.560 0.0000000000
47606  5.494  -25.095  52.888 0.0000000000
48645  5.760  -23.933  53.789 0.0000000000
48644  6.405  -23.214  53.341 0.0000000000
49706  6.918  -22.470  52.762 0.0000000000
51853  3.493  -18.947  52.520 0.0000000000
51852  4.317  -20.071  52.504 0.0000000000
51875  5.027  -20.334  51.762 0.0000000000
153521  6.402  -20.837  50.028 0.0000000000
51893  5.776  -20.526  50.483 0.0000000000
51911  4.395  -19.413  49.749 0.0000000000
58371  8.684  -14.438  55.522 0.0000000000
148328  9.125  -15.424  55.297 0.0000000000
57359  9.484  -16.047  54.630 0.0000000000
151626  9.711  -16.351  54.034 0.0000000000
56324  9.652  -16.917  53.734 0.0000000000
55253  10.496  -17.374  50.512 0.0000000000
55239  10.366  -17.253  51.379 0.0000000000
54117  9.238  -18.195  50.288 0.0000000000
54133  8.597  -18.408  49.702 0.0000000000
130224  6.586  -18.566  49.110 0.0000000000
54171  6.223  -18.884  47.652 0.0000000000
54192  5.410  -19.197  47.029 0.0000000000
143840  6.551  -18.923  46.762 0.0000000000
54190  6.917  -18.942  45.954 0.0000000000
55302  9.829  -18.098  45.053 0.0000000000
55318  9.846  -17.977  44.286 0.0000000000
54235  9.208  -18.241  43.745 0.0000000000
54246  8.366  -18.405  42.966 0.0000000000
65759  7.491  -7.161  50.098 0.0000000000
64734  7.215  -8.599  49.593 0.0000000000
151408  6.670  -9.127  49.632 0.0000000000
63709  7.492  -9.499  49.147 0.0000000000
62703  7.767  -10.759  48.149 0.0000000000
147115  7.823  -11.022  45.421 0.0000000000
61720  7.109  -11.729  45.632 0.0000000000
61707  7.000  -12.013  46.405 0.0000000000
128616  5.748  -14.185  46.008 0.0000000000
59561  7.627  -14.033  45.858 0.0000000000
59562  6.429  -14.235  45.507 0.0000000000
51745  9.824  -20.660  62.895 0.0000000000
52871  9.384  -20.019  62.747 0.0000000000
54012  9.877  -19.087  60.536 0.0000000000
54020  9.527  -18.207  60.081 0.0000000000
50645  16.015  -22.227  60.240 0.0000000000
49602  15.557  -22.285  60.345 0.0000000000
49603  14.888  -22.222  60.560 0.0000000000
49604  14.126  -22.341  60.758 0.0000000000
49595  14.207  -21.991  60.999 0.0000000000
133175  13.265  -22.360  61.113 0.0000000000
146692  11.775  -22.372  61.675 0.0000000000
150327  10.885  -21.626  62.652 0.0000000000
51736  10.104  -21.026  62.997 0.0000000000
62624  4.448  -10.537  55.276 0.0000000000
143292  3.973  -10.828  55.202 0.0000000000
148638  4.072  -10.440  54.663 0.0000000000
62642  3.908  -9.949  53.994 0.0000000000
63665  3.682  -8.346  53.109 0.0000000000
63652  3.656  -9.136  53.263 0.0000000000
153469  3.439  -8.988  52.804 0.0000000000
63681  3.425  -8.986  52.142 0.0000000000
64704  3.597  -8.424  51.689 0.0000000000
47583  3.788  -24.941  57.177 0.0000000000
47585  4.060  -24.777  56.670 0.0000000000
131439  4.397  -23.189  59.105 0.0000000000
136143  4.646  -22.130  59.262 0.0000000000
147036  4.517  -18.484  60.182 0.0000000000
59323  8.615  -13.819  62.503 0.0000000000
58309  8.233  -14.135  63.076 0.0000000000
59330  8.571  -13.023  62.355 0.0000000000
60470  8.251  -12.309  62.110 0.0000000000
60485  9.450  -11.788  60.052 0.0000000000
60479  8.572  -11.917  61.401 0.0000000000
61570  7.670  -11.688  61.795 0.0000000000
61579  6.810  -11.115  61.374 0.0000000000
62540  6.395  -10.683  60.610 0.0000000000
62548  6.115  -10.526  59.864 0.0000000000
62555  7.089  -10.514  59.346 0.0000000000
43250  4.416  -28.253  59.287 0.0000000000
139439  3.723  -27.504  58.895 0.0000000000
46511  3.787  -26.160  59.857 0.0000000000
46516  3.579  -25.467  57.411 0.0000000000
51810  4.608  -20.180  55.227 0.0000000000
51821  3.789  -19.298  54.425 0.0000000000
51834  3.875  -19.625  53.655 0.0000000000
54077  2.980  -17.854  53.754 0.0000000000
52952  2.972  -17.920  52.863 0.0000000000
54083  3.247  -17.886  52.398 0.0000000000
54092  4.657  -17.757  51.832 0.0000000000
59424  8.599  -13.485  52.965 0.0000000000
59423  9.356  -14.078  53.068 0.0000000000
150830  9.628  -14.240  52.603 0.0000000000
58401  10.418  -15.139  52.253 0.0000000000
57387  10.817  -15.502  51.610 0.0000000000
58420  10.769  -14.631  50.670 0.0000000000
57398  11.048  -15.161  50.917 0.0000000000
56344  11.202  -15.854  51.054 0.0000000000
55252  11.076  -16.869  50.099 0.0000000000
55262  10.525  -17.532  49.626 0.0000000000
54147  10.004  -18.125  48.132 0.0000000000
54168  9.371  -18.402  47.421 0.0000000000
55276  10.725  -17.585  47.871 0.0000000000
55287  10.977  -17.439  47.028 0.0000000000
130202  11.162  -17.199  46.231 0.0000000000
56387  11.644  -16.231  47.467 0.0000000000
56401  11.533  -16.501  46.172 0.0000000000
55300  11.360  -16.725  45.321 0.0000000000
56410  11.553  -16.138  44.553 0.0000000000
135375  11.592  -15.712  44.017 0.0000000000
61736  5.519  -11.956  44.521 0.0000000000
59582  4.994  -13.383  44.515 0.0000000000
59597  5.548  -13.603  44.123 0.0000000000
150699  4.670  -12.361  40.858 0.0000000000
49754  5.637  -22.022  47.015 0.0000000000
49594  4.532  -22.771  62.483 0.0000000000
134741  4.235  -22.203  62.109 0.0000000000
50635  4.675  -21.876  62.641 0.0000000000
51740  5.920  -20.084  63.373 0.0000000000
154319  6.465  -20.145  63.565 0.0000000000
52862  6.310  -19.491  63.574 0.0000000000
53984  6.486  -18.745  63.742 0.0000000000
144174  7.054  -17.312  63.999 0.0000000000
56202  7.293  -16.439  63.924 0.0000000000
57271  7.863  -15.157  63.467 0.0000000000
53996  8.655  -19.121  62.739 0.0000000000
55063  8.200  -18.101  62.798 0.0000000000
55073  8.388  -17.043  62.446 0.0000000000
56209  8.018  -17.124  63.017 0.0000000000
148665  8.176  -16.320  62.858 0.0000000000
57281  8.279  -15.419  62.897 0.0000000000
57280  8.505  -14.574  62.659 0.0000000000
58317  8.983  -14.245  61.963 0.0000000000
48631  17.848  -23.014  56.231 0.0000000000
154905  17.308  -22.924  56.233 0.0000000000
49656  16.709  -22.852  56.304 0.0000000000
48625  16.018  -22.886  56.865 0.0000000000
49657  15.280  -22.597  56.367 0.0000000000
147816  13.526  -22.169  56.285 0.0000000000
48603  15.187  -22.999  59.483 0.0000000000
49629  14.511  -22.830  58.748 0.0000000000
128969  13.637  -22.449  57.118 0.0000000000
130122  11.057  -22.122  57.248 0.0000000000
48605  8.097  -23.333  58.720 0.0000000000
145889  7.643  -23.845  61.379 0.0000000000
47569  6.870  -24.275  61.634 0.0000000000
155215  6.419  -23.970  62.332 0.0000000000
48568  6.378  -23.539  62.668 0.0000000000
47564  5.667  -24.336  62.248 0.0000000000
57332  8.342  -15.342  57.501 0.0000000000
56274  8.321  -16.298  57.287 0.0000000000
58361  8.408  -14.580  56.851 0.0000000000
132253  8.456  -14.310  56.140 0.0000000000
59383  8.059  -13.661  55.786 0.0000000000
59396  8.414  -13.831  55.087 0.0000000000
130063  8.319  -13.602  54.406 0.0000000000
59409  8.217  -13.416  53.714 0.0000000000
60542  4.071  -11.979  54.869 0.0000000000
60552  4.108  -12.303  53.215 0.0000000000
60550  5.183  -12.627  54.113 0.0000000000
59425  7.859  -13.211  52.554 0.0000000000
129362  8.491  -13.354  52.069 0.0000000000
129185  8.159  -13.359  51.249 0.0000000000
132208  5.400  -13.080  51.173 0.0000000000
130385  7.151  -13.341  51.043 0.0000000000
129184  7.631  -13.426  50.340 0.0000000000
59483  7.169  -13.571  49.309 0.0000000000
52929  13.526  -19.528  56.245 0.0000000000
146715  18.910  -22.722  55.517 0.0000000000
49652  21.479  -22.930  56.398 0.0000000000
49653  20.454  -23.050  56.238 0.0000000000
136473  20.595  -23.727  58.054 0.0000000000
48630  18.703  -23.089  56.241 0.0000000000
48623  18.227  -23.393  57.079 0.0000000000
49617  16.752  -22.660  59.988 0.0000000000
50678  18.658  -22.468  59.161 0.0000000000
51774  15.289  -21.282  59.781 0.0000000000
51786  14.542  -20.889  59.558 0.0000000000
46536  4.349  -25.551  54.462 0.0000000000
47594  4.716  -25.236  54.009 0.0000000000
47593  5.146  -24.524  54.250 0.0000000000
48629  4.510  -24.273  56.421 0.0000000000
48628  5.075  -23.534  56.206 0.0000000000
49662  5.299  -22.571  56.598 0.0000000000
146635  5.484  -22.619  56.080 0.0000000000
151828  3.782  -17.928  56.181 0.0000000000
54056  3.795  -17.994  56.443 0.0000000000
50638  4.532  -21.350  62.178 0.0000000000
51757  4.852  -19.777  61.731 0.0000000000
52873  5.248  -18.960  62.624 0.0000000000
52892  4.608  -19.001  60.983 0.0000000000
54014  4.750  -18.223  60.779 0.0000000000
138585  7.278  -13.856  63.817 0.0000000000
58304  5.981  -14.675  63.980 0.0000000000
57283  5.629  -15.477  63.174 0.0000000000
59326  6.169  -13.130  63.170 0.0000000000
57282  5.784  -14.569  63.005 0.0000000000
56210  5.480  -16.370  62.712 0.0000000000
55074  5.219  -17.374  61.543 0.0000000000
55082  5.026  -17.629  60.599 0.0000000000
55083  4.754  -17.894  60.084 0.0000000000
55095  4.753  -17.692  59.685 0.0000000000
130884  5.381  -17.305  59.426 0.0000000000
55094  6.331  -17.030  59.145 0.0000000000
57303  7.069  -15.152  60.528 0.0000000000
56244  7.076  -16.549  59.299 0.0000000000
56259  7.592  -16.558  58.454 0.0000000000
56258  8.082  -16.048  58.041 0.0000000000
58352  7.490  -13.504  57.994 0.0000000000
60491  5.389  -12.276  57.919 0.0000000000
62568  5.047  -10.750  58.586 0.0000000000
132099  4.941  -10.685  57.780 0.0000000000
62585  4.870  -10.680  56.966 0.0000000000
62604  4.706  -10.655  56.156 0.0000000000
52920  11.717  -19.434  57.778 0.0000000000
49682  16.993  -22.292  54.927 0.0000000000
50740  16.337  -21.977  54.382 0.0000000000
49683  15.525  -22.032  54.841 0.0000000000
45507  6.019  -26.670  57.567 0.0000000000
46591  5.501  -25.535  52.486 0.0000000000
50746  5.892  -20.854  54.259 0.0000000000
49705  7.245  -21.916  52.134 0.0000000000
48653  7.157  -22.855  52.068 0.0000000000
48663  7.406  -23.227  51.387 0.0000000000
47636  7.885  -24.390  50.053 0.0000000000
50826  7.407  -21.817  49.244 0.0000000000
50852  5.088  -21.327  47.127 0.0000000000
153704  8.511  -16.449  56.621 0.0000000000
55142  8.038  -17.423  56.133 0.0000000000
130444  7.677  -17.522  55.398 0.0000000000
56302  9.070  -16.608  55.286 0.0000000000
55187  8.160  -17.510  54.563 0.0000000000
152077  6.602  -17.522  53.936 0.0000000000
55224  5.729  -17.586  52.551 0.0000000000
57367  9.949  -15.363  53.395 0.0000000000
137651  10.135  -16.193  53.283 0.0000000000
55202  9.933  -17.036  52.974 0.0000000000
55240  9.649  -17.644  51.637 0.0000000000
55241  8.786  -17.840  51.839 0.0000000000
55222  8.568  -17.678  52.667 0.0000000000
54091  5.949  -17.676  51.858 0.0000000000
54106  4.438  -17.971  51.056 0.0000000000
54121  4.330  -18.742  50.109 0.0000000000
53019  4.401  -19.039  49.397 0.0000000000
152500  5.502  -18.636  49.167 0.0000000000
51926  4.535  -19.611  48.947 0.0000000000
51943  4.663  -20.537  47.217 0.0000000000
50853  4.230  -21.298  46.593 0.0000000000
51968  3.502  -20.324  45.153 0.0000000000
54188  9.095  -18.509  46.650 0.0000000000
130250  7.871  -18.737  45.906 0.0000000000
54208  7.280  -18.890  45.154 0.0000000000
54223  7.505  -18.816  44.267 0.0000000000
54224  6.409  -19.046  44.331 0.0000000000
66789  3.826  -6.239  52.067 0.0000000000
64723  4.022  -8.366  51.138 0.0000000000
135417  5.292  -6.640  51.045 0.0000000000
64722  5.042  -8.174  50.577 0.0000000000
62680  4.736  -9.943  50.357 0.0000000000
154330  4.860  -10.742  50.060 0.0000000000
143363  4.943  -12.543  49.562 0.0000000000
62693  5.253  -11.347  49.561 0.0000000000
131534  5.242  -13.096  49.296 0.0000000000
59485  5.616  -13.332  48.756 0.0000000000
59504  6.579  -13.757  48.382 0.0000000000
155039  6.913  -12.056  47.078 0.0000000000
61699  6.259  -12.538  47.658 0.0000000000
59524  5.957  -13.885  47.462 0.0000000000
142876  6.165  -13.941  47.776 0.0000000000
136733  7.016  -13.929  47.888 0.0000000000
131402  9.058  -13.651  47.476 0.0000000000
128750  9.669  -13.614  46.836 0.0000000000
59539  10.234  -13.600  46.130 0.0000000000
140910  9.797  -13.509  45.520 0.0000000000
59558  11.329  -14.198  45.456 0.0000000000
58471  11.579  -14.676  45.109 0.0000000000
58479  11.551  -14.543  44.295 0.0000000000
144901  11.517  -15.692  43.444 0.0000000000
59596  6.664  -13.564  44.022 0.0000000000
59595  7.962  -13.273  43.744 0.0000000000
59593  10.227  -13.196  43.199 0.0000000000
145376  11.303  -13.950  42.806 0.0000000000
56432  11.275  -16.087  42.925 0.0000000000
48654  6.549  -23.596  52.630 0.0000000000
48671  7.694  -23.677  50.617 0.0000000000
51735  6.963  -20.182  63.667 0.0000000000
51741  5.441  -19.659  62.922 0.0000000000
51895  4.292  -19.596  51.050 0.0000000000
52861  6.844  -19.438  63.697 0.0000000000
52872  8.614  -19.714  63.132 0.0000000000
52900  4.255  -18.433  59.417 0.0000000000
53988  7.704  -18.525  63.402 0.0000000000
53989  5.832  -18.551  63.477 0.0000000000
54030  4.122  -17.969  58.859 0.0000000000
54102  9.825  -17.805  50.823 0.0000000000
54118  8.567  -18.270  50.487 0.0000000000
54167  10.209  -18.008  47.272 0.0000000000
54189  8.288  -18.631  46.750 0.0000000000
54206  9.655  -18.281  45.959 0.0000000000
55046  6.391  -17.143  64.137 0.0000000000
55056  5.211  -17.803  62.661 0.0000000000
55127  4.083  -17.718  56.807 0.0000000000
55146  4.013  -17.691  55.956 0.0000000000
55188  7.101  -17.535  54.610 0.0000000000
55221  9.443  -17.499  52.455 0.0000000000
55268  11.207  -17.093  48.414 0.0000000000
55316  11.185  -16.790  44.406 0.0000000000
56193  6.120  -16.236  64.196 0.0000000000
56362  10.959  -16.619  51.025 0.0000000000
56376  11.450  -16.336  49.624 0.0000000000
56420  11.327  -16.356  43.752 0.0000000000
57262  7.081  -15.768  64.265 0.0000000000
57264  5.967  -15.401  64.109 0.0000000000
57273  5.724  -15.392  63.673 0.0000000000
57321  7.720  -15.809  58.801 0.0000000000
57406  11.617  -15.811  49.159 0.0000000000
57418  11.686  -15.763  48.302 0.0000000000
57427  11.678  -15.402  47.463 0.0000000000
57461  11.652  -15.091  43.666 0.0000000000
58295  6.973  -15.050  64.341 0.0000000000
58301  7.835  -14.383  63.498 0.0000000000
58303  6.608  -14.277  64.070 0.0000000000
58311  5.824  -14.761  63.579 0.0000000000
58402  9.890  -14.750  52.896 0.0000000000
59319  7.792  -13.766  63.409 0.0000000000
59325  7.277  -13.086  63.397 0.0000000000
59441  10.220  -14.068  50.696 0.0000000000
59506  5.802  -13.452  48.218 0.0000000000
59538  11.120  -13.964  46.069 0.0000000000
59563  5.472  -14.045  45.451 0.0000000000
59576  11.297  -14.065  44.813 0.0000000000
59598  4.922  -13.397  44.233 0.0000000000
59606  11.161  -13.916  42.154 0.0000000000
60465  6.863  -12.322  62.810 0.0000000000
60543  3.831  -12.019  54.104 0.0000000000
60560  4.148  -12.251  52.409 0.0000000000
60685  5.318  -12.868  45.068 0.0000000000
60687  4.591  -12.686  44.070 0.0000000000
60721  6.121  -12.590  41.841 0.0000000000
61577  8.815  -11.568  60.631 0.0000000000
61581  5.515  -11.116  60.565 0.0000000000
61587  8.307  -11.115  60.274 0.0000000000
61644  3.650  -11.472  54.124 0.0000000000
61650  3.595  -11.094  53.750 0.0000000000
61679  4.572  -11.639  50.051 0.0000000000
61719  7.939  -11.214  46.004 0.0000000000
61750  4.210  -11.778  43.633 0.0000000000
62547  7.827  -10.740  59.804 0.0000000000
65724  3.619  -6.901  51.896 0.0000000000
66773  3.667  -6.601  52.362 0.0000000000
128709  9.076  -18.417  49.106 0.0000000000
130014  10.726  -13.940  48.051 0.0000000000
130626  10.617  -13.471  43.969 0.0000000000
131428  11.670  -15.019  46.745 0.0000000000
131452  7.400  -21.019  63.564 0.0000000000
134036  5.431  -16.827  63.284 0.0000000000
134490  4.602  -12.942  43.660 0.0000000000
134877  7.381  -21.961  63.354 0.0000000000
146492  8.807  -18.557  47.116 0.0000000000
147472  11.309  -15.539  50.482 0.0000000000
148094  7.796  -13.795  45.121 0.0000000000
148168  4.873  -7.288  50.910 0.0000000000
149600  3.898  -10.285  51.037 0.0000000000
152121  13.892  -19.840  56.737 0.0000000000
152476  3.394  -18.982  53.125 0.0000000000
152786  4.217  -19.028  49.910 0.0000000000
153548  10.274  -17.640  44.070 0.0000000000
