#!ascii label  , from subject sub-v1s3x0050777_ses-1 vox2ras=TkReg
1216
114581  -50.039  37.241  9.289 0.0000000000
121127  -40.364  47.375  1.593 0.0000000000
121715  -42.865  48.941  9.694 0.0000000000
118513  -51.479  42.668  4.862 0.0000000000
121809  -47.010  48.643  -1.363 0.0000000000
120431  -48.603  47.745  3.258 0.0000000000
136080  -49.988  42.343  -1.390 0.0000000000
117818  -43.679  42.782  4.079 0.0000000000
111526  -43.070  33.195  8.504 0.0000000000
115213  -44.964  38.420  10.536 0.0000000000
125592  -34.264  54.765  1.120 0.0000000000
144144  -39.193  52.983  -1.317 0.0000000000
124990  -45.877  53.921  -3.322 0.0000000000
119067  -45.669  46.170  16.781 0.0000000000
159799  -44.348  51.820  6.151 0.0000000000
152032  -44.874  44.631  8.542 0.0000000000
117745  -51.613  42.041  10.555 0.0000000000
117075  -45.107  41.064  8.090 0.0000000000
115270  -39.992  38.145  6.006 0.0000000000
114618  -49.637  36.763  6.809 0.0000000000
157693  -49.476  48.116  -4.238 0.0000000000
119893  -49.956  45.715  -1.548 0.0000000000
117904  -48.383  42.716  -4.974 0.0000000000
118586  -45.378  43.385  -1.692 0.0000000000
113071  -43.392  35.943  9.623 0.0000000000
115851  -41.774  39.072  10.734 0.0000000000
124919  -29.661  53.341  2.751 0.0000000000
124351  -42.280  52.753  -3.411 0.0000000000
119087  -41.860  45.772  14.935 0.0000000000
120973  -43.903  48.326  14.239 0.0000000000
121766  -37.528  48.566  3.541 0.0000000000
121760  -42.401  48.572  4.498 0.0000000000
118522  -49.138  43.456  3.365 0.0000000000
119823  -45.145  45.794  5.252 0.0000000000
135286  -47.843  44.462  7.004 0.0000000000
119143  -47.815  44.492  10.315 0.0000000000
119181  -51.330  44.089  7.675 0.0000000000
117071  -48.786  41.433  9.351 0.0000000000
117773  -48.911  42.386  6.214 0.0000000000
117092  -41.071  41.179  5.936 0.0000000000
121161  -43.522  47.735  -0.364 0.0000000000
120429  -44.969  46.818  3.134 0.0000000000
141194  -47.666  46.500  0.385 0.0000000000
119251  -49.767  44.921  0.683 0.0000000000
117155  -50.952  41.057  2.068 0.0000000000
117822  -47.855  41.944  3.656 0.0000000000
117847  -46.706  42.737  1.350 0.0000000000
138960  -42.874  43.444  1.511 0.0000000000
153857  -45.302  33.058  8.955 0.0000000000
113073  -45.801  35.602  9.613 0.0000000000
137167  -47.112  38.056  10.679 0.0000000000
123016  -28.876  50.670  3.792 0.0000000000
123662  -32.790  51.395  2.108 0.0000000000
123674  -37.509  51.461  1.443 0.0000000000
122422  -39.247  49.891  -1.190 0.0000000000
123047  -42.546  50.162  -1.890 0.0000000000
123692  -46.952  51.309  -1.714 0.0000000000
123088  -48.385  50.009  -5.387 0.0000000000
123721  -46.740  51.256  -6.219 0.0000000000
117731  -42.591  41.971  11.771 0.0000000000
117711  -45.615  42.717  12.205 0.0000000000
117040  -48.398  42.029  12.410 0.0000000000
123608  -45.062  52.720  8.862 0.0000000000
122397  -47.004  49.671  4.734 0.0000000000
121739  -44.977  49.048  7.545 0.0000000000
121008  -44.771  48.252  10.890 0.0000000000
119759  -45.708  45.679  13.173 0.0000000000
119105  -49.105  44.193  13.698 0.0000000000
115848  -52.283  39.696  11.167 0.0000000000
115873  -50.259  38.900  8.687 0.0000000000
115243  -46.426  38.123  7.851 0.0000000000
114612  -43.622  37.347  6.504 0.0000000000
135972  -44.672  42.195  6.275 0.0000000000
115894  -42.042  39.164  6.905 0.0000000000
113910  -40.950  36.687  5.191 0.0000000000
136456  -48.206  36.384  9.494 0.0000000000
113079  -49.300  36.005  7.262 0.0000000000
113873  -50.364  36.809  7.670 0.0000000000
156697  -49.031  46.674  -5.786 0.0000000000
119918  -48.944  45.142  -5.542 0.0000000000
119916  -47.357  44.425  -5.238 0.0000000000
118626  -46.233  42.920  -5.282 0.0000000000
120995  -44.523  49.429  12.762 0.0000000000
121117  -39.429  47.722  2.759 0.0000000000
118512  -51.208  42.988  4.507 0.0000000000
136332  -48.007  44.174  5.273 0.0000000000
119209  -50.474  44.085  5.835 0.0000000000
119189  -50.108  44.584  7.448 0.0000000000
118493  -51.436  43.459  6.136 0.0000000000
117774  -50.545  42.558  6.504 0.0000000000
117789  -50.865  42.302  5.613 0.0000000000
121794  -44.946  48.463  -0.745 0.0000000000
120486  -45.874  46.828  -0.058 0.0000000000
121165  -47.210  47.089  -0.690 0.0000000000
119286  -50.395  43.847  -2.162 0.0000000000
119882  -50.244  45.685  -0.531 0.0000000000
118576  -50.504  43.356  -0.736 0.0000000000
118551  -50.493  42.240  1.168 0.0000000000
117862  -50.300  41.789  0.563 0.0000000000
134961  -48.883  41.738  0.948 0.0000000000
117860  -48.250  42.358  0.038 0.0000000000
118573  -44.963  43.491  -0.202 0.0000000000
114580  -43.910  37.226  10.130 0.0000000000
113072  -44.848  35.608  9.537 0.0000000000
114572  -45.574  37.589  10.391 0.0000000000
114573  -46.582  37.461  10.425 0.0000000000
115214  -46.156  38.223  10.613 0.0000000000
125589  -31.790  53.963  1.725 0.0000000000
124294  -31.002  52.678  1.903 0.0000000000
124305  -33.770  52.737  1.116 0.0000000000
123672  -35.092  51.258  1.818 0.0000000000
124307  -35.372  52.828  0.924 0.0000000000
142109  -39.830  53.782  0.714 0.0000000000
124317  -38.614  51.879  0.233 0.0000000000
124328  -38.887  52.126  -1.333 0.0000000000
123045  -40.679  50.113  -1.810 0.0000000000
123701  -40.391  51.386  -2.456 0.0000000000
124353  -44.934  53.621  -3.065 0.0000000000
123705  -45.164  52.052  -2.270 0.0000000000
124343  -46.421  52.828  -2.360 0.0000000000
123076  -48.208  51.050  -3.352 0.0000000000
124364  -47.185  52.198  -4.141 0.0000000000
123722  -47.325  50.925  -5.929 0.0000000000
124363  -46.554  52.847  -4.418 0.0000000000
119118  -38.530  44.142  11.970 0.0000000000
117727  -38.035  43.256  11.948 0.0000000000
148491  -39.697  42.762  12.184 0.0000000000
117054  -41.271  41.283  11.641 0.0000000000
117707  -41.103  42.992  12.371 0.0000000000
119735  -43.695  46.274  16.164 0.0000000000
118413  -44.228  44.482  14.022 0.0000000000
118414  -45.399  44.043  13.880 0.0000000000
117712  -46.936  42.979  12.687 0.0000000000
118415  -47.433  44.361  15.198 0.0000000000
148144  -42.962  53.307  6.702 0.0000000000
155438  -43.337  54.440  7.713 0.0000000000
124254  -45.584  52.735  7.558 0.0000000000
121120  -47.068  47.606  2.937 0.0000000000
158470  -45.870  48.339  3.820 0.0000000000
121096  -48.113  48.694  4.098 0.0000000000
119195  -44.462  44.898  7.012 0.0000000000
145764  -44.290  47.123  6.378 0.0000000000
120415  -43.520  46.437  8.058 0.0000000000
160258  -44.811  48.827  9.049 0.0000000000
119790  -43.589  45.914  9.396 0.0000000000
119770  -44.242  46.527  11.579 0.0000000000
119121  -44.762  45.114  11.185 0.0000000000
119145  -49.683  44.207  10.600 0.0000000000
139599  -49.039  44.284  12.293 0.0000000000
118459  -50.038  43.432  12.262 0.0000000000
117042  -50.507  41.844  12.447 0.0000000000
117738  -51.925  41.489  11.158 0.0000000000
154350  -52.092  38.975  9.157 0.0000000000
116454  -51.430  40.650  10.031 0.0000000000
116451  -46.994  41.217  8.812 0.0000000000
142928  -46.920  39.647  8.716 0.0000000000
115869  -45.417  39.706  8.388 0.0000000000
115241  -44.500  38.376  7.615 0.0000000000
148659  -44.164  39.171  7.864 0.0000000000
117820  -46.104  42.468  4.015 0.0000000000
135831  -46.151  42.420  4.806 0.0000000000
117801  -44.146  42.598  4.688 0.0000000000
115893  -40.560  39.715  6.365 0.0000000000
116471  -41.612  40.717  6.440 0.0000000000
115256  -40.636  38.809  6.353 0.0000000000
115257  -41.512  38.552  6.507 0.0000000000
114631  -40.369  37.262  5.571 0.0000000000
157246  -39.900  36.250  4.694 0.0000000000
111517  -47.385  34.218  9.263 0.0000000000
113895  -48.339  36.238  6.021 0.0000000000
121811  -48.206  48.493  -2.125 0.0000000000
121181  -48.344  47.619  -1.841 0.0000000000
120512  -49.440  46.709  -2.806 0.0000000000
119294  -49.703  44.044  -3.770 0.0000000000
117891  -49.200  42.568  -2.908 0.0000000000
118588  -47.343  42.875  -1.606 0.0000000000
118601  -46.484  42.910  -3.307 0.0000000000
112314  -43.180  34.198  8.762 0.0000000000
113070  -42.648  35.592  9.476 0.0000000000
115211  -43.195  38.640  10.504 0.0000000000
126204  -32.235  55.542  2.669 0.0000000000
124349  -40.827  53.148  -3.147 0.0000000000
125648  -44.501  55.132  -4.140 0.0000000000
125657  -45.163  54.702  -3.991 0.0000000000
119086  -40.682  45.267  13.706 0.0000000000
120339  -43.032  46.680  15.612 0.0000000000
120341  -44.891  47.327  16.293 0.0000000000
122382  -43.558  50.272  5.312 0.0000000000
119241  -47.826  44.954  2.674 0.0000000000
120424  -47.352  47.115  4.279 0.0000000000
119229  -46.853  44.849  3.779 0.0000000000
119206  -46.087  44.549  5.600 0.0000000000
138102  -46.349  44.487  8.122 0.0000000000
119161  -46.306  44.511  9.535 0.0000000000
135589  -47.985  44.546  8.717 0.0000000000
119179  -49.985  44.582  8.537 0.0000000000
118484  -51.203  43.457  8.952 0.0000000000
117072  -50.870  41.776  9.720 0.0000000000
117756  -50.821  42.851  8.173 0.0000000000
135417  -49.046  42.428  7.980 0.0000000000
153316  -46.609  42.124  7.757 0.0000000000
117783  -42.660  42.305  5.138 0.0000000000
138283  -42.275  50.497  8.677 0.0000000000
121142  -42.229  47.271  0.286 0.0000000000
144931  -42.687  46.688  2.269 0.0000000000
120471  -44.346  46.592  0.843 0.0000000000
120454  -46.014  46.401  1.548 0.0000000000
120441  -48.653  47.360  2.522 0.0000000000
120489  -49.120  46.397  -0.385 0.0000000000
120458  -49.958  46.170  0.905 0.0000000000
119850  -49.328  46.369  1.796 0.0000000000
118536  -49.559  43.316  1.926 0.0000000000
118537  -50.695  42.330  2.660 0.0000000000
117116  -51.302  41.563  3.401 0.0000000000
117114  -50.585  41.269  3.611 0.0000000000
117129  -50.223  40.983  2.967 0.0000000000
117837  -47.854  41.988  2.356 0.0000000000
117835  -45.729  42.904  2.324 0.0000000000
118574  -46.337  43.226  -0.359 0.0000000000
135409  -45.125  43.398  0.922 0.0000000000
112315  -44.581  34.182  8.936 0.0000000000
112302  -45.324  34.842  9.347 0.0000000000
111516  -47.011  34.214  9.505 0.0000000000
113074  -46.715  35.659  9.642 0.0000000000
113866  -47.512  36.417  9.800 0.0000000000
114575  -48.509  37.494  10.305 0.0000000000
123010  -31.129  50.269  3.974 0.0000000000
123025  -31.062  50.933  2.728 0.0000000000
123027  -32.996  50.814  2.745 0.0000000000
123029  -35.649  50.122  2.730 0.0000000000
157479  -37.055  49.605  2.392 0.0000000000
121780  -38.396  48.781  1.260 0.0000000000
125594  -36.050  54.764  0.968 0.0000000000
124301  -38.079  52.217  1.285 0.0000000000
123039  -38.255  50.338  0.344 0.0000000000
121790  -39.608  48.509  -0.204 0.0000000000
138588  -41.327  48.369  -0.657 0.0000000000
121806  -43.623  49.095  -1.156 0.0000000000
121808  -45.508  49.196  -1.141 0.0000000000
123703  -43.070  51.510  -2.670 0.0000000000
123050  -45.460  50.977  -1.659 0.0000000000
123052  -46.983  50.440  -1.569 0.0000000000
141678  -48.739  49.653  -3.058 0.0000000000
122487  -49.150  48.895  -5.231 0.0000000000
122472  -47.668  49.326  -5.696 0.0000000000
122485  -47.188  49.972  -6.078 0.0000000000
125008  -45.363  53.671  -5.367 0.0000000000
116432  -42.535  40.427  11.158 0.0000000000
116433  -43.824  41.018  11.318 0.0000000000
137035  -42.608  43.728  12.829 0.0000000000
117733  -44.083  42.433  11.889 0.0000000000
116434  -44.634  40.772  11.220 0.0000000000
143259  -46.098  40.852  11.407 0.0000000000
160992  -47.541  40.022  11.445 0.0000000000
115203  -49.478  38.836  11.118 0.0000000000
162067  -44.069  50.480  9.677 0.0000000000
121106  -43.564  47.421  3.610 0.0000000000
121761  -44.179  48.782  4.392 0.0000000000
122383  -45.190  50.466  5.114 0.0000000000
121094  -47.020  47.885  4.873 0.0000000000
121743  -46.915  49.509  5.412 0.0000000000
122988  -46.151  51.193  6.498 0.0000000000
122959  -46.065  51.391  8.548 0.0000000000
122330  -45.346  50.616  9.887 0.0000000000
121705  -44.865  49.981  11.542 0.0000000000
120996  -45.176  49.536  12.632 0.0000000000
120363  -44.843  47.920  14.346 0.0000000000
120353  -45.781  46.776  15.415 0.0000000000
119123  -46.761  44.736  11.795 0.0000000000
119104  -47.991  45.125  13.775 0.0000000000
119070  -47.884  45.218  15.812 0.0000000000
118441  -48.791  43.420  13.831 0.0000000000
117062  -50.144  41.202  12.229 0.0000000000
115218  -51.466  38.478  10.333 0.0000000000
114583  -51.696  38.225  8.650 0.0000000000
115245  -50.256  37.410  7.381 0.0000000000
114598  -48.554  37.287  6.865 0.0000000000
115862  -49.360  39.933  9.382 0.0000000000
151984  -47.500  38.847  8.501 0.0000000000
114597  -47.156  37.452  7.142 0.0000000000
114614  -45.531  37.104  6.612 0.0000000000
113891  -44.147  36.761  6.027 0.0000000000
159048  -48.379  42.249  5.362 0.0000000000
151129  -46.294  42.347  6.562 0.0000000000
117760  -45.268  41.933  7.223 0.0000000000
117784  -43.202  42.072  5.806 0.0000000000
117081  -43.054  41.113  6.937 0.0000000000
155852  -43.338  40.491  7.381 0.0000000000
115239  -42.817  38.902  7.227 0.0000000000
114633  -42.281  37.059  5.785 0.0000000000
113855  -48.877  36.920  9.610 0.0000000000
113075  -48.580  35.926  8.543 0.0000000000
113868  -49.793  36.709  8.617 0.0000000000
113872  -49.573  36.358  7.930 0.0000000000
120525  -48.115  46.310  -5.051 0.0000000000
119922  -48.288  45.308  -5.422 0.0000000000
120524  -47.582  45.421  -4.835 0.0000000000
120994  -43.608  48.980  11.734 0.0000000000
121704  -43.844  49.424  11.098 0.0000000000
121126  -39.637  47.628  1.915 0.0000000000
121104  -40.171  47.578  3.143 0.0000000000
135903  -41.050  47.100  2.080 0.0000000000
118499  -50.123  43.675  4.982 0.0000000000
118500  -51.211  43.422  5.345 0.0000000000
119210  -51.230  43.818  5.976 0.0000000000
117807  -51.496  42.596  5.097 0.0000000000
117790  -51.402  42.403  5.156 0.0000000000
161322  -51.243  41.945  4.927 0.0000000000
121795  -45.788  48.371  -0.858 0.0000000000
121164  -46.324  47.497  -0.633 0.0000000000
121179  -47.043  47.758  -1.136 0.0000000000
158824  -50.213  42.663  -1.711 0.0000000000
118590  -50.471  43.127  -1.566 0.0000000000
117885  -50.297  42.516  -0.881 0.0000000000
117875  -50.306  42.085  -0.018 0.0000000000
117874  -50.112  42.047  -0.466 0.0000000000
117861  -49.577  41.866  0.045 0.0000000000
135678  -48.686  42.353  -0.598 0.0000000000
152747  -43.923  32.992  8.514 0.0000000000
161514  -44.652  37.667  10.339 0.0000000000
113851  -44.999  36.978  10.116 0.0000000000
125591  -33.068  54.186  1.237 0.0000000000
124929  -32.502  53.476  1.369 0.0000000000
125606  -33.806  54.135  0.896 0.0000000000
124306  -34.564  52.787  0.979 0.0000000000
125607  -34.610  54.160  0.724 0.0000000000
125618  -40.229  54.710  -0.096 0.0000000000
125610  -40.293  54.426  1.084 0.0000000000
124958  -39.494  53.618  -0.520 0.0000000000
124318  -38.947  52.564  -0.331 0.0000000000
123690  -39.446  51.521  -1.946 0.0000000000
124338  -39.419  52.472  -1.993 0.0000000000
124354  -45.669  53.783  -2.996 0.0000000000
124342  -45.598  53.014  -2.550 0.0000000000
124976  -46.169  53.511  -2.802 0.0000000000
124356  -47.263  52.484  -3.039 0.0000000000
142636  -46.855  52.902  -3.486 0.0000000000
125000  -46.372  53.484  -3.401 0.0000000000
119139  -39.117  44.579  10.902 0.0000000000
119099  -39.179  44.244  12.525 0.0000000000
118433  -38.565  43.805  12.236 0.0000000000
118434  -39.617  44.271  12.903 0.0000000000
117706  -40.054  43.316  12.479 0.0000000000
119077  -44.785  45.828  16.311 0.0000000000
119089  -45.071  44.928  15.163 0.0000000000
119090  -46.321  44.581  15.256 0.0000000000
136771  -46.513  43.955  14.320 0.0000000000
119078  -47.167  45.072  16.169 0.0000000000
122987  -43.347  51.244  5.999 0.0000000000
123636  -43.612  52.450  6.465 0.0000000000
124268  -43.795  53.726  7.081 0.0000000000
137161  -44.636  52.654  6.610 0.0000000000
121121  -48.228  48.024  3.128 0.0000000000
121109  -47.691  48.400  3.524 0.0000000000
121110  -48.256  48.394  3.833 0.0000000000
119185  -44.625  44.742  7.782 0.0000000000
119811  -43.601  45.973  7.430 0.0000000000
119802  -43.610  45.697  8.368 0.0000000000
120405  -43.624  46.614  8.918 0.0000000000
119803  -43.865  45.244  9.021 0.0000000000
119791  -43.951  45.312  9.813 0.0000000000
119176  -44.483  44.795  9.234 0.0000000000
143994  -50.851  43.412  10.367 0.0000000000
118472  -50.183  43.684  11.054 0.0000000000
118460  -50.611  42.979  11.590 0.0000000000
117737  -51.298  42.206  11.396 0.0000000000
117068  -52.238  41.007  10.817 0.0000000000
116448  -52.358  40.251  10.475 0.0000000000
117073  -51.610  41.562  10.332 0.0000000000
117076  -46.060  41.259  8.356 0.0000000000
116458  -46.530  40.559  8.722 0.0000000000
116457  -45.636  40.543  8.417 0.0000000000
115868  -44.637  39.629  8.162 0.0000000000
116456  -44.796  40.354  8.186 0.0000000000
162365  -45.396  42.658  3.708 0.0000000000
117802  -45.165  42.542  4.551 0.0000000000
115255  -39.679  39.183  6.080 0.0000000000
114609  -40.931  37.924  6.131 0.0000000000
113909  -39.649  36.781  5.218 0.0000000000
114630  -39.422  37.498  5.544 0.0000000000
113896  -48.988  36.296  6.439 0.0000000000
114617  -48.999  36.690  6.507 0.0000000000
121827  -49.251  48.101  -3.338 0.0000000000
121197  -49.226  47.452  -2.891 0.0000000000
121205  -49.513  47.228  -3.885 0.0000000000
119300  -48.652  44.183  -5.431 0.0000000000
119301  -49.192  44.219  -4.867 0.0000000000
118627  -48.923  42.793  -4.724 0.0000000000
118616  -49.368  43.095  -4.233 0.0000000000
117898  -48.989  42.643  -4.094 0.0000000000
117890  -48.261  42.622  -3.383 0.0000000000
118615  -47.308  42.672  -3.901 0.0000000000
118613  -45.182  42.740  -5.015 0.0000000000
148585  -41.948  35.942  9.672 0.0000000000
114570  -43.128  37.817  10.339 0.0000000000
115852  -42.576  39.188  10.665 0.0000000000
126203  -31.292  55.302  3.000 0.0000000000
125647  -43.678  55.275  -4.005 0.0000000000
125655  -43.882  56.063  -4.615 0.0000000000
126264  -42.695  56.551  -4.502 0.0000000000
120983  -43.757  48.663  13.316 0.0000000000
120362  -42.691  47.195  13.783 0.0000000000
120964  -43.956  47.714  15.225 0.0000000000
120340  -44.086  47.292  16.123 0.0000000000
120965  -44.685  47.603  15.412 0.0000000000
122401  -36.204  49.177  3.836 0.0000000000
122394  -42.904  49.345  4.871 0.0000000000
118521  -48.224  44.003  3.081 0.0000000000
119230  -47.515  44.488  3.503 0.0000000000
119199  -48.212  44.339  6.228 0.0000000000
119207  -47.104  44.361  5.396 0.0000000000
119198  -47.018  44.424  6.369 0.0000000000
119197  -45.898  44.502  6.604 0.0000000000
119187  -46.942  44.480  7.368 0.0000000000
135288  -47.278  44.508  8.152 0.0000000000
135287  -48.029  44.522  7.765 0.0000000000
119190  -51.098  44.327  7.160 0.0000000000
119180  -50.872  44.417  8.050 0.0000000000
119165  -50.651  44.284  8.986 0.0000000000
118488  -51.332  43.648  8.100 0.0000000000
117757  -51.216  43.062  8.623 0.0000000000
117766  -51.274  43.180  7.630 0.0000000000
117763  -49.414  42.467  6.961 0.0000000000
117764  -50.148  42.625  7.545 0.0000000000
117762  -48.150  42.403  7.331 0.0000000000
117753  -47.294  42.236  7.981 0.0000000000
135000  -46.982  42.342  7.095 0.0000000000
121143  -43.067  47.158  0.165 0.0000000000
120469  -42.667  46.777  0.871 0.0000000000
121144  -43.928  47.081  0.123 0.0000000000
120473  -46.686  46.442  0.721 0.0000000000
120472  -45.643  46.556  0.607 0.0000000000
152658  -47.283  46.620  1.694 0.0000000000
120455  -48.168  46.685  1.421 0.0000000000
120502  -49.407  46.448  -1.860 0.0000000000
120501  -48.728  46.809  -1.340 0.0000000000
137130  -49.598  46.232  -0.905 0.0000000000
119259  -50.172  44.835  0.258 0.0000000000
119872  -50.227  45.692  0.305 0.0000000000
119862  -50.066  45.747  0.697 0.0000000000
120457  -49.398  46.453  1.594 0.0000000000
119861  -49.785  46.027  1.200 0.0000000000
162407  -48.900  45.641  1.931 0.0000000000
119250  -49.053  44.851  1.384 0.0000000000
146100  -50.629  41.461  1.683 0.0000000000
141454  -50.421  42.413  1.824 0.0000000000
117838  -50.988  41.689  2.254 0.0000000000
117824  -51.293  41.797  3.133 0.0000000000
117142  -51.105  41.189  2.670 0.0000000000
117130  -51.147  41.086  2.969 0.0000000000
117141  -51.012  40.927  2.320 0.0000000000
117848  -47.731  42.217  1.616 0.0000000000
117849  -48.841  41.513  1.913 0.0000000000
117836  -46.771  42.531  2.241 0.0000000000
118587  -46.261  43.259  -1.408 0.0000000000
150131  -46.946  43.029  -0.816 0.0000000000
138119  -45.560  43.419  -0.739 0.0000000000
135293  -43.912  43.504  0.442 0.0000000000
118560  -44.617  43.489  0.356 0.0000000000
112300  -43.425  35.094  9.218 0.0000000000
154617  -43.911  34.432  8.899 0.0000000000
112301  -44.349  34.976  9.238 0.0000000000
113864  -45.397  36.271  9.808 0.0000000000
138611  -46.173  34.445  9.408 0.0000000000
112303  -46.295  35.092  9.518 0.0000000000
162706  -46.690  34.792  9.478 0.0000000000
113853  -46.993  36.741  10.129 0.0000000000
114574  -47.516  37.426  10.410 0.0000000000
113854  -47.900  36.883  10.037 0.0000000000
148887  -47.979  38.053  10.696 0.0000000000
122992  -27.927  50.071  4.994 0.0000000000
122372  -28.239  49.668  5.807 0.0000000000
122389  -29.283  49.801  4.789 0.0000000000
122390  -29.945  49.915  4.575 0.0000000000
123009  -30.272  50.194  4.017 0.0000000000
124911  -28.899  53.565  3.223 0.0000000000
124288  -29.162  52.661  2.932 0.0000000000
123668  -31.678  52.204  1.754 0.0000000000
123660  -30.671  51.509  2.436 0.0000000000
123661  -31.422  51.494  2.240 0.0000000000
123026  -32.035  50.997  2.591 0.0000000000
123028  -34.754  50.366  2.898 0.0000000000
123664  -34.452  50.894  2.282 0.0000000000
123673  -35.826  51.670  1.535 0.0000000000
123033  -35.975  50.852  1.987 0.0000000000
123034  -36.968  50.798  1.763 0.0000000000
121779  -38.049  48.835  1.852 0.0000000000
123036  -37.924  50.137  1.120 0.0000000000
124947  -37.479  53.709  1.041 0.0000000000
124932  -38.219  53.003  1.238 0.0000000000
123683  -38.478  51.033  -0.387 0.0000000000
123679  -38.336  51.279  0.685 0.0000000000
123042  -38.602  50.079  -0.552 0.0000000000
122417  -38.500  49.544  0.033 0.0000000000
122419  -39.870  49.068  -0.843 0.0000000000
144915  -40.445  48.419  -0.507 0.0000000000
121803  -40.820  48.935  -1.079 0.0000000000
123046  -41.601  50.095  -1.897 0.0000000000
122425  -42.173  49.550  -1.541 0.0000000000
122426  -43.114  49.653  -1.520 0.0000000000
121807  -44.590  49.198  -1.122 0.0000000000
122427  -44.099  49.828  -1.440 0.0000000000
124350  -41.481  52.908  -3.346 0.0000000000
123714  -41.709  52.023  -3.130 0.0000000000
123715  -42.481  51.936  -3.074 0.0000000000
123065  -45.572  51.622  -1.872 0.0000000000
123064  -44.839  51.299  -1.985 0.0000000000
123691  -46.219  51.544  -1.712 0.0000000000
123051  -46.225  50.734  -1.532 0.0000000000
122430  -47.609  49.972  -1.865 0.0000000000
123066  -47.596  50.830  -1.980 0.0000000000
123077  -48.592  50.307  -4.265 0.0000000000
122474  -48.886  49.469  -5.044 0.0000000000
121869  -48.966  48.133  -5.803 0.0000000000
122473  -48.498  48.719  -5.621 0.0000000000
143785  -47.863  49.670  -5.791 0.0000000000
141901  -47.347  50.243  -6.042 0.0000000000
123096  -46.787  50.541  -6.264 0.0000000000
122484  -46.447  50.158  -6.097 0.0000000000
125665  -44.928  54.679  -4.802 0.0000000000
116430  -40.748  40.524  11.483 0.0000000000
117730  -41.664  42.008  11.876 0.0000000000
117055  -42.233  41.218  11.503 0.0000000000
139038  -42.999  40.973  11.353 0.0000000000
117056  -43.266  41.571  11.545 0.0000000000
143660  -41.209  45.191  14.192 0.0000000000
151992  -41.584  44.238  13.283 0.0000000000
119102  -42.278  44.778  14.044 0.0000000000
118438  -44.403  43.662  12.985 0.0000000000
117709  -43.614  43.116  12.384 0.0000000000
117710  -44.608  42.890  12.246 0.0000000000
153512  -44.494  41.416  11.426 0.0000000000
117058  -45.272  41.323  11.415 0.0000000000
116435  -45.417  40.427  11.181 0.0000000000
155676  -45.972  41.568  11.566 0.0000000000
117736  -47.300  42.147  12.098 0.0000000000
117060  -47.706  41.332  11.813 0.0000000000
115845  -48.861  39.487  11.425 0.0000000000
117061  -48.910  41.238  12.051 0.0000000000
160178  -44.210  53.767  8.373 0.0000000000
122958  -43.974  51.741  9.108 0.0000000000
120437  -43.543  46.571  2.370 0.0000000000
120427  -43.078  46.877  3.021 0.0000000000
120428  -44.039  46.824  3.133 0.0000000000
151554  -46.497  49.129  4.260 0.0000000000
121762  -45.100  48.538  4.160 0.0000000000
122396  -45.609  49.643  4.617 0.0000000000
147044  -46.491  50.229  5.207 0.0000000000
119828  -45.955  45.713  4.577 0.0000000000
120423  -45.860  46.592  4.865 0.0000000000
121071  -44.704  48.078  6.609 0.0000000000
121072  -45.923  48.646  5.975 0.0000000000
121742  -45.859  49.369  6.491 0.0000000000
149709  -46.474  50.154  6.242 0.0000000000
122368  -45.818  50.097  7.253 0.0000000000
122972  -46.179  51.424  7.475 0.0000000000
122356  -45.636  49.967  8.604 0.0000000000
121025  -45.249  49.142  10.552 0.0000000000
162625  -45.388  49.636  10.334 0.0000000000
121717  -45.330  49.841  11.021 0.0000000000
122329  -45.165  50.126  10.803 0.0000000000
121009  -45.296  49.574  11.817 0.0000000000
121706  -45.129  49.603  12.407 0.0000000000
120388  -45.344  48.916  12.035 0.0000000000
119771  -44.397  45.824  11.847 0.0000000000
119757  -44.553  46.968  12.884 0.0000000000
119758  -44.804  46.235  13.008 0.0000000000
119746  -45.369  46.585  14.312 0.0000000000
119747  -46.260  46.188  14.669 0.0000000000
119162  -47.277  44.509  9.523 0.0000000000
119142  -46.308  44.607  10.939 0.0000000000
135258  -47.394  44.549  11.237 0.0000000000
144376  -48.531  44.600  13.147 0.0000000000
136460  -48.475  44.717  14.331 0.0000000000
119749  -47.987  45.328  15.187 0.0000000000
119079  -48.228  44.757  15.222 0.0000000000
118404  -48.340  44.445  14.896 0.0000000000
118417  -48.891  43.890  14.319 0.0000000000
116417  -51.082  41.020  12.002 0.0000000000
115847  -51.349  39.590  11.453 0.0000000000
115204  -50.818  38.914  11.080 0.0000000000
115205  -51.906  39.012  10.898 0.0000000000
114582  -51.785  37.988  8.842 0.0000000000
115224  -52.133  38.684  9.265 0.0000000000
115874  -51.511  38.433  8.634 0.0000000000
115233  -50.900  37.949  7.881 0.0000000000
115232  -49.733  38.257  7.996 0.0000000000
115244  -49.131  37.750  7.450 0.0000000000
149251  -49.680  41.739  9.433 0.0000000000
144908  -49.851  40.889  9.704 0.0000000000
116453  -48.555  40.697  9.424 0.0000000000
115230  -46.721  38.785  8.363 0.0000000000
115871  -47.896  39.414  8.886 0.0000000000
158985  -47.668  38.087  7.861 0.0000000000
114596  -45.968  37.543  7.255 0.0000000000
114594  -44.034  37.810  7.133 0.0000000000
114613  -44.542  37.208  6.600 0.0000000000
113890  -43.210  36.893  5.905 0.0000000000
117823  -49.190  41.480  3.649 0.0000000000
117804  -49.582  41.669  4.456 0.0000000000
117803  -48.152  42.005  4.398 0.0000000000
154297  -45.225  42.358  5.857 0.0000000000
137767  -46.108  42.398  5.724 0.0000000000
117770  -45.463  42.248  6.564 0.0000000000
117759  -44.827  41.971  6.870 0.0000000000
150583  -42.040  41.903  5.523 0.0000000000
117093  -41.896  41.406  6.080 0.0000000000
115879  -41.828  39.987  6.847 0.0000000000
116472  -42.438  40.646  6.850 0.0000000000
115880  -42.600  39.790  7.219 0.0000000000
115881  -43.405  39.516  7.544 0.0000000000
114632  -41.362  37.218  5.685 0.0000000000
114610  -41.850  37.736  6.236 0.0000000000
113911  -41.792  36.653  5.206 0.0000000000
147679  -47.995  35.402  8.788 0.0000000000
112324  -47.833  34.848  7.307 0.0000000000
120531  -49.121  47.066  -5.762 0.0000000000
120526  -49.427  46.593  -5.027 0.0000000000
119924  -49.069  46.187  -5.656 0.0000000000
119917  -48.484  44.731  -5.503 0.0000000000
161134  -47.735  43.504  -5.607 0.0000000000
141739  -46.887  42.952  -5.451 0.0000000000
158326  -46.402  43.043  -5.386 0.0000000000
152678  -43.430  48.574  12.351 0.0000000000
120984  -44.592  49.168  13.420 0.0000000000
134847  -38.234  48.260  3.244 0.0000000000
121103  -39.514  47.814  3.610 0.0000000000
121091  -42.006  47.932  4.006 0.0000000000
118510  -48.250  43.876  3.827 0.0000000000
118511  -49.669  43.414  4.049 0.0000000000
119208  -49.109  44.139  5.597 0.0000000000
135597  -49.589  44.422  6.492 0.0000000000
119188  -48.826  44.525  7.187 0.0000000000
119200  -50.769  44.327  6.551 0.0000000000
119201  -51.299  43.973  6.415 0.0000000000
119191  -51.414  43.833  6.880 0.0000000000
117765  -51.065  42.846  7.050 0.0000000000
117775  -51.266  42.707  5.995 0.0000000000
136683  -49.924  42.375  6.097 0.0000000000
121162  -44.420  47.678  -0.377 0.0000000000
121145  -44.897  46.898  0.133 0.0000000000
121163  -45.354  47.551  -0.429 0.0000000000
162433  -47.526  46.668  -0.259 0.0000000000
119274  -50.129  44.954  -2.276 0.0000000000
119883  -50.406  44.865  -1.339 0.0000000000
119275  -50.522  43.967  -1.238 0.0000000000
119267  -50.442  44.650  -0.436 0.0000000000
119260  -50.359  43.611  -0.079 0.0000000000
118563  -50.075  43.594  0.449 0.0000000000
118564  -50.371  42.672  0.354 0.0000000000
117863  -50.458  41.902  0.768 0.0000000000
117164  -50.507  41.428  1.538 0.0000000000
159253  -49.897  41.239  1.557 0.0000000000
117153  -50.184  41.438  1.108 0.0000000000
117859  -47.500  42.515  0.727 0.0000000000
135291  -44.753  43.458  -1.245 0.0000000000
113863  -44.283  36.330  9.771 0.0000000000
142989  -44.048  35.604  9.481 0.0000000000
113865  -46.334  36.214  9.827 0.0000000000
113852  -46.008  36.858  10.144 0.0000000000
115856  -46.812  38.842  10.914 0.0000000000
123651  -27.853  50.823  4.306 0.0000000000
161912  -30.837  54.205  2.461 0.0000000000
142751  -30.353  53.052  2.291 0.0000000000
124928  -31.677  53.096  1.605 0.0000000000
124295  -32.254  52.686  1.484 0.0000000000
123670  -33.444  51.919  1.555 0.0000000000
123671  -34.293  51.547  1.701 0.0000000000
124297  -34.209  52.200  1.328 0.0000000000
151292  -35.778  52.323  1.226 0.0000000000
124299  -36.523  52.175  1.349 0.0000000000
150996  -40.316  54.812  1.306 0.0000000000
124933  -38.841  52.903  1.135 0.0000000000
124948  -39.310  53.135  0.688 0.0000000000
124327  -38.645  51.778  -0.691 0.0000000000
150854  -39.286  50.709  -1.565 0.0000000000
122423  -40.259  49.581  -1.401 0.0000000000
123059  -40.065  50.710  -2.065 0.0000000000
123060  -40.979  50.671  -2.281 0.0000000000
123061  -41.926  50.681  -2.330 0.0000000000
144449  -43.953  53.244  -3.335 0.0000000000
124352  -43.269  52.403  -3.179 0.0000000000
124341  -44.462  52.521  -2.772 0.0000000000
123707  -46.766  52.132  -1.947 0.0000000000
123708  -47.514  51.695  -2.408 0.0000000000
123716  -47.705  51.654  -3.719 0.0000000000
123087  -48.145  50.862  -4.628 0.0000000000
123097  -47.814  50.487  -5.636 0.0000000000
123719  -47.632  51.375  -4.999 0.0000000000
123718  -47.018  51.824  -5.283 0.0000000000
124374  -46.356  52.195  -5.626 0.0000000000
136217  -38.666  44.528  10.139 0.0000000000
119138  -38.383  44.254  10.910 0.0000000000
118471  -37.886  43.894  11.355 0.0000000000
118458  -38.098  43.729  11.905 0.0000000000
117053  -40.500  41.365  11.712 0.0000000000
117729  -40.609  42.202  11.990 0.0000000000
155619  -42.028  42.552  12.157 0.0000000000
119076  -42.725  45.638  15.243 0.0000000000
119088  -43.268  44.858  14.299 0.0000000000
134649  -43.886  45.359  15.223 0.0000000000
143178  -45.201  43.376  12.756 0.0000000000
118439  -46.104  43.445  13.169 0.0000000000
117713  -48.051  42.766  12.879 0.0000000000
124894  -44.104  54.066  7.711 0.0000000000
124241  -45.463  52.786  8.293 0.0000000000
120439  -45.765  46.697  2.581 0.0000000000
121107  -44.737  47.536  3.630 0.0000000000
121108  -46.095  47.626  3.347 0.0000000000
121769  -47.102  48.744  3.865 0.0000000000
121763  -47.467  49.098  4.390 0.0000000000
119205  -44.876  45.163  5.790 0.0000000000
120421  -44.983  46.550  5.501 0.0000000000
119822  -44.394  45.857  5.967 0.0000000000
121070  -43.934  47.261  6.875 0.0000000000
121061  -44.151  47.868  7.596 0.0000000000
121043  -43.808  47.315  8.377 0.0000000000
121024  -44.299  47.789  9.599 0.0000000000
120396  -43.893  46.875  10.018 0.0000000000
120387  -44.419  47.366  11.249 0.0000000000
119783  -43.794  46.162  10.411 0.0000000000
119784  -44.141  45.519  10.784 0.0000000000
119772  -44.962  45.479  12.124 0.0000000000
119144  -48.868  44.469  10.205 0.0000000000
138118  -48.381  44.441  11.180 0.0000000000
149072  -49.106  44.293  11.173 0.0000000000
119125  -49.598  43.930  11.707 0.0000000000
118442  -49.896  43.276  13.145 0.0000000000
117715  -50.047  43.018  13.235 0.0000000000
117716  -50.503  42.386  12.426 0.0000000000
117063  -51.327  41.463  11.777 0.0000000000
116441  -52.310  40.286  11.261 0.0000000000
115858  -52.467  39.460  10.376 0.0000000000
116449  -52.477  39.892  10.501 0.0000000000
138176  -52.242  39.612  9.790 0.0000000000
115863  -50.927  39.699  9.441 0.0000000000
117070  -47.876  41.258  9.169 0.0000000000
116452  -47.538  40.447  9.127 0.0000000000
158507  -46.216  39.416  8.478 0.0000000000
115229  -45.826  38.844  8.263 0.0000000000
115242  -45.422  38.234  7.770 0.0000000000
115228  -44.945  38.957  8.134 0.0000000000
115240  -43.647  38.611  7.440 0.0000000000
117821  -46.874  42.332  3.635 0.0000000000
142502  -47.022  42.302  4.270 0.0000000000
117786  -45.415  42.432  5.271 0.0000000000
117785  -44.568  42.413  5.445 0.0000000000
116470  -40.759  40.514  6.221 0.0000000000
138998  -41.196  40.091  6.538 0.0000000000
145368  -41.293  39.391  6.598 0.0000000000
113929  -40.612  36.271  4.670 0.0000000000
162202  -40.291  36.620  5.114 0.0000000000
151960  -47.655  33.418  9.739 0.0000000000
138596  -47.612  49.057  -1.767 0.0000000000
121810  -47.658  48.113  -1.600 0.0000000000
121182  -48.972  47.183  -2.177 0.0000000000
119903  -49.707  45.824  -2.535 0.0000000000
139740  -49.339  45.499  -5.015 0.0000000000
119912  -49.530  44.954  -4.087 0.0000000000
151649  -49.773  45.024  -3.180 0.0000000000
118603  -50.044  43.290  -3.164 0.0000000000
117892  -49.728  42.796  -3.210 0.0000000000
117883  -49.273  42.481  -1.872 0.0000000000
150325  -48.437  42.554  -1.331 0.0000000000
117882  -48.311  42.632  -2.276 0.0000000000
118602  -47.377  42.795  -2.725 0.0000000000
118600  -45.676  43.196  -2.746 0.0000000000
118614  -46.321  42.736  -4.561 0.0000000000
144421  -45.640  42.812  -4.095 0.0000000000
112299  -42.526  34.800  9.092 0.0000000000
113849  -41.813  36.633  10.021 0.0000000000
113861  -42.638  36.420  9.835 0.0000000000
113862  -43.441  36.610  9.882 0.0000000000
114571  -43.941  38.127  10.396 0.0000000000
115212  -43.996  38.961  10.552 0.0000000000
147292  -30.025  54.832  3.217 0.0000000000
125580  -31.272  54.440  2.345 0.0000000000
125581  -31.977  54.769  2.094 0.0000000000
126213  -33.763  55.331  1.640 0.0000000000
152373  -39.563  53.235  -1.987 0.0000000000
124986  -42.090  53.868  -3.590 0.0000000000
124987  -43.098  53.808  -3.641 0.0000000000
124988  -44.284  54.311  -3.594 0.0000000000
124989  -45.213  54.291  -3.556 0.0000000000
125656  -44.306  55.643  -4.778 0.0000000000
120351  -42.143  46.354  14.856 0.0000000000
119745  -42.081  46.000  15.282 0.0000000000
156227  -43.576  46.612  16.120 0.0000000000
119722  -44.356  46.904  16.559 0.0000000000
120328  -45.412  46.740  16.666 0.0000000000
123001  -42.590  50.393  5.755 0.0000000000
119837  -48.807  46.878  2.964 0.0000000000
120430  -48.292  47.152  3.522 0.0000000000
151609  -47.448  45.378  3.259 0.0000000000
119829  -46.819  45.565  3.840 0.0000000000
119218  -46.298  44.823  4.525 0.0000000000
119219  -47.378  44.341  4.377 0.0000000000
119217  -45.460  45.062  5.126 0.0000000000
141690  -45.394  44.719  5.895 0.0000000000
152181  -45.188  44.586  7.217 0.0000000000
119186  -45.439  44.538  7.999 0.0000000000
161960  -45.082  44.583  9.056 0.0000000000
135289  -46.799  44.504  8.819 0.0000000000
136735  -48.210  44.522  9.565 0.0000000000
119178  -49.028  44.599  8.132 0.0000000000
119163  -49.015  44.575  9.119 0.0000000000
119164  -49.816  44.444  9.570 0.0000000000
119146  -50.430  44.041  9.969 0.0000000000
118473  -51.297  43.071  9.885 0.0000000000
117751  -51.256  42.645  9.635 0.0000000000
117750  -51.171  42.571  9.450 0.0000000000
162049  -51.052  42.790  8.835 0.0000000000
117748  -49.055  42.158  8.905 0.0000000000
117755  -49.835  42.507  8.421 0.0000000000
117078  -47.526  41.785  8.626 0.0000000000
117077  -46.736  41.770  8.295 0.0000000000
117084  -46.144  41.820  7.958 0.0000000000
145003  -42.874  42.674  4.280 0.0000000000
117798  -41.701  42.200  4.940 0.0000000000
117104  -41.377  41.712  5.455 0.0000000000
116483  -40.289  40.913  5.716 0.0000000000
115892  -39.935  40.187  6.028 0.0000000000
121128  -41.109  47.145  1.186 0.0000000000
162010  -41.627  46.916  1.578 0.0000000000
156894  -42.287  46.733  1.559 0.0000000000
120451  -43.101  46.582  1.576 0.0000000000
120438  -44.510  46.507  2.488 0.0000000000
120453  -44.911  46.383  1.694 0.0000000000
120440  -47.185  46.998  2.368 0.0000000000
121180  -47.830  47.280  -1.225 0.0000000000
120488  -48.078  46.736  -0.692 0.0000000000
120474  -48.422  46.478  0.063 0.0000000000
120490  -49.984  46.204  0.141 0.0000000000
120475  -49.542  46.395  0.699 0.0000000000
120456  -48.899  46.607  1.114 0.0000000000
120442  -49.270  47.072  2.113 0.0000000000
158988  -49.342  46.941  2.182 0.0000000000
143257  -49.003  47.180  2.597 0.0000000000
119849  -48.982  46.462  2.299 0.0000000000
119242  -48.504  44.445  2.161 0.0000000000
118550  -49.780  43.448  1.110 0.0000000000
149085  -49.410  43.333  2.711 0.0000000000
118523  -50.805  42.625  3.539 0.0000000000
118524  -51.518  42.214  3.996 0.0000000000
117806  -51.502  41.986  4.414 0.0000000000
117115  -51.265  41.463  3.630 0.0000000000
117140  -49.930  41.007  2.148 0.0000000000
117128  -48.785  41.487  2.818 0.0000000000
135877  -47.364  42.176  3.004 0.0000000000
135541  -46.157  42.589  3.135 0.0000000000
117834  -45.022  42.966  2.976 0.0000000000
117872  -47.765  42.683  -0.725 0.0000000000
118575  -47.175  42.837  -0.096 0.0000000000
118562  -46.507  43.022  0.536 0.0000000000
118561  -45.633  43.360  0.271 0.0000000000
118549  -45.898  43.173  1.105 0.0000000000
111527  -43.868  33.707  8.635 0.0000000000
111528  -44.576  33.349  8.721 0.0000000000
111529  -45.384  33.867  9.102 0.0000000000
111515  -46.281  33.431  9.402 0.0000000000
157681  -47.207  33.398  9.796 0.0000000000
112304  -47.241  35.092  9.402 0.0000000000
146819  -47.024  36.159  9.806 0.0000000000
156635  -47.612  35.860  9.462 0.0000000000
161083  -49.169  37.342  9.922 0.0000000000
123656  -28.435  51.401  3.597 0.0000000000
124289  -29.805  52.468  2.555 0.0000000000
123659  -29.948  51.684  2.627 0.0000000000
123017  -29.777  50.618  3.529 0.0000000000
123018  -30.650  50.575  3.366 0.0000000000
123020  -32.445  50.576  3.352 0.0000000000
152216  -33.180  50.516  3.469 0.0000000000
123021  -34.414  50.159  3.705 0.0000000000
122405  -35.758  49.618  3.416 0.0000000000
122406  -36.435  49.485  2.964 0.0000000000
123030  -36.578  50.158  2.279 0.0000000000
122407  -37.219  49.034  2.834 0.0000000000
121773  -37.962  48.579  2.585 0.0000000000
141950  -38.535  48.359  1.971 0.0000000000
121781  -39.093  48.100  1.333 0.0000000000
125593  -35.135  54.818  1.015 0.0000000000
125609  -36.366  54.052  0.736 0.0000000000
124946  -36.600  53.402  0.867 0.0000000000
124300  -37.280  51.994  1.424 0.0000000000
124309  -38.482  52.127  1.022 0.0000000000
123675  -38.080  51.465  1.237 0.0000000000
149025  -38.119  50.822  1.034 0.0000000000
122414  -38.255  49.491  0.739 0.0000000000
121785  -38.837  48.742  0.395 0.0000000000
121140  -40.464  47.535  0.622 0.0000000000
121158  -40.908  47.786  -0.167 0.0000000000
121159  -41.778  47.759  -0.273 0.0000000000
121160  -42.645  47.747  -0.335 0.0000000000
121804  -41.751  48.926  -1.176 0.0000000000
121805  -42.685  48.990  -1.195 0.0000000000
121792  -43.131  48.437  -0.746 0.0000000000
121793  -44.045  48.478  -0.727 0.0000000000
145835  -46.308  49.018  -1.231 0.0000000000
124340  -40.777  52.219  -2.930 0.0000000000
123702  -41.319  51.352  -2.660 0.0000000000
123062  -42.863  50.786  -2.315 0.0000000000
123704  -43.807  51.771  -2.655 0.0000000000
123063  -43.862  51.070  -2.246 0.0000000000
123049  -44.504  50.589  -1.711 0.0000000000
122428  -45.242  50.066  -1.401 0.0000000000
122429  -46.223  49.867  -1.366 0.0000000000
144635  -46.983  49.547  -1.469 0.0000000000
121826  -48.777  48.777  -2.812 0.0000000000
121846  -49.255  48.950  -3.876 0.0000000000
123067  -48.525  50.376  -3.186 0.0000000000
122452  -48.947  49.724  -4.007 0.0000000000
158954  -49.374  48.492  -5.000 0.0000000000
121224  -49.167  47.866  -5.705 0.0000000000
121223  -49.026  47.382  -5.842 0.0000000000
124999  -45.802  53.884  -4.152 0.0000000000
124373  -45.975  53.072  -5.095 0.0000000000
115841  -41.300  39.760  11.100 0.0000000000
116431  -41.716  40.497  11.304 0.0000000000
115842  -42.115  39.810  10.919 0.0000000000
116444  -42.771  39.839  10.836 0.0000000000
115853  -43.301  39.448  10.680 0.0000000000
115854  -44.020  39.745  10.753 0.0000000000
119101  -40.643  44.614  13.506 0.0000000000
118436  -41.898  43.315  12.541 0.0000000000
117708  -42.711  42.782  12.211 0.0000000000
118437  -43.408  44.106  13.302 0.0000000000
117732  -43.389  42.275  11.837 0.0000000000
117057  -43.982  41.812  11.584 0.0000000000
116447  -44.764  40.034  10.920 0.0000000000
115855  -45.446  39.706  10.914 0.0000000000
115843  -46.273  39.795  11.145 0.0000000000
117059  -46.707  41.451  11.649 0.0000000000
116436  -47.062  40.507  11.482 0.0000000000
115844  -47.551  38.972  11.094 0.0000000000
115202  -48.301  38.745  11.054 0.0000000000
115216  -48.933  38.198  10.685 0.0000000000
144016  -49.576  37.699  10.157 0.0000000000
122957  -42.917  51.544  8.747 0.0000000000
122339  -43.386  50.620  9.101 0.0000000000
122327  -43.440  49.856  9.506 0.0000000000
120436  -42.206  46.991  2.864 0.0000000000
121092  -43.127  48.096  4.142 0.0000000000
121093  -44.084  48.003  4.058 0.0000000000
147041  -43.312  48.887  4.542 0.0000000000
122395  -44.114  49.619  4.763 0.0000000000
123002  -44.696  51.170  5.641 0.0000000000
120425  -48.366  48.208  3.873 0.0000000000
121095  -47.924  48.503  4.317 0.0000000000
121752  -47.544  48.897  4.815 0.0000000000
121081  -45.101  47.505  5.835 0.0000000000
121082  -46.568  48.379  5.405 0.0000000000
155304  -47.076  49.825  5.085 0.0000000000
122384  -46.540  50.310  5.735 0.0000000000
123003  -45.998  51.056  5.772 0.0000000000
123644  -45.310  51.790  6.194 0.0000000000
123637  -46.024  51.968  7.075 0.0000000000
123622  -46.069  52.119  7.976 0.0000000000
123609  -45.686  51.979  8.758 0.0000000000
122341  -45.836  50.735  9.206 0.0000000000
122944  -45.223  51.113  9.665 0.0000000000
143023  -45.124  50.602  10.166 0.0000000000
122328  -44.723  50.339  10.431 0.0000000000
121716  -44.053  49.822  10.533 0.0000000000
121694  -44.590  49.631  12.074 0.0000000000
121689  -45.043  49.552  12.921 0.0000000000
120374  -45.026  48.318  12.694 0.0000000000
159283  -45.072  48.512  13.653 0.0000000000
120974  -44.501  48.253  14.172 0.0000000000
120352  -45.114  47.494  15.624 0.0000000000
120342  -45.616  47.011  16.357 0.0000000000
120329  -46.250  46.458  16.598 0.0000000000
138117  -46.007  44.556  10.181 0.0000000000
119141  -45.389  44.707  10.638 0.0000000000
119122  -45.747  44.983  11.779 0.0000000000
119124  -48.199  44.520  12.010 0.0000000000
119103  -46.843  45.158  12.806 0.0000000000
119760  -47.054  45.600  14.156 0.0000000000
119737  -47.327  45.779  16.123 0.0000000000
119069  -47.369  45.491  16.191 0.0000000000
118403  -48.018  44.818  15.658 0.0000000000
118416  -48.241  43.977  14.761 0.0000000000
148438  -49.050  42.694  13.219 0.0000000000
117714  -49.581  43.223  13.434 0.0000000000
117041  -49.673  42.150  12.761 0.0000000000
115846  -50.100  39.541  11.509 0.0000000000
115217  -50.149  38.315  10.551 0.0000000000
139524  -51.126  37.561  8.671 0.0000000000
113874  -50.591  37.248  7.577 0.0000000000
114600  -50.256  37.071  7.163 0.0000000000
115875  -51.855  38.523  8.909 0.0000000000
115246  -50.741  37.476  7.821 0.0000000000
114599  -49.705  37.079  6.806 0.0000000000
115872  -48.929  39.189  8.837 0.0000000000
115861  -48.367  39.965  9.262 0.0000000000
115231  -48.418  38.565  8.329 0.0000000000
114615  -46.671  36.990  6.491 0.0000000000
113893  -46.215  36.630  5.886 0.0000000000
113892  -45.125  36.704  6.022 0.0000000000
114595  -44.955  37.658  7.229 0.0000000000
117805  -50.987  41.586  4.367 0.0000000000
117788  -50.089  41.973  5.281 0.0000000000
117787  -47.136  42.349  5.075 0.0000000000
117771  -47.096  42.399  6.024 0.0000000000
117772  -47.847  42.400  6.391 0.0000000000
117761  -46.003  42.144  7.314 0.0000000000
117083  -45.512  41.623  7.775 0.0000000000
117800  -43.378  42.559  4.721 0.0000000000
117094  -42.557  41.291  6.492 0.0000000000
117095  -43.311  41.642  6.466 0.0000000000
153059  -44.182  41.780  6.720 0.0000000000
153186  -43.774  41.259  7.163 0.0000000000
116461  -44.267  40.809  7.712 0.0000000000
115882  -44.040  40.040  7.901 0.0000000000
115259  -43.176  38.062  6.929 0.0000000000
115258  -42.352  38.329  6.695 0.0000000000
114611  -42.736  37.530  6.368 0.0000000000
113867  -48.971  36.414  8.922 0.0000000000
114576  -50.965  37.843  9.620 0.0000000000
114587  -50.722  37.173  8.132 0.0000000000
114588  -51.217  37.749  8.190 0.0000000000
115215  -47.562  38.513  10.872 0.0000000000
115219  -52.442  38.805  10.063 0.0000000000
115220  -52.601  39.075  9.959 0.0000000000
115223  -51.827  38.355  9.579 0.0000000000
115234  -51.445  37.948  8.316 0.0000000000
115857  -52.463  39.366  10.454 0.0000000000
115864  -52.383  38.928  9.535 0.0000000000
115865  -52.506  39.428  10.067 0.0000000000
115870  -46.116  40.010  8.583 0.0000000000
116418  -51.775  40.749  11.588 0.0000000000
116437  -48.153  40.382  11.604 0.0000000000
116438  -49.461  40.362  11.762 0.0000000000
116439  -50.708  40.370  11.819 0.0000000000
116440  -51.686  40.308  11.613 0.0000000000
116442  -52.499  39.803  10.754 0.0000000000
116445  -43.353  40.265  10.996 0.0000000000
116446  -44.099  40.373  11.032 0.0000000000
117064  -52.198  40.865  11.258 0.0000000000
117065  -52.491  40.285  10.845 0.0000000000
117079  -48.236  41.794  8.920 0.0000000000
117082  -44.677  41.502  7.415 0.0000000000
117105  -42.600  41.786  5.937 0.0000000000
117154  -50.691  41.147  1.842 0.0000000000
117705  -39.218  43.666  12.488 0.0000000000
117734  -45.577  42.015  11.662 0.0000000000
117735  -46.320  42.187  11.864 0.0000000000
117744  -51.205  42.762  10.699 0.0000000000
117749  -50.364  42.430  9.071 0.0000000000
117754  -48.155  42.215  8.348 0.0000000000
117776  -51.404  43.169  6.650 0.0000000000
117791  -51.500  42.888  5.681 0.0000000000
117799  -42.088  42.538  4.314 0.0000000000
117819  -44.558  42.761  3.890 0.0000000000
117873  -49.444  42.285  -0.946 0.0000000000
117884  -49.858  42.564  -2.269 0.0000000000
117896  -47.291  42.686  -5.071 0.0000000000
117897  -48.103  42.591  -4.371 0.0000000000
118418  -49.296  43.553  13.659 0.0000000000
118440  -47.250  43.636  14.030 0.0000000000
118443  -50.256  42.965  12.773 0.0000000000
118483  -51.011  43.740  9.367 0.0000000000
118487  -51.194  44.054  8.495 0.0000000000
118491  -51.402  43.618  7.387 0.0000000000
118501  -51.470  43.205  5.581 0.0000000000
118589  -50.238  42.919  -2.396 0.0000000000
119068  -46.632  45.812  16.630 0.0000000000
119091  -48.685  44.201  14.485 0.0000000000
119106  -49.586  43.773  12.933 0.0000000000
119159  -44.595  44.871  10.205 0.0000000000
119160  -45.337  44.585  9.659 0.0000000000
119177  -45.728  44.515  8.820 0.0000000000
119196  -44.988  44.738  6.461 0.0000000000
119204  -44.488  45.212  6.382 0.0000000000
119220  -48.616  43.881  4.652 0.0000000000
119299  -47.159  43.433  -5.500 0.0000000000
119306  -47.869  44.127  -5.586 0.0000000000
119307  -48.175  43.710  -5.592 0.0000000000
119723  -44.746  46.486  16.637 0.0000000000
119724  -46.211  46.290  16.726 0.0000000000
119734  -42.697  46.232  15.584 0.0000000000
119736  -46.579  46.450  16.064 0.0000000000
119748  -47.190  45.898  15.366 0.0000000000
119812  -44.003  45.252  7.604 0.0000000000
119816  -43.894  46.421  6.651 0.0000000000
119817  -44.040  45.565  6.799 0.0000000000
119923  -48.912  45.854  -5.604 0.0000000000
120420  -44.412  46.632  6.023 0.0000000000
120435  -41.880  46.853  2.176 0.0000000000
120452  -43.961  46.464  1.626 0.0000000000
120470  -43.495  46.678  0.821 0.0000000000
120487  -46.777  46.738  -0.169 0.0000000000
120520  -49.547  45.972  -3.770 0.0000000000
120530  -48.851  46.508  -5.682 0.0000000000
120985  -45.026  49.187  13.494 0.0000000000
121060  -43.642  46.832  7.441 0.0000000000
121118  -40.241  47.441  2.396 0.0000000000
121119  -41.493  47.126  2.674 0.0000000000
121129  -41.865  46.944  0.951 0.0000000000
121139  -39.801  47.652  1.202 0.0000000000
121141  -41.393  47.372  0.395 0.0000000000
121196  -48.756  47.939  -2.514 0.0000000000
121212  -49.458  47.592  -5.060 0.0000000000
121764  -47.806  48.898  4.345 0.0000000000
121767  -38.807  47.986  3.420 0.0000000000
121770  -47.948  48.823  4.067 0.0000000000
121774  -38.675  48.091  2.689 0.0000000000
121775  -39.050  47.896  2.137 0.0000000000
121786  -39.635  48.021  0.505 0.0000000000
121787  -40.184  47.947  -0.029 0.0000000000
121791  -42.227  48.385  -0.730 0.0000000000
121870  -49.125  48.444  -5.564 0.0000000000
122340  -45.505  50.113  10.050 0.0000000000
122357  -46.096  50.758  8.033 0.0000000000
122385  -47.388  49.312  4.749 0.0000000000
122388  -28.620  49.776  5.066 0.0000000000
122402  -36.815  48.958  3.490 0.0000000000
122410  -37.584  49.230  2.129 0.0000000000
122411  -37.898  49.412  1.449 0.0000000000
122418  -39.037  49.254  -0.462 0.0000000000
122424  -41.226  49.517  -1.504 0.0000000000
122432  -48.161  50.248  -2.436 0.0000000000
122475  -49.184  49.158  -4.659 0.0000000000
122486  -48.894  48.775  -5.553 0.0000000000
122943  -44.604  50.953  9.651 0.0000000000
122945  -45.646  51.210  9.296 0.0000000000
122993  -30.781  49.983  4.823 0.0000000000
123007  -28.644  50.177  4.469 0.0000000000
123008  -29.440  50.203  4.153 0.0000000000
123019  -31.539  50.589  3.280 0.0000000000
123022  -35.131  49.926  3.520 0.0000000000
123024  -30.226  51.013  2.911 0.0000000000
123035  -37.359  50.030  1.779 0.0000000000
123044  -38.769  50.598  -1.074 0.0000000000
123048  -43.506  50.337  -1.823 0.0000000000
123098  -48.506  49.285  -5.555 0.0000000000
123596  -45.309  51.714  9.231 0.0000000000
123645  -45.840  51.634  6.437 0.0000000000
123657  -29.331  51.292  3.171 0.0000000000
123663  -33.636  51.137  2.197 0.0000000000
123665  -35.161  50.691  2.325 0.0000000000
123669  -32.520  52.048  1.637 0.0000000000
123689  -38.785  51.307  -1.243 0.0000000000
123706  -46.012  52.263  -1.979 0.0000000000
124240  -44.901  53.431  8.308 0.0000000000
124269  -44.819  53.409  7.380 0.0000000000
124270  -45.455  52.399  6.805 0.0000000000
124290  -30.448  52.215  2.264 0.0000000000
124291  -31.004  51.983  2.009 0.0000000000
124296  -32.966  52.698  1.317 0.0000000000
124298  -35.002  52.068  1.335 0.0000000000
124308  -36.210  52.850  0.974 0.0000000000
124310  -38.876  52.564  0.700 0.0000000000
124339  -40.124  52.982  -2.609 0.0000000000
124344  -46.983  52.539  -2.444 0.0000000000
124355  -46.677  53.151  -2.861 0.0000000000
124867  -44.520  53.862  7.981 0.0000000000
124882  -43.907  54.293  7.995 0.0000000000
124920  -31.030  53.623  2.080 0.0000000000
124930  -33.360  53.459  1.054 0.0000000000
124931  -37.264  52.748  1.192 0.0000000000
124943  -34.151  53.485  0.802 0.0000000000
124944  -34.972  53.489  0.702 0.0000000000
124945  -35.808  53.482  0.729 0.0000000000
125579  -30.715  54.715  2.868 0.0000000000
125590  -32.439  54.299  1.568 0.0000000000
125608  -35.474  54.151  0.679 0.0000000000
126205  -33.171  55.803  2.377 0.0000000000
126212  -32.858  54.990  1.722 0.0000000000
134755  -47.652  44.745  12.432 0.0000000000
134917  -50.410  42.595  -0.131 0.0000000000
135005  -45.165  49.716  11.680 0.0000000000
135290  -46.812  44.521  10.258 0.0000000000
139410  -45.108  46.497  0.931 0.0000000000
139478  -45.771  39.044  10.775 0.0000000000
139647  -33.683  50.295  4.066 0.0000000000
141208  -47.179  39.540  11.257 0.0000000000
141314  -42.213  51.356  -2.683 0.0000000000
141721  -46.012  45.427  16.286 0.0000000000
141730  -30.299  54.017  2.677 0.0000000000
143171  -42.014  35.301  9.370 0.0000000000
143627  -46.197  50.766  6.798 0.0000000000
144015  -45.839  47.336  5.312 0.0000000000
144625  -44.799  42.126  11.670 0.0000000000
144862  -37.660  50.805  1.422 0.0000000000
145297  -44.805  39.308  10.703 0.0000000000
145944  -44.422  51.677  -2.388 0.0000000000
146312  -47.915  43.357  13.648 0.0000000000
148058  -47.906  39.463  11.330 0.0000000000
148706  -48.698  43.194  -5.216 0.0000000000
150248  -50.137  42.605  12.929 0.0000000000
150980  -32.083  51.584  2.018 0.0000000000
151190  -45.759  42.794  -4.980 0.0000000000
151231  -46.618  43.079  -2.276 0.0000000000
151362  -43.140  47.269  14.799 0.0000000000
151568  -33.863  50.529  3.018 0.0000000000
152494  -33.542  54.669  1.288 0.0000000000
152557  -45.085  43.457  0.372 0.0000000000
153914  -45.131  53.414  7.956 0.0000000000
154326  -48.191  49.399  -2.305 0.0000000000
154633  -36.690  51.476  1.590 0.0000000000
154634  -44.169  44.967  8.408 0.0000000000
154762  -45.949  44.481  7.479 0.0000000000
155316  -46.819  46.062  16.575 0.0000000000
155351  -47.780  42.990  -5.536 0.0000000000
155545  -50.097  44.179  -2.932 0.0000000000
157050  -46.458  48.263  -1.071 0.0000000000
158250  -51.361  43.636  6.005 0.0000000000
158607  -28.439  54.007  3.417 0.0000000000
159529  -46.296  53.613  -2.997 0.0000000000
159539  -39.875  50.189  -1.649 0.0000000000
159649  -42.121  41.036  6.488 0.0000000000
160273  -39.968  52.075  -2.461 0.0000000000
160824  -46.780  46.195  16.473 0.0000000000
161540  -42.778  41.422  11.531 0.0000000000
162765  -48.047  50.888  -2.558 0.0000000000
162972  -41.105  43.802  12.886 0.0000000000
