#!ascii label  , from subject sub-v1s3x0050780_ses-1 vox2ras=TkReg
793
34678  28.094  -36.054  51.239 0.0000000000
58152  46.812  -13.633  34.603 0.0000000000
61280  52.751  -10.781  31.201 0.0000000000
126856  51.668  -24.985  40.340 0.0000000000
33826  34.522  -36.418  44.792 0.0000000000
29915  32.159  -40.128  48.710 0.0000000000
137495  51.481  -13.134  32.351 0.0000000000
57122  54.235  -14.392  36.531 0.0000000000
43214  46.803  -26.944  44.070 0.0000000000
35716  38.381  -33.356  46.592 0.0000000000
66434  58.092  -4.921  29.248 0.0000000000
63148  50.976  -8.081  35.574 0.0000000000
48863  47.924  -22.832  39.064 0.0000000000
53945  50.009  -18.005  40.138 0.0000000000
33797  31.199  -37.595  48.051 0.0000000000
32803  29.876  -38.003  50.652 0.0000000000
57183  49.465  -14.245  33.752 0.0000000000
57160  52.921  -14.564  34.697 0.0000000000
57126  50.921  -14.007  36.922 0.0000000000
37929  46.481  -32.518  42.049 0.0000000000
32834  35.842  -37.582  47.161 0.0000000000
35719  36.482  -34.172  46.096 0.0000000000
33814  37.760  -36.610  45.464 0.0000000000
117566  55.866  -4.013  29.929 0.0000000000
65280  56.671  -6.206  30.563 0.0000000000
66406  55.266  -5.687  33.101 0.0000000000
61281  50.320  -10.528  32.367 0.0000000000
62239  48.504  -9.150  33.730 0.0000000000
62256  51.043  -9.877  33.199 0.0000000000
63190  51.305  -8.544  31.471 0.0000000000
116790  52.090  -10.631  29.008 0.0000000000
44319  49.501  -26.542  42.353 0.0000000000
45400  47.745  -25.265  42.048 0.0000000000
47693  49.205  -23.330  42.262 0.0000000000
51025  48.789  -20.533  39.538 0.0000000000
49906  51.017  -21.574  41.530 0.0000000000
52064  53.309  -19.554  39.117 0.0000000000
129235  52.463  -23.128  39.211 0.0000000000
32850  33.925  -38.312  47.125 0.0000000000
59234  49.562  -11.555  30.919 0.0000000000
60280  52.278  -11.064  33.001 0.0000000000
59185  54.924  -13.008  33.236 0.0000000000
58129  56.659  -13.689  34.718 0.0000000000
41120  42.717  -29.854  46.127 0.0000000000
128030  45.492  -29.927  44.742 0.0000000000
128097  48.604  -29.666  42.181 0.0000000000
43258  50.304  -27.761  40.408 0.0000000000
124837  49.972  -25.880  38.306 0.0000000000
40054  39.731  -30.572  46.046 0.0000000000
37870  40.785  -32.452  45.134 0.0000000000
122843  58.730  -6.505  26.708 0.0000000000
65241  51.566  -5.865  32.708 0.0000000000
64186  53.715  -6.855  34.273 0.0000000000
63208  50.953  -8.463  29.016 0.0000000000
56107  48.835  -14.323  37.632 0.0000000000
55020  52.319  -16.009  38.589 0.0000000000
53054  54.360  -17.816  37.152 0.0000000000
33746  28.010  -36.807  51.651 0.0000000000
33760  28.746  -36.640  51.033 0.0000000000
134239  28.787  -38.411  50.874 0.0000000000
58170  47.858  -13.527  34.428 0.0000000000
57162  50.579  -14.402  35.107 0.0000000000
58149  48.589  -13.397  35.690 0.0000000000
33815  36.972  -37.207  46.510 0.0000000000
67540  53.837  -4.498  29.619 0.0000000000
67523  55.555  -4.619  31.539 0.0000000000
66428  53.366  -4.833  30.546 0.0000000000
60303  51.554  -10.755  32.686 0.0000000000
61266  50.345  -10.189  33.214 0.0000000000
135768  51.116  -10.414  31.674 0.0000000000
126535  50.850  -9.921  32.050 0.0000000000
44334  50.190  -25.981  41.805 0.0000000000
45386  49.161  -24.882  42.596 0.0000000000
47717  50.661  -23.754  41.788 0.0000000000
49907  50.237  -21.769  41.893 0.0000000000
48844  51.447  -22.606  41.160 0.0000000000
48843  52.291  -22.637  40.306 0.0000000000
46514  52.276  -23.890  40.018 0.0000000000
32839  32.054  -38.203  47.934 0.0000000000
127396  33.038  -38.822  48.499 0.0000000000
30921  34.015  -39.399  48.232 0.0000000000
58215  49.346  -13.154  31.534 0.0000000000
59235  48.543  -12.107  30.237 0.0000000000
59219  50.109  -12.214  31.279 0.0000000000
59233  50.582  -11.409  31.775 0.0000000000
134462  52.030  -12.002  32.624 0.0000000000
60279  53.124  -11.279  32.809 0.0000000000
58189  53.129  -12.876  32.693 0.0000000000
57140  54.170  -14.221  36.238 0.0000000000
139447  55.745  -13.855  35.181 0.0000000000
125358  55.550  -14.034  35.444 0.0000000000
56142  56.442  -15.106  34.874 0.0000000000
55046  55.532  -15.758  36.110 0.0000000000
38965  43.893  -31.030  45.164 0.0000000000
40050  44.382  -29.658  45.511 0.0000000000
38964  44.651  -30.833  44.775 0.0000000000
38996  47.514  -31.365  42.215 0.0000000000
41188  49.442  -29.153  41.211 0.0000000000
35699  37.048  -34.031  46.613 0.0000000000
37857  37.316  -32.231  46.276 0.0000000000
38932  38.900  -31.644  46.835 0.0000000000
37842  39.979  -31.603  46.727 0.0000000000
36748  39.995  -32.800  45.801 0.0000000000
67561  56.986  -3.795  27.920 0.0000000000
65322  58.933  -5.717  28.004 0.0000000000
65281  55.414  -6.478  29.961 0.0000000000
64172  49.964  -8.421  35.134 0.0000000000
64173  48.660  -7.782  33.298 0.0000000000
139416  49.463  -7.146  33.264 0.0000000000
65242  50.683  -6.335  31.891 0.0000000000
65220  51.921  -6.117  34.327 0.0000000000
65196  53.551  -6.355  34.794 0.0000000000
64170  52.429  -7.363  35.208 0.0000000000
62266  49.879  -9.998  29.305 0.0000000000
63199  51.254  -8.421  30.135 0.0000000000
43217  45.342  -27.960  44.533 0.0000000000
44323  46.198  -26.932  42.459 0.0000000000
46516  47.706  -24.445  40.514 0.0000000000
45426  46.475  -25.516  39.539 0.0000000000
52051  49.589  -19.412  40.463 0.0000000000
52071  48.972  -18.993  38.729 0.0000000000
53035  49.228  -17.973  38.905 0.0000000000
55048  48.632  -16.567  36.937 0.0000000000
55022  49.585  -16.457  39.100 0.0000000000
56095  50.406  -15.088  38.652 0.0000000000
129314  50.648  -16.437  39.403 0.0000000000
51041  53.226  -20.486  38.098 0.0000000000
136472  53.866  -19.212  38.122 0.0000000000
52074  53.510  -19.038  37.294 0.0000000000
53056  53.186  -18.571  36.526 0.0000000000
32825  30.853  -37.508  48.847 0.0000000000
30902  31.191  -39.343  49.780 0.0000000000
134670  30.587  -39.695  48.776 0.0000000000
31876  29.743  -39.235  49.796 0.0000000000
57204  50.418  -14.134  32.774 0.0000000000
57181  51.670  -14.232  33.172 0.0000000000
119007  51.046  -14.649  33.930 0.0000000000
139886  52.332  -14.502  35.599 0.0000000000
57124  52.745  -14.181  37.030 0.0000000000
33806  35.564  -36.438  46.375 0.0000000000
35721  35.856  -34.923  45.490 0.0000000000
139796  36.007  -36.042  46.702 0.0000000000
34737  37.043  -35.661  46.504 0.0000000000
126272  37.937  -35.059  45.934 0.0000000000
139667  38.855  -34.742  43.981 0.0000000000
33825  38.365  -36.808  44.222 0.0000000000
68608  57.464  -4.302  29.440 0.0000000000
65278  57.680  -5.389  29.779 0.0000000000
67521  56.918  -4.927  31.092 0.0000000000
65239  56.390  -5.757  31.811 0.0000000000
65261  55.828  -6.201  32.241 0.0000000000
121306  47.936  -10.220  31.966 0.0000000000
62248  48.817  -9.560  33.596 0.0000000000
61247  49.879  -9.791  34.092 0.0000000000
63167  51.127  -9.223  34.790 0.0000000000
135435  51.466  -8.805  34.278 0.0000000000
63179  50.988  -9.172  32.326 0.0000000000
62262  50.434  -9.947  30.503 0.0000000000
44304  47.744  -26.606  43.469 0.0000000000
44321  47.419  -26.266  43.284 0.0000000000
122516  48.434  -25.234  42.680 0.0000000000
46505  48.502  -23.932  41.938 0.0000000000
47745  48.447  -23.020  40.813 0.0000000000
48872  48.179  -21.949  38.855 0.0000000000
49909  49.150  -21.760  41.287 0.0000000000
51001  49.873  -20.604  41.424 0.0000000000
52033  50.985  -19.829  41.068 0.0000000000
53019  51.507  -18.228  39.990 0.0000000000
51015  52.453  -20.439  39.980 0.0000000000
49928  52.983  -21.806  39.297 0.0000000000
49943  52.396  -21.984  38.406 0.0000000000
120000  31.492  -37.029  46.206 0.0000000000
33818  33.047  -37.527  45.830 0.0000000000
32861  34.879  -37.204  46.165 0.0000000000
32836  34.806  -38.049  47.182 0.0000000000
30920  35.512  -39.164  47.451 0.0000000000
131028  49.485  -10.936  31.171 0.0000000000
60295  51.418  -11.142  32.573 0.0000000000
61264  52.221  -10.756  32.542 0.0000000000
60292  53.552  -11.189  32.606 0.0000000000
131164  55.579  -11.693  32.290 0.0000000000
59198  56.881  -12.214  32.807 0.0000000000
58167  54.484  -13.748  33.827 0.0000000000
58165  56.805  -13.235  34.128 0.0000000000
41136  41.499  -29.316  45.021 0.0000000000
42083  43.249  -29.066  45.563 0.0000000000
42081  44.566  -28.716  45.280 0.0000000000
42091  45.987  -28.127  44.636 0.0000000000
38981  46.562  -31.386  43.142 0.0000000000
41145  47.174  -29.360  43.657 0.0000000000
42106  47.271  -28.260  43.951 0.0000000000
42119  48.689  -28.172  42.643 0.0000000000
44335  50.356  -26.950  41.453 0.0000000000
44355  51.065  -26.499  40.210 0.0000000000
45425  51.235  -25.948  39.668 0.0000000000
44357  50.258  -26.839  39.251 0.0000000000
41122  41.362  -30.035  46.335 0.0000000000
38949  41.729  -31.209  46.305 0.0000000000
37868  42.560  -31.867  44.465 0.0000000000
133313  39.795  -33.921  43.602 0.0000000000
36797  42.100  -33.723  42.895 0.0000000000
134981  60.108  -6.576  26.111 0.0000000000
66423  51.903  -5.542  30.649 0.0000000000
66408  53.361  -5.287  32.794 0.0000000000
65194  54.448  -5.947  34.252 0.0000000000
64202  53.782  -6.922  31.601 0.0000000000
64204  51.985  -7.945  32.299 0.0000000000
64216  52.817  -7.344  30.612 0.0000000000
64224  52.762  -7.323  29.578 0.0000000000
44348  46.527  -26.302  40.946 0.0000000000
56118  47.448  -14.548  36.013 0.0000000000
57128  47.786  -13.689  36.303 0.0000000000
58102  49.327  -13.807  37.457 0.0000000000
57100  51.606  -14.460  38.016 0.0000000000
56106  52.965  -14.920  37.759 0.0000000000
53033  53.181  -18.085  38.830 0.0000000000
53980  53.664  -17.522  38.276 0.0000000000
55035  54.397  -16.137  37.242 0.0000000000
54030  54.555  -17.302  36.054 0.0000000000
46549  51.020  -24.542  38.544 0.0000000000
48878  50.745  -22.722  37.668 0.0000000000
33747  27.243  -36.458  52.080 0.0000000000
118967  27.554  -36.089  51.748 0.0000000000
138389  28.475  -36.052  50.771 0.0000000000
33745  28.726  -37.459  51.320 0.0000000000
58171  47.128  -13.545  34.185 0.0000000000
58150  47.927  -13.320  35.407 0.0000000000
61265  50.859  -10.399  32.796 0.0000000000
118132  51.871  -10.644  31.424 0.0000000000
45398  51.243  -25.411  40.790 0.0000000000
46504  50.391  -24.490  41.924 0.0000000000
46503  51.187  -24.554  41.122 0.0000000000
47716  51.364  -23.574  41.143 0.0000000000
46515  51.841  -24.174  40.449 0.0000000000
47744  52.034  -23.384  40.442 0.0000000000
46531  52.047  -24.504  39.896 0.0000000000
30900  32.171  -39.133  49.262 0.0000000000
31884  32.649  -38.927  48.911 0.0000000000
30911  32.473  -39.469  48.969 0.0000000000
29924  32.794  -40.253  48.425 0.0000000000
58190  50.750  -13.467  32.300 0.0000000000
58214  50.456  -12.900  31.738 0.0000000000
59203  51.361  -12.443  32.132 0.0000000000
138225  52.518  -12.720  32.601 0.0000000000
123894  51.933  -13.406  32.636 0.0000000000
117738  54.656  -14.188  36.030 0.0000000000
56115  55.404  -14.480  36.024 0.0000000000
56116  54.830  -15.275  36.708 0.0000000000
37867  43.518  -31.700  44.261 0.0000000000
38984  44.405  -31.623  44.069 0.0000000000
35698  37.637  -33.680  46.629 0.0000000000
37845  37.637  -32.718  46.749 0.0000000000
36726  37.984  -32.929  46.868 0.0000000000
38933  38.092  -31.896  46.756 0.0000000000
36725  38.727  -32.554  46.846 0.0000000000
37856  39.576  -32.324  46.656 0.0000000000
36749  39.204  -33.090  46.324 0.0000000000
67547  57.927  -4.574  29.035 0.0000000000
67560  58.175  -4.423  28.308 0.0000000000
67546  58.462  -4.781  28.547 0.0000000000
66442  58.964  -5.171  28.025 0.0000000000
65298  58.558  -5.346  28.533 0.0000000000
117516  49.587  -7.646  34.296 0.0000000000
64171  50.674  -7.520  35.203 0.0000000000
64189  50.222  -6.893  34.025 0.0000000000
64153  51.628  -7.233  35.496 0.0000000000
65197  52.143  -6.603  35.264 0.0000000000
63147  51.672  -7.696  35.413 0.0000000000
61296  49.806  -10.073  28.862 0.0000000000
136453  49.706  -9.966  28.603 0.0000000000
43230  46.016  -27.336  44.124 0.0000000000
43244  45.873  -27.271  43.246 0.0000000000
43243  46.502  -26.824  43.650 0.0000000000
47766  47.959  -23.594  39.961 0.0000000000
47782  47.417  -23.640  38.896 0.0000000000
53002  49.988  -18.755  40.489 0.0000000000
53034  49.410  -18.244  39.539 0.0000000000
134120  49.704  -17.859  39.803 0.0000000000
53966  49.837  -17.238  39.623 0.0000000000
55010  50.044  -16.448  39.372 0.0000000000
53965  50.298  -17.223  39.762 0.0000000000
51040  53.697  -19.668  38.010 0.0000000000
52075  52.996  -19.813  37.451 0.0000000000
52081  52.670  -19.217  36.785 0.0000000000
33758  29.947  -37.313  50.152 0.0000000000
122838  30.122  -36.964  49.355 0.0000000000
32814  30.728  -37.747  49.626 0.0000000000
32801  31.091  -38.487  49.859 0.0000000000
31865  30.472  -38.697  50.272 0.0000000000
30903  30.574  -39.346  49.930 0.0000000000
117607  30.156  -39.037  50.354 0.0000000000
57184  48.696  -13.948  33.596 0.0000000000
133361  47.991  -13.677  32.106 0.0000000000
58192  48.847  -13.853  32.545 0.0000000000
57205  49.575  -14.203  32.999 0.0000000000
57182  50.233  -14.417  33.462 0.0000000000
57143  50.141  -13.842  36.250 0.0000000000
57142  51.343  -14.347  35.945 0.0000000000
127665  52.292  -14.193  36.702 0.0000000000
57125  51.628  -14.186  37.335 0.0000000000
33796  35.830  -36.877  46.932 0.0000000000
33805  35.819  -36.386  46.647 0.0000000000
133029  37.566  -37.323  45.795 0.0000000000
127872  37.215  -36.474  46.331 0.0000000000
34749  37.534  -35.707  46.113 0.0000000000
34748  38.027  -35.805  45.161 0.0000000000
67549  54.795  -4.069  29.098 0.0000000000
67548  55.844  -3.762  28.852 0.0000000000
68617  56.852  -3.815  28.772 0.0000000000
68596  56.777  -4.017  29.723 0.0000000000
67537  57.247  -4.589  30.245 0.0000000000
67538  56.680  -4.413  30.668 0.0000000000
67507  55.074  -4.979  32.401 0.0000000000
67506  55.893  -5.278  32.260 0.0000000000
65260  56.320  -5.878  31.964 0.0000000000
65240  55.884  -5.825  32.479 0.0000000000
61267  49.217  -10.400  32.105 0.0000000000
61249  48.194  -9.891  32.857 0.0000000000
61248  49.208  -10.020  33.291 0.0000000000
62247  50.795  -9.812  34.147 0.0000000000
62237  50.448  -9.315  34.924 0.0000000000
131322  51.152  -9.509  33.780 0.0000000000
61294  51.290  -10.560  30.176 0.0000000000
61295  50.271  -10.160  29.705 0.0000000000
61311  50.901  -10.577  28.893 0.0000000000
44320  48.487  -26.495  43.043 0.0000000000
45374  47.890  -25.953  43.201 0.0000000000
121385  48.734  -25.691  42.796 0.0000000000
46492  49.344  -24.000  42.438 0.0000000000
125067  48.821  -23.966  42.318 0.0000000000
135270  48.847  -23.435  42.111 0.0000000000
47718  48.669  -23.241  41.648 0.0000000000
48817  49.068  -22.867  41.995 0.0000000000
48827  48.881  -22.515  41.437 0.0000000000
48826  49.408  -22.218  41.802 0.0000000000
51000  50.310  -20.998  41.638 0.0000000000
52034  50.345  -20.234  41.286 0.0000000000
50999  50.983  -20.665  41.352 0.0000000000
51016  51.675  -20.487  40.702 0.0000000000
49914  51.712  -21.259  40.820 0.0000000000
48861  52.682  -22.542  39.584 0.0000000000
48871  52.801  -22.366  38.994 0.0000000000
49942  53.041  -21.597  38.796 0.0000000000
47780  52.165  -22.804  38.601 0.0000000000
33798  30.688  -36.745  47.502 0.0000000000
33809  30.823  -36.425  46.490 0.0000000000
33808  31.510  -37.444  47.127 0.0000000000
32838  33.107  -38.506  47.838 0.0000000000
134995  32.376  -38.074  47.237 0.0000000000
32851  33.122  -38.122  46.781 0.0000000000
32862  34.035  -37.847  46.283 0.0000000000
126153  34.756  -37.812  46.833 0.0000000000
32837  34.104  -38.488  47.505 0.0000000000
60305  48.485  -11.292  30.353 0.0000000000
61297  47.831  -10.818  30.317 0.0000000000
59202  51.710  -11.235  32.707 0.0000000000
60294  51.958  -10.948  32.995 0.0000000000
60293  52.590  -10.994  32.999 0.0000000000
123851  54.300  -12.026  32.733 0.0000000000
59199  55.713  -12.185  32.668 0.0000000000
59184  56.509  -12.763  33.496 0.0000000000
57180  53.514  -14.221  33.874 0.0000000000
139978  54.308  -14.054  34.246 0.0000000000
58130  56.234  -13.738  34.955 0.0000000000
58147  56.248  -13.583  34.724 0.0000000000
58146  56.753  -13.542  34.492 0.0000000000
58164  57.204  -13.269  34.011 0.0000000000
57157  57.309  -13.373  33.962 0.0000000000
41129  41.835  -29.573  45.960 0.0000000000
41135  42.385  -29.185  45.390 0.0000000000
41128  42.635  -29.551  45.962 0.0000000000
40049  45.000  -29.326  45.301 0.0000000000
41126  44.276  -29.230  45.527 0.0000000000
41134  45.408  -28.732  44.996 0.0000000000
131090  45.975  -28.739  44.707 0.0000000000
37886  46.173  -32.138  42.800 0.0000000000
121111  46.540  -31.940  42.648 0.0000000000
40109  47.815  -30.688  42.389 0.0000000000
40091  47.424  -30.291  43.002 0.0000000000
41160  47.927  -29.799  42.690 0.0000000000
41144  47.733  -28.915  43.274 0.0000000000
42105  47.954  -28.111  43.360 0.0000000000
41159  48.340  -28.981  42.663 0.0000000000
42143  49.905  -28.456  40.814 0.0000000000
42132  49.717  -28.406  41.488 0.0000000000
42131  50.304  -27.815  41.117 0.0000000000
44347  50.708  -27.117  40.689 0.0000000000
43268  50.675  -27.123  39.973 0.0000000000
44356  50.830  -26.520  39.624 0.0000000000
43269  49.997  -27.549  39.631 0.0000000000
35720  36.213  -34.533  45.804 0.0000000000
35731  35.954  -34.273  45.128 0.0000000000
36751  36.270  -33.897  45.620 0.0000000000
38968  38.557  -30.935  45.248 0.0000000000
40073  39.369  -30.403  44.933 0.0000000000
41138  39.972  -29.736  44.233 0.0000000000
40072  40.221  -30.028  45.333 0.0000000000
40053  40.526  -30.368  46.266 0.0000000000
37855  40.461  -32.148  46.305 0.0000000000
38950  40.852  -31.406  46.533 0.0000000000
37854  41.297  -31.887  45.939 0.0000000000
38967  42.130  -31.565  45.594 0.0000000000
37869  41.645  -32.145  44.782 0.0000000000
35742  39.411  -34.746  43.442 0.0000000000
65342  59.668  -6.264  26.857 0.0000000000
65359  59.244  -6.652  26.057 0.0000000000
65373  58.526  -6.643  25.013 0.0000000000
116571  57.258  -6.143  29.851 0.0000000000
63169  47.573  -9.072  33.031 0.0000000000
63181  46.893  -8.839  32.343 0.0000000000
65264  50.519  -6.386  30.714 0.0000000000
65263  51.299  -5.905  31.262 0.0000000000
66409  52.235  -5.514  31.984 0.0000000000
66422  52.857  -5.204  31.266 0.0000000000
65195  53.979  -6.268  34.592 0.0000000000
66369  54.163  -6.028  34.497 0.0000000000
65219  54.453  -6.354  33.888 0.0000000000
121947  55.015  -6.419  32.874 0.0000000000
119243  53.891  -6.978  33.039 0.0000000000
63178  51.467  -8.632  32.918 0.0000000000
64188  52.130  -8.001  34.068 0.0000000000
64217  51.940  -7.833  30.958 0.0000000000
64225  52.097  -7.701  30.022 0.0000000000
124919  51.867  -7.773  29.254 0.0000000000
45401  47.370  -25.919  42.593 0.0000000000
44336  46.740  -26.361  42.001 0.0000000000
45414  47.140  -25.807  41.498 0.0000000000
49929  48.619  -21.455  39.750 0.0000000000
53058  48.644  -18.283  37.029 0.0000000000
116093  48.652  -15.377  37.418 0.0000000000
135639  48.266  -15.817  36.662 0.0000000000
56117  48.133  -14.580  36.802 0.0000000000
57127  48.456  -13.749  36.959 0.0000000000
58103  48.783  -13.593  36.914 0.0000000000
139106  49.119  -14.234  37.831 0.0000000000
55021  51.583  -15.578  38.692 0.0000000000
57101  50.763  -14.451  38.200 0.0000000000
56093  52.131  -15.039  38.270 0.0000000000
57110  52.350  -14.511  37.706 0.0000000000
56092  52.839  -15.605  38.180 0.0000000000
52065  52.575  -19.650  39.711 0.0000000000
53018  52.636  -18.721  39.460 0.0000000000
53047  53.958  -18.630  37.685 0.0000000000
53032  53.943  -18.497  38.154 0.0000000000
53046  54.238  -17.843  37.674 0.0000000000
55018  54.048  -16.910  37.746 0.0000000000
53999  54.603  -17.137  37.218 0.0000000000
54014  54.723  -17.194  36.713 0.0000000000
132146  54.366  -17.720  36.678 0.0000000000
53064  52.706  -18.094  35.677 0.0000000000
44365  50.595  -26.079  38.951 0.0000000000
45437  51.200  -25.322  39.107 0.0000000000
45447  50.429  -25.306  38.412 0.0000000000
128607  29.298  -36.758  50.448 0.0000000000
33759  29.334  -37.380  50.874 0.0000000000
31866  29.527  -38.389  50.704 0.0000000000
32792  29.259  -37.927  51.127 0.0000000000
31856  28.798  -38.033  51.295 0.0000000000
118219  47.857  -13.703  33.383 0.0000000000
121712  49.919  -14.358  34.347 0.0000000000
57163  48.789  -13.757  34.672 0.0000000000
57144  49.479  -13.815  35.419 0.0000000000
31907  36.262  -37.990  47.087 0.0000000000
32848  36.325  -37.291  46.930 0.0000000000
32847  36.831  -37.857  46.580 0.0000000000
32860  37.461  -37.934  45.967 0.0000000000
126617  55.977  -4.327  30.857 0.0000000000
67539  55.015  -4.293  30.317 0.0000000000
67524  54.427  -4.591  31.069 0.0000000000
44318  49.495  -25.613  42.425 0.0000000000
45385  49.958  -25.109  42.182 0.0000000000
126243  49.755  -24.427  42.361 0.0000000000
47692  49.752  -23.227  42.330 0.0000000000
48815  50.129  -22.538  42.157 0.0000000000
47691  50.252  -23.212  42.204 0.0000000000
48825  50.652  -22.226  41.796 0.0000000000
127950  51.796  -21.980  40.774 0.0000000000
47743  52.466  -23.281  39.835 0.0000000000
47764  52.195  -23.865  39.523 0.0000000000
32823  32.526  -38.651  48.568 0.0000000000
31896  33.544  -38.734  48.108 0.0000000000
31883  33.489  -38.970  48.425 0.0000000000
58216  48.452  -13.017  30.947 0.0000000000
59220  49.261  -12.410  30.848 0.0000000000
59218  50.992  -11.914  31.882 0.0000000000
59201  52.718  -11.650  32.843 0.0000000000
59200  53.663  -12.239  32.795 0.0000000000
57159  54.165  -14.282  34.928 0.0000000000
57139  55.042  -14.059  35.613 0.0000000000
57138  56.203  -14.020  35.302 0.0000000000
56127  56.690  -14.310  34.919 0.0000000000
56128  56.193  -14.903  35.510 0.0000000000
55063  55.824  -15.737  35.312 0.0000000000
55064  55.164  -16.517  35.668 0.0000000000
38947  43.279  -30.408  45.815 0.0000000000
118044  43.720  -29.757  45.736 0.0000000000
38946  44.142  -30.226  45.501 0.0000000000
40071  44.856  -30.070  45.177 0.0000000000
38963  45.385  -30.764  44.397 0.0000000000
37910  47.034  -31.948  42.122 0.0000000000
40108  48.411  -30.309  42.048 0.0000000000
41158  49.112  -28.985  41.983 0.0000000000
41189  49.024  -29.776  40.963 0.0000000000
42144  49.358  -29.010  40.521 0.0000000000
36728  36.884  -33.676  46.460 0.0000000000
36750  36.584  -33.592  46.084 0.0000000000
37858  36.908  -33.007  46.377 0.0000000000
37871  37.004  -31.923  45.261 0.0000000000
124933  37.800  -31.503  45.611 0.0000000000
38951  38.626  -31.293  46.415 0.0000000000
40037  39.323  -31.068  46.615 0.0000000000
40036  39.911  -30.833  46.574 0.0000000000
38931  39.697  -31.278  46.697 0.0000000000
67558  59.271  -5.096  27.398 0.0000000000
65321  59.310  -5.723  27.482 0.0000000000
63159  49.170  -8.907  34.508 0.0000000000
63168  48.336  -8.745  33.713 0.0000000000
133051  49.028  -8.311  34.279 0.0000000000
64190  49.196  -7.123  32.206 0.0000000000
65222  50.002  -6.696  32.616 0.0000000000
65221  50.903  -6.361  33.375 0.0000000000
66386  52.648  -5.639  33.640 0.0000000000
124435  52.865  -6.169  34.929 0.0000000000
64169  53.280  -6.771  34.981 0.0000000000
64187  53.003  -7.274  34.621 0.0000000000
63200  50.351  -9.363  29.749 0.0000000000
63209  50.037  -9.300  28.631 0.0000000000
42108  44.512  -28.225  44.270 0.0000000000
45413  47.449  -25.159  40.998 0.0000000000
46517  47.124  -25.046  39.995 0.0000000000
46533  46.742  -24.864  39.068 0.0000000000
51024  48.997  -19.682  39.540 0.0000000000
129478  49.297  -18.937  39.746 0.0000000000
53048  48.944  -18.177  37.981 0.0000000000
54015  48.464  -17.541  36.610 0.0000000000
53983  49.191  -17.068  38.576 0.0000000000
55023  49.296  -16.064  38.561 0.0000000000
127925  49.533  -15.508  38.572 0.0000000000
56096  49.390  -14.578  38.139 0.0000000000
56084  49.925  -15.686  38.952 0.0000000000
55009  50.930  -15.657  38.965 0.0000000000
55008  51.586  -16.468  39.142 0.0000000000
51028  53.394  -20.420  38.571 0.0000000000
53017  53.537  -19.024  38.670 0.0000000000
53055  54.039  -18.329  36.978 0.0000000000
121650  30.551  -36.927  48.227 0.0000000000
33784  30.124  -36.564  48.665 0.0000000000
32813  31.454  -38.271  49.242 0.0000000000
31875  31.725  -38.828  49.480 0.0000000000
30912  31.749  -39.611  49.293 0.0000000000
117029  31.287  -39.925  48.800 0.0000000000
30913  30.976  -39.640  49.442 0.0000000000
30914  30.168  -39.500  49.213 0.0000000000
31867  29.352  -38.803  50.355 0.0000000000
58191  49.896  -13.699  32.258 0.0000000000
57203  51.173  -13.895  32.692 0.0000000000
116670  52.296  -14.515  33.856 0.0000000000
57161  51.750  -14.656  34.808 0.0000000000
125204  53.298  -14.249  35.977 0.0000000000
57141  53.348  -14.236  36.704 0.0000000000
57123  53.681  -14.275  36.512 0.0000000000
37888  44.948  -32.572  43.128 0.0000000000
33816  35.068  -36.472  45.582 0.0000000000
34762  35.181  -35.643  44.954 0.0000000000
34751  35.699  -35.616  45.900 0.0000000000
34739  36.004  -35.602  46.349 0.0000000000
35701  36.301  -34.844  46.122 0.0000000000
33804  36.435  -36.367  46.694 0.0000000000
34738  36.348  -35.341  46.453 0.0000000000
122254  36.757  -34.748  46.489 0.0000000000
35718  37.359  -34.669  46.449 0.0000000000
35717  38.124  -34.246  46.224 0.0000000000
35729  38.808  -33.856  45.726 0.0000000000
35730  38.463  -34.864  44.892 0.0000000000
34761  38.421  -35.816  44.030 0.0000000000
129674  39.253  -36.514  43.269 0.0000000000
68607  57.618  -4.159  28.644 0.0000000000
67536  57.646  -4.701  29.735 0.0000000000
66418  57.361  -5.007  30.449 0.0000000000
65279  57.116  -5.615  30.669 0.0000000000
67522  56.374  -4.836  31.493 0.0000000000
66420  56.364  -5.379  31.768 0.0000000000
133195  56.643  -5.827  31.410 0.0000000000
132302  56.242  -6.239  31.352 0.0000000000
122907  55.319  -6.497  30.983 0.0000000000
65262  54.666  -6.621  31.322 0.0000000000
61268  47.191  -9.812  32.294 0.0000000000
62249  47.805  -9.460  32.938 0.0000000000
62238  49.452  -9.265  34.427 0.0000000000
135831  49.874  -8.999  35.087 0.0000000000
62227  50.498  -8.716  35.331 0.0000000000
63158  51.055  -8.575  35.370 0.0000000000
63166  51.595  -8.282  35.126 0.0000000000
63191  50.720  -9.273  30.974 0.0000000000
44305  47.228  -26.553  43.632 0.0000000000
44306  46.924  -26.603  43.789 0.0000000000
45387  47.906  -25.542  42.808 0.0000000000
133163  48.797  -24.551  42.509 0.0000000000
46493  48.370  -24.733  42.314 0.0000000000
46506  48.033  -24.560  41.546 0.0000000000
47746  48.249  -23.814  41.092 0.0000000000
47765  48.286  -22.795  39.998 0.0000000000
48862  48.341  -22.253  39.599 0.0000000000
49916  48.934  -21.394  40.705 0.0000000000
51018  49.021  -20.763  40.444 0.0000000000
49908  49.730  -21.446  41.695 0.0000000000
49915  49.355  -21.001  41.156 0.0000000000
51017  49.523  -20.282  40.892 0.0000000000
52035  49.952  -19.962  41.102 0.0000000000
52050  50.301  -19.371  40.878 0.0000000000
53001  50.360  -18.642  40.487 0.0000000000
53944  50.647  -18.029  40.190 0.0000000000
53000  51.042  -18.902  40.652 0.0000000000
52049  51.743  -19.690  40.448 0.0000000000
49913  52.526  -21.821  40.096 0.0000000000
51023  52.926  -21.165  39.590 0.0000000000
51022  53.310  -20.378  39.188 0.0000000000
51029  53.216  -20.972  38.600 0.0000000000
49961  52.718  -21.209  38.190 0.0000000000
33828  32.783  -36.879  44.879 0.0000000000
33817  34.082  -37.166  45.245 0.0000000000
32849  35.427  -37.201  46.781 0.0000000000
32835  35.364  -37.674  47.115 0.0000000000
31895  34.194  -38.675  47.816 0.0000000000
31894  34.898  -38.250  47.379 0.0000000000
125860  35.542  -38.254  47.332 0.0000000000
128412  50.265  -11.039  31.727 0.0000000000
60304  50.961  -10.801  32.271 0.0000000000
61263  53.124  -10.847  32.249 0.0000000000
61262  54.245  -11.029  31.738 0.0000000000
60291  54.879  -11.353  32.146 0.0000000000
60278  54.376  -11.615  32.542 0.0000000000
58169  52.686  -13.752  33.098 0.0000000000
58168  53.676  -13.491  33.287 0.0000000000
58148  55.168  -13.844  34.627 0.0000000000
58166  55.770  -13.391  33.992 0.0000000000
59183  57.396  -12.837  33.497 0.0000000000
42111  41.640  -28.747  43.348 0.0000000000
42109  43.511  -28.531  43.958 0.0000000000
42082  43.936  -28.992  45.557 0.0000000000
42094  43.985  -28.574  45.113 0.0000000000
42093  44.796  -28.320  44.977 0.0000000000
43216  45.825  -27.815  44.542 0.0000000000
42090  46.707  -27.673  44.289 0.0000000000
38983  45.180  -31.582  43.800 0.0000000000
38982  45.878  -31.509  43.522 0.0000000000
40092  46.071  -30.630  44.028 0.0000000000
38980  47.212  -31.012  42.767 0.0000000000
133744  46.715  -30.281  43.615 0.0000000000
40070  46.096  -29.876  44.389 0.0000000000
42107  46.588  -28.527  44.383 0.0000000000
43228  47.381  -27.243  43.865 0.0000000000
43227  48.242  -27.280  43.278 0.0000000000
43242  49.048  -27.387  42.553 0.0000000000
42118  49.371  -28.176  42.093 0.0000000000
43241  49.786  -27.593  41.819 0.0000000000
125957  50.947  -26.229  40.950 0.0000000000
45412  51.399  -25.765  40.274 0.0000000000
133779  51.654  -25.223  39.770 0.0000000000
44366  49.794  -26.487  38.539 0.0000000000
43285  49.522  -27.210  38.855 0.0000000000
35732  35.429  -34.714  44.599 0.0000000000
37873  35.883  -32.919  44.461 0.0000000000
41137  40.700  -29.489  44.613 0.0000000000
41130  41.021  -29.739  45.709 0.0000000000
41121  42.064  -29.937  46.357 0.0000000000
38930  40.488  -31.011  46.680 0.0000000000
38929  41.308  -30.789  46.523 0.0000000000
38928  42.095  -30.570  46.373 0.0000000000
38966  43.011  -31.287  45.378 0.0000000000
37890  43.184  -32.597  43.320 0.0000000000
36772  39.458  -33.427  44.995 0.0000000000
36771  40.215  -33.039  44.247 0.0000000000
36798  41.027  -33.978  42.909 0.0000000000
37892  41.171  -32.771  43.626 0.0000000000
37891  42.178  -32.625  43.443 0.0000000000
34679  27.457  -35.374  51.416 0.0000000000
120484  59.776  -6.942  25.386 0.0000000000
66421  53.946  -4.890  31.967 0.0000000000
66407  54.479  -5.424  33.276 0.0000000000
66385  53.834  -5.778  34.295 0.0000000000
66384  54.608  -5.917  34.041 0.0000000000
65218  55.123  -5.991  33.476 0.0000000000
64215  53.616  -6.895  30.279 0.0000000000
130438  52.921  -7.445  33.354 0.0000000000
64203  52.854  -7.427  31.876 0.0000000000
133464  52.614  -7.325  28.658 0.0000000000
57165  46.396  -13.970  34.406 0.0000000000
44322  46.900  -26.397  43.147 0.0000000000
44337  46.196  -26.767  41.418 0.0000000000
54033  48.138  -16.756  36.156 0.0000000000
138251  46.998  -14.646  35.434 0.0000000000
57145  47.176  -13.806  35.648 0.0000000000
58133  47.626  -13.436  35.760 0.0000000000
58132  48.220  -13.365  36.179 0.0000000000
58115  49.854  -13.614  37.013 0.0000000000
57102  50.000  -14.435  38.269 0.0000000000
57112  50.271  -14.107  37.918 0.0000000000
127610  52.081  -14.315  37.472 0.0000000000
116261  53.123  -14.322  37.148 0.0000000000
56105  53.892  -15.022  37.259 0.0000000000
53964  51.076  -17.279  39.743 0.0000000000
53963  52.114  -17.603  39.397 0.0000000000
53981  52.671  -17.023  38.778 0.0000000000
55019  53.223  -16.495  38.271 0.0000000000
55036  53.543  -15.862  37.717 0.0000000000
55047  54.974  -16.406  36.722 0.0000000000
54029  55.063  -16.657  36.288 0.0000000000
55065  54.270  -16.938  35.141 0.0000000000
53063  53.767  -17.942  36.231 0.0000000000
124253  53.541  -17.524  35.449 0.0000000000
46548  51.733  -24.564  39.291 0.0000000000
47781  51.791  -23.715  38.742 0.0000000000
46567  50.041  -24.553  37.835 0.0000000000
47800  50.694  -23.650  37.972 0.0000000000
47799  51.385  -23.051  38.210 0.0000000000
48877  51.568  -22.337  37.980 0.0000000000
30894  31.241  -39.022  49.973 0.0000000000
30895  30.781  -39.142  50.134 0.0000000000
30901  31.654  -39.210  49.543 0.0000000000
32802  30.503  -38.059  50.197 0.0000000000
34750  35.936  -34.947  45.833 0.0000000000
35700  36.616  -34.439  46.334 0.0000000000
36727  37.367  -33.337  46.677 0.0000000000
37843  39.156  -31.884  46.906 0.0000000000
37844  38.418  -32.260  46.890 0.0000000000
37911  46.407  -32.347  42.382 0.0000000000
38948  42.521  -30.870  46.073 0.0000000000
38997  46.916  -31.716  42.505 0.0000000000
40034  42.423  -30.120  46.304 0.0000000000
40035  41.754  -30.308  46.417 0.0000000000
40051  43.034  -29.933  46.084 0.0000000000
40052  42.676  -30.309  46.179 0.0000000000
40055  39.081  -30.808  45.944 0.0000000000
41127  43.351  -29.509  45.757 0.0000000000
41133  45.684  -29.260  44.812 0.0000000000
41146  46.395  -29.329  44.363 0.0000000000
41174  48.887  -29.750  41.638 0.0000000000
42080  44.918  -28.858  45.313 0.0000000000
42092  45.256  -28.359  44.908 0.0000000000
42096  42.003  -28.973  44.343 0.0000000000
43215  46.315  -27.428  44.291 0.0000000000
43229  46.553  -26.953  44.044 0.0000000000
45399  50.679  -25.314  41.451 0.0000000000
46491  50.043  -23.816  42.335 0.0000000000
48816  49.564  -22.684  42.145 0.0000000000
48845  48.657  -22.163  40.545 0.0000000000
49901  49.831  -22.098  42.009 0.0000000000
49927  53.327  -21.109  39.031 0.0000000000
52066  51.883  -18.994  40.151 0.0000000000
52070  53.598  -19.765  38.532 0.0000000000
53020  49.665  -18.501  40.093 0.0000000000
53982  49.517  -17.446  39.352 0.0000000000
54000  48.854  -17.365  37.430 0.0000000000
55037  48.970  -16.234  37.934 0.0000000000
55049  47.794  -15.640  36.130 0.0000000000
56094  51.214  -14.960  38.483 0.0000000000
56097  49.059  -15.259  38.164 0.0000000000
57111  51.133  -14.241  37.773 0.0000000000
57113  49.532  -14.037  37.844 0.0000000000
57114  48.988  -13.841  37.493 0.0000000000
57146  46.669  -14.205  35.035 0.0000000000
57158  57.157  -13.978  34.449 0.0000000000
57164  46.932  -13.599  35.150 0.0000000000
58100  50.553  -14.005  37.540 0.0000000000
58101  49.845  -13.889  37.637 0.0000000000
58116  48.164  -13.492  36.414 0.0000000000
58131  49.077  -13.429  36.376 0.0000000000
58145  57.009  -13.457  34.344 0.0000000000
58151  47.289  -13.394  35.041 0.0000000000
64152  52.577  -6.858  35.322 0.0000000000
65198  51.279  -6.702  34.947 0.0000000000
66419  56.762  -5.431  31.255 0.0000000000
117465  59.070  -6.199  27.566 0.0000000000
119227  33.002  -39.201  48.737 0.0000000000
124369  50.906  -14.370  33.172 0.0000000000
125308  40.316  -30.828  46.588 0.0000000000
125451  50.738  -22.947  41.790 0.0000000000
126241  49.826  -15.001  38.539 0.0000000000
126769  52.314  -21.068  40.254 0.0000000000
127716  41.050  -30.498  46.483 0.0000000000
127810  28.128  -37.549  51.523 0.0000000000
128324  57.730  -4.103  27.939 0.0000000000
132859  35.307  -37.128  46.595 0.0000000000
133159  49.149  -20.109  40.242 0.0000000000
133552  34.827  -38.751  47.658 0.0000000000
133903  50.348  -15.828  39.098 0.0000000000
136739  48.692  -19.569  38.070 0.0000000000
137032  55.638  -6.039  32.962 0.0000000000
137402  37.202  -33.207  46.636 0.0000000000
138007  41.565  -30.194  46.393 0.0000000000
139112  57.689  -4.896  29.819 0.0000000000
139642  39.063  -34.178  44.416 0.0000000000
