#!ascii label  , from subject sub-v1s3x0050811_ses-1 vox2ras=TkReg
1431
96636  44.224  16.179  22.708 0.0000000000
99561  48.246  19.690  14.366 0.0000000000
104943  46.429  25.045  2.050 0.0000000000
97759  52.147  18.425  1.175 0.0000000000
92905  47.170  11.392  19.559 0.0000000000
106636  48.012  26.893  10.150 0.0000000000
156602  48.467  19.593  6.649 0.0000000000
103273  40.316  23.367  0.057 0.0000000000
99541  42.836  20.124  17.057 0.0000000000
96644  52.372  17.808  22.624 0.0000000000
144717  45.503  16.547  13.938 0.0000000000
106786  46.854  27.810  -2.188 0.0000000000
102478  43.066  22.434  -5.459 0.0000000000
102410  41.933  22.138  7.569 0.0000000000
99737  45.478  19.599  -0.179 0.0000000000
105895  38.640  27.879  -1.679 0.0000000000
98512  49.620  18.714  25.503 0.0000000000
95692  48.217  16.118  25.123 0.0000000000
95763  45.945  15.015  17.318 0.0000000000
105858  50.621  26.200  2.333 0.0000000000
106747  51.261  28.089  -0.273 0.0000000000
147812  48.564  26.620  -1.656 0.0000000000
105911  44.735  26.969  -5.101 0.0000000000
104098  43.611  24.446  -2.010 0.0000000000
98617  44.588  18.421  15.350 0.0000000000
102392  41.843  21.898  12.338 0.0000000000
99590  43.604  19.671  11.248 0.0000000000
99679  51.456  19.683  2.960 0.0000000000
140247  46.268  18.595  3.161 0.0000000000
100711  49.549  20.511  -0.699 0.0000000000
99764  47.919  19.894  -3.678 0.0000000000
97770  49.140  18.482  -0.320 0.0000000000
96779  47.371  16.057  3.208 0.0000000000
94812  40.881  14.235  21.864 0.0000000000
94808  45.297  14.287  22.147 0.0000000000
105831  47.679  26.088  5.945 0.0000000000
99585  51.051  20.271  11.736 0.0000000000
100649  47.146  20.249  10.074 0.0000000000
99607  51.592  20.163  8.780 0.0000000000
99648  53.494  19.376  5.449 0.0000000000
103155  45.214  23.088  17.073 0.0000000000
98542  45.229  18.716  20.710 0.0000000000
97613  47.452  17.100  20.010 0.0000000000
98565  51.174  19.091  18.148 0.0000000000
94817  49.290  13.443  21.035 0.0000000000
143429  49.830  16.643  17.709 0.0000000000
97669  49.918  18.297  14.952 0.0000000000
97686  46.689  17.494  10.425 0.0000000000
95753  38.318  15.329  18.141 0.0000000000
106735  47.502  27.593  2.643 0.0000000000
106772  42.853  27.511  0.395 0.0000000000
105899  41.021  27.411  -2.911 0.0000000000
102466  41.327  22.488  -2.227 0.0000000000
98767  42.518  18.232  -1.531 0.0000000000
104001  44.739  24.288  13.333 0.0000000000
104880  44.376  25.338  9.301 0.0000000000
104055  43.988  23.867  4.737 0.0000000000
99639  44.011  19.050  6.843 0.0000000000
100693  42.551  20.573  3.358 0.0000000000
103266  42.852  22.881  1.180 0.0000000000
147413  44.490  20.758  -4.454 0.0000000000
97800  44.359  16.743  -4.193 0.0000000000
106793  37.931  28.106  -1.143 0.0000000000
106775  38.722  28.143  -1.038 0.0000000000
157283  47.623  17.281  25.786 0.0000000000
142996  45.688  15.575  24.143 0.0000000000
104942  48.074  25.430  2.421 0.0000000000
105867  49.844  26.282  0.596 0.0000000000
104959  47.742  25.781  0.407 0.0000000000
104978  45.898  26.064  -1.855 0.0000000000
104962  45.158  25.299  -0.231 0.0000000000
98624  46.441  18.898  14.644 0.0000000000
98635  44.066  18.842  13.750 0.0000000000
99579  45.394  19.418  12.321 0.0000000000
99706  52.093  19.947  0.753 0.0000000000
99708  49.767  20.076  1.145 0.0000000000
99720  51.204  20.197  -0.094 0.0000000000
98759  49.920  19.956  -1.688 0.0000000000
98743  51.008  19.293  0.127 0.0000000000
97748  49.292  17.450  1.669 0.0000000000
97746  51.193  17.345  1.784 0.0000000000
93866  42.430  13.586  21.328 0.0000000000
105819  49.355  26.789  6.395 0.0000000000
106653  48.022  27.147  8.550 0.0000000000
98656  49.388  18.634  9.470 0.0000000000
146848  50.991  20.300  10.336 0.0000000000
98666  50.618  18.672  8.196 0.0000000000
97730  53.293  17.849  4.784 0.0000000000
161323  55.087  17.505  3.075 0.0000000000
98713  55.112  18.775  3.195 0.0000000000
97573  51.676  17.842  24.501 0.0000000000
97587  49.430  17.457  22.650 0.0000000000
96654  50.758  17.651  21.802 0.0000000000
162104  49.274  17.916  19.238 0.0000000000
98541  52.415  18.483  20.723 0.0000000000
92873  47.500  11.532  20.539 0.0000000000
94806  47.763  14.039  21.575 0.0000000000
93876  48.240  12.070  20.558 0.0000000000
95784  45.427  15.743  15.614 0.0000000000
95778  47.286  15.785  17.208 0.0000000000
144333  47.659  16.557  16.091 0.0000000000
97659  50.194  17.637  16.424 0.0000000000
97671  47.886  17.457  14.210 0.0000000000
140348  47.583  17.821  12.593 0.0000000000
97679  45.901  17.118  12.651 0.0000000000
94913  46.149  14.510  7.888 0.0000000000
106767  48.938  27.608  -1.301 0.0000000000
152441  49.359  27.831  1.180 0.0000000000
155938  47.163  27.630  -0.184 0.0000000000
106753  44.861  27.470  1.265 0.0000000000
136837  44.956  27.681  -0.417 0.0000000000
106800  42.442  27.983  -1.957 0.0000000000
135563  43.266  28.185  -2.958 0.0000000000
104113  43.450  24.318  -5.358 0.0000000000
152719  42.348  25.216  -4.426 0.0000000000
102479  42.381  22.193  -4.276 0.0000000000
148143  41.371  20.177  -1.937 0.0000000000
100742  42.388  20.143  -3.688 0.0000000000
140351  43.467  21.709  16.769 0.0000000000
103195  45.225  23.900  15.161 0.0000000000
102377  43.394  22.542  15.170 0.0000000000
102400  41.890  22.682  10.168 0.0000000000
104017  43.372  24.517  10.389 0.0000000000
104021  43.189  24.444  8.189 0.0000000000
104907  44.740  25.265  6.655 0.0000000000
103239  43.015  23.501  6.016 0.0000000000
99619  47.602  20.022  8.015 0.0000000000
99610  45.358  19.757  8.838 0.0000000000
99637  45.995  19.069  6.915 0.0000000000
99712  45.841  19.253  1.125 0.0000000000
98731  43.761  18.797  3.108 0.0000000000
99714  43.722  19.452  1.459 0.0000000000
101632  42.558  21.516  2.129 0.0000000000
149465  43.188  20.483  0.063 0.0000000000
101654  42.847  21.953  -1.043 0.0000000000
99748  44.944  20.028  -1.909 0.0000000000
97783  47.247  18.072  -2.252 0.0000000000
97798  46.030  17.907  -4.267 0.0000000000
96838  45.178  16.343  -2.832 0.0000000000
96833  43.637  15.393  -2.886 0.0000000000
105775  48.632  26.165  12.719 0.0000000000
104963  39.073  25.623  -0.049 0.0000000000
104972  39.945  25.621  -1.102 0.0000000000
99477  47.797  19.778  24.903 0.0000000000
98492  48.630  19.052  26.357 0.0000000000
96598  50.479  17.461  26.214 0.0000000000
95704  51.763  16.879  23.957 0.0000000000
93892  45.727  13.111  18.312 0.0000000000
105866  51.947  26.818  -0.094 0.0000000000
106782  50.350  27.087  -1.463 0.0000000000
106798  47.698  27.366  -2.642 0.0000000000
106807  45.393  28.054  -4.015 0.0000000000
161847  46.680  26.944  -3.686 0.0000000000
104990  44.352  25.640  -3.930 0.0000000000
103296  43.617  24.076  -4.837 0.0000000000
98618  43.258  18.900  15.774 0.0000000000
101579  42.176  21.021  14.362 0.0000000000
146973  42.711  19.500  14.453 0.0000000000
100644  41.943  20.747  11.489 0.0000000000
101591  41.930  21.197  9.609 0.0000000000
158001  49.780  19.374  4.764 0.0000000000
98702  47.350  18.619  4.506 0.0000000000
98714  48.392  18.942  3.528 0.0000000000
99694  47.867  19.412  1.841 0.0000000000
99723  47.602  19.866  0.084 0.0000000000
99746  47.134  20.337  -2.173 0.0000000000
100728  49.250  20.359  -2.251 0.0000000000
98760  49.082  19.110  -1.659 0.0000000000
136036  47.344  17.791  -0.517 0.0000000000
96777  49.073  16.180  2.946 0.0000000000
142059  42.732  15.783  21.389 0.0000000000
94787  44.514  14.949  23.594 0.0000000000
94809  43.545  14.274  22.470 0.0000000000
156785  44.712  13.153  20.324 0.0000000000
91948  46.009  10.026  20.203 0.0000000000
138182  51.149  26.531  4.451 0.0000000000
104925  48.653  25.705  4.440 0.0000000000
140105  47.259  25.165  3.999 0.0000000000
100633  49.929  20.494  13.237 0.0000000000
99586  47.338  19.952  11.990 0.0000000000
139027  49.031  20.592  11.078 0.0000000000
100656  49.992  20.701  9.694 0.0000000000
100673  49.557  20.454  8.077 0.0000000000
97713  52.165  18.532  6.640 0.0000000000
99616  52.484  20.205  7.623 0.0000000000
99651  51.483  19.881  6.022 0.0000000000
135586  52.924  19.618  4.190 0.0000000000
99689  53.042  19.595  2.305 0.0000000000
97757  54.163  18.334  1.320 0.0000000000
96788  52.326  16.290  1.860 0.0000000000
101540  43.853  21.063  18.303 0.0000000000
98555  43.843  18.777  18.883 0.0000000000
97576  47.409  17.778  22.294 0.0000000000
97602  46.514  17.409  20.436 0.0000000000
97629  44.998  17.665  18.505 0.0000000000
97641  46.632  17.713  17.815 0.0000000000
98584  48.380  18.727  17.027 0.0000000000
98613  48.964  19.531  15.868 0.0000000000
95714  47.422  15.260  23.342 0.0000000000
94790  49.242  14.846  22.147 0.0000000000
95725  51.051  15.657  21.861 0.0000000000
94834  47.782  14.126  19.172 0.0000000000
95747  49.738  15.671  19.135 0.0000000000
96663  51.941  16.834  19.746 0.0000000000
97638  51.773  18.528  17.898 0.0000000000
98600  51.403  19.329  16.625 0.0000000000
99559  50.614  20.147  14.711 0.0000000000
98630  50.834  19.527  13.764 0.0000000000
98643  48.221  18.276  11.326 0.0000000000
97690  47.658  17.677  9.365 0.0000000000
96725  45.294  16.531  10.299 0.0000000000
96733  46.637  15.926  8.128 0.0000000000
96666  41.449  16.242  19.736 0.0000000000
94827  39.571  14.927  19.362 0.0000000000
94838  37.211  14.345  18.624 0.0000000000
107530  49.772  28.130  3.116 0.0000000000
106718  46.148  27.571  3.475 0.0000000000
135566  40.847  27.746  -1.004 0.0000000000
159126  39.807  27.620  -2.435 0.0000000000
104982  40.351  26.120  -1.981 0.0000000000
106818  43.384  27.326  -4.457 0.0000000000
104105  41.530  24.874  -2.800 0.0000000000
102467  40.935  23.135  -1.444 0.0000000000
104870  47.042  25.929  11.939 0.0000000000
103209  43.329  23.568  12.774 0.0000000000
104873  44.645  25.137  11.228 0.0000000000
105799  46.507  26.385  9.545 0.0000000000
105813  45.934  26.151  7.824 0.0000000000
104917  45.748  25.188  5.461 0.0000000000
104063  45.110  24.307  3.513 0.0000000000
99596  45.340  19.739  10.466 0.0000000000
146122  43.725  19.930  8.940 0.0000000000
100676  42.326  20.786  7.303 0.0000000000
98691  44.716  18.484  5.038 0.0000000000
99667  42.980  19.261  5.107 0.0000000000
101612  42.384  21.102  5.418 0.0000000000
154654  42.801  22.430  4.610 0.0000000000
103258  43.565  23.366  2.540 0.0000000000
104077  44.401  24.362  1.430 0.0000000000
103278  43.140  23.540  -0.220 0.0000000000
102473  43.450  22.566  -3.440 0.0000000000
159580  44.139  21.199  -5.694 0.0000000000
100747  45.771  19.823  -4.283 0.0000000000
99774  44.531  19.326  -4.977 0.0000000000
99768  43.631  19.245  -4.748 0.0000000000
97793  43.504  17.417  -3.336 0.0000000000
95875  45.810  16.085  2.711 0.0000000000
106776  38.484  28.081  -0.213 0.0000000000
138016  39.594  27.646  0.098 0.0000000000
97577  44.572  17.358  22.751 0.0000000000
96628  46.089  16.343  24.439 0.0000000000
96635  44.775  16.081  23.399 0.0000000000
142439  47.235  25.273  2.249 0.0000000000
104950  47.934  25.566  1.420 0.0000000000
104951  47.001  25.404  1.321 0.0000000000
104961  45.827  25.378  0.186 0.0000000000
104952  46.001  25.199  1.182 0.0000000000
98623  47.493  19.258  14.912 0.0000000000
98633  45.856  18.930  14.054 0.0000000000
99568  46.900  19.479  13.381 0.0000000000
98750  52.301  19.619  0.822 0.0000000000
99707  51.608  20.148  0.375 0.0000000000
98742  51.892  19.575  0.504 0.0000000000
137183  51.124  20.043  -0.276 0.0000000000
97760  51.252  18.442  0.960 0.0000000000
105792  49.122  26.894  11.114 0.0000000000
157507  49.247  27.366  9.854 0.0000000000
106652  48.827  27.433  8.620 0.0000000000
106645  47.773  26.951  9.403 0.0000000000
97694  48.660  17.722  8.386 0.0000000000
154698  49.188  18.316  8.803 0.0000000000
97705  49.871  17.793  7.606 0.0000000000
96774  54.691  16.810  3.086 0.0000000000
96787  55.702  16.882  2.443 0.0000000000
97737  55.562  18.037  2.745 0.0000000000
102454  40.263  22.292  -0.005 0.0000000000
96633  52.088  17.652  23.793 0.0000000000
96645  52.114  18.058  22.802 0.0000000000
97586  52.032  18.326  22.037 0.0000000000
97598  52.233  18.442  21.435 0.0000000000
97584  52.805  18.188  21.590 0.0000000000
91937  47.187  10.899  20.285 0.0000000000
91936  47.764  11.680  20.640 0.0000000000
93877  47.559  12.143  19.622 0.0000000000
96709  45.543  16.251  14.766 0.0000000000
96703  46.921  16.262  16.077 0.0000000000
96708  46.413  16.384  15.313 0.0000000000
96707  47.406  16.721  15.476 0.0000000000
96712  46.336  16.720  14.352 0.0000000000
97672  47.031  17.213  13.880 0.0000000000
97676  46.203  16.978  13.530 0.0000000000
106768  47.990  27.683  -1.240 0.0000000000
106750  47.875  27.641  0.218 0.0000000000
136839  47.055  27.740  -1.111 0.0000000000
106769  46.313  27.593  0.103 0.0000000000
106787  45.605  27.929  -1.813 0.0000000000
135564  43.726  28.042  -1.956 0.0000000000
135565  44.728  28.044  -2.115 0.0000000000
151606  42.862  23.090  -5.598 0.0000000000
103297  42.883  23.531  -5.391 0.0000000000
101665  42.712  21.593  -4.901 0.0000000000
155871  42.245  20.890  -3.810 0.0000000000
149894  43.035  21.067  -5.245 0.0000000000
100619  43.040  20.922  16.945 0.0000000000
153415  43.428  22.099  16.043 0.0000000000
101576  42.909  21.781  15.559 0.0000000000
102403  41.838  22.529  9.220 0.0000000000
104020  42.619  23.968  9.303 0.0000000000
146195  42.311  23.373  8.225 0.0000000000
104031  43.299  24.360  7.345 0.0000000000
142581  42.429  23.183  7.156 0.0000000000
160947  47.438  19.655  7.357 0.0000000000
99620  46.648  19.611  7.713 0.0000000000
134949  46.917  19.274  6.822 0.0000000000
99725  45.087  19.294  0.821 0.0000000000
99713  44.452  19.072  1.586 0.0000000000
136609  44.246  19.405  0.905 0.0000000000
99727  43.632  19.835  0.594 0.0000000000
99739  43.842  20.040  -0.321 0.0000000000
100731  44.039  20.276  -1.279 0.0000000000
99738  44.643  19.822  -0.738 0.0000000000
97779  45.917  17.178  -0.797 0.0000000000
97784  46.142  17.286  -2.067 0.0000000000
96831  45.231  16.446  -1.606 0.0000000000
96832  44.383  15.584  -2.468 0.0000000000
104964  38.222  26.740  -0.971 0.0000000000
104974  38.594  27.263  -1.668 0.0000000000
104973  39.134  26.170  -1.022 0.0000000000
143410  47.988  19.971  26.199 0.0000000000
98502  46.668  18.860  25.546 0.0000000000
96612  47.572  16.377  25.318 0.0000000000
96600  48.462  17.168  26.136 0.0000000000
163653  48.971  16.370  25.476 0.0000000000
96626  51.427  16.947  24.964 0.0000000000
95705  50.691  16.239  24.190 0.0000000000
105847  51.426  26.386  2.839 0.0000000000
105857  51.937  26.588  1.410 0.0000000000
134891  50.852  26.398  0.929 0.0000000000
105876  48.408  26.289  -0.581 0.0000000000
148540  49.953  26.568  -0.684 0.0000000000
136187  49.089  27.054  -2.214 0.0000000000
105890  48.753  27.065  -2.279 0.0000000000
105891  48.574  26.957  -2.361 0.0000000000
154118  47.185  27.270  -3.016 0.0000000000
105892  47.079  26.778  -2.874 0.0000000000
104979  44.994  25.706  -2.072 0.0000000000
104989  45.036  26.173  -3.307 0.0000000000
104980  44.247  25.327  -2.478 0.0000000000
104104  43.913  24.814  -4.630 0.0000000000
103289  43.593  24.159  -3.501 0.0000000000
98605  44.787  18.183  16.193 0.0000000000
99555  43.130  19.074  15.088 0.0000000000
98627  43.470  18.919  14.453 0.0000000000
99581  43.451  19.472  12.253 0.0000000000
99582  42.522  19.846  12.514 0.0000000000
99591  42.368  20.234  11.715 0.0000000000
100652  42.010  20.815  10.757 0.0000000000
100651  42.561  20.439  10.410 0.0000000000
151886  49.733  19.319  3.920 0.0000000000
99666  48.867  19.060  4.313 0.0000000000
98726  49.219  19.230  3.357 0.0000000000
99722  49.486  20.403  0.155 0.0000000000
99709  48.648  19.768  1.088 0.0000000000
140283  48.485  20.083  0.295 0.0000000000
99734  48.633  20.429  -0.651 0.0000000000
100720  48.720  20.538  -1.650 0.0000000000
100719  49.454  20.473  -1.477 0.0000000000
135787  50.067  19.420  -1.021 0.0000000000
97777  47.822  18.255  -1.400 0.0000000000
98761  48.154  18.152  -0.488 0.0000000000
136314  48.284  17.804  0.487 0.0000000000
96791  49.741  16.570  2.552 0.0000000000
147814  49.208  16.913  2.386 0.0000000000
95728  41.688  14.560  21.884 0.0000000000
94796  42.794  14.658  22.431 0.0000000000
94811  42.055  14.303  22.134 0.0000000000
93865  43.633  13.528  20.768 0.0000000000
149806  44.321  12.662  19.810 0.0000000000
92875  45.423  12.120  20.298 0.0000000000
92886  44.242  11.632  19.479 0.0000000000
105820  48.548  26.381  5.997 0.0000000000
105830  49.399  26.447  5.578 0.0000000000
104914  48.137  25.846  5.242 0.0000000000
153271  48.018  25.388  3.827 0.0000000000
104926  47.725  25.477  4.581 0.0000000000
100636  50.677  20.505  12.544 0.0000000000
100637  49.595  20.546  12.510 0.0000000000
155269  50.677  20.579  11.867 0.0000000000
100654  51.168  20.224  9.605 0.0000000000
100646  50.661  20.593  10.467 0.0000000000
100662  51.313  20.337  9.115 0.0000000000
100664  49.117  20.598  8.868 0.0000000000
137606  51.022  20.530  8.454 0.0000000000
97723  51.345  17.422  6.113 0.0000000000
96761  51.571  16.789  5.403 0.0000000000
97720  53.870  18.794  5.006 0.0000000000
97712  53.074  18.754  6.412 0.0000000000
98687  53.148  19.540  6.103 0.0000000000
136293  52.433  20.223  7.059 0.0000000000
99650  52.684  20.200  6.209 0.0000000000
99665  51.747  19.727  5.147 0.0000000000
136239  53.022  19.652  5.248 0.0000000000
98725  55.213  18.905  2.563 0.0000000000
99703  54.763  19.167  2.363 0.0000000000
98739  55.119  18.731  1.757 0.0000000000
98740  54.179  18.881  1.429 0.0000000000
160876  54.762  18.578  1.441 0.0000000000
152055  54.504  17.592  1.178 0.0000000000
100586  44.799  20.215  20.387 0.0000000000
161443  44.840  21.350  19.412 0.0000000000
100596  44.156  20.042  19.438 0.0000000000
100606  43.644  20.243  18.545 0.0000000000
98543  44.708  18.783  20.152 0.0000000000
98513  48.385  18.907  24.570 0.0000000000
98514  47.565  19.048  23.883 0.0000000000
97565  49.114  18.190  24.085 0.0000000000
96656  48.347  16.997  20.869 0.0000000000
97588  48.168  17.219  21.743 0.0000000000
97601  47.437  17.118  20.825 0.0000000000
97615  45.427  17.611  19.232 0.0000000000
97614  46.402  17.377  19.409 0.0000000000
97642  45.502  17.658  17.760 0.0000000000
159282  46.730  17.442  18.663 0.0000000000
97625  50.161  18.628  18.750 0.0000000000
97640  48.623  18.488  17.780 0.0000000000
98566  49.926  18.911  17.941 0.0000000000
98603  48.139  18.930  16.320 0.0000000000
98583  49.652  19.174  17.218 0.0000000000
94793  45.316  14.717  23.276 0.0000000000
95715  46.186  15.073  23.675 0.0000000000
160954  46.143  14.776  22.931 0.0000000000
94805  48.885  13.610  21.307 0.0000000000
94791  48.207  14.759  22.260 0.0000000000
137481  49.434  14.346  21.391 0.0000000000
94804  50.160  15.217  22.015 0.0000000000
94816  49.965  14.707  21.283 0.0000000000
94849  45.524  14.140  17.765 0.0000000000
157665  46.980  13.957  18.730 0.0000000000
94835  46.344  14.561  18.102 0.0000000000
96684  48.416  15.946  17.739 0.0000000000
95760  48.388  15.561  18.248 0.0000000000
96674  49.146  16.024  18.206 0.0000000000
96664  50.800  16.231  19.385 0.0000000000
96673  50.317  16.502  18.425 0.0000000000
96671  52.422  17.831  19.359 0.0000000000
96682  50.897  17.381  17.745 0.0000000000
139220  50.124  17.993  15.702 0.0000000000
97658  51.220  18.746  16.278 0.0000000000
98612  51.039  18.914  15.392 0.0000000000
99545  51.020  19.565  16.109 0.0000000000
98620  51.128  19.624  15.104 0.0000000000
98629  51.156  19.838  14.418 0.0000000000
98622  49.814  18.508  14.150 0.0000000000
97678  47.472  17.899  11.756 0.0000000000
98639  48.369  18.272  12.136 0.0000000000
97681  47.409  17.890  10.930 0.0000000000
97685  47.484  17.843  10.142 0.0000000000
97691  46.827  17.343  9.621 0.0000000000
95817  44.837  15.450  9.470 0.0000000000
95818  46.018  15.282  8.258 0.0000000000
95829  46.724  15.216  7.685 0.0000000000
97617  41.247  16.948  19.325 0.0000000000
95752  39.096  15.520  18.457 0.0000000000
95751  39.804  15.762  18.697 0.0000000000
138772  39.144  14.135  20.555 0.0000000000
94837  38.668  14.539  19.194 0.0000000000
150531  48.238  27.633  1.586 0.0000000000
106733  49.611  27.964  2.170 0.0000000000
159718  48.211  27.683  2.630 0.0000000000
152584  48.384  27.970  3.815 0.0000000000
106716  47.930  27.758  3.347 0.0000000000
106717  47.056  27.677  3.590 0.0000000000
106736  46.615  27.518  2.716 0.0000000000
154650  44.580  27.533  0.539 0.0000000000
106773  41.696  27.460  0.236 0.0000000000
106790  42.118  27.681  -0.755 0.0000000000
135383  42.042  27.905  -2.917 0.0000000000
106801  41.385  27.905  -2.396 0.0000000000
134991  40.841  27.694  -2.613 0.0000000000
104992  40.386  26.994  -2.735 0.0000000000
106823  44.780  27.369  -4.916 0.0000000000
106817  44.161  27.671  -4.575 0.0000000000
105913  43.555  26.710  -4.954 0.0000000000
103290  41.638  23.936  -3.077 0.0000000000
104110  42.023  24.603  -3.769 0.0000000000
151075  41.311  24.252  -2.279 0.0000000000
103284  41.323  23.449  -2.280 0.0000000000
144359  40.891  22.168  -1.372 0.0000000000
101655  41.263  21.476  -2.097 0.0000000000
162220  41.752  19.690  -2.195 0.0000000000
103957  46.832  24.359  16.378 0.0000000000
103988  44.943  24.137  13.999 0.0000000000
103986  46.300  24.580  14.738 0.0000000000
104849  46.224  24.968  13.503 0.0000000000
147811  47.208  25.613  12.794 0.0000000000
104864  45.699  25.191  12.371 0.0000000000
101581  42.051  21.456  13.566 0.0000000000
143018  42.363  21.859  14.094 0.0000000000
103210  42.653  23.214  12.383 0.0000000000
104881  43.644  24.843  9.554 0.0000000000
104016  43.956  24.759  11.018 0.0000000000
104877  44.295  25.174  10.297 0.0000000000
104875  45.828  25.842  10.638 0.0000000000
105800  45.780  26.093  9.276 0.0000000000
105803  46.279  26.350  8.698 0.0000000000
105804  45.637  26.046  8.572 0.0000000000
104036  44.191  24.707  6.130 0.0000000000
104906  45.696  25.523  6.278 0.0000000000
104044  45.325  24.787  4.983 0.0000000000
104053  45.713  24.612  4.240 0.0000000000
104054  44.790  24.321  4.429 0.0000000000
100643  47.132  20.040  11.217 0.0000000000
99587  46.340  19.708  11.714 0.0000000000
99595  46.339  19.968  10.224 0.0000000000
99622  44.526  19.252  7.485 0.0000000000
99611  44.350  19.767  8.965 0.0000000000
161862  43.745  19.580  7.699 0.0000000000
100666  42.707  20.490  8.572 0.0000000000
99640  43.192  19.668  6.746 0.0000000000
98716  46.796  18.530  3.868 0.0000000000
145277  45.573  18.451  4.853 0.0000000000
136657  45.907  18.430  4.049 0.0000000000
141274  43.159  19.253  3.488 0.0000000000
98719  43.611  18.743  3.973 0.0000000000
99668  42.617  19.780  4.657 0.0000000000
100681  42.449  20.587  5.818 0.0000000000
142330  42.489  21.330  4.586 0.0000000000
141672  42.441  21.848  5.416 0.0000000000
101619  42.514  21.149  3.772 0.0000000000
102448  42.646  22.218  1.660 0.0000000000
102440  43.117  22.759  2.909 0.0000000000
102447  42.985  22.852  2.087 0.0000000000
103264  44.149  23.980  2.068 0.0000000000
103271  43.238  23.510  0.718 0.0000000000
104085  43.704  24.182  0.284 0.0000000000
103272  42.749  22.841  0.254 0.0000000000
155169  43.887  21.023  -3.055 0.0000000000
102464  43.075  22.627  -1.830 0.0000000000
101660  44.002  21.676  -4.593 0.0000000000
100730  47.641  20.257  -3.375 0.0000000000
100739  46.456  20.130  -3.699 0.0000000000
100746  46.970  19.916  -4.063 0.0000000000
97799  45.160  16.933  -4.269 0.0000000000
98785  45.392  18.015  -4.514 0.0000000000
98786  44.751  18.361  -4.637 0.0000000000
99775  44.064  19.809  -5.440 0.0000000000
98774  43.829  18.164  -4.194 0.0000000000
98780  43.140  18.753  -3.668 0.0000000000
97801  43.933  17.083  -4.064 0.0000000000
95913  43.031  14.759  -2.259 0.0000000000
96834  43.070  15.061  -2.400 0.0000000000
96806  47.062  16.862  2.059 0.0000000000
161041  46.208  15.884  3.116 0.0000000000
105886  37.381  27.988  -0.755 0.0000000000
106792  38.820  28.050  -1.689 0.0000000000
97549  47.024  17.683  25.440 0.0000000000
97550  46.387  17.533  24.775 0.0000000000
96613  46.849  16.676  25.079 0.0000000000
95693  47.117  15.767  24.669 0.0000000000
104948  49.751  25.956  1.933 0.0000000000
104949  48.850  25.740  1.604 0.0000000000
104958  48.834  26.152  0.230 0.0000000000
104968  47.621  26.120  -0.599 0.0000000000
104977  46.752  26.279  -1.685 0.0000000000
104969  46.724  25.876  -0.676 0.0000000000
104971  45.012  25.413  -1.017 0.0000000000
104091  44.193  25.075  -1.307 0.0000000000
98616  45.753  18.465  15.538 0.0000000000
98626  44.341  18.614  14.525 0.0000000000
98634  45.043  18.797  13.868 0.0000000000
99570  44.730  19.105  13.112 0.0000000000
99589  44.436  19.469  11.773 0.0000000000
99690  52.202  19.743  1.877 0.0000000000
99692  50.387  19.886  1.727 0.0000000000
99691  51.382  20.018  1.506 0.0000000000
138464  50.990  20.345  0.615 0.0000000000
100710  50.177  20.466  -0.606 0.0000000000
100718  50.024  20.360  -1.220 0.0000000000
98758  50.484  20.048  -1.055 0.0000000000
152636  50.674  19.665  -0.579 0.0000000000
97769  50.090  18.802  -0.031 0.0000000000
149099  49.218  17.979  0.738 0.0000000000
147234  50.225  18.113  1.031 0.0000000000
97747  50.085  17.264  2.007 0.0000000000
96790  50.432  16.592  2.391 0.0000000000
94818  40.114  14.088  21.753 0.0000000000
93856  40.966  13.975  22.094 0.0000000000
93868  40.535  13.714  21.841 0.0000000000
106678  50.137  27.158  6.622 0.0000000000
106666  49.431  27.245  7.240 0.0000000000
105811  48.638  26.865  6.955 0.0000000000
135571  47.881  26.504  6.731 0.0000000000
98645  50.457  19.547  11.148 0.0000000000
159536  51.042  20.284  10.979 0.0000000000
98650  50.389  19.386  9.778 0.0000000000
98655  50.293  19.013  9.002 0.0000000000
98654  51.422  19.662  8.735 0.0000000000
96760  52.465  17.419  5.150 0.0000000000
96768  53.456  17.125  4.091 0.0000000000
97729  54.152  18.273  4.290 0.0000000000
98700  54.214  19.080  4.649 0.0000000000
99663  54.001  19.263  4.773 0.0000000000
97736  55.716  18.359  2.178 0.0000000000
99494  45.461  19.498  21.379 0.0000000000
97564  50.808  18.242  25.009 0.0000000000
97574  50.041  17.809  23.716 0.0000000000
96634  51.478  17.862  23.512 0.0000000000
144926  49.802  17.279  21.971 0.0000000000
96655  49.368  17.223  20.910 0.0000000000
97612  48.216  17.408  19.348 0.0000000000
97600  49.268  17.479  20.011 0.0000000000
97611  50.377  18.305  19.669 0.0000000000
98552  51.344  18.790  19.112 0.0000000000
153326  46.607  13.533  21.195 0.0000000000
93851  47.528  13.331  21.287 0.0000000000
93862  47.862  12.103  21.057 0.0000000000
93849  48.846  12.605  20.958 0.0000000000
93860  48.871  12.590  20.915 0.0000000000
95780  45.669  15.363  16.494 0.0000000000
95762  46.777  15.279  17.623 0.0000000000
95779  46.582  15.691  16.775 0.0000000000
96702  47.446  16.202  16.655 0.0000000000
144334  48.958  16.484  17.301 0.0000000000
96683  50.029  17.159  17.119 0.0000000000
96706  48.226  16.980  15.740 0.0000000000
97665  48.986  17.535  15.319 0.0000000000
97670  48.830  17.781  14.549 0.0000000000
97674  48.663  18.027  13.765 0.0000000000
97675  47.730  17.663  13.409 0.0000000000
153676  46.725  17.521  12.185 0.0000000000
97683  45.881  17.211  11.675 0.0000000000
94914  45.385  14.604  8.501 0.0000000000
93980  47.145  13.299  7.370 0.0000000000
106766  49.975  27.524  -1.217 0.0000000000
106748  50.284  27.976  -0.273 0.0000000000
106749  49.123  27.775  -0.051 0.0000000000
144541  47.143  27.524  1.730 0.0000000000
143849  46.184  27.478  1.930 0.0000000000
106752  45.758  27.486  1.158 0.0000000000
106770  45.381  27.561  0.366 0.0000000000
106771  43.965  27.614  0.018 0.0000000000
106789  43.251  27.768  -0.853 0.0000000000
105004  43.886  25.381  -5.386 0.0000000000
104998  43.210  26.048  -5.239 0.0000000000
104109  42.620  24.409  -4.903 0.0000000000
103298  42.295  23.702  -4.177 0.0000000000
151814  41.811  22.918  -3.404 0.0000000000
101661  41.698  21.287  -3.014 0.0000000000
99761  41.875  20.204  -2.794 0.0000000000
99760  42.378  19.442  -2.949 0.0000000000
138039  44.523  22.724  16.748 0.0000000000
103179  45.400  23.768  15.830 0.0000000000
102360  44.152  22.809  15.918 0.0000000000
103181  44.145  23.185  15.144 0.0000000000
103205  44.334  23.743  13.834 0.0000000000
102397  41.978  22.736  11.051 0.0000000000
103213  42.580  23.471  11.460 0.0000000000
103215  42.333  23.399  10.535 0.0000000000
149556  43.054  24.401  9.654 0.0000000000
104885  43.747  24.933  8.719 0.0000000000
104884  44.433  25.367  8.414 0.0000000000
104896  43.846  24.908  7.871 0.0000000000
104037  43.471  24.231  6.489 0.0000000000
104046  43.691  24.055  5.617 0.0000000000
100658  47.330  20.303  9.362 0.0000000000
134906  46.362  20.013  9.096 0.0000000000
153940  46.163  19.763  8.424 0.0000000000
99621  45.446  19.401  7.774 0.0000000000
99638  44.964  18.900  6.871 0.0000000000
98729  45.746  18.715  2.436 0.0000000000
98717  45.308  18.491  3.352 0.0000000000
98730  44.632  18.677  2.560 0.0000000000
99696  43.804  19.049  2.252 0.0000000000
99681  42.782  19.895  2.857 0.0000000000
100698  42.561  20.771  2.523 0.0000000000
99715  42.769  20.301  1.952 0.0000000000
101638  42.568  21.454  1.208 0.0000000000
101642  42.601  21.618  0.411 0.0000000000
102458  42.619  22.119  -0.109 0.0000000000
100722  42.792  21.299  -0.306 0.0000000000
100732  43.593  20.834  -1.789 0.0000000000
100741  44.273  20.537  -2.552 0.0000000000
98773  47.539  18.516  -3.285 0.0000000000
98779  46.756  18.652  -4.228 0.0000000000
143216  46.784  17.774  -3.006 0.0000000000
96844  45.124  16.422  -3.732 0.0000000000
96845  44.367  16.109  -3.861 0.0000000000
96846  43.889  16.092  -3.701 0.0000000000
96839  44.335  15.751  -3.380 0.0000000000
95905  43.530  14.940  -2.122 0.0000000000
105788  48.615  26.491  11.837 0.0000000000
105877  37.538  27.202  -0.634 0.0000000000
104094  39.808  25.207  -0.241 0.0000000000
104093  40.299  24.798  -0.529 0.0000000000
99459  48.286  19.759  26.095 0.0000000000
98500  49.478  18.881  26.154 0.0000000000
97537  48.337  17.982  26.361 0.0000000000
97536  49.253  18.029  26.544 0.0000000000
97548  50.716  18.236  25.853 0.0000000000
97563  51.458  17.892  25.315 0.0000000000
96625  51.706  17.613  24.715 0.0000000000
95724  52.156  17.172  23.334 0.0000000000
93891  46.641  12.603  18.929 0.0000000000
92924  45.309  12.428  18.120 0.0000000000
93907  44.970  13.397  17.699 0.0000000000
94850  44.834  14.052  17.210 0.0000000000
95781  44.848  15.037  16.137 0.0000000000
95785  44.514  15.326  15.380 0.0000000000
95790  44.896  15.806  14.953 0.0000000000
96713  44.786  16.104  14.271 0.0000000000
96716  44.727  16.331  13.342 0.0000000000
105865  52.686  27.146  0.346 0.0000000000
105880  51.865  27.338  -0.702 0.0000000000
157441  51.073  26.721  -0.698 0.0000000000
105881  51.234  27.089  -1.145 0.0000000000
106765  51.144  27.523  -0.928 0.0000000000
106783  49.338  27.209  -1.822 0.0000000000
106784  48.672  27.391  -1.942 0.0000000000
106799  46.433  27.892  -2.834 0.0000000000
141157  47.072  27.504  -3.072 0.0000000000
105904  46.299  27.225  -3.971 0.0000000000
105905  45.609  27.197  -4.619 0.0000000000
104988  46.041  26.485  -3.072 0.0000000000
105898  46.073  26.971  -4.188 0.0000000000
105003  44.408  26.505  -5.118 0.0000000000
104997  44.215  25.606  -5.174 0.0000000000
103304  43.402  23.862  -5.278 0.0000000000
102484  43.171  23.010  -5.501 0.0000000000
98608  42.947  19.253  16.240 0.0000000000
101577  42.497  20.981  15.426 0.0000000000
99556  42.714  19.537  15.506 0.0000000000
140396  42.363  20.201  14.912 0.0000000000
100630  41.974  20.786  13.589 0.0000000000
99571  43.202  19.229  13.704 0.0000000000
100634  42.078  20.311  13.122 0.0000000000
101584  41.754  21.270  11.948 0.0000000000
102398  41.685  22.028  10.682 0.0000000000
102401  41.697  21.915  9.857 0.0000000000
101594  41.785  21.890  8.472 0.0000000000
99653  48.946  19.239  5.290 0.0000000000
99654  48.075  19.174  5.881 0.0000000000
98688  48.058  18.853  4.954 0.0000000000
98701  48.049  18.782  4.225 0.0000000000
98728  47.117  18.733  2.995 0.0000000000
152475  49.479  19.528  2.395 0.0000000000
98727  47.953  19.030  2.740 0.0000000000
162101  47.328  19.076  2.317 0.0000000000
99695  47.072  19.278  1.698 0.0000000000
99711  46.693  19.479  0.897 0.0000000000
99724  46.589  19.701  -0.100 0.0000000000
99736  46.355  19.899  -1.042 0.0000000000
99735  47.604  20.302  -1.118 0.0000000000
100729  48.302  20.484  -2.429 0.0000000000
99757  48.700  20.044  -3.189 0.0000000000
99745  49.611  20.231  -1.977 0.0000000000
98771  48.991  19.718  -2.799 0.0000000000
98772  48.239  19.450  -3.370 0.0000000000
97778  46.829  17.674  -1.121 0.0000000000
97763  46.795  17.333  0.704 0.0000000000
97749  47.941  17.093  2.072 0.0000000000
97761  48.465  17.463  1.411 0.0000000000
96792  48.439  16.674  2.586 0.0000000000
96778  48.130  16.150  3.178 0.0000000000
96646  43.667  16.305  22.007 0.0000000000
95716  44.212  15.228  23.416 0.0000000000
95717  43.503  15.156  22.914 0.0000000000
94795  43.397  14.712  22.783 0.0000000000
153296  44.443  14.129  22.192 0.0000000000
93854  42.959  13.884  22.040 0.0000000000
93853  44.298  13.758  21.412 0.0000000000
93852  45.539  13.672  21.155 0.0000000000
93864  45.625  12.877  20.560 0.0000000000
92874  46.659  11.322  20.530 0.0000000000
90960  46.795  10.205  20.044 0.0000000000
105837  52.104  26.614  3.544 0.0000000000
163274  51.025  26.351  3.720 0.0000000000
105818  49.970  26.759  5.957 0.0000000000
105838  50.294  26.224  4.251 0.0000000000
104924  49.563  25.819  3.918 0.0000000000
104934  48.820  25.562  3.535 0.0000000000
142127  48.229  25.399  3.160 0.0000000000
104061  46.584  24.899  2.862 0.0000000000
99566  49.092  20.195  13.824 0.0000000000
99577  47.608  19.831  12.788 0.0000000000
99576  48.707  20.255  13.043 0.0000000000
100642  48.168  20.358  11.492 0.0000000000
100648  47.900  20.389  10.672 0.0000000000
100640  50.308  20.709  11.164 0.0000000000
100647  49.261  20.657  10.352 0.0000000000
144660  47.990  20.470  9.974 0.0000000000
99608  47.954  20.365  8.739 0.0000000000
100674  48.453  20.311  8.225 0.0000000000
99618  49.277  19.971  7.070 0.0000000000
97715  50.181  17.403  6.968 0.0000000000
97704  50.877  18.296  7.494 0.0000000000
98665  51.668  19.297  8.061 0.0000000000
97722  52.284  17.989  5.861 0.0000000000
98663  52.720  19.718  7.080 0.0000000000
99606  52.254  20.178  8.076 0.0000000000
155874  52.015  20.390  7.724 0.0000000000
99633  51.129  20.170  6.788 0.0000000000
99635  49.086  19.530  6.170 0.0000000000
99652  50.079  19.623  5.786 0.0000000000
158834  50.677  19.601  5.149 0.0000000000
135585  51.997  19.675  4.148 0.0000000000
99676  54.208  19.383  3.931 0.0000000000
99677  53.416  19.565  3.522 0.0000000000
99678  52.454  19.663  3.157 0.0000000000
138610  52.698  19.551  1.279 0.0000000000
99705  53.243  19.189  1.247 0.0000000000
97758  53.054  18.254  1.354 0.0000000000
96805  52.250  17.338  1.665 0.0000000000
96804  53.332  17.243  1.447 0.0000000000
138418  53.376  16.157  1.441 0.0000000000
160636  44.825  22.619  17.405 0.0000000000
101553  43.597  21.357  17.513 0.0000000000
100614  43.291  20.532  17.714 0.0000000000
99527  43.226  19.580  17.849 0.0000000000
99478  47.097  19.908  23.934 0.0000000000
98525  46.932  18.707  22.937 0.0000000000
98531  46.557  18.166  21.887 0.0000000000
97575  48.537  17.661  22.842 0.0000000000
97589  46.980  17.456  21.353 0.0000000000
97603  45.701  17.969  20.603 0.0000000000
98553  45.069  18.097  19.886 0.0000000000
97630  44.203  18.159  18.546 0.0000000000
98587  43.420  18.738  17.415 0.0000000000
98606  44.090  18.219  16.963 0.0000000000
97662  45.057  17.864  16.985 0.0000000000
97661  46.073  17.942  16.960 0.0000000000
97627  47.644  17.708  18.402 0.0000000000
160440  47.645  18.182  17.558 0.0000000000
98604  46.475  18.423  16.207 0.0000000000
141826  47.289  18.711  16.093 0.0000000000
98614  47.856  19.146  15.645 0.0000000000
99554  48.608  19.604  15.132 0.0000000000
95709  44.910  15.326  23.800 0.0000000000
95707  46.202  15.480  24.193 0.0000000000
146600  48.123  15.625  24.219 0.0000000000
94792  46.980  14.837  22.536 0.0000000000
95713  48.721  15.338  23.105 0.0000000000
95706  49.512  15.673  23.931 0.0000000000
95712  50.351  15.669  23.163 0.0000000000
136979  51.362  16.248  22.780 0.0000000000
157434  52.089  16.722  22.479 0.0000000000
162654  46.973  13.170  19.023 0.0000000000
93875  48.626  13.119  20.126 0.0000000000
94833  48.617  14.335  19.568 0.0000000000
95749  47.990  15.005  18.714 0.0000000000
95748  48.809  15.265  18.953 0.0000000000
94824  49.402  14.737  19.877 0.0000000000
95740  50.253  15.324  20.122 0.0000000000
95739  51.264  16.001  20.440 0.0000000000
96652  52.755  17.507  21.149 0.0000000000
96662  52.747  18.141  20.067 0.0000000000
97623  52.357  18.444  19.265 0.0000000000
98564  51.877  18.844  18.618 0.0000000000
97639  51.223  18.152  17.020 0.0000000000
142789  51.642  18.983  17.035 0.0000000000
98582  50.878  19.420  17.363 0.0000000000
98601  50.543  19.567  16.696 0.0000000000
99553  49.891  19.906  15.312 0.0000000000
99560  49.491  20.034  14.573 0.0000000000
100628  50.265  20.345  13.993 0.0000000000
99565  51.208  20.033  13.114 0.0000000000
98637  50.608  19.466  12.866 0.0000000000
98631  49.666  18.640  13.318 0.0000000000
98638  49.482  18.727  12.486 0.0000000000
98642  49.316  18.771  11.654 0.0000000000
98646  49.019  18.634  10.824 0.0000000000
97689  48.448  18.059  9.053 0.0000000000
96731  48.176  17.079  7.949 0.0000000000
96718  45.117  16.766  12.016 0.0000000000
96721  45.153  16.710  11.139 0.0000000000
97687  45.886  17.148  10.768 0.0000000000
95819  45.378  15.419  8.853 0.0000000000
96729  45.480  16.167  9.442 0.0000000000
96728  46.307  16.681  9.173 0.0000000000
97696  47.057  17.091  8.888 0.0000000000
161140  47.872  16.445  7.659 0.0000000000
97591  43.401  17.415  21.455 0.0000000000
96657  42.579  16.424  20.736 0.0000000000
95734  42.233  15.549  21.076 0.0000000000
95735  41.485  15.300  20.737 0.0000000000
96667  40.873  16.346  19.249 0.0000000000
95742  40.380  15.450  19.453 0.0000000000
95736  40.649  14.756  20.774 0.0000000000
94826  39.914  14.461  20.643 0.0000000000
138052  37.956  14.666  18.552 0.0000000000
94829  37.893  13.998  19.429 0.0000000000
93870  38.269  13.103  21.218 0.0000000000
106719  45.348  27.521  3.437 0.0000000000
143848  45.296  27.456  2.025 0.0000000000
137200  44.901  27.452  2.786 0.0000000000
136840  43.920  27.437  3.008 0.0000000000
106774  40.629  27.474  0.181 0.0000000000
136734  39.643  27.898  -1.014 0.0000000000
106791  39.662  28.077  -1.971 0.0000000000
157056  41.470  27.875  -1.693 0.0000000000
135376  40.589  27.952  -2.008 0.0000000000
105894  39.093  27.620  -2.140 0.0000000000
104983  39.299  26.733  -1.904 0.0000000000
104100  40.633  24.938  -1.185 0.0000000000
135942  44.486  28.207  -2.998 0.0000000000
106809  43.041  27.783  -3.736 0.0000000000
105907  42.001  27.118  -3.715 0.0000000000
104999  42.384  26.171  -4.390 0.0000000000
104991  41.477  26.757  -3.385 0.0000000000
104981  41.171  25.925  -2.676 0.0000000000
103285  40.986  24.097  -1.587 0.0000000000
103279  40.593  23.932  -0.686 0.0000000000
151817  40.571  21.988  -0.701 0.0000000000
100734  41.019  20.714  -1.582 0.0000000000
103971  46.567  24.491  15.517 0.0000000000
104862  48.027  25.767  13.132 0.0000000000
104863  47.863  26.091  12.338 0.0000000000
105790  47.042  26.256  11.203 0.0000000000
102386  42.620  21.834  14.825 0.0000000000
103206  43.557  23.349  13.580 0.0000000000
104002  44.046  23.927  13.072 0.0000000000
103212  43.126  23.741  12.068 0.0000000000
104013  44.192  24.612  11.765 0.0000000000
104865  44.950  24.959  12.048 0.0000000000
104872  45.561  25.470  11.478 0.0000000000
105795  46.635  26.284  10.478 0.0000000000
105798  47.248  26.640  9.878 0.0000000000
158640  47.128  26.706  8.892 0.0000000000
105812  46.746  26.546  8.005 0.0000000000
105821  47.165  26.216  6.569 0.0000000000
104894  45.314  25.706  7.235 0.0000000000
104905  46.516  25.878  6.396 0.0000000000
104904  47.055  25.830  5.945 0.0000000000
104927  46.929  25.278  4.716 0.0000000000
104052  46.531  24.898  4.145 0.0000000000
151576  45.761  24.582  2.839 0.0000000000
99578  46.558  19.582  12.576 0.0000000000
99588  45.398  19.613  11.362 0.0000000000
136735  44.558  19.618  11.050 0.0000000000
99603  44.811  19.763  9.673 0.0000000000
99604  43.787  19.872  9.635 0.0000000000
99598  43.305  19.966  10.436 0.0000000000
100660  42.486  20.633  9.491 0.0000000000
101590  42.058  21.060  8.739 0.0000000000
101593  42.041  21.321  7.851 0.0000000000
98676  46.490  18.814  6.163 0.0000000000
98677  45.534  18.677  6.153 0.0000000000
98678  44.412  18.655  5.923 0.0000000000
98705  44.167  18.505  4.483 0.0000000000
98692  44.025  18.568  5.158 0.0000000000
98679  43.586  19.071  6.179 0.0000000000
99641  42.657  20.083  6.215 0.0000000000
146667  42.372  20.759  6.556 0.0000000000
102418  42.123  22.080  6.731 0.0000000000
103240  42.669  22.697  5.607 0.0000000000
139097  43.261  23.296  5.121 0.0000000000
103246  43.484  23.211  4.231 0.0000000000
163238  42.769  22.210  3.177 0.0000000000
102435  43.056  22.637  3.687 0.0000000000
103251  44.247  23.763  3.891 0.0000000000
103257  44.289  23.799  3.042 0.0000000000
104070  44.922  24.318  2.581 0.0000000000
104069  45.598  24.703  2.038 0.0000000000
141471  44.369  24.554  0.731 0.0000000000
104084  44.386  24.863  -0.214 0.0000000000
104092  43.624  24.320  -0.719 0.0000000000
102465  42.812  22.750  -0.685 0.0000000000
137833  43.181  23.526  -1.278 0.0000000000
103283  43.351  23.440  -2.596 0.0000000000
142801  43.505  23.332  -4.131 0.0000000000
102477  43.625  22.436  -4.993 0.0000000000
101670  43.581  21.574  -5.541 0.0000000000
99747  46.033  20.044  -1.915 0.0000000000
99759  45.772  20.132  -2.758 0.0000000000
100740  45.087  20.168  -3.553 0.0000000000
98784  46.155  18.802  -4.543 0.0000000000
99766  45.118  19.554  -4.700 0.0000000000
100748  44.836  20.112  -4.974 0.0000000000
100749  44.142  20.690  -5.728 0.0000000000
100755  43.986  20.589  -5.792 0.0000000000
100756  43.673  20.864  -5.703 0.0000000000
99769  42.921  19.676  -4.297 0.0000000000
98775  42.783  18.423  -2.524 0.0000000000
97785  43.410  16.136  -2.853 0.0000000000
97794  43.075  17.392  -2.176 0.0000000000
96789  51.625  16.677  2.068 0.0000000000
158087  51.056  16.493  2.289 0.0000000000
91938  46.635  10.297  20.197 0.0000000000
91967  47.124  10.533  20.100 0.0000000000
91968  46.751  10.670  19.459 0.0000000000
92883  47.509  11.339  20.351 0.0000000000
92884  46.097  10.810  20.419 0.0000000000
92885  45.237  11.265  19.999 0.0000000000
92906  46.269  11.908  18.769 0.0000000000
93850  48.445  12.637  21.160 0.0000000000
93855  41.823  14.066  22.144 0.0000000000
93857  40.271  13.912  21.893 0.0000000000
93861  48.379  12.130  20.897 0.0000000000
93863  46.839  12.415  20.803 0.0000000000
93867  41.343  13.687  21.751 0.0000000000
93880  37.654  13.383  20.550 0.0000000000
93890  47.735  13.097  19.474 0.0000000000
94794  44.199  14.592  23.010 0.0000000000
94807  46.486  14.383  21.922 0.0000000000
94810  42.691  14.367  22.351 0.0000000000
94825  49.176  13.589  20.608 0.0000000000
94836  46.288  13.653  18.465 0.0000000000
94865  45.158  14.691  16.933 0.0000000000
94866  44.377  14.281  16.510 0.0000000000
94910  44.878  14.933  9.024 0.0000000000
95690  50.934  17.174  25.736 0.0000000000
95691  49.707  16.246  24.969 0.0000000000
95708  45.352  15.133  23.898 0.0000000000
95723  52.590  17.352  21.865 0.0000000000
95726  43.072  15.466  22.070 0.0000000000
95727  42.344  14.930  22.063 0.0000000000
95732  51.683  16.213  21.489 0.0000000000
95733  50.650  15.287  21.049 0.0000000000
95741  41.052  15.597  19.842 0.0000000000
95750  47.161  14.820  18.403 0.0000000000
95761  47.693  15.531  17.851 0.0000000000
95783  46.181  15.909  16.076 0.0000000000
95791  44.232  15.543  14.631 0.0000000000
95815  44.845  15.962  9.964 0.0000000000
95862  45.722  15.448  3.339 0.0000000000
95912  43.658  15.369  -2.849 0.0000000000
96599  49.527  17.280  26.331 0.0000000000
96609  51.472  17.620  25.373 0.0000000000
96610  49.759  16.729  25.907 0.0000000000
96611  48.668  16.589  25.754 0.0000000000
96627  46.534  15.893  24.645 0.0000000000
96629  45.378  16.130  23.905 0.0000000000
96643  53.028  18.013  21.614 0.0000000000
96647  43.122  16.460  21.320 0.0000000000
96651  53.021  18.011  20.876 0.0000000000
96653  52.274  16.736  20.833 0.0000000000
96665  48.423  17.115  20.201 0.0000000000
96672  51.622  17.380  18.665 0.0000000000
96675  40.226  16.533  18.642 0.0000000000
96685  47.992  16.135  17.217 0.0000000000
96700  49.273  16.982  16.665 0.0000000000
96701  48.354  16.636  16.522 0.0000000000
96711  47.180  16.966  14.703 0.0000000000
96715  45.487  16.739  13.252 0.0000000000
96724  46.015  16.983  9.915 0.0000000000
96732  47.353  16.630  8.188 0.0000000000
96734  46.030  16.000  8.698 0.0000000000
96769  52.692  16.809  4.532 0.0000000000
96793  47.605  16.538  2.679 0.0000000000
96794  46.685  16.277  2.806 0.0000000000
96803  54.131  16.813  1.225 0.0000000000
96825  44.479  15.670  -1.290 0.0000000000
96840  43.912  15.649  -3.430 0.0000000000
97535  50.256  17.978  26.457 0.0000000000
97538  47.628  18.441  26.125 0.0000000000
97547  51.068  17.906  25.991 0.0000000000
97583  52.954  18.159  21.201 0.0000000000
97585  52.580  18.176  22.145 0.0000000000
97590  46.250  17.839  21.136 0.0000000000
97599  50.727  17.924  20.877 0.0000000000
97609  52.828  18.205  20.662 0.0000000000
97610  51.638  18.602  20.240 0.0000000000
97616  44.729  17.899  19.131 0.0000000000
97618  40.778  17.267  18.924 0.0000000000
97624  52.179  18.348  18.704 0.0000000000
97626  48.880  18.149  18.573 0.0000000000
97628  45.908  17.495  18.567 0.0000000000
97637  52.025  18.788  18.545 0.0000000000
97643  44.575  17.862  17.752 0.0000000000
97660  49.116  17.275  16.062 0.0000000000
97666  48.038  17.256  15.004 0.0000000000
97682  46.668  17.547  11.292 0.0000000000
97693  49.538  18.158  8.255 0.0000000000
97695  47.856  17.403  8.608 0.0000000000
97714  51.139  17.907  6.810 0.0000000000
97721  53.266  18.662  5.587 0.0000000000
97728  54.855  18.241  3.491 0.0000000000
97738  54.301  17.357  3.597 0.0000000000
97744  56.203  17.697  1.574 0.0000000000
97745  56.092  17.726  2.090 0.0000000000
97791  46.692  18.033  -3.819 0.0000000000
97792  45.950  17.172  -3.255 0.0000000000
97805  44.794  17.440  -4.468 0.0000000000
97806  44.299  17.713  -4.394 0.0000000000
98491  50.380  18.222  26.248 0.0000000000
98493  47.547  19.628  26.171 0.0000000000
98501  48.587  19.579  25.804 0.0000000000
98524  47.893  18.295  23.344 0.0000000000
98526  46.305  18.897  22.262 0.0000000000
98532  45.848  18.617  21.464 0.0000000000
98540  52.767  18.307  20.933 0.0000000000
98550  52.488  18.428  20.080 0.0000000000
98551  52.069  18.696  19.637 0.0000000000
98554  44.356  18.552  19.417 0.0000000000
98563  52.160  18.650  19.150 0.0000000000
98567  43.579  18.765  18.244 0.0000000000
98581  51.514  19.063  17.583 0.0000000000
98585  47.197  18.378  16.849 0.0000000000
98586  43.899  18.264  17.793 0.0000000000
98602  49.316  19.368  16.548 0.0000000000
98607  43.380  18.753  16.567 0.0000000000
98611  51.177  19.399  15.842 0.0000000000
98615  46.888  18.772  15.486 0.0000000000
98621  50.888  19.188  14.634 0.0000000000
98625  45.353  18.628  14.641 0.0000000000
98632  48.504  18.197  12.959 0.0000000000
98641  50.518  19.518  12.049 0.0000000000
98647  48.071  18.197  10.633 0.0000000000
98649  51.277  19.999  9.663 0.0000000000
98651  48.484  18.295  9.953 0.0000000000
98653  52.112  19.958  8.388 0.0000000000
98664  52.421  19.868  7.905 0.0000000000
98675  51.993  18.962  7.423 0.0000000000
98686  53.693  19.263  5.265 0.0000000000
98689  47.119  18.710  5.425 0.0000000000
98690  46.083  18.561  5.482 0.0000000000
98693  43.545  18.894  5.506 0.0000000000
98699  54.632  18.869  4.003 0.0000000000
98703  46.477  18.492  4.721 0.0000000000
98704  44.992  18.412  4.247 0.0000000000
98706  43.523  18.793  4.765 0.0000000000
98715  47.611  18.706  3.667 0.0000000000
98718  44.372  18.513  3.629 0.0000000000
98738  55.868  18.104  1.538 0.0000000000
98741  52.770  19.190  0.980 0.0000000000
98744  46.234  19.083  1.687 0.0000000000
98745  45.330  18.951  1.674 0.0000000000
98751  51.732  20.009  0.268 0.0000000000
98766  49.531  19.983  -2.296 0.0000000000
98778  47.470  19.061  -3.925 0.0000000000
98787  44.215  18.823  -4.776 0.0000000000
99461  47.440  20.153  26.020 0.0000000000
99503  44.927  19.472  20.650 0.0000000000
99504  44.437  19.381  19.919 0.0000000000
99512  43.996  19.218  19.300 0.0000000000
99513  43.661  19.427  18.729 0.0000000000
99540  51.210  19.442  16.836 0.0000000000
99546  50.216  19.723  16.011 0.0000000000
99547  42.667  19.832  16.328 0.0000000000
99551  51.075  19.736  15.435 0.0000000000
99552  50.855  19.881  15.391 0.0000000000
99558  51.148  19.999  14.731 0.0000000000
99562  47.197  19.380  14.135 0.0000000000
99564  51.182  20.137  13.746 0.0000000000
99567  47.915  19.760  13.580 0.0000000000
99569  45.853  19.215  13.305 0.0000000000
99572  42.548  19.698  13.468 0.0000000000
99574  51.087  20.222  12.865 0.0000000000
99575  51.146  20.128  12.470 0.0000000000
99580  44.340  19.297  12.486 0.0000000000
99584  50.988  20.357  12.130 0.0000000000
99593  50.912  20.448  11.285 0.0000000000
99594  51.006  19.907  10.438 0.0000000000
99597  44.199  19.703  10.416 0.0000000000
99599  42.789  20.062  11.108 0.0000000000
99601  46.585  20.093  9.681 0.0000000000
99602  45.802  19.879  9.667 0.0000000000
99609  46.986  20.058  8.565 0.0000000000
99612  43.916  19.715  8.462 0.0000000000
99617  50.623  20.374  7.544 0.0000000000
99623  42.650  20.311  6.870 0.0000000000
99631  52.793  20.001  6.977 0.0000000000
99632  52.495  20.204  7.575 0.0000000000
99634  49.976  19.886  6.643 0.0000000000
99636  47.266  19.034  6.186 0.0000000000
99649  53.114  19.578  6.121 0.0000000000
99655  43.032  19.451  5.864 0.0000000000
99656  42.620  19.879  5.468 0.0000000000
99664  53.664  19.479  4.651 0.0000000000
99675  54.543  19.089  4.054 0.0000000000
99680  50.287  19.539  2.896 0.0000000000
99688  54.794  19.177  3.202 0.0000000000
99693  48.700  19.508  2.041 0.0000000000
99697  43.334  19.296  2.775 0.0000000000
99704  54.177  19.190  1.749 0.0000000000
99710  47.706  19.622  1.012 0.0000000000
99721  50.535  20.459  -0.046 0.0000000000
99726  44.451  19.599  0.171 0.0000000000
99732  50.567  20.212  -0.753 0.0000000000
99733  50.022  20.216  -1.429 0.0000000000
99749  42.087  19.055  -1.912 0.0000000000
99755  49.466  20.284  -2.114 0.0000000000
99756  49.235  20.200  -2.537 0.0000000000
99758  46.669  20.295  -2.874 0.0000000000
99765  47.024  19.393  -4.264 0.0000000000
99767  44.250  20.108  -5.467 0.0000000000
99776  43.603  20.136  -5.380 0.0000000000
100605  44.314  20.882  19.097 0.0000000000
100620  42.678  20.553  16.291 0.0000000000
100625  42.506  20.208  15.708 0.0000000000
100627  50.975  20.216  14.103 0.0000000000
100629  42.205  20.176  13.984 0.0000000000
100632  50.860  20.340  13.387 0.0000000000
100638  48.428  20.309  12.265 0.0000000000
100639  41.981  20.560  12.284 0.0000000000
100641  49.543  20.615  11.783 0.0000000000
100650  43.049  20.222  9.828 0.0000000000
100655  50.944  20.468  9.790 0.0000000000
100657  48.567  20.564  9.483 0.0000000000
100659  43.183  20.208  9.155 0.0000000000
100661  42.137  20.856  10.119 0.0000000000
100663  50.441  20.620  9.061 0.0000000000
100665  43.374  20.048  8.415 0.0000000000
100672  52.355  20.258  7.848 0.0000000000
100675  42.897  20.232  7.656 0.0000000000
100685  42.453  20.476  5.022 0.0000000000
100688  42.505  20.484  4.190 0.0000000000
100703  43.150  19.993  1.313 0.0000000000
100704  42.734  20.678  1.241 0.0000000000
100712  43.057  20.370  0.729 0.0000000000
100713  42.706  20.964  0.532 0.0000000000
100721  43.380  20.650  -0.779 0.0000000000
100727  49.674  20.275  -1.786 0.0000000000
100733  41.508  20.770  -2.509 0.0000000000
100738  48.670  20.225  -3.038 0.0000000000
100750  42.906  20.465  -4.805 0.0000000000
101565  42.934  21.345  16.193 0.0000000000
101582  41.805  21.132  12.852 0.0000000000
101586  41.742  21.364  11.129 0.0000000000
101588  41.805  21.344  10.349 0.0000000000
101598  42.103  21.410  7.012 0.0000000000
101605  42.279  21.401  6.157 0.0000000000
101626  42.573  21.479  3.029 0.0000000000
101648  43.131  21.268  -1.205 0.0000000000
101653  43.373  21.673  -2.368 0.0000000000
101664  43.695  21.589  -5.522 0.0000000000
101666  42.137  21.557  -3.761 0.0000000000
102350  44.813  22.263  18.056 0.0000000000
102361  44.154  22.139  17.295 0.0000000000
102385  42.931  22.632  14.139 0.0000000000
102388  42.357  22.247  13.471 0.0000000000
102389  41.975  21.841  12.999 0.0000000000
102391  42.262  22.504  12.730 0.0000000000
102394  42.106  22.675  11.925 0.0000000000
102395  41.733  22.007  11.522 0.0000000000
102424  42.342  22.166  6.084 0.0000000000
102436  42.650  21.887  3.789 0.0000000000
102441  42.710  22.198  2.506 0.0000000000
102453  42.604  22.212  0.760 0.0000000000
102459  40.585  22.816  -0.661 0.0000000000
102485  43.108  22.967  -5.511 0.0000000000
102488  43.175  23.251  -5.474 0.0000000000
103165  45.642  23.585  16.609 0.0000000000
103166  44.907  23.291  16.290 0.0000000000
103180  44.732  23.477  15.505 0.0000000000
103196  44.676  23.714  14.655 0.0000000000
103197  43.844  23.208  14.423 0.0000000000
103207  42.804  22.969  13.200 0.0000000000
103217  42.234  23.347  9.693 0.0000000000
103219  42.237  23.339  8.887 0.0000000000
103227  42.175  22.970  7.661 0.0000000000
103233  42.843  23.690  6.855 0.0000000000
103234  42.459  22.848  6.500 0.0000000000
103252  43.608  23.267  3.401 0.0000000000
103265  43.410  23.459  1.639 0.0000000000
103305  43.032  23.313  -5.591 0.0000000000
103958  46.087  24.085  16.091 0.0000000000
103972  45.835  24.207  15.310 0.0000000000
103987  45.498  24.269  14.515 0.0000000000
103999  46.067  24.658  14.092 0.0000000000
104000  45.503  24.556  13.610 0.0000000000
104010  45.201  24.723  12.824 0.0000000000
104011  44.481  24.448  12.566 0.0000000000
104012  43.750  24.112  12.291 0.0000000000
104014  43.375  24.205  11.405 0.0000000000
104015  42.827  23.957  10.769 0.0000000000
104018  42.666  24.007  10.062 0.0000000000
104019  43.127  24.464  8.990 0.0000000000
104022  42.648  23.945  8.544 0.0000000000
104030  43.961  24.872  6.997 0.0000000000
104032  42.658  23.760  7.701 0.0000000000
104045  44.472  24.494  5.273 0.0000000000
104062  46.121  24.668  3.541 0.0000000000
104076  45.085  24.770  1.227 0.0000000000
104078  43.816  24.058  1.165 0.0000000000
104083  45.009  25.042  0.449 0.0000000000
104099  41.112  25.032  -1.963 0.0000000000
104108  43.658  24.616  -5.331 0.0000000000
104114  43.202  24.136  -5.485 0.0000000000
104119  43.106  23.677  -5.521 0.0000000000
104850  45.805  24.952  13.021 0.0000000000
104871  46.408  25.906  11.298 0.0000000000
104876  45.217  25.693  9.876 0.0000000000
104879  45.085  25.744  8.929 0.0000000000
104883  45.143  25.751  8.094 0.0000000000
104893  46.003  25.964  6.957 0.0000000000
104895  44.539  25.350  7.548 0.0000000000
104915  47.351  25.626  5.321 0.0000000000
104916  46.507  25.468  5.549 0.0000000000
104918  45.001  25.080  5.765 0.0000000000
104928  46.147  25.031  4.827 0.0000000000
104935  47.462  25.197  3.177 0.0000000000
104940  49.672  25.751  3.016 0.0000000000
104941  48.872  25.577  2.655 0.0000000000
104960  46.793  25.583  0.347 0.0000000000
104970  45.869  25.635  -0.837 0.0000000000
104996  45.030  26.619  -4.669 0.0000000000
105010  43.468  25.196  -5.472 0.0000000000
105789  47.711  26.374  11.511 0.0000000000
105793  48.280  26.743  10.964 0.0000000000
105794  47.483  26.548  10.710 0.0000000000
105796  45.989  26.106  9.974 0.0000000000
105802  47.978  26.892  7.579 0.0000000000
105822  46.599  26.273  7.168 0.0000000000
105829  50.302  26.550  5.177 0.0000000000
105839  49.489  26.142  4.738 0.0000000000
105840  48.840  26.100  5.177 0.0000000000
105848  50.400  26.086  3.393 0.0000000000
105864  52.789  27.610  0.086 0.0000000000
105874  52.307  27.252  -0.370 0.0000000000
105875  51.773  27.067  -0.771 0.0000000000
105882  50.419  27.005  -1.456 0.0000000000
105883  49.436  26.742  -1.520 0.0000000000
105884  47.690  26.503  -1.785 0.0000000000
105885  37.954  27.700  -1.237 0.0000000000
105889  49.481  26.923  -1.826 0.0000000000
105893  39.624  27.328  -2.383 0.0000000000
105897  48.088  27.163  -2.516 0.0000000000
105900  39.551  27.754  -2.323 0.0000000000
105906  42.823  26.830  -4.445 0.0000000000
105910  45.226  27.293  -4.844 0.0000000000
105912  44.018  26.272  -5.369 0.0000000000
106635  48.786  27.103  10.363 0.0000000000
106644  48.556  27.272  9.460 0.0000000000
106651  49.497  27.504  8.181 0.0000000000
106667  48.708  27.296  7.840 0.0000000000
106715  48.793  27.856  3.083 0.0000000000
106720  44.647  27.491  3.425 0.0000000000
106734  48.788  27.749  2.209 0.0000000000
106737  45.748  27.468  2.743 0.0000000000
106751  46.693  27.510  0.906 0.0000000000
106756  40.448  27.327  1.204 0.0000000000
106763  52.416  27.615  -0.320 0.0000000000
106764  52.056  27.812  -0.438 0.0000000000
106785  47.657  27.677  -1.820 0.0000000000
106788  44.349  27.845  -1.129 0.0000000000
106797  48.238  27.265  -2.408 0.0000000000
106802  39.864  27.832  -2.329 0.0000000000
106803  39.233  27.878  -2.138 0.0000000000
106806  46.430  27.625  -3.710 0.0000000000
106808  44.226  28.130  -3.931 0.0000000000
106810  41.862  27.562  -3.281 0.0000000000
106811  40.080  27.658  -2.456 0.0000000000
106815  45.699  27.506  -4.406 0.0000000000
106816  45.008  27.744  -4.629 0.0000000000
106819  42.587  27.375  -3.898 0.0000000000
106824  44.221  27.079  -5.018 0.0000000000
107531  49.085  28.135  3.911 0.0000000000
135073  44.798  24.429  1.886 0.0000000000
135414  48.320  19.941  7.445 0.0000000000
135972  43.767  19.191  13.044 0.0000000000
136404  46.319  25.570  12.034 0.0000000000
136832  45.315  18.881  -4.735 0.0000000000
136838  46.027  27.750  -0.824 0.0000000000
137101  49.766  19.087  10.258 0.0000000000
137158  50.730  19.549  4.144 0.0000000000
138018  43.910  18.437  16.010 0.0000000000
138251  45.632  28.090  -3.060 0.0000000000
138923  48.281  18.816  -2.606 0.0000000000
139008  43.730  18.649  15.201 0.0000000000
139292  53.518  18.916  1.238 0.0000000000
139349  44.217  21.697  17.970 0.0000000000
139604  42.317  20.467  11.101 0.0000000000
139993  43.015  19.431  13.003 0.0000000000
140368  43.233  19.625  2.103 0.0000000000
140454  42.867  19.783  11.760 0.0000000000
140546  47.740  19.435  6.724 0.0000000000
141029  54.039  19.441  2.678 0.0000000000
141835  46.860  15.454  24.136 0.0000000000
141863  41.966  22.718  8.334 0.0000000000
142947  45.124  16.669  12.737 0.0000000000
143060  46.441  19.194  13.900 0.0000000000
143704  47.232  17.320  19.155 0.0000000000
143966  43.336  23.497  -5.315 0.0000000000
144280  49.750  14.406  20.804 0.0000000000
144564  49.199  26.431  12.378 0.0000000000
144625  45.917  19.439  0.531 0.0000000000
144745  43.236  22.428  -5.376 0.0000000000
144873  53.436  19.416  1.748 0.0000000000
145126  42.187  22.622  7.115 0.0000000000
145298  45.106  25.497  10.706 0.0000000000
145989  43.442  23.204  -4.940 0.0000000000
146001  41.710  21.948  -3.091 0.0000000000
146194  42.670  19.807  3.811 0.0000000000
147411  47.768  26.950  -2.786 0.0000000000
148265  52.575  17.496  20.301 0.0000000000
148296  45.755  17.267  -3.917 0.0000000000
148560  52.880  18.018  22.030 0.0000000000
149244  44.014  21.099  -5.899 0.0000000000
149583  49.692  18.415  26.393 0.0000000000
149733  41.804  25.600  -3.566 0.0000000000
150741  43.873  14.913  23.266 0.0000000000
151014  42.600  22.928  -4.782 0.0000000000
151680  42.901  25.230  -5.325 0.0000000000
152413  41.407  14.086  22.114 0.0000000000
152463  46.401  25.327  12.784 0.0000000000
152492  42.556  20.944  1.813 0.0000000000
152722  51.437  15.980  2.306 0.0000000000
153322  43.032  19.212  4.309 0.0000000000
153491  45.457  19.814  -1.093 0.0000000000
153862  43.913  22.328  16.566 0.0000000000
153908  46.251  19.826  10.913 0.0000000000
154991  45.766  17.601  19.907 0.0000000000
155206  45.638  18.164  16.356 0.0000000000
155481  44.548  19.542  8.216 0.0000000000
155880  42.387  20.765  8.024 0.0000000000
155905  51.906  20.288  8.323 0.0000000000
156034  45.259  18.529  5.497 0.0000000000
156118  46.181  19.486  -4.414 0.0000000000
156223  48.714  19.214  2.836 0.0000000000
156325  42.985  19.361  16.943 0.0000000000
156537  47.298  26.553  7.354 0.0000000000
156670  40.997  13.355  21.225 0.0000000000
156821  46.649  18.875  2.353 0.0000000000
158285  48.655  17.174  2.098 0.0000000000
158584  46.856  17.410  13.052 0.0000000000
158601  41.764  21.695  9.170 0.0000000000
158618  46.807  24.963  3.554 0.0000000000
158785  45.746  19.213  -4.628 0.0000000000
159075  45.093  27.061  -4.988 0.0000000000
159421  46.642  16.457  8.593 0.0000000000
159803  47.434  26.652  -2.371 0.0000000000
160087  47.417  26.822  8.073 0.0000000000
160603  49.026  20.416  -0.180 0.0000000000
161991  50.315  20.625  12.158 0.0000000000
162129  46.935  20.089  10.603 0.0000000000
162324  45.465  25.115  0.789 0.0000000000
162537  51.519  20.469  8.092 0.0000000000
162856  50.671  17.741  1.463 0.0000000000
163070  43.842  24.917  -3.163 0.0000000000
163086  46.750  25.610  12.381 0.0000000000
163436  46.109  24.793  2.463 0.0000000000
