#!ascii label  , from subject sub-v1s3x0050811_ses-1 vox2ras=TkReg
1734
3666  18.073  -78.566  -34.106 0.6999999881
140842  18.528  -78.763  -32.206 0.8000000119
3656  17.814  -78.828  -31.726 0.8000000119
3641  17.508  -78.742  -29.446 0.6999999881
142721  19.357  -78.454  -33.642 0.6000000238
158728  19.144  -78.716  -32.561 0.6000000238
3647  18.569  -79.035  -30.738 0.6000000238
3675  19.662  -77.939  -34.637 0.6000000238
135403  16.531  -79.192  -32.927 0.8000000119
3649  16.894  -78.696  -30.435 0.6999999881
3642  16.383  -78.323  -29.319 0.6999999881
3676  18.473  -78.120  -35.061 0.6000000238
3667  17.185  -78.906  -33.583 0.6999999881
3636  17.127  -78.637  -28.666 0.6999999881
3684  19.985  -77.232  -35.260 0.6000000238
4238  20.370  -76.897  -35.170 0.6000000238
3674  21.161  -78.052  -34.026 0.6000000238
3683  23.043  -77.146  -35.200 0.6000000238
3673  22.189  -78.236  -33.987 0.6000000238
3658  14.916  -79.477  -32.214 0.8000000119
3651  14.442  -79.256  -31.119 0.8000000119
139434  15.021  -78.628  -30.019 0.6999999881
4211  13.591  -78.107  -29.663 0.6999999881
4200  14.146  -77.623  -28.846 0.6999999881
158313  15.292  -79.394  -33.587 0.8000000119
3650  15.593  -79.016  -30.824 0.6999999881
4199  14.986  -77.697  -28.633 0.6999999881
3668  16.004  -79.077  -34.316 0.6999999881
142917  16.040  -79.267  -31.918 0.8000000119
3643  15.383  -78.072  -29.137 0.6999999881
135071  16.809  -78.583  -34.722 0.6999999881
3685  18.876  -77.488  -35.404 0.6999999881
4848  20.207  -76.847  -35.207 0.6000000238
4239  19.465  -76.995  -35.466 0.6000000238
143318  21.689  -76.772  -34.856 0.6000000238
4233  21.185  -77.165  -34.993 0.6000000238
3689  24.320  -78.365  -36.270 0.6999999881
3690  23.686  -78.514  -36.255 0.6000000238
3185  25.281  -79.029  -36.365 0.5000000000
3693  23.944  -78.955  -36.799 0.6000000238
2778  24.335  -79.512  -36.762 0.5000000000
3659  13.913  -79.407  -32.403 0.8999999762
3645  13.942  -78.819  -30.267 0.8000000119
3652  12.980  -78.672  -30.533 0.6999999881
137700  14.394  -79.409  -33.390 0.8999999762
4201  13.341  -77.312  -28.940 0.6999999881
4224  16.313  -77.965  -34.796 0.8000000119
3678  15.907  -78.666  -34.642 0.8000000119
161061  17.151  -77.739  -35.028 0.8000000119
4825  18.474  -76.622  -33.547 0.6999999881
4235  17.661  -77.781  -35.361 0.6999999881
4840  18.889  -76.789  -34.948 0.8000000119
4824  19.427  -76.440  -33.624 0.8000000119
4838  20.651  -76.527  -34.581 0.6999999881
4847  20.958  -76.743  -34.920 0.6999999881
4846  22.852  -76.550  -34.955 0.6000000238
4242  24.387  -77.610  -35.749 0.6999999881
3688  25.245  -78.069  -35.930 0.6999999881
3670  13.681  -79.038  -33.489 0.8999999762
136559  13.394  -79.173  -31.333 0.8000000119
144408  12.750  -77.915  -29.925 0.6999999881
4225  15.293  -78.042  -34.159 0.8000000119
3669  14.569  -79.143  -34.210 0.8000000119
4827  16.132  -77.321  -33.095 0.6999999881
4813  18.122  -76.465  -32.037 0.6999999881
151038  17.654  -76.796  -33.340 0.6000000238
4841  17.842  -77.111  -34.773 0.8000000119
4823  20.322  -76.276  -33.623 0.8000000119
163222  21.756  -76.080  -33.647 0.6999999881
141399  22.987  -76.008  -33.833 0.8000000119
4836  22.248  -76.137  -34.235 0.6999999881
4232  25.017  -77.296  -34.566 0.6999999881
4834  24.359  -76.713  -34.866 0.6999999881
141007  22.881  -76.258  -34.691 0.6999999881
4236  25.445  -77.927  -35.086 0.6999999881
4241  25.044  -77.768  -35.705 0.6999999881
8865  5.613  -70.034  -29.973 0.6000000238
9634  6.655  -68.961  -29.299 0.6000000238
8848  6.483  -70.395  -28.085 0.6000000238
8086  6.977  -70.909  -27.142 0.6999999881
3660  12.957  -79.097  -32.448 0.8999999762
4216  12.092  -78.372  -30.773 0.6999999881
4815  16.027  -76.525  -31.777 0.6000000238
4801  17.744  -76.078  -30.925 0.6000000238
4814  17.003  -76.668  -32.112 0.6000000238
4812  19.089  -76.332  -32.179 0.6999999881
5403  20.183  -75.452  -30.463 0.6999999881
5419  19.648  -75.854  -31.223 0.6999999881
5434  9.287  -75.613  -32.391 0.6999999881
5409  9.184  -75.621  -31.673 0.6999999881
5418  20.529  -75.777  -31.376 0.8000000119
4811  19.991  -76.133  -32.339 0.8000000119
6053  9.792  -74.919  -32.668 0.6000000238
6054  9.146  -74.632  -32.475 0.6000000238
159950  8.713  -73.935  -32.075 0.6999999881
5428  20.835  -76.024  -32.466 0.6999999881
6734  8.865  -73.875  -32.442 0.5000000000
6709  8.611  -73.178  -30.828 0.6999999881
4821  23.053  -76.006  -32.524 0.8000000119
5436  22.322  -75.964  -33.168 0.8000000119
6733  9.295  -73.805  -32.615 0.5000000000
7441  9.265  -72.981  -32.659 0.5000000000
4819  24.464  -76.694  -33.976 0.6999999881
7429  9.769  -72.578  -32.278 0.5000000000
7416  10.409  -72.308  -31.073 0.6000000238
8142  9.489  -71.759  -32.009 0.5000000000
8143  8.925  -71.579  -32.116 0.6000000238
8128  7.912  -70.733  -30.923 0.6999999881
158574  5.701  -70.617  -30.465 0.6999999881
8126  9.244  -70.890  -31.519 0.5000000000
8144  8.717  -70.627  -31.368 0.6000000238
8876  7.031  -70.041  -30.720 0.6000000238
9649  6.177  -69.675  -30.339 0.6000000238
8125  10.013  -71.205  -31.051 0.6000000238
136286  8.586  -69.656  -30.950 0.6000000238
10481  7.497  -68.658  -30.406 0.6000000238
8874  9.706  -70.131  -30.901 0.5000000000
8875  9.135  -69.887  -31.081 0.5000000000
10467  7.687  -68.147  -29.862 0.6000000238
8858  6.834  -69.472  -28.462 0.6000000238
8847  7.308  -70.152  -27.554 0.6999999881
8071  8.718  -70.979  -26.163 0.6000000238
8055  8.264  -71.535  -25.647 0.6999999881
9646  8.932  -68.808  -30.704 0.6000000238
10479  9.011  -67.878  -30.217 0.6000000238
145724  7.287  -68.367  -29.463 0.6000000238
9623  8.395  -68.712  -27.952 0.6999999881
8832  9.402  -70.346  -26.601 0.5000000000
159694  12.290  -78.742  -32.181 0.8999999762
163072  15.482  -77.069  -32.669 0.6000000238
4828  14.857  -77.165  -32.945 0.6999999881
137471  11.569  -78.358  -31.542 0.8000000119
4213  11.908  -77.538  -30.195 0.6999999881
4217  10.792  -77.873  -31.315 0.6999999881
4220  10.748  -77.779  -31.759 0.8000000119
5420  18.748  -75.976  -31.041 0.6999999881
4832  10.246  -76.753  -32.459 0.8000000119
4818  9.448  -76.960  -31.977 0.6000000238
159391  10.372  -75.369  -32.746 0.6999999881
6052  10.971  -74.888  -32.693 0.6000000238
5426  22.273  -75.879  -32.029 0.8000000119
142826  21.995  -75.551  -30.140 0.8000000119
4800  23.024  -75.888  -31.427 0.8000000119
6722  10.419  -74.158  -32.535 0.5000000000
4810  23.712  -76.269  -31.796 0.8000000119
6723  10.037  -73.326  -32.458 0.5000000000
146610  12.377  -73.852  -30.474 0.5000000000
6692  11.751  -73.437  -30.315 0.6000000238
7415  11.041  -73.043  -30.833 0.6000000238
7403  11.187  -72.686  -29.971 0.6000000238
7404  10.644  -71.782  -29.873 0.6000000238
8053  10.256  -71.775  -25.468 0.5000000000
137057  10.201  -69.356  -30.171 0.5000000000
8070  9.805  -71.076  -26.007 0.5000000000
8054  9.236  -71.605  -25.548 0.6000000238
9639  9.774  -68.195  -30.196 0.6000000238
10466  8.589  -67.557  -29.611 0.6999999881
159784  8.352  -67.820  -28.709 0.6999999881
8846  8.119  -69.879  -27.324 0.6999999881
8863  10.883  -69.807  -29.345 0.6000000238
9622  9.290  -68.650  -27.587 0.6000000238
9638  10.674  -68.372  -29.530 0.6999999881
11313  9.834  -67.172  -29.018 0.6000000238
11285  10.113  -67.263  -28.487 0.5000000000
4226  14.103  -78.627  -33.997 0.6999999881
4227  13.337  -78.394  -33.408 0.6999999881
3661  12.812  -78.655  -32.845 0.6999999881
4219  11.853  -78.233  -32.324 0.8000000119
150476  12.067  -77.481  -32.792 0.6999999881
5432  11.030  -75.751  -32.770 0.6999999881
4229  10.932  -77.497  -32.276 0.6999999881
7310  12.047  -72.277  -24.195 0.5000000000
144753  13.896  -73.525  -30.103 0.5000000000
6691  12.545  -73.487  -29.684 0.6000000238
7322  11.139  -72.574  -24.321 0.5000000000
6690  13.372  -73.481  -29.438 0.5000000000
6675  14.130  -73.308  -29.417 0.5000000000
7402  11.955  -72.946  -29.311 0.6000000238
8864  10.334  -70.661  -29.939 0.6000000238
9609  9.772  -69.326  -26.998 0.5000000000
156706  13.686  -73.153  -28.839 0.5000000000
6676  12.891  -73.013  -28.773 0.6000000238
8100  11.644  -71.549  -28.650 0.6000000238
7372  12.994  -72.214  -27.935 0.6000000238
4829  14.146  -77.303  -33.428 0.6999999881
138275  13.555  -77.825  -33.541 0.6999999881
4830  12.966  -77.368  -33.309 0.6999999881
142574  12.274  -69.069  -28.246 0.5000000000
7400  15.459  -72.364  -29.877 0.5000000000
11301  11.441  -67.322  -28.058 0.5000000000
7389  13.738  -72.752  -28.238 0.5000000000
8099  12.267  -71.349  -28.194 0.5000000000
8857  11.680  -70.339  -28.613 0.5000000000
10453  11.106  -67.637  -28.801 0.5000000000
8844  12.920  -69.554  -27.681 0.5000000000
9619  13.474  -68.821  -27.135 0.5000000000
7369  15.475  -72.397  -27.544 0.5000000000
8843  13.490  -70.265  -27.238 0.5000000000
10452  11.939  -67.806  -28.234 0.5000000000
7387  15.456  -72.603  -28.212 0.5000000000
8084  13.566  -71.545  -27.358 0.5000000000
8856  12.415  -70.284  -28.084 0.5000000000
152190  15.233  -72.772  -29.005 0.5000000000
7371  13.842  -72.342  -27.648 0.5000000000
7353  15.102  -72.181  -27.078 0.5000000000
9516  10.331  -69.935  -21.955 0.6000000238
8749  10.542  -70.746  -21.699 0.6000000238
8748  12.079  -71.011  -21.135 0.5000000000
10339  9.956  -68.584  -22.370 0.6999999881
9539  9.880  -69.322  -22.466 0.6000000238
9540  9.398  -69.370  -22.661 0.6000000238
11227  8.820  -67.648  -23.455 0.6999999881
11198  9.922  -67.536  -22.109 0.6000000238
11212  9.407  -67.459  -22.909 0.6999999881
10376  9.166  -68.361  -23.191 0.6999999881
10360  8.971  -69.010  -23.138 0.6999999881
12164  8.141  -66.057  -24.037 0.8000000119
12120  10.061  -66.472  -21.605 0.5000000000
11197  10.283  -68.209  -21.421 0.5000000000
12152  9.053  -66.820  -23.199 0.8000000119
12136  9.349  -66.187  -22.766 0.6000000238
13942  7.539  -64.470  -25.016 0.6999999881
12988  10.863  -65.593  -20.697 0.5000000000
151154  10.830  -67.026  -20.293 0.5000000000
13031  8.397  -65.061  -23.939 0.6999999881
13039  7.651  -65.302  -24.580 0.6999999881
149651  8.828  -65.852  -23.364 0.6999999881
13003  9.784  -65.781  -22.111 0.6999999881
13967  6.631  -63.569  -26.501 0.6999999881
13954  7.865  -63.712  -25.308 0.6999999881
13002  10.358  -65.438  -21.335 0.6000000238
13019  9.428  -65.246  -22.693 0.8000000119
136917  11.379  -60.800  -24.491 0.6999999881
136915  9.894  -60.817  -25.576 0.8000000119
13873  12.866  -64.763  -19.748 0.4000000060
14864  7.211  -62.777  -26.971 0.6999999881
13889  11.744  -64.690  -20.634 0.5000000000
14849  7.452  -63.145  -26.223 0.6999999881
13890  11.013  -64.914  -20.883 0.6000000238
13906  10.675  -64.511  -21.561 0.6000000238
13933  8.811  -64.197  -24.014 0.6999999881
13921  9.687  -64.364  -22.746 0.8000000119
13932  9.431  -63.962  -23.473 0.8000000119
25176  7.121  -52.453  -19.166 0.5000000000
24225  7.116  -54.129  -20.524 0.5000000000
23272  6.519  -55.224  -20.713 0.5000000000
19508  14.035  -58.358  -21.111 0.5000000000
155820  13.566  -60.197  -22.471 0.6000000238
18608  14.087  -59.624  -22.054 0.6000000238
19502  13.113  -58.473  -20.074 0.6000000238
20451  10.092  -57.213  -19.203 0.6000000238
163811  12.998  -60.357  -22.072 0.6999999881
17596  13.460  -59.929  -21.640 0.6999999881
143008  12.203  -60.671  -23.194 0.6999999881
153885  11.528  -60.633  -22.739 0.6999999881
15785  9.081  -62.261  -27.597 0.6999999881
138771  9.556  -61.939  -27.906 0.6999999881
17700  9.966  -61.190  -26.967 0.8000000119
148692  12.808  -64.046  -21.064 0.5000000000
14863  8.186  -62.526  -27.089 0.6999999881
13905  11.427  -64.310  -21.227 0.6000000238
14848  8.415  -62.981  -26.019 0.8000000119
14802  10.142  -63.714  -23.015 0.6999999881
14847  9.395  -63.058  -25.827 0.8000000119
14830  8.753  -63.552  -24.871 0.8000000119
26139  7.774  -51.532  -18.802 0.5000000000
24205  7.383  -53.297  -19.768 0.6000000238
24204  8.023  -53.176  -19.576 0.5000000000
24224  7.679  -54.011  -20.449 0.6000000238
23282  7.067  -55.461  -21.434 0.6000000238
142623  7.132  -56.422  -21.408 0.6000000238
23281  7.664  -55.628  -22.057 0.6000000238
20474  7.954  -57.089  -21.805 0.5000000000
20469  14.419  -57.976  -21.820 0.5000000000
20470  13.929  -57.600  -21.277 0.5000000000
17610  14.219  -59.917  -23.016 0.6000000238
20472  12.100  -56.870  -20.952 0.6000000238
20448  12.635  -57.686  -19.922 0.6999999881
147609  8.779  -57.107  -21.131 0.6000000238
17629  13.634  -60.324  -23.442 0.6000000238
17630  12.936  -60.611  -23.854 0.6999999881
17597  12.751  -60.207  -21.402 0.6999999881
18579  12.995  -59.210  -20.183 0.6999999881
19497  12.561  -58.756  -19.543 0.8000000119
158675  10.656  -57.105  -19.871 0.6999999881
17655  12.887  -60.598  -25.132 0.6999999881
17631  12.145  -60.764  -24.239 0.6999999881
17680  12.846  -60.624  -26.329 0.6999999881
17656  11.964  -60.864  -25.535 0.8000000119
17717  11.152  -61.569  -27.597 0.8000000119
147115  10.352  -61.037  -26.292 0.8000000119
161694  12.493  -63.595  -22.341 0.5000000000
152781  13.060  -63.494  -23.820 0.6000000238
14885  9.767  -62.264  -27.819 0.8000000119
15830  10.647  -62.120  -28.023 0.8000000119
14800  11.696  -63.605  -22.396 0.6000000238
14813  12.341  -63.489  -23.051 0.6999999881
159325  10.734  -63.011  -26.621 0.8000000119
14815  10.905  -63.451  -23.585 0.6999999881
14828  10.730  -63.302  -24.672 0.6999999881
14816  9.991  -63.485  -23.879 0.8000000119
26122  8.044  -51.001  -18.532 0.4000000060
25174  8.050  -51.853  -18.968 0.5000000000
23258  8.561  -54.262  -20.280 0.4000000060
148871  8.087  -54.421  -21.112 0.5000000000
21387  8.261  -56.430  -22.584 0.5000000000
19516  14.726  -58.470  -22.522 0.5000000000
21368  12.400  -56.675  -21.974 0.6000000238
21369  11.265  -56.720  -22.226 0.6000000238
158828  8.609  -57.129  -22.066 0.6000000238
18637  15.127  -59.409  -25.176 0.6000000238
21357  11.123  -56.833  -21.242 0.6999999881
20461  9.756  -57.076  -20.416 0.6999999881
146201  14.506  -59.786  -25.837 0.6000000238
157526  11.715  -61.266  -27.186 0.8000000119
14826  12.742  -63.436  -24.777 0.6999999881
14845  11.249  -63.215  -25.806 0.6999999881
15783  11.158  -62.515  -27.637 0.8000000119
15810  11.362  -62.154  -27.890 0.8000000119
14827  11.748  -63.348  -24.891 0.6999999881
25158  8.304  -51.562  -18.600 0.4000000060
148011  8.446  -50.983  -17.716 0.4000000060
153684  7.833  -50.151  -17.607 0.4000000060
143017  9.074  -53.960  -19.384 0.5000000000
24182  8.516  -52.832  -18.877 0.4000000060
27177  7.600  -49.814  -16.645 0.5000000000
23292  8.399  -55.560  -22.444 0.5000000000
21401  9.518  -56.338  -23.386 0.5000000000
21371  9.058  -57.009  -22.634 0.5000000000
22330  10.121  -56.118  -23.820 0.5000000000
21370  10.155  -56.910  -22.263 0.6999999881
17679  13.752  -60.261  -26.462 0.6000000238
16739  12.409  -61.342  -27.377 0.8000000119
14825  13.657  -63.436  -24.521 0.6000000238
14843  13.332  -63.317  -25.440 0.6000000238
157577  14.175  -62.112  -26.334 0.6999999881
15780  13.789  -61.471  -26.921 0.6999999881
14861  12.347  -63.007  -26.811 0.6999999881
27158  7.775  -50.361  -14.610 0.3000000119
24181  9.546  -53.645  -18.560 0.4000000060
24150  9.998  -53.433  -17.708 0.3000000119
25139  9.417  -52.809  -17.285 0.4000000060
26089  8.524  -51.144  -16.482 0.4000000060
26077  8.282  -50.692  -15.718 0.4000000060
27166  7.534  -49.944  -15.661 0.5000000000
23257  9.695  -54.466  -20.074 0.4000000060
23269  8.941  -54.672  -21.013 0.4000000060
21400  10.868  -56.373  -23.855 0.5000000000
23291  9.176  -55.441  -22.742 0.4000000060
21399  11.892  -56.258  -24.043 0.6000000238
142186  9.801  -54.715  -21.084 0.4000000060
21419  11.326  -56.088  -24.179 0.4000000060
22331  9.430  -55.907  -23.464 0.5000000000
17697  13.176  -60.753  -27.101 0.6999999881
15781  12.745  -62.495  -27.189 0.6999999881
27159  6.790  -49.558  -15.520 0.4000000060
26064  8.528  -50.838  -14.987 0.4000000060
27135  9.504  -50.248  -13.738 0.3000000119
24203  10.122  -54.197  -19.116 0.3000000119
23279  9.836  -54.874  -22.114 0.4000000060
23300  11.075  -54.893  -23.882 0.4000000060
24245  10.653  -54.536  -23.327 0.4000000060
25138  10.363  -53.132  -16.871 0.3000000119
25126  9.759  -52.620  -16.432 0.3000000119
26076  9.150  -51.551  -15.473 0.4000000060
26075  10.063  -51.662  -15.150 0.3000000119
26063  9.342  -51.191  -14.780 0.3000000119
24149  11.189  -53.455  -17.477 0.3000000119
23268  10.574  -54.505  -20.414 0.3000000119
24244  11.104  -53.721  -22.839 0.3000000119
152277  10.623  -54.569  -21.418 0.3000000119
24255  11.318  -53.880  -23.440 0.3000000119
25116  10.649  -52.085  -15.631 0.3000000119
26062  10.310  -50.899  -14.672 0.3000000119
25125  10.605  -52.621  -16.184 0.3000000119
26074  11.238  -51.095  -15.355 0.3000000119
24223  11.852  -53.949  -20.714 0.3000000119
24237  11.414  -54.052  -21.765 0.3000000119
25203  11.613  -52.994  -22.457 0.3000000119
140634  8.369  -50.430  -13.715 0.3000000119
25137  11.227  -52.978  -16.650 0.3000000119
26087  11.692  -52.213  -16.149 0.3000000119
24222  12.458  -53.412  -20.491 0.3000000119
7431  8.692  -72.144  -32.308 0.6000000238
8127  8.686  -71.415  -31.762 0.6999999881
7418  7.213  -71.299  -30.571 0.6999999881
8129  6.484  -70.630  -30.626 0.6999999881
21402  8.822  -56.232  -23.068 0.4000000060
21384  10.493  -56.661  -23.269 0.6000000238
27134  10.412  -50.046  -14.194 0.3000000119
3638  15.867  -77.857  -28.412 0.6999999881
4234  18.454  -77.337  -35.425 0.8000000119
3681  23.823  -77.691  -35.736 0.6000000238
4845  23.587  -76.504  -35.022 0.6999999881
4826  16.985  -77.301  -33.928 0.6000000238
159732  11.338  -78.113  -30.931 0.6999999881
5417  21.419  -75.796  -31.620 0.8000000119
4835  23.640  -76.307  -34.411 0.6999999881
4820  23.824  -76.365  -33.098 0.8000000119
8833  7.832  -70.683  -26.701 0.6999999881
7430  9.018  -72.312  -32.569 0.5000000000
9648  7.008  -69.383  -30.608 0.6000000238
7324  8.918  -72.487  -24.429 0.6000000238
10465  9.446  -67.442  -29.607 0.6999999881
4221  10.124  -77.401  -31.721 0.8000000119
6043  12.095  -74.380  -31.815 0.5000000000
6707  11.122  -73.599  -31.631 0.6000000238
7391  11.373  -72.168  -29.136 0.6000000238
139458  9.280  -62.653  -26.901 0.8000000119
1619  22.769  -83.606  -31.584 0.4000000060
150330  23.401  -83.528  -30.838 0.4000000060
1985  23.439  -82.853  -33.001 0.3000000119
1632  21.554  -83.589  -33.061 0.4000000060
1628  21.425  -83.758  -32.258 0.4000000060
1620  22.020  -83.668  -31.752 0.4000000060
2342  26.082  -82.270  -30.513 0.4000000060
1961  25.757  -82.583  -30.983 0.5000000000
1618  25.137  -83.493  -30.648 0.5000000000
1972  25.662  -81.927  -31.664 0.3000000119
158708  25.295  -82.711  -31.406 0.4000000060
140494  24.243  -83.642  -30.632 0.4000000060
2358  25.142  -82.129  -32.288 0.3000000119
1973  23.773  -83.234  -32.228 0.3000000119
1627  23.062  -83.488  -32.297 0.3000000119
2363  23.984  -82.073  -33.612 0.3000000119
143507  25.677  -81.241  -31.769 0.4000000060
2753  25.905  -81.407  -30.731 0.4000000060
2330  26.169  -81.862  -29.810 0.5000000000
143243  25.708  -80.923  -31.456 0.3000000119
2357  25.565  -81.210  -32.325 0.3000000119
2367  24.261  -81.147  -34.728 0.4000000060
2361  25.366  -81.113  -33.202 0.3000000119
2773  24.858  -79.643  -36.075 0.4000000060
2372  24.273  -80.551  -35.603 0.4000000060
2774  23.964  -80.313  -36.528 0.4000000060
142507  25.721  -80.873  -30.041 0.4000000060
3172  25.334  -80.070  -30.155 0.4000000060
157831  25.591  -80.530  -30.858 0.4000000060
162558  25.282  -79.740  -30.767 0.4000000060
3161  24.923  -78.963  -28.809 0.5000000000
139955  25.627  -80.501  -32.220 0.4000000060
153182  25.377  -79.086  -32.171 0.4000000060
141444  24.795  -80.377  -35.050 0.4000000060
135890  25.545  -79.468  -34.430 0.5000000000
3662  25.556  -79.132  -33.143 0.4000000060
2772  25.539  -79.105  -35.910 0.4000000060
3187  23.175  -79.166  -36.921 0.6000000238
3186  23.612  -79.615  -37.114 0.4000000060
3623  24.904  -77.854  -27.911 0.6000000238
4210  24.461  -77.510  -29.322 0.6000000238
146189  24.734  -78.233  -30.788 0.6000000238
4218  24.820  -77.489  -32.409 0.6000000238
143589  24.574  -77.428  -31.392 0.6999999881
3671  25.624  -78.797  -34.181 0.5000000000
4231  25.488  -78.051  -34.384 0.6000000238
4809  24.299  -76.776  -32.096 0.6999999881
4762  24.796  -76.058  -27.667 0.6999999881
4198  24.565  -77.316  -28.318 0.6000000238
4787  24.295  -76.656  -28.917 0.6999999881
140278  23.416  -75.694  -29.394 0.6999999881
5401  23.009  -75.702  -30.394 0.6999999881
5402  21.164  -75.531  -30.505 0.6999999881
4799  24.268  -76.628  -29.883 0.6999999881
5389  23.880  -75.993  -30.213 0.6999999881
138029  24.151  -76.550  -30.952 0.6999999881
5999  25.104  -74.490  -27.423 0.5000000000
6000  24.167  -74.342  -27.565 0.6000000238
5376  24.110  -75.624  -27.997 0.6999999881
5369  23.572  -74.902  -27.896 0.6000000238
6006  22.776  -75.021  -28.344 0.6999999881
6663  22.653  -74.169  -28.023 0.6999999881
4788  24.052  -76.085  -29.477 0.6999999881
5378  21.931  -75.117  -28.791 0.6999999881
5391  21.435  -75.304  -29.523 0.6000000238
6662  23.333  -74.090  -27.730 0.6000000238
7366  23.504  -73.208  -27.763 0.6000000238
6008  21.505  -74.525  -28.690 0.6000000238
6671  22.797  -73.547  -28.021 0.6000000238
161387  17.975  -74.703  -30.075 0.5000000000
3637  16.024  -77.821  -27.745 0.6000000238
157868  16.535  -78.298  -28.148 0.6000000238
6009  20.909  -74.891  -29.250 0.6000000238
5392  19.941  -74.988  -29.822 0.6000000238
6018  19.404  -74.478  -29.620 0.5000000000
5394  18.648  -74.586  -29.865 0.5000000000
4747  14.553  -76.922  -26.512 0.6000000238
144522  14.619  -77.381  -28.160 0.6000000238
4186  15.745  -77.754  -27.101 0.6000000238
6672  22.022  -73.851  -28.323 0.6000000238
154086  20.144  -74.501  -29.436 0.5000000000
5404  19.319  -75.412  -30.411 0.5000000000
154074  12.216  -76.331  -27.469 0.6000000238
4775  12.722  -76.617  -28.381 0.6000000238
4764  13.061  -76.512  -27.149 0.6000000238
4748  13.772  -76.581  -26.314 0.6000000238
4763  13.940  -76.783  -27.228 0.6000000238
4212  12.652  -77.121  -29.397 0.6000000238
4774  13.429  -76.813  -27.973 0.6000000238
4817  14.854  -76.403  -32.455 0.6000000238
6673  21.266  -73.821  -28.697 0.6000000238
4776  11.944  -76.196  -28.325 0.6000000238
5379  10.920  -75.608  -29.573 0.6000000238
4789  12.153  -76.548  -29.280 0.6000000238
4791  10.526  -76.455  -30.595 0.6000000238
154771  11.659  -75.955  -29.127 0.6000000238
5408  9.913  -75.823  -30.777 0.5000000000
4790  11.361  -76.626  -30.095 0.6000000238
4805  9.841  -76.953  -31.514 0.5000000000
4765  11.730  -76.309  -26.785 0.6999999881
146212  11.499  -76.201  -27.554 0.6000000238
4777  11.186  -75.760  -28.413 0.6000000238
6019  10.182  -74.940  -29.599 0.6000000238
6033  8.988  -74.369  -31.166 0.6000000238
5384  6.591  -75.837  -29.173 0.6000000238
5370  10.377  -75.797  -28.054 0.6000000238
5380  10.496  -75.213  -28.755 0.6000000238
6020  9.494  -74.352  -29.702 0.5000000000
5381  9.774  -75.359  -28.278 0.6000000238
6012  8.126  -74.068  -28.475 0.6000000238
6013  7.402  -74.746  -28.608 0.6000000238
6022  6.456  -74.572  -29.392 0.6000000238
6693  8.937  -73.653  -29.650 0.6000000238
6678  8.628  -73.736  -28.817 0.6000000238
6694  7.521  -72.894  -29.405 0.6000000238
6021  7.396  -73.704  -28.880 0.5000000000
6695  6.303  -73.174  -29.952 0.5000000000
6710  8.246  -72.256  -31.001 0.6000000238
7405  7.672  -72.098  -30.150 0.6000000238
159730  5.799  -71.954  -30.584 0.6000000238
7419  4.934  -71.948  -30.639 0.6999999881
7420  4.094  -72.781  -30.414 0.6999999881
6697  3.565  -73.060  -29.834 0.6999999881
6680  4.336  -72.878  -28.617 0.6999999881
7406  6.913  -72.063  -30.031 0.6000000238
147097  5.543  -71.200  -30.565 0.6999999881
8112  5.140  -70.642  -30.196 0.6999999881
8131  4.560  -72.016  -30.435 0.6999999881
7392  4.313  -71.986  -29.234 0.6999999881
7374  5.181  -72.222  -28.203 0.6000000238
8878  5.647  -70.390  -30.348 0.6000000238
6029  17.455  -74.560  -30.352 0.5000000000
4802  16.622  -75.965  -30.875 0.5000000000
6041  16.889  -74.375  -30.915 0.5000000000
6030  16.642  -75.060  -30.597 0.5000000000
5421  16.033  -74.922  -31.209 0.6000000238
7437  18.804  -72.736  -33.952 0.6000000238
7426  18.028  -72.915  -32.687 0.6000000238
6719  16.472  -74.219  -31.903 0.6000000238
5422  15.522  -75.728  -31.585 0.6000000238
5429  14.898  -75.721  -32.556 0.6000000238
7438  18.063  -72.979  -34.347 0.5000000000
6730  16.752  -73.610  -33.068 0.6000000238
5430  14.282  -76.302  -33.136 0.6000000238
6740  16.973  -73.085  -34.852 0.6000000238
6060  14.868  -74.686  -34.073 0.5000000000
5437  14.390  -75.490  -33.689 0.6000000238
4842  13.655  -76.522  -33.470 0.6000000238
6742  15.626  -73.695  -34.462 0.5000000000
5438  13.687  -75.392  -33.879 0.6000000238
161933  11.794  -75.110  -32.915 0.5000000000
6051  13.193  -74.463  -33.564 0.5000000000
4831  12.435  -76.619  -33.134 0.6000000238
5439  13.136  -75.180  -33.689 0.6000000238
139734  25.637  -78.733  -35.711 0.6000000238
4803  15.902  -76.012  -31.235 0.5000000000
142788  8.239  -72.998  -29.566 0.6000000238
8130  5.105  -71.142  -30.416 0.6999999881
4816  15.433  -76.378  -31.952 0.6000000238
4843  13.062  -76.070  -33.542 0.6000000238
5431  12.267  -75.693  -33.177 0.6000000238
1631  22.508  -83.166  -33.274 0.3000000119
1984  24.254  -82.587  -32.673 0.3000000119
155361  24.532  -83.182  -31.605 0.4000000060
2362  24.687  -81.855  -33.146 0.3000000119
2764  25.505  -80.142  -33.640 0.4000000060
3174  25.556  -79.759  -32.447 0.3000000119
154914  24.926  -79.096  -30.006 0.5000000000
154825  24.652  -78.360  -29.320 0.6000000238
3179  25.579  -79.502  -33.692 0.5000000000
3663  25.306  -78.278  -32.760 0.5000000000
158405  25.665  -78.976  -34.647 0.5000000000
4215  24.463  -77.384  -30.380 0.6000000238
5368  24.493  -75.168  -27.629 0.6999999881
6010  9.789  -74.656  -28.840 0.6000000238
6664  5.175  -73.207  -27.760 0.6000000238
142505  17.460  -73.200  -33.271 0.6000000238
7448  17.806  -72.892  -34.997 0.5000000000
160963  15.969  -74.632  -31.941 0.6000000238
6050  15.222  -74.969  -33.382 0.6000000238
6729  17.259  -73.186  -34.379 0.5000000000
6741  16.321  -73.613  -34.220 0.6000000238
155295  16.553  -72.817  -34.921 0.5000000000
163773  14.610  -74.437  -34.241 0.5000000000
6062  13.720  -74.661  -34.017 0.5000000000
498  22.591  -87.282  -21.275 0.4000000060
505  22.830  -87.774  -22.303 0.4000000060
311  21.908  -88.331  -22.229 0.5000000000
489  20.324  -87.345  -19.973 0.5000000000
684  18.651  -86.627  -19.391 0.5000000000
142870  17.416  -87.322  -18.822 0.5000000000
151365  20.051  -88.271  -20.037 0.5000000000
695  21.181  -87.033  -20.327 0.5000000000
504  23.788  -87.336  -22.693 0.4000000060
503  24.451  -86.975  -22.921 0.4000000060
510  23.071  -87.582  -23.354 0.5000000000
1614  19.427  -82.858  -30.480 0.3000000119
1606  18.685  -83.177  -29.830 0.3000000119
1623  19.373  -83.530  -31.188 0.3000000119
1622  20.406  -83.703  -31.723 0.3000000119
682  20.701  -86.360  -19.723 0.4000000060
683  19.730  -86.531  -19.573 0.5000000000
947  18.250  -85.789  -19.150 0.5000000000
681  21.676  -86.142  -19.851 0.4000000060
694  22.149  -86.689  -20.521 0.4000000060
497  23.547  -87.251  -21.654 0.3000000119
692  24.055  -86.854  -20.971 0.3000000119
972  22.883  -86.252  -23.753 0.4000000060
700  25.069  -86.627  -22.713 0.3000000119
705  24.596  -86.463  -23.383 0.4000000060
713  23.654  -86.636  -23.882 0.5000000000
954  26.076  -85.586  -22.516 0.3000000119
1938  19.702  -82.216  -30.025 0.3000000119
1928  18.862  -82.925  -29.168 0.3000000119
1613  20.267  -83.261  -31.215 0.3000000119
1951  21.817  -83.196  -31.035 0.3000000119
1621  21.269  -83.730  -31.858 0.3000000119
944  21.161  -85.590  -19.234 0.3000000119
945  20.128  -85.655  -19.267 0.4000000060
680  22.642  -86.085  -19.867 0.3000000119
698  26.260  -85.829  -22.016 0.3000000119
1240  23.625  -85.113  -22.699 0.4000000060
963  23.205  -85.663  -23.352 0.4000000060
1239  24.704  -85.288  -22.921 0.4000000060
953  26.800  -85.148  -22.002 0.3000000119
2749  20.753  -80.702  -29.576 0.4000000060
2334  19.592  -81.866  -29.159 0.4000000060
138093  19.537  -82.158  -28.023 0.4000000060
1921  19.725  -82.677  -27.213 0.4000000060
1582  19.707  -83.225  -26.601 0.5000000000
2754  22.098  -81.084  -30.173 0.3000000119
2346  20.935  -81.892  -30.594 0.3000000119
2345  21.817  -82.014  -30.678 0.3000000119
1611  22.553  -83.556  -31.226 0.3000000119
943  22.155  -85.626  -19.194 0.3000000119
1539  24.810  -84.115  -21.370 0.3000000119
1228  24.075  -84.530  -21.885 0.3000000119
1230  22.007  -84.528  -21.573 0.4000000060
956  20.444  -85.230  -21.838 0.4000000060
950  27.532  -84.790  -21.401 0.3000000119
1526  25.847  -84.282  -21.601 0.3000000119
952  27.202  -84.522  -21.627 0.3000000119
1227  26.380  -84.897  -22.182 0.3000000119
1566  18.467  -83.096  -23.809 0.5000000000
1557  18.487  -83.269  -22.890 0.5000000000
139662  22.499  -79.337  -26.941 0.3000000119
3156  21.504  -79.158  -28.047 0.3000000119
3155  22.297  -79.485  -27.826 0.3000000119
3163  21.230  -79.493  -28.604 0.3000000119
2740  20.353  -80.389  -28.834 0.4000000060
2301  19.378  -81.292  -26.030 0.5000000000
1908  19.199  -82.602  -25.024 0.5000000000
3162  21.913  -79.666  -28.681 0.3000000119
142178  19.805  -81.188  -28.342 0.4000000060
2312  19.657  -81.792  -27.368 0.4000000060
1915  19.680  -82.249  -26.440 0.5000000000
1573  19.533  -82.881  -25.810 0.5000000000
2332  22.804  -81.345  -29.841 0.3000000119
1950  22.541  -83.091  -30.724 0.3000000119
1949  23.217  -83.153  -30.347 0.3000000119
1610  23.968  -83.708  -30.263 0.3000000119
1609  24.699  -83.870  -29.906 0.4000000060
1540  23.834  -83.889  -20.929 0.3000000119
1542  21.540  -83.952  -20.829 0.4000000060
940  28.383  -84.617  -20.033 0.3000000119
1525  27.354  -84.011  -21.260 0.3000000119
150855  25.311  -83.816  -20.929 0.3000000119
1231  20.886  -84.461  -21.267 0.4000000060
1221  27.832  -84.214  -21.111 0.3000000119
151795  18.881  -84.028  -21.761 0.4000000060
1551  18.629  -83.652  -22.182 0.5000000000
2260  18.896  -81.874  -21.889 0.4000000060
1889  18.841  -82.752  -22.238 0.5000000000
3113  22.964  -78.989  -24.454 0.3000000119
2279  18.823  -81.807  -23.834 0.5000000000
1895  18.756  -82.456  -23.213 0.5000000000
3625  21.071  -78.654  -27.544 0.3000000119
138068  18.738  -81.163  -24.376 0.4000000060
2690  18.538  -81.035  -23.574 0.5000000000
3154  23.192  -79.924  -26.669 0.3000000119
158943  20.992  -79.020  -28.082 0.4000000060
3158  19.953  -79.391  -27.663 0.4000000060
2712  18.929  -80.367  -25.749 0.5000000000
1902  19.154  -81.926  -24.676 0.5000000000
2739  22.666  -80.169  -28.496 0.3000000119
3164  20.583  -79.532  -28.332 0.4000000060
2732  19.610  -80.260  -27.309 0.5000000000
145640  19.563  -81.199  -26.871 0.5000000000
2746  23.130  -80.998  -29.069 0.3000000119
147603  23.773  -81.871  -28.527 0.4000000060
153706  24.177  -83.308  -28.866 0.3000000119
1937  23.736  -83.247  -29.774 0.4000000060
1605  24.525  -83.876  -29.548 0.4000000060
2365  19.617  -81.369  -33.249 0.5000000000
1608  25.301  -83.824  -29.738 0.3000000119
1211  29.235  -84.098  -18.820 0.3000000119
1524  27.901  -83.887  -20.726 0.3000000119
1530  21.113  -83.396  -20.331 0.3000000119
1216  28.757  -84.117  -19.550 0.3000000119
1873  20.639  -82.807  -20.036 0.3000000119
1882  19.150  -82.652  -21.506 0.5000000000
2681  18.506  -81.056  -22.232 0.4000000060
2249  18.976  -81.518  -20.968 0.3000000119
3564  23.231  -78.478  -23.825 0.3000000119
141942  18.381  -80.844  -22.913 0.5000000000
3606  22.154  -78.802  -26.427 0.3000000119
2699  18.493  -80.218  -24.859 0.4000000060
156782  18.372  -80.457  -24.061 0.4000000060
3608  20.517  -78.274  -26.867 0.4000000060
3626  19.900  -78.671  -27.155 0.4000000060
3610  19.024  -78.607  -26.086 0.4000000060
3128  18.621  -79.372  -25.556 0.4000000060
2731  22.992  -80.088  -27.594 0.3000000119
2730  23.591  -80.711  -27.095 0.3000000119
3142  19.501  -79.493  -26.955 0.4000000060
2721  19.319  -80.385  -26.531 0.5000000000
2310  24.554  -82.374  -26.942 0.3000000119
1914  25.267  -82.874  -26.649 0.4000000060
1926  24.827  -83.758  -28.145 0.4000000060
2359  20.346  -80.814  -32.737 0.5000000000
1604  25.012  -84.033  -29.255 0.4000000060
1598  25.658  -83.898  -28.221 0.5000000000
2364  20.428  -80.995  -33.628 0.5000000000
1514  28.364  -83.852  -19.775 0.3000000119
4738  14.310  -76.819  -25.730 0.5000000000
2682  18.017  -80.301  -22.435 0.3000000119
2653  18.516  -80.715  -20.859 0.3000000119
148401  14.955  -77.249  -26.026 0.5000000000
4725  14.033  -76.842  -25.105 0.6000000238
4724  23.660  -76.871  -24.036 0.3000000119
3565  22.591  -78.127  -23.492 0.3000000119
3577  23.917  -78.785  -24.137 0.3000000119
138315  22.291  -78.549  -24.660 0.3000000119
3592  21.442  -78.096  -24.981 0.3000000119
3101  18.079  -79.640  -24.125 0.4000000060
2691  18.046  -80.129  -23.337 0.4000000060
3165  17.463  -79.107  -28.751 0.5000000000
4728  11.113  -76.504  -24.566 0.5000000000
4173  20.140  -77.803  -26.015 0.3000000119
3594  19.360  -77.871  -25.749 0.3000000119
3595  18.655  -78.362  -25.328 0.3000000119
3580  18.314  -78.073  -24.453 0.3000000119
3171  17.861  -79.295  -29.403 0.5000000000
2720  23.875  -80.606  -26.121 0.3000000119
2300  24.201  -81.406  -26.560 0.3000000119
3173  18.996  -79.552  -30.883 0.5000000000
2299  24.864  -81.974  -26.191 0.3000000119
2759  19.750  -80.355  -31.712 0.5000000000
2298  25.606  -82.302  -26.178 0.4000000060
2763  20.187  -80.452  -32.188 0.6000000238
2297  26.440  -82.474  -26.333 0.4000000060
1912  26.598  -83.042  -26.832 0.5000000000
2762  20.824  -80.179  -32.468 0.5000000000
1911  27.177  -82.637  -26.945 0.4000000060
1597  26.177  -83.574  -28.304 0.3000000119
1603  25.583  -83.884  -28.979 0.4000000060
2766  21.835  -80.056  -33.587 0.6000000238
3150  29.708  -80.476  -27.172 0.3000000119
144948  27.491  -81.708  -27.303 0.4000000060
2320  26.406  -82.683  -28.868 0.4000000060
1935  26.130  -83.403  -29.155 0.3000000119
2765  22.327  -79.650  -34.176 0.6000000238
148013  20.524  -80.767  -34.758 0.5000000000
3620  30.223  -79.915  -27.474 0.3000000119
3151  28.613  -80.860  -27.263 0.5000000000
2729  26.348  -80.702  -27.784 0.4000000060
2745  25.863  -81.080  -29.241 0.4000000060
2770  21.639  -80.200  -34.753 0.6000000238
3633  29.944  -79.328  -28.101 0.3000000119
141801  29.103  -79.826  -27.680 0.5000000000
3152  26.993  -80.288  -27.564 0.4000000060
148279  25.698  -80.088  -28.121 0.4000000060
151839  28.852  -78.828  -27.987 0.4000000060
152303  26.530  -79.241  -27.585 0.5000000000
3153  25.958  -79.604  -27.685 0.4000000060
163262  25.530  -79.077  -27.790 0.5000000000
4739  13.564  -76.556  -25.458 0.6000000238
158621  12.654  -76.367  -25.149 0.6000000238
145698  23.959  -75.953  -24.324 0.3000000119
4128  23.069  -77.779  -23.483 0.3000000119
4129  22.381  -77.527  -23.131 0.3000000119
3579  22.004  -78.153  -23.829 0.3000000119
137840  12.123  -76.286  -25.990 0.6000000238
4740  11.686  -76.338  -25.282 0.6000000238
139884  24.243  -77.222  -24.413 0.3000000119
4146  21.146  -77.788  -24.356 0.3000000119
4148  19.525  -77.291  -24.359 0.3000000119
4741  10.244  -76.509  -25.219 0.6000000238
4736  25.691  -76.399  -25.223 0.3000000119
4163  19.801  -77.519  -25.191 0.3000000119
4164  18.996  -77.596  -24.959 0.3000000119
146146  9.543  -76.727  -26.060 0.6000000238
2719  24.547  -81.130  -25.793 0.3000000119
4190  7.529  -77.699  -27.895 0.6000000238
4177  7.980  -77.614  -26.930 0.6000000238
4178  7.137  -77.997  -27.307 0.6000000238
3628  5.596  -78.345  -27.905 0.5000000000
2296  27.708  -81.953  -26.633 0.4000000060
4182  29.211  -78.247  -28.300 0.4000000060
3622  26.636  -78.369  -27.570 0.5000000000
161430  24.623  -74.043  -24.781 0.3000000119
5342  23.793  -75.179  -24.260 0.3000000119
5333  23.394  -75.925  -23.843 0.3000000119
4711  22.931  -76.823  -23.382 0.3000000119
160968  21.562  -77.489  -22.935 0.3000000119
4117  20.953  -77.195  -22.757 0.3000000119
4713  19.881  -76.873  -22.891 0.3000000119
161091  12.404  -76.342  -26.688 0.5000000000
5341  24.569  -75.471  -24.719 0.3000000119
4722  24.967  -76.989  -24.868 0.3000000119
144621  10.336  -76.460  -27.060 0.5000000000
4751  10.419  -76.467  -26.271 0.6000000238
5351  25.518  -75.440  -25.230 0.3000000119
4149  18.794  -77.400  -24.144 0.3000000119
4752  9.719  -76.695  -26.967 0.6000000238
155366  26.271  -75.048  -25.433 0.3000000119
4753  8.927  -77.113  -26.958 0.6000000238
162363  27.736  -81.652  -26.296 0.3000000119
2707  27.663  -81.225  -25.933 0.3000000119
4203  7.016  -77.552  -28.603 0.6000000238
4206  4.108  -77.294  -28.820 0.6000000238
4768  9.108  -76.819  -27.555 0.6000000238
4778  9.416  -76.285  -27.819 0.5000000000
4780  7.739  -76.970  -28.498 0.6000000238
4204  6.153  -77.345  -29.085 0.6000000238
140682  6.031  -77.887  -28.633 0.6000000238
4782  4.567  -76.851  -29.317 0.6000000238
4214  5.399  -76.979  -29.337 0.6000000238
5372  2.914  -76.144  -28.584 0.5000000000
4767  9.924  -76.371  -27.470 0.5000000000
5382  8.694  -76.012  -28.183 0.5000000000
4781  6.883  -76.908  -29.061 0.5000000000
4793  4.894  -76.251  -29.749 0.6000000238
5360  3.821  -75.622  -27.273 0.5000000000
155610  5.142  -73.974  -27.435 0.6000000238
5994  4.409  -74.752  -27.607 0.6000000238
5359  5.012  -75.248  -26.681 0.5000000000
5986  5.936  -74.898  -26.139 0.6000000238
5352  6.244  -75.199  -25.285 0.6000000238
5383  7.595  -76.012  -28.627 0.5000000000
5396  4.696  -75.299  -30.287 0.5000000000
5411  3.319  -75.103  -29.894 0.5000000000
4795  3.343  -75.780  -29.412 0.6000000238
6682  3.259  -73.880  -29.722 0.6000000238
6015  3.169  -74.284  -29.263 0.5000000000
5371  3.231  -75.484  -28.288 0.5000000000
6681  3.486  -73.535  -29.090 0.6000000238
138547  5.197  -70.552  -29.556 0.6000000238
6665  4.372  -73.821  -28.171 0.6000000238
15789  4.027  -62.441  -26.054 0.5000000000
152397  8.197  -74.966  -28.283 0.5000000000
5395  5.575  -75.597  -29.771 0.5000000000
6035  3.945  -74.138  -30.497 0.6000000238
16676  4.575  -61.438  -24.217 0.5000000000
15727  4.556  -62.211  -23.776 0.6000000238
16718  4.160  -61.746  -25.357 0.6000000238
16743  4.720  -61.957  -26.159 0.6000000238
15762  3.557  -62.423  -25.249 0.5000000000
155784  4.892  -63.535  -27.254 0.5000000000
154530  4.822  -64.663  -27.608 0.5000000000
5954  8.126  -74.910  -22.615 0.5000000000
5965  7.229  -75.100  -23.925 0.5000000000
17682  9.458  -60.905  -26.234 0.6000000238
136914  9.153  -60.617  -25.369 0.6999999881
148628  8.617  -60.603  -26.089 0.6000000238
136363  7.963  -60.447  -24.076 0.6999999881
147515  6.917  -60.533  -22.948 0.6000000238
17617  6.301  -60.790  -22.923 0.6000000238
17683  6.756  -60.162  -25.434 0.6000000238
17635  7.001  -60.330  -23.836 0.6000000238
17701  9.138  -61.080  -26.768 0.6000000238
17703  7.256  -60.748  -26.327 0.6000000238
17662  5.521  -60.304  -24.640 0.6000000238
17618  5.767  -60.713  -23.570 0.5000000000
15712  5.770  -62.044  -22.744 0.6000000238
16741  7.991  -61.567  -27.172 0.6000000238
17704  6.449  -60.458  -25.767 0.6000000238
16694  5.059  -60.724  -24.397 0.5000000000
16675  5.259  -60.930  -23.890 0.6000000238
16765  7.097  -61.689  -26.961 0.6000000238
16717  5.168  -60.537  -25.017 0.6000000238
15788  6.351  -62.747  -27.127 0.6000000238
159445  6.221  -61.840  -26.735 0.6000000238
148484  5.522  -62.374  -26.768 0.6000000238
13968  5.968  -64.112  -27.057 0.5000000000
13064  5.128  -65.368  -27.060 0.5000000000
12176  5.891  -66.241  -25.838 0.5000000000
11244  5.865  -67.645  -25.030 0.5000000000
10380  5.956  -68.816  -23.900 0.5000000000
136340  7.701  -60.488  -23.074 0.6000000238
17616  7.536  -60.674  -22.400 0.6999999881
15814  7.719  -62.303  -27.279 0.5000000000
14865  6.444  -63.226  -27.014 0.6000000238
13956  6.457  -64.535  -26.093 0.6000000238
13063  5.810  -64.977  -26.627 0.5000000000
13052  6.351  -65.516  -25.779 0.6000000238
11254  6.219  -66.871  -25.258 0.5000000000
11229  7.187  -67.915  -24.121 0.6000000238
10395  6.316  -68.125  -24.332 0.6000000238
16736  15.097  -60.699  -26.519 0.4000000060
144539  10.214  -60.541  -21.850 0.6999999881
17579  10.524  -60.224  -19.279 0.5000000000
17580  9.707  -60.542  -19.039 0.5000000000
15760  14.798  -61.699  -25.911 0.6000000238
152507  13.777  -60.591  -27.034 0.5000000000
17600  9.893  -60.501  -20.917 0.6000000238
141339  8.972  -60.896  -19.851 0.5000000000
15740  15.168  -62.230  -24.883 0.5000000000
17613  10.593  -60.619  -22.898 0.6000000238
142759  9.189  -60.534  -21.627 0.8000000119
17633  9.692  -60.586  -23.641 0.6999999881
17615  8.361  -60.569  -22.253 0.8000000119
16640  8.280  -60.980  -20.883 0.6999999881
13051  7.001  -64.970  -25.310 0.6000000238
11242  6.898  -66.657  -24.850 0.6000000238
17563  10.296  -59.921  -18.464 0.5000000000
17678  14.701  -59.988  -26.885 0.5000000000
17598  11.920  -60.414  -21.221 0.6999999881
17564  9.535  -60.395  -18.198 0.5000000000
16673  16.256  -61.566  -23.550 0.4000000060
157420  15.399  -61.311  -25.656 0.4000000060
15725  15.000  -62.885  -24.002 0.4000000060
153857  14.778  -63.350  -23.325 0.5000000000
14812  13.982  -63.541  -23.658 0.4000000060
18565  11.222  -59.486  -18.787 0.5000000000
18550  9.872  -59.661  -17.779 0.5000000000
17694  15.958  -59.798  -26.520 0.3000000119
18652  15.368  -59.594  -26.404 0.3000000119
17578  11.258  -60.036  -19.547 0.6000000238
15710  15.724  -62.897  -22.442 0.4000000060
14797  15.269  -63.275  -22.687 0.4000000060
143811  13.374  -63.570  -22.874 0.4000000060
144453  11.896  -58.731  -18.909 0.6000000238
18580  12.413  -59.579  -19.942 0.6000000238
14799  14.070  -63.641  -22.229 0.4000000060
161778  11.325  -58.726  -18.477 0.5000000000
18549  10.678  -59.066  -18.020 0.5000000000
18634  17.377  -59.018  -25.370 0.3000000119
19551  16.698  -58.971  -26.242 0.3000000119
18620  15.484  -58.792  -24.675 0.3000000119
19522  15.023  -58.790  -23.413 0.4000000060
14764  14.422  -63.804  -20.707 0.3000000119
14778  13.792  -63.829  -21.294 0.4000000060
13887  13.460  -64.229  -20.310 0.4000000060
19521  15.554  -58.230  -24.287 0.4000000060
19498  12.179  -58.101  -19.170 0.6000000238
19474  10.300  -58.184  -17.755 0.4000000060
19515  15.072  -58.196  -23.288 0.4000000060
158913  17.590  -58.435  -23.634 0.3000000119
19533  17.493  -58.332  -25.494 0.3000000119
20441  10.727  -57.715  -18.469 0.5000000000
20481  14.742  -57.597  -22.810 0.4000000060
21367  13.488  -56.846  -21.860 0.4000000060
21383  11.489  -56.527  -23.203 0.5000000000
156576  13.763  -56.534  -22.782 0.4000000060
21382  12.664  -56.437  -22.928 0.4000000060
24262  13.794  -54.247  -25.100 0.3000000119
135464  12.516  -54.918  -24.639 0.3000000119
22340  12.868  -55.560  -24.709 0.3000000119
22341  11.857  -55.678  -24.392 0.3000000119
24264  11.790  -54.281  -24.018 0.3000000119
27204  7.838  -50.386  -18.066 0.4000000060
25233  14.041  -53.158  -24.936 0.3000000119
4133  18.628  -77.212  -23.399 0.3000000119
144340  27.090  -82.445  -26.591 0.4000000060
151979  12.859  -55.995  -24.528 0.3000000119
12154  7.945  -66.849  -24.122 0.6000000238
137522  7.042  -49.289  -16.749 0.4000000060
15741  14.605  -62.926  -24.688 0.5000000000
21418  12.267  -55.840  -24.423 0.3000000119
1947  26.214  -82.863  -29.779 0.3000000119
2736  26.577  -81.946  -28.030 0.4000000060
4792  5.901  -76.579  -29.387 0.5000000000
693  23.077  -86.650  -20.673 0.4000000060
500  20.790  -88.125  -20.603 0.5000000000
685  17.767  -86.411  -19.078 0.5000000000
143324  22.260  -87.114  -23.945 0.5000000000
1939  19.201  -82.560  -29.558 0.4000000060
962  24.113  -85.742  -23.533 0.4000000060
964  21.614  -85.996  -23.023 0.4000000060
2755  21.262  -81.180  -30.214 0.4000000060
1927  19.244  -82.717  -28.523 0.4000000060
157608  19.534  -83.501  -27.501 0.4000000060
936  19.576  -85.013  -18.820 0.3000000119
689  26.738  -85.726  -21.209 0.3000000119
1538  25.348  -84.770  -22.291 0.3000000119
1241  22.621  -85.098  -22.486 0.4000000060
955  21.552  -85.258  -22.222 0.4000000060
2747  22.243  -80.405  -29.423 0.3000000119
1229  22.994  -84.523  -21.822 0.4000000060
1232  19.896  -84.563  -21.394 0.4000000060
2290  19.057  -81.215  -25.186 0.5000000000
140677  18.872  -81.414  -32.199 0.5000000000
2343  23.167  -82.266  -29.994 0.4000000060
1516  26.115  -83.529  -19.998 0.3000000119
153533  20.771  -83.787  -20.702 0.4000000060
1543  20.107  -83.862  -20.932 0.4000000060
1545  19.086  -83.343  -21.608 0.5000000000
2271  18.695  -81.616  -22.906 0.5000000000
3593  20.912  -77.967  -26.066 0.3000000119
2738  23.408  -80.825  -28.105 0.3000000119
2311  23.944  -81.635  -27.507 0.3000000119
2767  21.121  -80.458  -33.082 0.6000000238
2259  19.327  -82.251  -20.998 0.3000000119
1544  19.608  -83.113  -20.989 0.4000000060
3114  18.226  -79.081  -24.788 0.3000000119
3176  19.707  -79.559  -31.551 0.5000000000
1920  25.596  -83.576  -26.989 0.4000000060
2654  17.900  -79.825  -20.864 0.3000000119
3567  17.913  -78.229  -23.677 0.3000000119
2727  29.353  -80.837  -26.963 0.4000000060
2309  27.016  -82.604  -27.322 0.4000000060
142307  26.626  -82.977  -27.950 0.4000000060
3632  30.698  -79.308  -27.871 0.3000000119
4712  22.320  -76.675  -22.848 0.3000000119
4779  8.514  -76.936  -28.034 0.6000000238
2717  28.811  -81.193  -26.819 0.3000000119
4116  21.740  -77.241  -22.705 0.3000000119
4699  21.172  -76.783  -22.247 0.3000000119
145123  27.044  -75.053  -25.531 0.3000000119
5385  3.152  -75.136  -29.176 0.5000000000
6014  3.488  -74.495  -28.620 0.6000000238
17634  8.672  -60.501  -23.297 0.6999999881
154204  8.456  -60.674  -21.423 0.6999999881
17614  9.453  -60.533  -22.581 0.6999999881
17599  10.952  -60.522  -21.058 0.6000000238
18635  16.937  -59.543  -25.790 0.3000000119
18649  17.040  -58.827  -26.210 0.3000000119
135271  20.587  -78.742  -32.903 0.5000000000
3665  19.829  -78.935  -32.149 0.5000000000
5367  25.360  -75.424  -27.445 0.6000000238
6023  5.357  -74.535  -30.298 0.4000000060
6696  5.030  -73.682  -30.686 0.5000000000
158040  6.169  -74.147  -26.331 0.5000000000
8088  5.630  -71.499  -28.164 0.5000000000
6654  5.904  -73.537  -26.927 0.5000000000
5985  6.624  -74.236  -25.594 0.5000000000
6653  6.565  -73.437  -26.113 0.5000000000
8859  5.916  -69.784  -29.134 0.5000000000
5973  7.503  -74.188  -24.211 0.4000000060
8087  6.253  -71.221  -27.682 0.5000000000
7355  6.476  -72.590  -26.638 0.5000000000
6644  6.950  -73.368  -25.464 0.5000000000
154035  8.398  -74.163  -22.969 0.5000000000
8074  6.703  -71.691  -26.877 0.6000000238
7342  6.990  -72.677  -25.746 0.5000000000
6617  8.077  -73.767  -23.750 0.5000000000
161462  6.617  -69.433  -22.686 0.5000000000
7341  7.608  -72.073  -25.365 0.6000000238
7984  7.693  -71.393  -20.626 0.5000000000
8002  7.854  -70.511  -21.186 0.5000000000
156127  7.341  -72.868  -25.045 0.6000000238
6606  8.904  -73.759  -22.474 0.6000000238
136772  8.856  -73.780  -20.950 0.5000000000
8073  7.354  -71.347  -26.435 0.6000000238
7325  7.995  -72.518  -24.662 0.6000000238
6628  8.373  -73.022  -24.039 0.6000000238
155346  8.452  -71.084  -20.842 0.6000000238
7313  9.197  -72.912  -23.609 0.6000000238
9519  7.528  -69.941  -21.720 0.5000000000
9564  7.147  -69.103  -22.891 0.5000000000
6605  9.401  -73.255  -22.052 0.6000000238
155826  9.209  -73.358  -21.340 0.6000000238
16660  6.442  -61.547  -22.392 0.5000000000
16641  7.612  -61.261  -21.459 0.5000000000
16659  7.064  -60.942  -22.205 0.5000000000
10378  7.647  -68.464  -23.557 0.6000000238
7302  9.878  -72.712  -22.110 0.6000000238
10361  8.147  -69.016  -23.057 0.6000000238
7289  9.572  -72.713  -21.467 0.6000000238
8751  8.859  -70.540  -21.446 0.6000000238
8000  9.877  -71.878  -21.380 0.6000000238
20488  15.107  -57.051  -23.573 0.3000000119
27205  7.512  -50.582  -18.194 0.3000000119
3634  25.125  -78.624  -27.945 0.4000000060
4185  25.002  -77.103  -27.656 0.5000000000
3183  22.353  -79.459  -35.381 0.5000000000
4761  25.678  -76.352  -27.459 0.4000000060
3181  22.768  -79.042  -34.608 0.4000000060
148166  25.924  -74.775  -27.379 0.4000000060
3175  20.246  -79.307  -32.141 0.4000000060
3664  21.610  -78.992  -33.145 0.4000000060
3178  20.889  -79.478  -32.487 0.4000000060
158032  22.284  -79.234  -33.661 0.4000000060
6685  27.415  -72.453  -29.029 0.4000000060
7364  25.205  -72.906  -27.561 0.4000000060
3655  19.289  -79.065  -31.508 0.4000000060
7379  26.737  -72.510  -28.356 0.4000000060
6660  25.513  -73.714  -27.446 0.4000000060
153712  24.365  -72.151  -28.028 0.4000000060
7382  22.992  -72.744  -28.251 0.5000000000
161566  9.906  -72.790  -23.587 0.5000000000
7339  9.682  -72.195  -25.018 0.5000000000
7301  10.488  -72.516  -22.535 0.5000000000
7312  10.612  -72.677  -23.451 0.5000000000
7300  11.304  -72.433  -22.906 0.5000000000
7999  10.613  -71.647  -21.815 0.5000000000
7998  11.430  -71.543  -21.833 0.5000000000
16623  8.503  -61.540  -20.066 0.4000000060
17581  9.192  -60.968  -18.725 0.4000000060
8015  11.038  -72.110  -22.290 0.5000000000
8762  9.279  -69.934  -22.222 0.5000000000
6670  26.943  -73.389  -27.857 0.4000000060
7380  24.887  -72.304  -27.857 0.4000000060
492  17.936  -88.171  -19.126 0.4000000060
74  14.319  -90.948  -19.615 0.4000000060
490  19.388  -87.670  -19.646 0.4000000060
150005  18.750  -88.331  -19.458 0.4000000060
163  14.671  -90.421  -20.356 0.4000000060
301  17.583  -89.254  -18.778 0.4000000060
172  15.602  -89.626  -21.270 0.4000000060
162  15.373  -90.277  -20.454 0.4000000060
73  15.102  -90.789  -19.505 0.4000000060
307  20.175  -88.987  -20.386 0.5000000000
299  19.388  -88.939  -19.752 0.5000000000
155  18.723  -89.728  -19.651 0.4000000060
72  16.117  -90.685  -19.620 0.4000000060
305  21.401  -88.392  -21.430 0.5000000000
312  21.229  -88.911  -22.008 0.5000000000
306  20.765  -88.966  -21.115 0.5000000000
160  18.886  -90.073  -20.076 0.4000000060
156  17.812  -89.897  -18.974 0.4000000060
167  20.530  -89.400  -21.751 0.4000000060
159  20.235  -89.445  -20.886 0.4000000060
323  18.267  -89.026  -23.139 0.4000000060
180  17.672  -89.534  -22.568 0.4000000060
80  17.025  -90.233  -21.166 0.4000000060
137972  17.049  -90.503  -20.280 0.4000000060
139531  16.969  -90.629  -19.329 0.4000000060
171  16.532  -89.791  -21.650 0.4000000060
161  16.268  -90.211  -20.749 0.4000000060
177  19.950  -89.468  -22.407 0.5000000000
178  19.248  -89.841  -22.023 0.4000000060
69  19.190  -90.158  -20.769 0.4000000060
70  18.472  -90.333  -20.412 0.4000000060
336  19.065  -88.634  -23.369 0.5000000000
179  18.492  -89.702  -22.411 0.4000000060
155503  17.976  -90.021  -21.919 0.4000000060
79  17.773  -90.359  -21.039 0.4000000060
719  17.524  -86.934  -23.387 0.3000000119
153254  16.772  -86.866  -23.448 0.3000000119
520  18.088  -87.714  -23.455 0.3000000119
709  18.765  -86.393  -22.824 0.4000000060
718  18.398  -87.067  -23.301 0.4000000060
979  16.070  -84.967  -24.620 0.3000000119
974  16.543  -85.223  -23.920 0.4000000060
137390  16.955  -86.086  -23.417 0.4000000060
710  17.791  -86.046  -22.956 0.4000000060
1249  17.140  -84.466  -23.647 0.4000000060
973  17.239  -85.253  -23.188 0.4000000060
968  17.825  -85.162  -22.629 0.4000000060
958  18.892  -85.156  -22.015 0.3000000119
337  17.856  -88.352  -23.373 0.3000000119
965  20.107  -85.856  -22.412 0.3000000119
708  19.820  -86.573  -22.964 0.4000000060
1254  16.641  -84.406  -24.605 0.4000000060
966  19.204  -85.780  -22.345 0.3000000119
1243  17.674  -84.496  -22.876 0.4000000060
1552  18.159  -83.930  -22.675 0.4000000060
1242  18.406  -84.557  -22.245 0.4000000060
155781  19.523  -88.286  -23.522 0.4000000060
717  19.456  -87.251  -23.383 0.4000000060
1262  15.882  -84.797  -25.826 0.4000000060
957  19.564  -85.225  -21.858 0.3000000119
1575  18.078  -83.629  -25.516 0.4000000060
1261  16.591  -84.338  -25.672 0.4000000060
1574  18.952  -83.285  -25.337 0.4000000060
1567  18.113  -83.396  -24.610 0.4000000060
148256  17.382  -83.823  -24.210 0.4000000060
335  19.895  -88.759  -23.290 0.4000000060
161068  20.047  -87.886  -23.691 0.4000000060
707  20.993  -86.517  -23.287 0.3000000119
716  20.549  -87.268  -23.634 0.4000000060
159456  20.932  -85.771  -22.539 0.3000000119
1584  18.873  -83.760  -25.986 0.4000000060
1267  19.197  -84.219  -26.655 0.4000000060
1583  19.369  -83.555  -26.212 0.4000000060
142103  18.808  -82.961  -24.605 0.4000000060
163156  17.881  -83.496  -23.960 0.4000000060
320  21.665  -88.530  -22.885 0.4000000060
706  22.137  -86.597  -23.743 0.3000000119
319  22.369  -88.136  -22.911 0.4000000060
321  20.791  -88.922  -22.856 0.4000000060
333  22.177  -87.947  -23.513 0.4000000060
334  21.352  -88.201  -23.590 0.4000000060
518  21.828  -87.528  -23.819 0.4000000060
7383  22.445  -72.382  -28.857 0.4000000060
1253  17.255  -83.837  -25.102 0.4000000060
59  18.221  -90.204  -19.609 0.4000000060
60  17.474  -90.351  -19.084 0.4000000060
71  17.708  -90.502  -19.915 0.4000000060
154  19.542  -89.659  -20.328 0.4000000060
168  19.802  -89.847  -21.323 0.4000000060
169  18.650  -90.173  -21.455 0.4000000060
170  17.309  -89.975  -21.864 0.4000000060
300  18.395  -89.147  -19.275 0.4000000060
322  19.158  -89.311  -22.876 0.4000000060
491  18.534  -87.548  -19.405 0.4000000060
499  21.683  -87.582  -20.976 0.5000000000
506  22.072  -87.900  -21.666 0.4000000060
509  23.942  -87.063  -23.445 0.4000000060
516  23.426  -87.031  -23.856 0.5000000000
517  22.621  -87.293  -23.837 0.5000000000
519  19.031  -87.872  -23.524 0.4000000060
699  25.719  -86.250  -22.386 0.3000000119
704  25.464  -86.051  -23.089 0.3000000119
714  22.975  -86.788  -23.988 0.5000000000
715  21.532  -87.200  -23.859 0.3000000119
933  22.460  -85.600  -18.646 0.3000000119
935  20.553  -85.127  -18.652 0.3000000119
941  27.682  -85.205  -20.665 0.3000000119
961  24.904  -85.922  -23.456 0.4000000060
967  18.420  -85.495  -22.435 0.3000000119
970  24.199  -86.308  -23.775 0.5000000000
971  23.549  -86.258  -23.856 0.4000000060
1217  28.276  -84.130  -20.472 0.3000000119
1222  26.755  -84.315  -21.602 0.3000000119
1233  19.127  -84.589  -21.717 0.3000000119
1238  25.557  -85.514  -22.818 0.4000000060
1255  16.086  -84.685  -25.200 0.3000000119
1260  17.339  -83.998  -25.820 0.4000000060
1270  15.797  -84.998  -26.195 0.4000000060
1513  29.125  -83.954  -18.982 0.3000000119
1529  22.021  -83.488  -20.413 0.3000000119
1531  20.328  -83.247  -20.521 0.4000000060
1532  19.912  -82.568  -20.424 0.3000000119
1558  17.823  -83.769  -23.398 0.4000000060
1590  26.006  -83.805  -27.682 0.3000000119
1591  25.510  -83.822  -27.691 0.5000000000
1599  25.227  -83.978  -28.558 0.4000000060
1600  24.827  -83.987  -28.913 0.4000000060
1612  21.712  -83.571  -31.526 0.3000000119
1626  23.621  -83.536  -31.473 0.4000000060
1903  18.864  -82.451  -24.228 0.5000000000
1907  19.463  -82.083  -25.488 0.5000000000
1913  25.969  -83.135  -26.637 0.4000000060
1918  26.514  -83.308  -27.377 0.4000000060
1919  26.089  -83.693  -27.107 0.5000000000
1936  25.852  -83.511  -29.602 0.3000000119
1948  25.819  -83.181  -30.248 0.5000000000
1952  20.335  -82.490  -30.663 0.3000000119
2287  27.122  -81.875  -26.103 0.4000000060
2295  28.294  -81.565  -26.797 0.3000000119
2308  27.747  -82.004  -26.911 0.4000000060
2321  26.207  -81.678  -28.838 0.5000000000
2322  24.340  -82.779  -27.838 0.3000000119
2323  20.130  -81.134  -29.211 0.4000000060
2331  23.492  -82.067  -29.440 0.4000000060
2333  20.307  -81.575  -30.001 0.4000000060
2344  22.609  -82.020  -30.354 0.3000000119
2353  25.866  -81.705  -31.202 0.4000000060
2354  19.131  -80.936  -31.645 0.5000000000
2360  19.575  -81.077  -32.299 0.5000000000
2667  18.644  -81.141  -21.528 0.3000000119
2668  18.191  -80.500  -21.611 0.3000000119
2710  24.805  -80.808  -25.368 0.3000000119
2711  24.319  -80.423  -25.366 0.3000000119
2718  28.192  -81.463  -26.507 0.4000000060
2728  28.559  -81.372  -26.917 0.4000000060
2737  25.962  -80.868  -28.425 0.4000000060
2741  19.958  -80.229  -28.054 0.4000000060
2748  21.482  -80.475  -29.661 0.3000000119
2758  20.333  -79.874  -31.980 0.6000000238
2760  25.574  -80.382  -32.945 0.4000000060
2761  21.518  -79.740  -32.941 0.5000000000
2768  25.365  -79.518  -35.219 0.5000000000
2769  25.211  -80.425  -34.258 0.4000000060
2771  21.168  -80.583  -33.864 0.6000000238
3102  17.756  -79.089  -23.492 0.4000000060
3115  17.963  -78.801  -24.131 0.4000000060
3143  19.060  -79.517  -26.277 0.5000000000
3157  20.549  -78.829  -27.637 0.4000000060
3160  25.350  -79.400  -28.191 0.5000000000
3167  25.387  -80.056  -29.066 0.4000000060
3168  21.537  -79.956  -29.128 0.3000000119
3169  20.950  -79.981  -29.120 0.4000000060
3177  25.601  -79.897  -32.894 0.3000000119
3180  25.674  -79.046  -35.204 0.5000000000
3182  22.961  -78.867  -36.105 0.6000000238
3184  25.625  -78.831  -35.981 0.6000000238
3566  21.972  -77.809  -23.113 0.3000000119
3578  22.866  -78.610  -23.925 0.3000000119
3591  22.572  -78.916  -25.379 0.3000000119
3607  21.336  -78.393  -26.764 0.3000000119
3609  19.710  -78.220  -26.482 0.4000000060
3618  31.289  -78.365  -28.247 0.3000000119
3619  30.954  -78.991  -27.757 0.3000000119
3621  27.534  -79.553  -27.595 0.5000000000
3624  21.787  -78.880  -27.330 0.3000000119
3635  24.694  -78.114  -28.540 0.6000000238
3639  24.577  -78.124  -29.956 0.6000000238
3640  18.094  -78.967  -29.887 0.5000000000
3644  14.496  -78.141  -29.431 0.6999999881
3646  25.076  -79.077  -31.190 0.4000000060
3648  17.851  -78.776  -30.409 0.6999999881
3653  12.430  -78.902  -31.516 0.8999999762
3654  24.989  -78.253  -31.780 0.6000000238
3657  17.117  -78.894  -31.408 0.8000000119
3672  22.738  -78.320  -34.562 0.6000000238
3677  17.583  -78.168  -35.186 0.6999999881
3679  14.880  -78.927  -34.527 0.8000000119
3680  25.624  -78.573  -35.130 0.6000000238
3682  23.245  -78.241  -35.397 0.6000000238
3686  18.113  -77.791  -35.419 0.8000000119
3687  25.599  -78.667  -35.823 0.6999999881
3691  25.414  -78.761  -36.141 0.6999999881
3692  24.712  -79.015  -36.643 0.6000000238
4130  21.242  -77.594  -23.447 0.3000000119
4131  20.199  -77.192  -23.574 0.3000000119
4132  19.274  -77.032  -23.593 0.3000000119
4134  18.036  -77.628  -23.157 0.3000000119
4145  23.712  -77.958  -23.976 0.3000000119
4147  20.397  -77.463  -24.386 0.3000000119
4162  20.614  -77.702  -25.228 0.3000000119
4174  15.389  -77.764  -26.390 0.5000000000
4175  15.183  -77.337  -26.810 0.6000000238
4183  28.185  -77.854  -27.899 0.4000000060
4187  14.639  -77.147  -27.401 0.6000000238
4188  14.012  -77.154  -28.107 0.6999999881
4189  8.319  -77.294  -27.694 0.6000000238
4191  6.669  -78.064  -27.999 0.6000000238
4202  7.804  -77.337  -28.188 0.6000000238
4205  5.282  -77.464  -29.016 0.6000000238
4222  25.481  -78.354  -33.605 0.5000000000
4223  25.101  -77.502  -33.523 0.6000000238
4228  12.622  -78.165  -33.003 0.6999999881
4230  9.902  -77.271  -32.014 0.8000000119
4237  25.015  -77.446  -35.259 0.6999999881
4240  25.503  -78.274  -35.595 0.6999999881
4243  23.682  -76.945  -35.363 0.6999999881
4244  24.856  -78.197  -36.139 0.6999999881
4698  21.756  -76.447  -22.398 0.3000000119
4723  24.416  -76.418  -24.569 0.3000000119
4726  13.389  -76.717  -24.773 0.6000000238
4737  25.020  -76.131  -24.969 0.3000000119
4749  12.955  -76.337  -26.082 0.5000000000
4750  11.297  -76.340  -26.112 0.6000000238
4766  10.719  -76.112  -27.524 0.6000000238
4772  24.450  -76.475  -28.106 0.6999999881
4773  24.019  -75.895  -28.693 0.6999999881
4783  3.503  -76.526  -29.064 0.6000000238
4794  4.055  -76.250  -29.548 0.6000000238
4804  10.491  -77.429  -31.084 0.5000000000
4806  9.151  -76.232  -32.083 0.6000000238
4822  21.116  -76.177  -33.591 0.6999999881
4833  9.442  -76.591  -32.185 0.8000000119
4837  21.463  -76.377  -34.428 0.6999999881
4839  19.840  -76.654  -34.855 0.6000000238
4844  24.341  -77.041  -35.344 0.6999999881
5353  5.344  -75.713  -25.786 0.5000000000
5377  23.430  -75.413  -28.455 0.6999999881
5390  22.384  -75.471  -29.454 0.6999999881
5393  19.135  -74.988  -29.966 0.5000000000
5397  4.004  -75.642  -29.973 0.6000000238
5405  18.447  -75.334  -30.296 0.5000000000
5406  17.472  -75.303  -30.368 0.5000000000
5407  16.111  -75.518  -30.979 0.6000000238
5410  3.919  -74.884  -30.370 0.5000000000
5416  22.154  -75.703  -31.002 0.8000000119
5427  21.615  -75.964  -32.691 0.6999999881
5433  9.892  -75.889  -32.643 0.6999999881
5953  8.609  -74.426  -22.132 0.5000000000
5964  7.835  -74.589  -23.446 0.5000000000
5971  24.264  -74.563  -24.554 0.3000000119
5974  6.923  -74.703  -24.746 0.5000000000
5993  5.493  -74.451  -26.836 0.6000000238
5998  26.305  -74.003  -27.508 0.4000000060
6001  22.908  -74.579  -28.037 0.6999999881
6007  22.284  -74.602  -28.344 0.6999999881
6011  8.952  -74.591  -28.467 0.6000000238
6024  3.165  -74.566  -29.659 0.5000000000
6031  11.895  -74.043  -31.154 0.6000000238
6032  9.596  -74.914  -30.535 0.6000000238
6034  4.533  -74.364  -30.579 0.6000000238
6036  3.453  -74.397  -30.149 0.6000000238
6042  15.532  -75.082  -32.096 0.6000000238
6044  11.435  -74.263  -32.144 0.5000000000
6049  15.965  -74.333  -32.988 0.6000000238
6059  15.515  -74.249  -34.046 0.5000000000
6061  14.258  -74.812  -34.144 0.5000000000
6065  14.948  -74.069  -34.458 0.5000000000
6066  14.274  -74.232  -34.228 0.5000000000
6578  9.087  -73.035  -20.741 0.6000000238
6594  8.955  -73.870  -21.678 0.5000000000
6615  9.184  -73.259  -22.855 0.6000000238
6616  8.663  -73.456  -23.296 0.6000000238
6629  7.190  -73.761  -24.920 0.5000000000
6659  26.098  -73.054  -27.657 0.4000000060
6661  24.698  -73.650  -27.461 0.4000000060
6674  20.713  -74.224  -29.036 0.6000000238
6677  9.236  -74.090  -28.927 0.6000000238
6679  8.027  -73.436  -28.854 0.6000000238
6686  20.695  -73.362  -29.077 0.5000000000
6687  19.816  -73.756  -29.324 0.5000000000
6689  18.160  -74.167  -30.012 0.5000000000
6708  10.530  -72.978  -31.686 0.6000000238
6711  5.006  -72.761  -30.809 0.6999999881
6712  4.374  -73.399  -30.646 0.6999999881
6713  3.713  -73.597  -30.298 0.6000000238
6718  17.302  -73.556  -31.826 0.6000000238
6724  8.571  -73.083  -32.253 0.5000000000
7274  8.570  -72.645  -20.380 0.5000000000
7288  10.247  -72.288  -21.914 0.5000000000
7299  12.084  -72.298  -23.209 0.5000000000
7311  11.489  -72.524  -23.636 0.5000000000
7323  10.036  -72.651  -24.280 0.5000000000
7337  11.487  -72.268  -24.789 0.5000000000
7338  10.713  -72.354  -24.989 0.5000000000
7340  8.590  -71.982  -25.052 0.6999999881
7354  7.102  -71.981  -26.114 0.6000000238
7356  5.807  -72.735  -27.380 0.5000000000
7365  24.325  -72.849  -27.629 0.4000000060
7370  14.626  -72.547  -27.759 0.5000000000
7373  6.032  -72.009  -27.456 0.5000000000
7378  26.881  -72.019  -29.091 0.4000000060
7381  23.724  -72.384  -28.067 0.4000000060
7388  14.486  -72.930  -28.651 0.5000000000
7390  12.153  -72.325  -28.579 0.6000000238
7393  4.038  -72.237  -29.943 0.6999999881
7399  15.932  -72.499  -28.999 0.5000000000
7401  14.849  -72.904  -29.668 0.5000000000
7417  8.230  -71.512  -31.315 0.6999999881
7442  8.841  -73.009  -32.639 0.5000000000
7459  17.188  -72.609  -35.032 0.5000000000
7460  16.131  -73.227  -34.714 0.5000000000
7982  9.218  -72.226  -20.757 0.6000000238
7983  8.560  -71.831  -20.528 0.5000000000
8001  9.182  -71.401  -21.004 0.6000000238
8056  7.630  -71.611  -25.907 0.6000000238
8069  14.026  -70.950  -26.798 0.5000000000
8072  7.929  -71.194  -26.104 0.6000000238
8083  14.290  -72.003  -27.120 0.5000000000
8085  12.906  -70.947  -27.694 0.5000000000
8101  5.666  -70.736  -28.595 0.5000000000
8102  4.920  -71.255  -28.970 0.6000000238
8103  4.556  -71.273  -29.984 0.6999999881
8111  10.988  -71.155  -29.126 0.6000000238
8162  18.112  -72.295  -35.083 0.5000000000
8750  9.890  -70.802  -21.705 0.5000000000
8845  8.948  -69.647  -27.205 0.6999999881
8877  6.242  -70.058  -30.519 0.6999999881
9517  9.903  -69.931  -22.265 0.6000000238
9518  8.309  -69.898  -21.848 0.6000000238
9541  8.696  -69.439  -22.626 0.6000000238
9542  7.760  -69.472  -22.328 0.5000000000
9543  6.889  -69.684  -22.141 0.5000000000
9620  12.759  -68.018  -27.568 0.5000000000
9624  7.604  -69.367  -27.957 0.6999999881
9631  11.499  -68.715  -28.872 0.5000000000
9632  7.976  -67.789  -29.221 0.6000000238
9633  7.479  -68.487  -28.731 0.6000000238
9640  6.821  -68.829  -30.068 0.6000000238
9641  6.181  -69.432  -29.807 0.6000000238
9645  9.529  -69.231  -30.672 0.5000000000
9647  8.017  -69.046  -30.724 0.6000000238
10338  10.302  -69.151  -21.836 0.6999999881
10359  9.506  -68.876  -22.869 0.6999999881
10377  8.508  -68.404  -23.428 0.6999999881
10379  6.748  -68.582  -23.641 0.6000000238
10438  10.376  -67.369  -27.935 0.5000000000
10439  9.355  -67.612  -28.341 0.5000000000
10454  8.794  -67.363  -28.993 0.6999999881
10464  10.245  -67.501  -29.322 0.6999999881
10480  8.268  -68.242  -30.343 0.6000000238
11183  10.662  -67.944  -20.419 0.5000000000
11228  8.056  -67.661  -23.893 0.6999999881
11243  6.658  -67.398  -24.656 0.5000000000
11302  10.596  -67.307  -28.571 0.5000000000
11314  9.218  -67.252  -29.180 0.6000000238
12102  11.160  -66.144  -20.263 0.5000000000
12103  10.521  -66.286  -20.808 0.5000000000
12121  9.647  -66.704  -22.389 0.6000000238
12153  8.491  -66.839  -23.697 0.8000000119
12165  7.511  -66.335  -24.494 0.6000000238
12174  6.996  -65.868  -25.042 0.6000000238
12175  6.492  -66.242  -25.330 0.6000000238
12189  5.188  -66.138  -26.603 0.5000000000
13053  5.687  -65.647  -26.376 0.5000000000
13888  12.499  -64.491  -20.450 0.5000000000
13904  12.077  -64.245  -20.970 0.5000000000
13907  10.004  -64.847  -22.061 0.8000000119
13920  10.369  -64.074  -22.256 0.6000000238
13941  8.134  -64.365  -24.554 0.6999999881
13955  7.124  -64.053  -25.671 0.6999999881
13969  5.254  -64.678  -27.381 0.5000000000
14777  14.707  -63.629  -21.679 0.4000000060
14779  12.053  -63.838  -21.636 0.6000000238
14780  11.131  -63.862  -21.884 0.6000000238
14798  14.824  -63.520  -22.508 0.4000000060
14801  10.907  -63.629  -22.643 0.6000000238
14814  11.530  -63.484  -23.080 0.6000000238
14817  9.304  -63.675  -24.165 0.8000000119
14824  14.372  -63.291  -24.208 0.5000000000
14829  9.724  -63.353  -24.807 0.8000000119
14842  14.084  -63.209  -25.045 0.5000000000
14844  12.352  -63.309  -25.922 0.6999999881
14846  10.299  -63.136  -25.702 0.8000000119
14860  13.069  -63.091  -26.372 0.6000000238
14862  11.496  -62.997  -26.933 0.8000000119
14866  5.275  -64.138  -27.489 0.5000000000
15693  7.475  -62.077  -21.249 0.5000000000
15694  6.900  -62.338  -21.735 0.5000000000
15724  15.434  -62.911  -23.194 0.4000000060
15726  5.156  -61.678  -23.507 0.6000000238
15743  3.678  -62.332  -24.717 0.5000000000
15761  13.803  -62.922  -25.897 0.6000000238
15782  11.920  -62.582  -27.444 0.8000000119
15784  10.419  -62.577  -27.520 0.8000000119
15786  8.111  -62.402  -27.232 0.5000000000
15787  7.161  -62.694  -27.028 0.6000000238
15809  12.239  -61.952  -27.676 0.8000000119
15811  10.175  -62.225  -27.931 0.8000000119
15812  9.708  -62.177  -27.848 0.6999999881
15813  8.827  -62.197  -27.589 0.6999999881
15815  6.926  -62.352  -27.146 0.6000000238
15831  10.201  -62.148  -27.979 0.8000000119
16624  7.995  -61.714  -20.762 0.5000000000
16642  7.095  -61.561  -21.817 0.5000000000
16661  5.727  -61.167  -23.164 0.6000000238
16674  15.635  -62.228  -23.860 0.4000000060
16693  16.004  -61.209  -24.834 0.4000000060
16695  4.000  -61.833  -24.661 0.5000000000
16715  16.475  -60.025  -26.095 0.3000000119
16716  5.761  -60.923  -25.850 0.6000000238
16737  14.403  -61.019  -26.813 0.6000000238
16738  13.091  -61.467  -27.317 0.6999999881
16740  8.901  -61.566  -27.350 0.6999999881
16742  5.378  -61.623  -26.262 0.6000000238
16761  11.794  -61.742  -27.714 0.8000000119
16762  11.233  -61.832  -27.889 0.8000000119
16763  10.604  -61.902  -28.009 0.8000000119
16764  9.994  -61.968  -28.050 0.6999999881
17587  12.551  -59.932  -20.610 0.6000000238
17588  11.710  -60.171  -20.249 0.6000000238
17589  10.669  -60.394  -20.163 0.5000000000
17590  9.693  -60.534  -19.994 0.6000000238
17601  7.825  -60.805  -21.726 0.6999999881
17611  12.936  -60.511  -22.826 0.6999999881
17612  12.217  -60.527  -22.170 0.6999999881
17628  14.345  -59.946  -24.221 0.6000000238
17632  11.413  -60.705  -23.572 0.6999999881
17636  6.244  -60.443  -23.635 0.5000000000
17637  5.582  -60.456  -24.132 0.5000000000
17654  13.678  -60.285  -24.736 0.6999999881
17657  10.760  -60.868  -25.272 0.8000000119
17658  9.842  -60.665  -24.693 0.6999999881
17659  8.934  -60.534  -24.364 0.6999999881
17660  7.273  -60.169  -24.869 0.6000000238
17661  6.227  -60.108  -24.567 0.6000000238
17681  11.326  -61.047  -26.432 0.8000000119
17684  5.909  -60.159  -25.212 0.6000000238
17695  15.377  -60.106  -26.736 0.4000000060
17696  14.648  -60.082  -26.900 0.4000000060
17698  11.821  -61.489  -27.471 0.8000000119
17699  10.839  -61.269  -27.099 0.8000000119
17702  8.279  -60.874  -26.571 0.6000000238
17718  10.396  -61.571  -27.601 0.8000000119
17719  9.659  -61.560  -27.517 0.8000000119
18564  11.921  -59.522  -19.422 0.6000000238
18578  13.556  -58.779  -20.579 0.5000000000
18594  14.405  -58.808  -21.777 0.6000000238
18595  13.907  -59.196  -21.235 0.5000000000
18596  13.253  -59.585  -20.880 0.6999999881
18607  14.587  -59.241  -22.653 0.6000000238
18621  14.783  -59.419  -23.752 0.4000000060
18636  15.985  -59.009  -25.997 0.3000000119
18650  16.508  -59.298  -26.242 0.3000000119
18651  16.006  -59.417  -26.418 0.3000000119
18664  15.374  -59.791  -26.709 0.3000000119
19487  11.553  -57.999  -18.701 0.6000000238
19488  10.980  -58.309  -18.230 0.5000000000
19520  17.574  -58.683  -24.434 0.3000000119
19550  17.269  -58.337  -26.052 0.3000000119
20442  9.858  -57.483  -18.232 0.4000000060
20449  11.877  -57.660  -19.323 0.6000000238
20450  11.146  -57.441  -19.184 0.6999999881
20458  13.493  -58.008  -20.545 0.6000000238
20459  11.522  -57.102  -20.076 0.6999999881
20460  10.459  -56.949  -20.886 0.6999999881
20462  8.023  -57.064  -20.811 0.6000000238
20471  13.165  -57.197  -20.914 0.5000000000
20473  9.445  -57.065  -21.613 0.6000000238
20482  14.244  -57.175  -22.144 0.4000000060
20486  17.620  -57.993  -24.760 0.3000000119
20487  15.349  -57.667  -23.880 0.4000000060
20500  17.436  -57.889  -25.978 0.3000000119
21372  8.326  -56.871  -22.448 0.5000000000
21373  7.656  -56.611  -22.027 0.5000000000
21381  14.484  -56.799  -23.084 0.4000000060
21385  9.646  -56.739  -23.179 0.5000000000
21386  8.921  -56.633  -22.932 0.5000000000
21388  7.742  -56.197  -22.281 0.6000000238
21397  14.882  -56.510  -24.112 0.3000000119
21398  13.974  -56.167  -23.779 0.4000000060
21420  10.622  -56.210  -23.930 0.5000000000
22312  7.283  -56.122  -21.822 0.6000000238
22313  6.766  -55.991  -21.235 0.6000000238
22321  8.738  -55.953  -22.991 0.4000000060
22322  8.216  -56.053  -22.622 0.5000000000
22342  10.919  -55.799  -24.147 0.4000000060
23247  11.037  -54.244  -19.020 0.3000000119
23255  11.362  -54.305  -19.901 0.3000000119
23256  10.572  -54.371  -19.637 0.3000000119
23267  11.237  -54.358  -20.809 0.3000000119
23270  7.469  -54.716  -21.289 0.6000000238
23271  6.926  -54.742  -21.011 0.6000000238
23278  10.606  -54.499  -22.472 0.3000000119
23280  9.023  -54.986  -21.908 0.4000000060
23290  9.933  -55.115  -23.088 0.5000000000
23301  10.328  -55.507  -23.736 0.5000000000
23308  13.595  -55.077  -25.261 0.3000000119
23309  11.575  -55.192  -24.274 0.3000000119
24180  10.593  -53.849  -18.344 0.4000000060
24226  6.650  -54.449  -20.481 0.5000000000
24236  12.061  -53.302  -21.442 0.3000000119
25117  9.884  -52.223  -15.763 0.3000000119
25127  8.970  -52.074  -16.892 0.4000000060
25140  8.657  -51.690  -17.992 0.4000000060
25157  8.967  -52.767  -18.167 0.3000000119
25175  7.708  -52.388  -19.201 0.6000000238
25212  11.507  -52.899  -23.106 0.3000000119
26088  9.301  -52.075  -16.095 0.4000000060
26100  8.156  -50.768  -18.264 0.4000000060
26123  7.795  -50.849  -18.449 0.3000000119
27157  8.790  -50.719  -14.319 0.3000000119
27167  7.017  -49.271  -16.503 0.5000000000
27168  6.802  -49.311  -16.193 0.4000000060
135087  8.969  -60.610  -20.776 0.5000000000
135891  25.501  -79.956  -31.610 0.4000000060
136131  16.937  -78.179  -35.046 0.6999999881
136502  6.353  -69.196  -23.187 0.5000000000
136519  4.546  -61.165  -24.759 0.6000000238
136916  10.617  -60.708  -24.067 0.6999999881
137003  8.166  -54.929  -21.770 0.5000000000
137053  19.683  -80.941  -27.599 0.4000000060
137114  8.265  -60.424  -25.132 0.6999999881
137178  11.094  -70.668  -21.507 0.5000000000
138072  10.938  -76.382  -25.465 0.6000000238
138122  19.428  -83.919  -21.356 0.4000000060
138198  12.315  -60.908  -26.820 0.8000000119
138365  5.665  -63.323  -27.226 0.6000000238
138773  21.057  -83.225  -31.244 0.3000000119
138866  25.696  -77.144  -25.168 0.3000000119
139018  22.767  -75.360  -28.812 0.6999999881
139059  20.680  -75.237  -29.819 0.6999999881
139131  13.087  -63.691  -21.872 0.4000000060
139651  10.041  -62.903  -26.660 0.8000000119
140221  22.009  -76.493  -34.718 0.6999999881
141080  22.347  -85.786  -23.160 0.4000000060
141462  8.972  -57.099  -20.009 0.6000000238
141752  14.459  -62.636  -25.430 0.6999999881
141817  10.983  -76.348  -26.907 0.5000000000
142033  7.715  -60.325  -25.806 0.6000000238
142060  14.487  -78.109  -34.047 0.6999999881
142155  9.058  -64.745  -23.343 0.8000000119
142936  22.235  -77.192  -34.924 0.6000000238
143980  17.997  -87.152  -19.266 0.4000000060
144216  21.144  -82.595  -30.893 0.3000000119
144343  25.553  -78.000  -27.621 0.6000000238
144776  9.036  -74.997  -32.181 0.6000000238
144824  7.401  -67.163  -24.364 0.6000000238
144974  11.950  -63.396  -23.893 0.6999999881
145152  21.766  -78.411  -25.765 0.3000000119
145963  9.615  -68.204  -22.763 0.6999999881
146014  9.681  -50.665  -14.277 0.3000000119
146099  4.876  -61.236  -25.563 0.6000000238
146133  15.343  -77.518  -27.734 0.6000000238
146434  24.523  -76.916  -33.008 0.6999999881
146655  21.013  -87.723  -23.823 0.4000000060
146699  24.655  -81.345  -33.936 0.3000000119
146941  10.177  -56.417  -23.650 0.5000000000
147101  18.465  -88.343  -23.429 0.3000000119
147772  26.272  -83.834  -20.951 0.3000000119
148291  7.916  -69.896  -30.836 0.6000000238
148591  22.218  -83.665  -32.288 0.4000000060
148967  19.396  -78.852  -26.627 0.4000000060
149049  12.028  -53.029  -16.917 0.3000000119
149115  3.860  -72.721  -29.369 0.6999999881
149817  23.227  -83.553  -30.754 0.3000000119
149833  28.040  -84.460  -20.839 0.3000000119
149969  14.432  -73.083  -30.354 0.5000000000
150180  27.824  -78.632  -27.719 0.5000000000
150532  11.239  -60.587  -21.976 0.6999999881
150723  9.803  -72.879  -22.849 0.6000000238
150944  8.615  -70.364  -26.785 0.5000000000
151088  4.794  -62.787  -26.744 0.5000000000
151100  25.855  -78.783  -27.604 0.5000000000
151386  10.311  -67.219  -21.032 0.5000000000
151491  12.463  -74.831  -33.245 0.5000000000
151757  11.514  -76.647  -32.751 0.6999999881
151798  13.936  -60.339  -26.991 0.5000000000
152004  14.267  -63.549  -22.956 0.4000000060
152551  10.667  -62.268  -27.913 0.8000000119
152909  23.986  -73.630  -27.563 0.4000000060
152955  24.969  -83.402  -27.254 0.4000000060
153394  23.249  -84.122  -21.227 0.3000000119
153848  7.701  -73.302  -24.421 0.5000000000
154213  15.210  -79.105  -34.542 0.6999999881
154587  6.553  -61.096  -26.334 0.6000000238
154743  12.501  -52.466  -16.771 0.3000000119
156350  21.023  -83.560  -31.599 0.3000000119
157058  22.350  -73.092  -28.396 0.6000000238
157203  13.214  -60.666  -27.051 0.6999999881
157376  23.974  -86.692  -23.753 0.5000000000
157551  18.308  -77.665  -23.785 0.3000000119
157758  12.499  -61.080  -27.172 0.6999999881
158394  4.571  -72.570  -30.625 0.6999999881
159465  13.506  -62.365  -26.741 0.6999999881
159577  9.360  -66.811  -22.823 0.6000000238
160117  20.629  -88.318  -23.568 0.4000000060
160539  6.348  -71.357  -30.552 0.6000000238
160779  19.525  -82.789  -27.735 0.4000000060
160789  11.060  -77.722  -30.794 0.6000000238
161611  12.949  -56.302  -23.703 0.3000000119
161614  11.330  -63.372  -24.254 0.6999999881
161874  25.704  -74.252  -27.408 0.5000000000
161881  12.102  -53.949  -19.943 0.3000000119
162281  23.647  -76.012  -30.948 0.8000000119
162342  22.733  -79.696  -27.262 0.3000000119
162424  19.270  -90.071  -21.397 0.4000000060
162638  9.463  -67.232  -28.861 0.6000000238
162857  24.734  -80.877  -34.465 0.4000000060
162980  27.035  -83.748  -20.646 0.3000000119
163150  9.323  -76.509  -31.820 0.6000000238
163551  18.843  -82.171  -22.577 0.4000000060
