#!ascii label  , from subject sub-v1s3x0050804_ses-1 vox2ras=TkReg
514
78703  18.740  -4.755  -53.285 0.0000000000
85652  24.677  3.364  -50.638 0.0000000000
92751  24.713  12.639  -52.246 0.0000000000
89508  20.286  8.659  -53.567 0.0000000000
73415  21.025  -9.914  -52.033 0.0000000000
77015  23.933  -6.155  -51.242 0.0000000000
82282  21.975  -0.758  -54.414 0.0000000000
135131  20.099  4.047  -53.502 0.0000000000
138348  23.490  8.052  -51.636 0.0000000000
141092  28.605  11.530  -50.085 0.0000000000
95535  26.644  16.406  -53.562 0.0000000000
76165  19.588  -7.132  -53.651 0.0000000000
147900  22.784  -7.694  -51.683 0.0000000000
77884  21.514  -5.335  -53.780 0.0000000000
84021  17.500  1.659  -51.766 0.0000000000
86445  16.180  4.366  -50.571 0.0000000000
91219  23.112  10.561  -55.398 0.0000000000
89506  23.124  8.674  -54.644 0.0000000000
91185  24.054  10.871  -52.051 0.0000000000
138574  25.532  10.237  -50.100 0.0000000000
92742  26.564  12.621  -50.558 0.0000000000
96970  24.717  17.723  -53.293 0.0000000000
95537  23.636  17.160  -54.052 0.0000000000
97002  26.834  19.022  -55.437 0.0000000000
84018  23.194  1.338  -52.890 0.0000000000
139740  24.685  -1.140  -51.817 0.0000000000
83094  25.975  0.883  -50.587 0.0000000000
93449  23.195  13.258  -55.921 0.0000000000
87166  26.460  5.017  -49.657 0.0000000000
80410  17.882  -2.639  -52.611 0.0000000000
79545  20.431  -3.094  -54.344 0.0000000000
82272  18.879  -0.294  -52.838 0.0000000000
84031  20.567  1.786  -54.024 0.0000000000
139585  22.786  4.046  -53.420 0.0000000000
87987  19.991  6.365  -53.355 0.0000000000
87986  22.433  6.615  -54.113 0.0000000000
139751  23.738  5.712  -50.653 0.0000000000
88678  25.459  7.377  -49.526 0.0000000000
146696  22.988  15.413  -55.255 0.0000000000
94102  25.848  14.307  -52.763 0.0000000000
97711  28.815  18.594  -54.081 0.0000000000
95532  29.356  16.396  -53.602 0.0000000000
94093  27.520  14.623  -51.648 0.0000000000
93418  30.007  13.587  -51.100 0.0000000000
79525  23.269  -2.992  -53.105 0.0000000000
78687  17.862  -4.647  -52.612 0.0000000000
77871  17.585  -5.650  -52.380 0.0000000000
77044  19.142  -6.581  -53.584 0.0000000000
77042  20.674  -6.601  -53.656 0.0000000000
131125  20.312  -4.998  -54.185 0.0000000000
135489  23.812  12.109  -54.377 0.0000000000
91186  23.667  10.824  -53.011 0.0000000000
92018  24.779  12.040  -51.616 0.0000000000
92012  25.364  11.931  -50.872 0.0000000000
92750  25.289  12.584  -51.392 0.0000000000
97713  25.588  19.885  -55.631 0.0000000000
96274  25.748  18.342  -53.809 0.0000000000
97727  27.006  19.979  -57.159 0.0000000000
84875  23.889  1.980  -51.711 0.0000000000
84008  24.335  1.195  -51.528 0.0000000000
84866  25.218  1.932  -50.826 0.0000000000
92773  21.438  12.045  -55.200 0.0000000000
93445  21.308  13.324  -53.762 0.0000000000
74320  19.621  -9.700  -52.866 0.0000000000
72471  20.038  -11.119  -52.183 0.0000000000
72453  21.542  -11.257  -51.205 0.0000000000
73396  22.322  -9.968  -51.153 0.0000000000
132695  23.508  -6.707  -51.433 0.0000000000
76111  23.773  -7.761  -50.876 0.0000000000
149974  17.906  -1.574  -52.562 0.0000000000
82257  17.579  -0.466  -52.152 0.0000000000
85693  18.381  3.253  -52.257 0.0000000000
84019  19.067  1.868  -52.761 0.0000000000
84890  20.339  2.709  -53.771 0.0000000000
84899  22.195  2.645  -54.493 0.0000000000
140132  21.928  3.798  -54.615 0.0000000000
87956  18.299  6.041  -51.625 0.0000000000
88721  19.746  7.342  -53.074 0.0000000000
89486  23.386  8.778  -52.250 0.0000000000
132724  22.468  7.446  -54.251 0.0000000000
88703  22.836  7.299  -53.322 0.0000000000
87955  23.054  6.466  -52.552 0.0000000000
88688  23.730  7.316  -50.991 0.0000000000
87938  25.021  6.572  -49.544 0.0000000000
137854  24.942  8.160  -49.842 0.0000000000
91163  27.293  10.991  -49.722 0.0000000000
90281  26.749  9.525  -49.570 0.0000000000
125156  24.662  16.539  -54.201 0.0000000000
94799  22.682  16.538  -54.917 0.0000000000
94797  25.043  15.592  -54.383 0.0000000000
94108  25.367  14.654  -54.035 0.0000000000
94796  26.350  15.708  -53.514 0.0000000000
94777  28.031  15.054  -51.933 0.0000000000
94100  29.733  15.313  -52.176 0.0000000000
93426  29.355  14.063  -51.083 0.0000000000
81349  21.478  -1.466  -54.533 0.0000000000
79543  21.838  -3.102  -54.384 0.0000000000
80429  22.604  -2.179  -53.939 0.0000000000
81287  25.613  -1.474  -51.005 0.0000000000
80394  25.254  -2.348  -51.279 0.0000000000
75270  18.449  -8.041  -53.310 0.0000000000
75248  20.624  -8.604  -52.848 0.0000000000
75235  21.923  -8.752  -51.959 0.0000000000
75267  20.789  -7.801  -53.126 0.0000000000
77028  22.072  -6.628  -52.704 0.0000000000
77027  22.746  -6.031  -52.371 0.0000000000
138868  15.942  2.051  -50.786 0.0000000000
85680  16.340  3.098  -50.965 0.0000000000
86459  18.151  3.966  -51.920 0.0000000000
134442  22.329  9.856  -55.204 0.0000000000
89527  21.857  8.504  -54.803 0.0000000000
138654  23.220  9.820  -55.052 0.0000000000
90320  23.404  9.474  -52.826 0.0000000000
90319  23.768  9.547  -51.704 0.0000000000
89477  24.571  8.892  -50.341 0.0000000000
91165  24.853  10.380  -50.600 0.0000000000
134659  26.502  11.307  -50.024 0.0000000000
92010  26.985  11.909  -50.082 0.0000000000
95523  23.925  16.584  -51.648 0.0000000000
96262  24.089  17.303  -53.591 0.0000000000
144226  25.515  17.601  -53.689 0.0000000000
96260  26.483  17.241  -53.739 0.0000000000
138732  22.767  -0.073  -53.607 0.0000000000
82270  23.098  -0.832  -53.338 0.0000000000
138733  23.891  -0.281  -52.318 0.0000000000
139184  25.277  -0.118  -51.134 0.0000000000
91204  20.655  10.135  -54.092 0.0000000000
91221  21.561  10.597  -54.934 0.0000000000
92771  23.208  12.336  -55.880 0.0000000000
92764  23.977  12.930  -54.996 0.0000000000
74302  23.332  -8.956  -50.836 0.0000000000
86422  24.901  4.119  -50.190 0.0000000000
85651  25.565  3.442  -50.235 0.0000000000
79503  18.162  -3.295  -52.878 0.0000000000
78713  20.161  -4.097  -54.222 0.0000000000
80430  19.192  -2.719  -53.599 0.0000000000
81352  19.567  -1.458  -53.664 0.0000000000
82284  20.610  -0.657  -54.302 0.0000000000
84020  18.325  1.161  -52.432 0.0000000000
83154  20.056  0.969  -53.669 0.0000000000
129685  20.984  0.111  -54.425 0.0000000000
84030  22.406  1.437  -54.238 0.0000000000
84888  22.947  2.292  -53.185 0.0000000000
85679  23.320  3.330  -51.950 0.0000000000
128505  17.901  5.570  -51.527 0.0000000000
87210  19.419  5.126  -52.785 0.0000000000
138280  22.050  7.887  -54.739 0.0000000000
87999  21.497  6.340  -54.416 0.0000000000
86483  21.348  4.904  -54.415 0.0000000000
86471  22.606  4.830  -53.788 0.0000000000
87192  23.058  4.872  -52.092 0.0000000000
86442  24.002  4.092  -50.732 0.0000000000
139273  24.582  5.725  -49.732 0.0000000000
87937  25.995  6.598  -49.427 0.0000000000
89476  25.396  8.901  -49.754 0.0000000000
94115  22.493  13.971  -55.615 0.0000000000
92763  24.596  13.531  -54.341 0.0000000000
93428  25.414  13.763  -52.158 0.0000000000
149720  28.153  18.439  -54.607 0.0000000000
134404  28.233  17.498  -54.325 0.0000000000
96271  29.044  17.377  -54.153 0.0000000000
144723  27.578  16.150  -53.368 0.0000000000
94795  27.118  15.686  -53.113 0.0000000000
94101  26.644  14.697  -52.253 0.0000000000
94094  26.204  14.020  -51.686 0.0000000000
93422  26.945  13.476  -50.843 0.0000000000
93421  27.988  13.217  -50.552 0.0000000000
92739  29.270  12.558  -50.501 0.0000000000
78712  20.823  -4.449  -54.450 0.0000000000
78686  22.466  -4.626  -53.248 0.0000000000
78668  23.747  -4.662  -51.869 0.0000000000
80409  23.791  -2.198  -52.762 0.0000000000
79501  24.281  -3.142  -51.922 0.0000000000
77870  18.293  -5.354  -52.992 0.0000000000
77030  18.332  -6.163  -53.084 0.0000000000
77886  19.036  -5.598  -53.466 0.0000000000
77058  19.850  -5.723  -53.879 0.0000000000
77885  19.594  -4.890  -53.820 0.0000000000
92019  24.122  11.757  -52.655 0.0000000000
93429  25.147  13.201  -51.877 0.0000000000
97003  26.346  19.449  -56.103 0.0000000000
84868  23.740  2.748  -51.631 0.0000000000
84867  24.524  2.531  -51.110 0.0000000000
73416  20.237  -10.291  -52.424 0.0000000000
73398  20.848  -10.751  -51.796 0.0000000000
73397  21.616  -10.345  -51.475 0.0000000000
74304  21.785  -9.530  -51.700 0.0000000000
76129  24.005  -6.976  -50.884 0.0000000000
77001  24.522  -6.230  -50.742 0.0000000000
82258  17.261  -0.155  -51.625 0.0000000000
85692  19.149  3.302  -52.745 0.0000000000
84877  19.502  2.614  -53.101 0.0000000000
85702  19.820  3.398  -53.354 0.0000000000
85714  20.948  3.210  -54.309 0.0000000000
140420  20.526  3.614  -53.923 0.0000000000
88705  19.611  7.202  -52.616 0.0000000000
89509  20.287  7.895  -53.590 0.0000000000
134436  23.004  8.047  -52.846 0.0000000000
88689  23.247  7.254  -52.158 0.0000000000
138611  24.138  8.115  -50.632 0.0000000000
92009  27.844  11.761  -50.008 0.0000000000
129387  28.305  10.874  -49.792 0.0000000000
129885  25.615  16.449  -53.799 0.0000000000
147660  25.569  15.841  -53.833 0.0000000000
94792  29.988  15.798  -53.121 0.0000000000
94784  30.700  15.234  -52.396 0.0000000000
149033  30.191  14.889  -51.789 0.0000000000
81334  22.230  -1.663  -54.301 0.0000000000
81286  26.285  -1.684  -50.485 0.0000000000
130851  19.011  -7.507  -53.576 0.0000000000
132482  19.642  -7.700  -53.567 0.0000000000
75269  19.282  -8.359  -53.461 0.0000000000
75268  20.089  -8.157  -53.413 0.0000000000
76164  20.243  -7.309  -53.561 0.0000000000
134634  21.095  -5.977  -53.789 0.0000000000
77029  21.318  -6.632  -53.344 0.0000000000
77041  21.718  -5.965  -53.300 0.0000000000
130282  22.258  -5.855  -52.864 0.0000000000
85682  15.659  3.512  -50.486 0.0000000000
85681  15.764  3.072  -50.659 0.0000000000
86444  16.146  3.740  -50.673 0.0000000000
134081  17.188  3.974  -51.310 0.0000000000
90357  23.098  9.792  -55.331 0.0000000000
149297  23.494  10.112  -53.293 0.0000000000
91175  23.699  10.203  -52.286 0.0000000000
91174  24.235  10.305  -51.390 0.0000000000
90303  24.354  9.616  -50.819 0.0000000000
92011  26.167  11.916  -50.405 0.0000000000
92741  27.463  12.583  -50.355 0.0000000000
96969  25.130  18.447  -53.029 0.0000000000
96250  24.694  17.829  -52.706 0.0000000000
96251  23.974  17.413  -53.109 0.0000000000
96992  26.269  18.751  -54.925 0.0000000000
96273  26.356  18.056  -54.097 0.0000000000
83152  22.981  0.636  -53.280 0.0000000000
138743  23.313  -0.158  -52.964 0.0000000000
83137  23.503  0.525  -52.557 0.0000000000
84007  25.039  1.247  -51.052 0.0000000000
83123  24.803  0.499  -51.329 0.0000000000
83122  25.468  0.666  -50.883 0.0000000000
82218  25.964  0.105  -50.683 0.0000000000
90335  20.333  9.481  -53.384 0.0000000000
91188  20.484  10.323  -53.465 0.0000000000
91203  20.795  10.965  -53.865 0.0000000000
93450  22.354  13.123  -55.960 0.0000000000
92772  22.283  12.214  -55.991 0.0000000000
148583  22.010  -8.234  -52.125 0.0000000000
74303  22.590  -9.074  -51.353 0.0000000000
75234  22.431  -8.277  -51.749 0.0000000000
75201  24.570  -8.634  -50.123 0.0000000000
87167  25.256  4.895  -49.693 0.0000000000
80411  17.396  -2.630  -52.019 0.0000000000
79528  18.862  -3.327  -53.414 0.0000000000
80431  18.551  -2.658  -53.186 0.0000000000
82256  18.286  -1.007  -52.741 0.0000000000
81335  18.886  -1.441  -53.236 0.0000000000
138792  19.277  -0.733  -53.321 0.0000000000
82285  19.985  -0.757  -53.825 0.0000000000
148290  19.764  -0.317  -53.618 0.0000000000
138974  17.565  0.873  -51.946 0.0000000000
84032  19.811  1.835  -53.414 0.0000000000
84033  19.305  1.059  -53.007 0.0000000000
83167  20.779  0.927  -54.239 0.0000000000
83165  22.172  0.831  -54.390 0.0000000000
84040  22.090  1.785  -54.520 0.0000000000
85701  22.345  3.239  -54.364 0.0000000000
84889  22.514  2.314  -54.178 0.0000000000
85700  22.700  3.205  -53.811 0.0000000000
85691  23.031  3.252  -52.900 0.0000000000
86456  23.032  4.072  -52.488 0.0000000000
87973  18.867  6.232  -52.101 0.0000000000
146242  18.423  5.910  -51.786 0.0000000000
87972  19.454  6.082  -52.723 0.0000000000
87211  18.669  5.530  -52.132 0.0000000000
87226  20.002  5.634  -53.366 0.0000000000
89507  23.010  8.527  -54.816 0.0000000000
89526  22.757  8.298  -54.739 0.0000000000
88704  22.652  7.422  -53.919 0.0000000000
87237  21.211  5.656  -54.363 0.0000000000
87235  22.190  5.655  -54.384 0.0000000000
86482  22.001  4.637  -54.589 0.0000000000
87224  22.500  5.669  -54.032 0.0000000000
139643  23.264  5.685  -51.764 0.0000000000
87209  22.922  5.655  -52.783 0.0000000000
87191  23.496  4.878  -51.092 0.0000000000
87168  24.243  4.888  -50.262 0.0000000000
88677  26.445  7.364  -49.441 0.0000000000
90302  25.062  9.617  -50.188 0.0000000000
90301  25.859  9.613  -49.721 0.0000000000
95527  22.919  17.182  -53.523 0.0000000000
94787  22.621  16.632  -53.757 0.0000000000
94800  22.346  15.578  -54.003 0.0000000000
94111  22.105  14.533  -54.309 0.0000000000
94110  22.741  14.692  -55.152 0.0000000000
93442  24.887  14.264  -54.481 0.0000000000
93436  25.231  13.917  -53.411 0.0000000000
97712  28.134  19.106  -54.688 0.0000000000
145951  27.857  18.121  -54.649 0.0000000000
96990  28.567  17.907  -54.372 0.0000000000
95544  29.657  16.929  -54.306 0.0000000000
96270  29.834  17.113  -54.287 0.0000000000
95545  28.722  16.957  -54.021 0.0000000000
95533  28.392  16.284  -53.398 0.0000000000
94794  28.035  15.602  -52.695 0.0000000000
149389  26.998  14.177  -51.420 0.0000000000
137211  27.755  13.978  -50.989 0.0000000000
93427  28.612  13.713  -50.768 0.0000000000
93419  29.352  13.339  -50.717 0.0000000000
93420  28.726  13.059  -50.506 0.0000000000
79527  19.637  -3.263  -53.885 0.0000000000
137886  20.796  -3.723  -54.526 0.0000000000
79526  22.569  -2.967  -53.778 0.0000000000
78711  22.058  -3.969  -53.895 0.0000000000
78700  22.819  -3.798  -53.241 0.0000000000
78685  23.151  -4.482  -52.599 0.0000000000
136219  23.356  -3.648  -52.729 0.0000000000
82255  23.689  -0.885  -52.772 0.0000000000
81319  23.462  -1.515  -53.112 0.0000000000
81306  24.387  -1.747  -52.168 0.0000000000
79481  25.420  -3.117  -50.973 0.0000000000
79482  24.845  -3.122  -51.440 0.0000000000
78666  25.012  -3.747  -51.106 0.0000000000
78667  24.394  -3.995  -51.539 0.0000000000
77043  19.961  -6.548  -53.773 0.0000000000
77057  20.475  -5.937  -53.922 0.0000000000
77893  20.878  -5.286  -54.224 0.0000000000
92032  23.359  11.380  -55.264 0.0000000000
91202  23.436  10.488  -54.432 0.0000000000
92025  23.625  11.350  -53.878 0.0000000000
91173  24.649  11.227  -51.260 0.0000000000
92743  25.853  12.479  -50.811 0.0000000000
97706  25.575  19.533  -54.145 0.0000000000
96983  25.469  18.510  -53.596 0.0000000000
96993  25.763  19.266  -54.656 0.0000000000
139174  23.406  1.884  -52.436 0.0000000000
84017  23.685  1.218  -52.115 0.0000000000
136289  24.636  1.786  -51.236 0.0000000000
83981  25.662  1.376  -50.683 0.0000000000
92765  21.525  12.901  -55.287 0.0000000000
75249  17.931  -9.097  -52.706 0.0000000000
74322  17.683  -9.750  -52.390 0.0000000000
74321  18.678  -9.663  -52.823 0.0000000000
73417  19.292  -10.584  -52.557 0.0000000000
73383  22.114  -10.650  -51.010 0.0000000000
73382  22.748  -10.484  -50.630 0.0000000000
75233  23.190  -8.243  -51.221 0.0000000000
76130  23.367  -7.393  -51.346 0.0000000000
81320  17.647  -2.014  -52.342 0.0000000000
81336  18.294  -1.916  -52.899 0.0000000000
136504  17.584  -1.355  -52.232 0.0000000000
138519  18.258  -0.215  -52.531 0.0000000000
84879  17.921  2.523  -51.982 0.0000000000
138575  18.321  1.966  -52.340 0.0000000000
84878  18.741  2.593  -52.552 0.0000000000
84901  21.081  2.542  -54.358 0.0000000000
84900  21.779  2.540  -54.562 0.0000000000
85713  21.556  3.220  -54.518 0.0000000000
139715  22.175  3.934  -54.491 0.0000000000
88722  19.447  6.748  -52.535 0.0000000000
138202  20.360  7.031  -53.625 0.0000000000
89495  23.135  8.724  -53.568 0.0000000000
88720  22.739  8.094  -54.440 0.0000000000
89496  22.849  8.129  -54.196 0.0000000000
87985  22.698  6.432  -53.505 0.0000000000
87954  23.479  6.503  -51.421 0.0000000000
87939  24.146  6.571  -50.375 0.0000000000
88679  24.547  7.377  -50.074 0.0000000000
136605  26.359  10.430  -49.792 0.0000000000
91152  27.168  10.086  -49.623 0.0000000000
91151  27.920  10.087  -49.648 0.0000000000
95538  22.891  17.231  -54.238 0.0000000000
94798  23.768  16.472  -54.582 0.0000000000
94109  24.219  15.352  -54.882 0.0000000000
141871  26.075  15.081  -53.555 0.0000000000
94793  29.059  15.740  -52.810 0.0000000000
94776  28.827  15.215  -51.990 0.0000000000
94092  28.506  14.506  -51.343 0.0000000000
94091  29.466  14.752  -51.577 0.0000000000
124159  30.103  14.296  -51.422 0.0000000000
80452  20.824  -2.132  -54.514 0.0000000000
79544  21.138  -3.039  -54.628 0.0000000000
80451  21.652  -2.323  -54.531 0.0000000000
80450  22.203  -2.451  -54.274 0.0000000000
82242  25.167  -0.903  -51.398 0.0000000000
81305  24.982  -1.654  -51.586 0.0000000000
80380  25.834  -2.389  -50.766 0.0000000000
135889  18.017  -8.481  -52.895 0.0000000000
74342  19.243  -9.117  -53.201 0.0000000000
74341  19.881  -8.935  -53.191 0.0000000000
74319  20.434  -9.440  -52.629 0.0000000000
74318  21.227  -9.101  -52.305 0.0000000000
75247  21.456  -8.215  -52.497 0.0000000000
76146  22.169  -7.631  -52.246 0.0000000000
76163  20.917  -7.160  -53.391 0.0000000000
76147  21.445  -7.347  -52.886 0.0000000000
76131  22.858  -6.884  -51.918 0.0000000000
77016  23.355  -6.101  -51.778 0.0000000000
84009  16.451  1.728  -51.112 0.0000000000
84870  15.879  2.456  -50.759 0.0000000000
84869  16.913  2.426  -51.296 0.0000000000
85694  17.518  3.214  -51.599 0.0000000000
130823  18.778  3.859  -52.469 0.0000000000
90360  20.856  9.244  -54.302 0.0000000000
89528  20.816  8.418  -54.142 0.0000000000
90359  21.892  9.292  -54.954 0.0000000000
90358  22.890  8.979  -55.144 0.0000000000
90346  23.172  9.083  -55.018 0.0000000000
145604  23.331  9.452  -54.220 0.0000000000
89485  23.862  8.851  -51.142 0.0000000000
91164  25.616  11.099  -50.364 0.0000000000
96252  23.247  17.402  -53.694 0.0000000000
132194  24.929  17.676  -53.519 0.0000000000
95536  24.733  17.191  -53.832 0.0000000000
96261  25.746  16.969  -53.718 0.0000000000
138725  22.310  0.000  -54.201 0.0000000000
82271  22.538  -0.815  -53.992 0.0000000000
83136  24.091  0.435  -51.855 0.0000000000
138744  24.587  -0.381  -51.691 0.0000000000
146391  25.631  -0.634  -50.950 0.0000000000
90347  20.366  9.476  -53.490 0.0000000000
91222  21.376  9.866  -54.698 0.0000000000
91220  22.765  10.624  -55.584 0.0000000000
92039  22.153  11.407  -55.670 0.0000000000
92038  22.954  11.419  -55.922 0.0000000000
92756  24.385  12.710  -53.535 0.0000000000
74286  23.059  -9.688  -50.732 0.0000000000
75218  23.882  -8.450  -50.634 0.0000000000
139957  17.834  -3.862  -52.567 0.0000000000
133541  18.427  -3.989  -53.088 0.0000000000
78702  19.261  -4.067  -53.632 0.0000000000
133635  19.038  -2.078  -53.468 0.0000000000
80453  19.865  -2.305  -53.955 0.0000000000
81351  20.309  -1.429  -54.157 0.0000000000
81350  20.881  -1.266  -54.505 0.0000000000
82283  21.258  -0.660  -54.509 0.0000000000
83140  17.318  0.320  -51.717 0.0000000000
83139  17.891  0.332  -52.278 0.0000000000
83138  18.746  0.362  -52.680 0.0000000000
83155  19.497  0.158  -53.303 0.0000000000
83168  20.257  0.060  -53.960 0.0000000000
137202  21.714  0.072  -54.446 0.0000000000
83153  22.574  0.723  -54.000 0.0000000000
84029  22.742  1.459  -53.687 0.0000000000
84876  23.365  2.576  -52.282 0.0000000000
85678  23.906  3.351  -51.243 0.0000000000
87195  16.694  5.102  -50.768 0.0000000000
87194  16.970  4.843  -51.021 0.0000000000
87193  17.955  4.803  -51.679 0.0000000000
86458  18.733  4.593  -52.354 0.0000000000
86473  20.039  4.749  -53.402 0.0000000000
131144  21.194  7.673  -54.303 0.0000000000
145504  21.092  6.867  -54.241 0.0000000000
88739  22.458  7.648  -54.488 0.0000000000
88740  21.819  7.153  -54.525 0.0000000000
88000  20.642  6.172  -53.958 0.0000000000
87225  20.625  5.237  -53.973 0.0000000000
86472  20.638  4.408  -54.023 0.0000000000
86481  22.279  4.769  -54.326 0.0000000000
87223  22.704  5.525  -53.438 0.0000000000
86470  22.881  4.851  -53.047 0.0000000000
86443  23.398  4.093  -51.548 0.0000000000
139279  25.616  5.790  -49.499 0.0000000000
139554  26.470  5.906  -49.486 0.0000000000
138493  26.875  8.092  -49.498 0.0000000000
93444  21.742  13.729  -54.962 0.0000000000
93443  23.635  13.823  -55.578 0.0000000000
130012  24.037  14.445  -55.159 0.0000000000
93437  24.905  13.305  -52.845 0.0000000000
97717  27.099  19.563  -56.025 0.0000000000
97001  27.470  18.917  -55.022 0.0000000000
96272  27.312  17.692  -54.294 0.0000000000
95534  27.634  16.908  -53.824 0.0000000000
141102  29.278  17.776  -54.004 0.0000000000
94786  26.729  15.280  -52.926 0.0000000000
94785  27.325  15.162  -52.389 0.0000000000
92749  25.891  13.206  -51.255 0.0000000000
92740  28.435  12.372  -50.301 0.0000000000
147646  30.513  13.077  -51.216 0.0000000000
139792  29.863  11.937  -50.650 0.0000000000
92008  29.211  11.690  -50.327 0.0000000000
139658  21.400  -4.623  -54.191 0.0000000000
133901  21.330  -3.824  -54.457 0.0000000000
78701  21.916  -4.783  -53.685 0.0000000000
77869  22.651  -5.287  -52.731 0.0000000000
77868  23.262  -5.356  -52.160 0.0000000000
77856  23.811  -5.434  -51.572 0.0000000000
81333  22.843  -1.547  -53.687 0.0000000000
80428  23.113  -2.239  -53.418 0.0000000000
80395  24.670  -2.404  -51.773 0.0000000000
80408  24.209  -2.490  -52.237 0.0000000000
79502  23.801  -3.044  -52.490 0.0000000000
78684  23.767  -3.834  -52.154 0.0000000000
134129  24.260  -4.845  -51.409 0.0000000000
77855  24.401  -5.464  -51.076 0.0000000000
84843  25.360  2.665  -50.578 0.0000000000
84842  25.880  2.058  -50.476 0.0000000000
74343  18.627  -8.821  -53.166 0.0000000000
77883  22.111  -5.328  -53.285 0.0000000000
81318  23.941  -1.455  -52.611 0.0000000000
82254  24.224  -0.996  -52.241 0.0000000000
83166  21.521  0.913  -54.449 0.0000000000
84041  21.316  1.752  -54.415 0.0000000000
85712  22.068  3.243  -54.594 0.0000000000
86457  19.449  4.146  -52.931 0.0000000000
87236  21.871  5.610  -54.537 0.0000000000
87998  22.173  6.662  -54.429 0.0000000000
92040  21.264  11.335  -54.738 0.0000000000
92738  29.967  12.829  -50.814 0.0000000000
93425  30.729  13.727  -51.433 0.0000000000
96991  27.035  18.413  -54.795 0.0000000000
133607  21.321  3.964  -54.436 0.0000000000
139956  22.496  4.004  -54.166 0.0000000000
140607  19.702  6.772  -53.085 0.0000000000
147214  20.387  -5.480  -54.077 0.0000000000
