#!ascii label  , from subject sub-v1s3x0050781_ses-1 vox2ras=TkReg
801
47447  -22.638  -20.413  46.144 0.0000000000
56477  -51.729  -12.330  37.369 0.0000000000
65165  -52.776  -4.661  33.287 0.0000000000
69288  -51.579  1.944  26.352 0.0000000000
52154  -49.086  -17.004  36.645 0.0000000000
69234  -52.439  0.614  32.031 0.0000000000
72512  -50.283  2.845  21.916 0.0000000000
74636  -57.469  6.388  25.440 0.0000000000
54238  -55.180  -14.453  35.187 0.0000000000
58728  -56.748  -11.104  32.457 0.0000000000
61954  -53.187  -7.580  36.446 0.0000000000
49759  -23.926  -17.893  47.638 0.0000000000
49763  -28.314  -18.489  47.771 0.0000000000
47437  -33.591  -20.884  47.238 0.0000000000
47476  -38.904  -20.781  44.897 0.0000000000
47537  -43.994  -20.673  42.258 0.0000000000
47566  -48.442  -20.154  40.097 0.0000000000
49902  -52.684  -18.290  37.243 0.0000000000
138423  -59.286  -5.725  29.257 0.0000000000
73607  -61.036  3.523  23.650 0.0000000000
138852  -53.592  -13.749  37.124 0.0000000000
58691  -54.431  -10.976  36.073 0.0000000000
58676  -52.967  -10.068  37.201 0.0000000000
127439  -24.179  -18.243  44.849 0.0000000000
126438  -26.173  -18.146  47.774 0.0000000000
133762  -44.137  -19.829  39.815 0.0000000000
47540  -45.996  -20.889  41.419 0.0000000000
48680  -46.675  -19.160  40.144 0.0000000000
54231  -50.266  -14.509  37.223 0.0000000000
138087  -50.011  -16.361  39.550 0.0000000000
53176  -51.855  -14.701  38.487 0.0000000000
51012  -53.607  -16.933  36.304 0.0000000000
131596  -54.870  -6.264  33.342 0.0000000000
60981  -57.515  -8.058  30.737 0.0000000000
65182  -56.449  -4.517  31.353 0.0000000000
69266  -52.198  1.745  27.986 0.0000000000
69269  -56.491  1.099  29.709 0.0000000000
68222  -53.213  -0.400  28.378 0.0000000000
67284  -51.325  -1.076  26.654 0.0000000000
72477  -51.342  3.239  24.821 0.0000000000
71421  -50.689  2.010  25.547 0.0000000000
49923  -47.348  -18.681  36.670 0.0000000000
149124  -49.163  -1.208  27.204 0.0000000000
73600  -52.908  4.658  22.654 0.0000000000
141334  -54.439  4.501  24.867 0.0000000000
150539  -60.057  0.634  21.966 0.0000000000
54267  -53.619  -14.106  33.527 0.0000000000
57600  -56.146  -12.469  33.790 0.0000000000
59865  -54.574  -9.167  34.248 0.0000000000
48559  -24.128  -19.819  48.191 0.0000000000
47434  -29.515  -20.610  47.935 0.0000000000
48564  -30.841  -19.195  47.358 0.0000000000
46435  -31.901  -21.723  46.344 0.0000000000
45424  -34.508  -22.404  46.190 0.0000000000
44528  -37.059  -22.749  44.980 0.0000000000
45457  -39.798  -22.642  43.891 0.0000000000
47502  -41.728  -20.817  43.820 0.0000000000
45520  -44.754  -22.934  40.889 0.0000000000
50940  -48.840  -17.699  39.667 0.0000000000
48700  -50.004  -19.664  38.777 0.0000000000
47621  -50.504  -20.699  36.910 0.0000000000
49960  -51.345  -18.057  35.272 0.0000000000
147862  -52.697  -16.169  34.691 0.0000000000
68189  -56.752  -0.961  31.101 0.0000000000
70365  -49.359  0.943  24.836 0.0000000000
68267  -50.858  0.912  25.143 0.0000000000
47419  -22.775  -19.827  48.680 0.0000000000
149231  -52.395  -12.560  37.821 0.0000000000
147193  -53.076  -11.371  37.477 0.0000000000
57559  -52.286  -11.717  37.351 0.0000000000
48697  -44.315  -19.666  38.777 0.0000000000
48679  -45.801  -19.506  39.893 0.0000000000
48718  -45.523  -19.456  38.103 0.0000000000
55306  -50.867  -13.383  37.771 0.0000000000
130579  -50.707  -14.590  38.786 0.0000000000
55287  -51.553  -13.453  38.341 0.0000000000
133719  -53.112  -14.345  37.501 0.0000000000
63037  -55.644  -5.629  32.239 0.0000000000
65180  -54.079  -4.506  32.168 0.0000000000
69278  -51.953  2.089  26.907 0.0000000000
69280  -53.026  2.198  27.521 0.0000000000
68235  -52.297  1.724  26.744 0.0000000000
67273  -52.592  -0.077  27.521 0.0000000000
68245  -51.702  0.941  25.974 0.0000000000
72498  -52.037  2.710  24.714 0.0000000000
71440  -51.616  2.192  25.096 0.0000000000
70381  -51.247  1.421  23.297 0.0000000000
73616  -53.402  3.940  21.571 0.0000000000
139157  -54.524  6.121  24.642 0.0000000000
74618  -53.586  5.176  25.547 0.0000000000
74619  -55.127  6.137  26.046 0.0000000000
73587  -56.875  4.078  24.772 0.0000000000
73572  -58.440  5.439  25.585 0.0000000000
71427  -60.775  2.024  23.761 0.0000000000
54246  -54.600  -14.723  34.591 0.0000000000
55361  -55.293  -13.548  33.733 0.0000000000
55348  -55.664  -13.390  34.572 0.0000000000
133034  -53.837  -9.814  36.614 0.0000000000
58705  -54.568  -10.343  35.462 0.0000000000
137973  -54.166  -8.494  36.010 0.0000000000
132607  -54.250  -7.276  35.284 0.0000000000
62980  -53.458  -6.646  35.544 0.0000000000
48560  -24.770  -19.769  48.130 0.0000000000
48545  -24.881  -18.713  48.460 0.0000000000
49762  -27.559  -18.499  48.010 0.0000000000
48587  -32.360  -19.480  45.887 0.0000000000
48551  -31.943  -20.523  47.656 0.0000000000
47422  -30.911  -20.738  47.893 0.0000000000
46411  -32.236  -21.144  47.565 0.0000000000
45409  -32.972  -21.936  46.919 0.0000000000
46425  -33.859  -21.642  47.208 0.0000000000
45428  -38.244  -22.370  45.147 0.0000000000
44530  -38.951  -22.580  44.278 0.0000000000
46448  -39.595  -22.089  44.746 0.0000000000
128808  -42.897  -20.034  41.162 0.0000000000
48637  -41.452  -19.912  41.432 0.0000000000
47523  -42.796  -20.531  43.044 0.0000000000
46462  -42.506  -21.842  43.600 0.0000000000
46473  -43.818  -21.995  42.788 0.0000000000
45500  -43.906  -22.641  41.759 0.0000000000
45480  -44.530  -22.387  42.002 0.0000000000
46517  -47.107  -21.374  40.670 0.0000000000
46516  -46.322  -22.206  40.914 0.0000000000
46542  -47.576  -21.949  39.890 0.0000000000
46568  -48.540  -21.729  38.759 0.0000000000
49900  -48.173  -18.280  38.351 0.0000000000
50963  -48.706  -17.567  39.118 0.0000000000
50947  -51.152  -17.735  38.811 0.0000000000
49873  -50.632  -18.380  38.919 0.0000000000
49874  -51.453  -18.744  38.199 0.0000000000
47604  -50.540  -20.513  37.426 0.0000000000
48721  -51.657  -19.367  37.295 0.0000000000
49925  -52.050  -18.878  36.663 0.0000000000
142775  -54.555  -15.587  35.955 0.0000000000
52163  -53.603  -16.759  35.824 0.0000000000
53208  -54.013  -15.333  34.743 0.0000000000
53220  -52.791  -15.161  34.063 0.0000000000
49779  -23.517  -18.067  45.684 0.0000000000
49758  -23.189  -17.917  48.077 0.0000000000
128974  -23.902  -18.056  48.824 0.0000000000
128909  -56.266  -12.149  32.312 0.0000000000
57656  -57.224  -11.329  31.585 0.0000000000
145279  -58.813  -7.131  29.853 0.0000000000
68172  -52.679  -0.472  32.427 0.0000000000
68188  -55.513  -1.349  31.551 0.0000000000
69224  -55.156  1.267  32.131 0.0000000000
68224  -55.594  -0.700  29.388 0.0000000000
68226  -57.654  -0.965  29.317 0.0000000000
70366  -50.338  1.595  25.463 0.0000000000
137077  -49.361  1.024  24.741 0.0000000000
69318  -49.978  1.159  25.489 0.0000000000
128029  -49.865  0.965  25.801 0.0000000000
68279  -50.751  0.364  24.884 0.0000000000
67306  -50.316  -0.755  25.135 0.0000000000
141377  -57.653  4.958  23.222 0.0000000000
74654  -59.310  5.358  24.627 0.0000000000
73621  -58.940  3.749  22.349 0.0000000000
72517  -61.242  2.909  21.972 0.0000000000
54232  -54.511  -14.211  36.355 0.0000000000
56504  -55.008  -12.689  35.741 0.0000000000
56479  -54.388  -12.608  36.423 0.0000000000
58677  -53.311  -10.102  37.111 0.0000000000
59833  -53.058  -9.283  37.006 0.0000000000
145416  -24.243  -17.974  46.319 0.0000000000
126379  -25.444  -18.053  48.140 0.0000000000
49771  -27.768  -18.273  47.005 0.0000000000
48659  -44.313  -20.144  40.897 0.0000000000
47539  -45.266  -21.038  41.882 0.0000000000
48640  -45.742  -20.288  41.264 0.0000000000
48661  -46.437  -20.031  41.089 0.0000000000
48662  -47.119  -19.418  40.640 0.0000000000
53187  -49.751  -15.720  36.987 0.0000000000
52143  -49.553  -16.014  38.918 0.0000000000
53174  -50.222  -15.176  39.145 0.0000000000
52144  -51.221  -15.996  39.108 0.0000000000
135126  -52.236  -16.327  38.212 0.0000000000
50965  -53.256  -17.516  37.098 0.0000000000
133722  -52.922  -15.986  37.541 0.0000000000
53189  -54.019  -14.825  36.699 0.0000000000
49790  -23.315  -18.312  44.337 0.0000000000
60971  -55.171  -8.267  32.278 0.0000000000
150242  -56.700  -9.782  31.511 0.0000000000
62027  -56.096  -6.980  31.753 0.0000000000
63039  -57.071  -6.098  31.349 0.0000000000
65199  -58.163  -4.722  30.521 0.0000000000
69251  -52.847  1.511  30.358 0.0000000000
71341  -55.399  2.884  30.989 0.0000000000
71355  -54.034  2.952  29.056 0.0000000000
138648  -54.570  0.436  29.166 0.0000000000
73581  -51.205  2.973  25.068 0.0000000000
72475  -50.133  2.119  24.413 0.0000000000
72476  -50.918  2.300  25.682 0.0000000000
71422  -51.219  2.179  25.888 0.0000000000
55336  -51.037  -13.278  35.847 0.0000000000
54245  -50.512  -14.056  35.270 0.0000000000
66228  -52.087  -3.267  32.823 0.0000000000
69249  -50.977  -0.128  31.077 0.0000000000
69265  -51.270  0.032  29.583 0.0000000000
68233  -50.272  -0.388  27.659 0.0000000000
69287  -50.834  1.312  26.534 0.0000000000
132702  -51.590  4.061  23.075 0.0000000000
74632  -52.321  4.406  24.989 0.0000000000
73584  -52.715  4.346  25.397 0.0000000000
72499  -52.853  2.852  23.719 0.0000000000
72467  -59.834  3.951  25.074 0.0000000000
71448  -58.981  1.461  23.170 0.0000000000
140535  -54.033  -13.082  32.725 0.0000000000
55383  -56.023  -12.692  33.386 0.0000000000
58719  -56.388  -11.498  33.099 0.0000000000
57580  -55.709  -12.151  34.519 0.0000000000
58706  -55.326  -11.204  34.479 0.0000000000
59866  -55.029  -9.963  33.465 0.0000000000
62018  -54.722  -7.428  33.170 0.0000000000
63021  -54.412  -5.729  33.930 0.0000000000
129960  -52.321  -11.077  35.515 0.0000000000
58704  -52.483  -10.112  34.495 0.0000000000
62003  -52.685  -6.909  33.997 0.0000000000
48558  -23.321  -19.974  47.942 0.0000000000
150382  -24.214  -20.026  47.392 0.0000000000
46445  -29.918  -21.032  44.947 0.0000000000
126643  -28.190  -18.292  44.349 0.0000000000
49772  -28.568  -18.352  46.490 0.0000000000
149016  -29.633  -18.860  47.782 0.0000000000
46421  -30.457  -20.934  47.688 0.0000000000
45452  -34.287  -22.679  44.534 0.0000000000
45453  -36.101  -22.796  44.004 0.0000000000
142622  -39.140  -19.945  42.688 0.0000000000
48618  -40.532  -20.004  42.477 0.0000000000
47500  -40.149  -20.672  44.295 0.0000000000
46449  -41.257  -21.915  44.244 0.0000000000
45476  -41.527  -22.563  43.151 0.0000000000
45502  -45.097  -22.429  41.620 0.0000000000
49870  -46.857  -18.952  38.355 0.0000000000
49844  -47.733  -18.493  39.944 0.0000000000
48681  -48.693  -18.913  40.101 0.0000000000
50941  -49.476  -17.161  39.392 0.0000000000
48682  -49.466  -18.808  39.600 0.0000000000
47567  -49.263  -19.835  39.442 0.0000000000
47603  -49.939  -21.007  37.736 0.0000000000
46606  -49.541  -21.673  36.893 0.0000000000
51037  -50.851  -17.582  34.584 0.0000000000
51011  -53.140  -17.572  36.240 0.0000000000
51038  -51.731  -17.322  35.016 0.0000000000
52178  -51.156  -16.822  34.338 0.0000000000
53218  -50.962  -15.701  33.311 0.0000000000
124797  -23.580  -19.078  48.837 0.0000000000
66230  -54.341  -3.651  31.569 0.0000000000
145434  -56.606  -2.979  30.891 0.0000000000
66244  -58.152  -2.915  30.228 0.0000000000
69252  -56.912  1.138  30.488 0.0000000000
68209  -58.171  -1.544  29.369 0.0000000000
65218  -59.110  -4.068  28.993 0.0000000000
68253  -48.584  -0.783  25.986 0.0000000000
69296  -50.436  1.136  26.188 0.0000000000
71439  -49.692  1.882  23.843 0.0000000000
70378  -48.794  1.055  23.455 0.0000000000
69317  -49.291  0.784  25.049 0.0000000000
69307  -50.019  1.186  25.801 0.0000000000
68254  -51.709  1.126  25.839 0.0000000000
67295  -51.242  -0.208  25.899 0.0000000000
47446  -22.002  -20.896  46.269 0.0000000000
56455  -52.173  -12.294  37.777 0.0000000000
48717  -44.183  -19.581  37.781 0.0000000000
48698  -45.270  -19.544  38.921 0.0000000000
55323  -51.111  -12.951  37.113 0.0000000000
55307  -51.487  -12.947  38.038 0.0000000000
55308  -52.007  -12.930  38.178 0.0000000000
65167  -54.164  -4.910  33.213 0.0000000000
65166  -53.269  -4.626  33.022 0.0000000000
68246  -51.564  1.665  26.686 0.0000000000
71441  -51.732  2.010  23.594 0.0000000000
73602  -55.861  4.969  22.843 0.0000000000
74651  -55.518  6.153  24.264 0.0000000000
74634  -55.316  6.493  25.421 0.0000000000
74635  -56.261  6.642  25.425 0.0000000000
74620  -56.375  6.456  26.009 0.0000000000
75652  -57.659  6.212  25.758 0.0000000000
54247  -55.021  -14.626  34.910 0.0000000000
54256  -55.157  -14.108  34.362 0.0000000000
131662  -55.374  -14.023  34.689 0.0000000000
60923  -53.337  -8.162  36.582 0.0000000000
59835  -53.719  -8.739  36.509 0.0000000000
60924  -53.816  -8.022  36.313 0.0000000000
61968  -53.759  -7.166  35.859 0.0000000000
61967  -53.202  -7.146  36.168 0.0000000000
49746  -24.546  -18.019  48.529 0.0000000000
50899  -25.003  -18.042  48.464 0.0000000000
47452  -33.129  -20.015  46.412 0.0000000000
48576  -32.286  -19.849  47.066 0.0000000000
47436  -32.742  -20.617  47.421 0.0000000000
47424  -32.252  -20.857  47.635 0.0000000000
46412  -33.035  -21.090  47.469 0.0000000000
46424  -32.995  -21.542  47.285 0.0000000000
47475  -38.153  -20.651  45.005 0.0000000000
47457  -37.690  -21.310  45.461 0.0000000000
47458  -38.522  -21.470  45.304 0.0000000000
45429  -38.826  -22.103  45.156 0.0000000000
47459  -39.277  -21.541  45.028 0.0000000000
48638  -43.137  -20.295  42.119 0.0000000000
47524  -43.559  -21.183  42.967 0.0000000000
45479  -43.953  -22.467  42.201 0.0000000000
46474  -44.396  -21.979  42.414 0.0000000000
46518  -47.874  -21.021  40.254 0.0000000000
45543  -47.944  -22.237  39.058 0.0000000000
46543  -48.271  -21.386  39.544 0.0000000000
128980  -48.597  -17.899  37.882 0.0000000000
50964  -49.164  -17.142  38.037 0.0000000000
49875  -52.018  -18.130  37.968 0.0000000000
49901  -52.015  -18.824  37.531 0.0000000000
48702  -51.458  -19.286  37.755 0.0000000000
48722  -52.422  -18.721  37.039 0.0000000000
53198  -54.832  -15.042  35.543 0.0000000000
52165  -54.455  -15.606  35.673 0.0000000000
53209  -54.554  -15.243  35.152 0.0000000000
49769  -22.905  -17.993  46.348 0.0000000000
57638  -56.637  -11.733  32.593 0.0000000000
57655  -56.752  -11.740  32.110 0.0000000000
57639  -57.082  -11.295  32.032 0.0000000000
139089  -59.079  -6.495  29.585 0.0000000000
60998  -59.131  -8.432  29.312 0.0000000000
62045  -59.262  -7.421  29.310 0.0000000000
63062  -59.455  -6.539  28.978 0.0000000000
141261  -52.580  0.144  32.445 0.0000000000
69223  -54.472  0.732  32.343 0.0000000000
70277  -54.500  1.501  32.134 0.0000000000
72511  -49.851  2.435  22.771 0.0000000000
69325  -50.671  0.504  24.949 0.0000000000
55325  -54.022  -13.142  36.736 0.0000000000
58670  -53.073  -10.605  37.322 0.0000000000
57561  -53.411  -10.978  37.214 0.0000000000
59814  -53.087  -9.804  37.117 0.0000000000
59847  -52.777  -9.671  36.540 0.0000000000
125550  -27.156  -18.246  46.007 0.0000000000
142112  -43.593  -19.716  39.061 0.0000000000
48677  -43.313  -19.799  39.582 0.0000000000
48658  -43.357  -19.947  40.428 0.0000000000
48639  -44.967  -20.399  41.449 0.0000000000
48660  -45.200  -19.928  40.538 0.0000000000
126306  -46.272  -19.685  40.715 0.0000000000
144299  -47.315  -18.854  40.212 0.0000000000
53188  -49.981  -15.065  37.503 0.0000000000
53180  -49.764  -15.416  38.204 0.0000000000
133887  -50.236  -14.657  38.444 0.0000000000
149973  -51.148  -14.706  38.837 0.0000000000
53175  -50.776  -15.172  39.161 0.0000000000
143937  -51.565  -15.362  38.710 0.0000000000
146025  -52.277  -15.458  38.206 0.0000000000
60980  -55.863  -8.002  31.612 0.0000000000
62019  -55.386  -6.966  32.374 0.0000000000
64058  -55.758  -5.130  31.922 0.0000000000
142071  -56.385  -5.911  31.774 0.0000000000
64059  -56.711  -5.064  31.423 0.0000000000
64060  -57.399  -5.247  31.060 0.0000000000
65183  -57.327  -4.582  30.945 0.0000000000
70294  -52.463  1.462  29.141 0.0000000000
70295  -53.732  2.613  30.026 0.0000000000
70309  -53.205  2.584  28.505 0.0000000000
68236  -52.807  1.425  27.394 0.0000000000
69267  -53.759  2.018  28.419 0.0000000000
68237  -53.562  0.959  28.249 0.0000000000
71423  -51.081  2.300  25.771 0.0000000000
70379  -51.066  0.845  24.969 0.0000000000
68221  -50.393  -0.706  29.878 0.0000000000
69277  -51.164  1.127  27.158 0.0000000000
68244  -49.893  -0.198  26.925 0.0000000000
73615  -52.377  4.075  22.020 0.0000000000
73614  -51.433  3.588  21.637 0.0000000000
149830  -52.149  4.508  23.059 0.0000000000
73599  -51.830  4.305  24.190 0.0000000000
74648  -52.436  4.860  23.917 0.0000000000
73569  -53.963  5.455  25.730 0.0000000000
73568  -53.195  4.837  25.602 0.0000000000
73585  -53.311  4.534  25.440 0.0000000000
72479  -53.096  3.589  24.554 0.0000000000
145938  -54.115  3.515  23.949 0.0000000000
72500  -53.868  2.716  23.246 0.0000000000
148414  -56.996  2.801  23.896 0.0000000000
74655  -60.001  4.784  24.531 0.0000000000
73574  -59.802  4.685  25.023 0.0000000000
72468  -60.429  3.707  24.582 0.0000000000
70385  -60.652  0.913  22.676 0.0000000000
71449  -60.173  1.345  23.283 0.0000000000
54266  -52.620  -14.045  33.055 0.0000000000
55380  -53.307  -13.487  32.868 0.0000000000
55360  -54.330  -13.570  33.329 0.0000000000
55363  -55.988  -13.005  33.872 0.0000000000
140087  -55.788  -13.155  33.742 0.0000000000
56562  -56.166  -12.491  33.401 0.0000000000
57618  -56.435  -12.115  33.232 0.0000000000
56505  -55.584  -12.792  34.940 0.0000000000
57579  -55.035  -11.990  35.454 0.0000000000
59858  -54.451  -9.300  35.256 0.0000000000
58717  -54.833  -10.214  34.384 0.0000000000
58718  -55.642  -10.966  33.674 0.0000000000
59872  -54.646  -9.043  33.363 0.0000000000
60962  -54.510  -8.044  34.057 0.0000000000
61988  -53.989  -6.500  35.276 0.0000000000
62004  -54.402  -6.570  34.397 0.0000000000
48570  -23.428  -20.062  46.870 0.0000000000
125693  -25.590  -17.955  47.010 0.0000000000
49748  -25.905  -18.628  48.169 0.0000000000
47450  -28.196  -20.538  46.058 0.0000000000
124948  -28.910  -20.677  47.085 0.0000000000
47451  -29.049  -20.749  45.531 0.0000000000
145635  -29.893  -21.025  46.555 0.0000000000
49782  -28.778  -18.346  45.162 0.0000000000
49752  -30.003  -19.172  48.058 0.0000000000
129922  -29.504  -19.871  48.242 0.0000000000
131176  -30.521  -20.056  48.042 0.0000000000
46422  -31.481  -21.270  47.393 0.0000000000
46409  -30.861  -20.799  47.829 0.0000000000
131169  -30.933  -21.377  46.554 0.0000000000
130802  -31.301  -21.632  45.325 0.0000000000
45423  -33.655  -22.364  46.110 0.0000000000
148317  -33.358  -22.439  45.517 0.0000000000
45436  -33.709  -22.561  45.089 0.0000000000
125316  -34.220  -22.560  45.469 0.0000000000
45427  -37.250  -22.372  45.447 0.0000000000
44519  -36.415  -22.517  45.496 0.0000000000
44527  -36.248  -22.739  45.020 0.0000000000
44539  -36.004  -22.762  44.647 0.0000000000
44540  -36.694  -22.776  44.543 0.0000000000
44541  -37.508  -22.739  44.430 0.0000000000
45456  -38.884  -22.688  43.866 0.0000000000
140000  -39.542  -22.574  43.053 0.0000000000
45475  -40.636  -22.566  43.365 0.0000000000
48619  -41.312  -20.047  42.289 0.0000000000
47521  -41.190  -20.316  43.292 0.0000000000
48603  -40.404  -20.276  43.458 0.0000000000
47501  -41.036  -20.717  44.112 0.0000000000
47478  -40.801  -21.392  44.421 0.0000000000
47479  -41.475  -21.396  44.182 0.0000000000
45460  -42.748  -22.317  43.159 0.0000000000
45459  -42.071  -22.231  43.552 0.0000000000
45477  -42.245  -22.471  43.148 0.0000000000
129632  -44.207  -22.746  41.265 0.0000000000
45519  -43.764  -22.758  40.922 0.0000000000
126392  -44.502  -22.896  40.642 0.0000000000
46494  -45.436  -21.626  41.754 0.0000000000
46495  -45.866  -21.902  41.431 0.0000000000
49899  -47.495  -18.718  37.725 0.0000000000
49872  -48.295  -18.144  39.556 0.0000000000
49845  -48.344  -18.411  40.065 0.0000000000
52136  -49.695  -16.342  39.381 0.0000000000
48683  -50.194  -18.887  39.079 0.0000000000
49847  -49.767  -18.000  39.559 0.0000000000
47584  -49.679  -20.592  38.491 0.0000000000
46588  -50.034  -21.179  37.222 0.0000000000
133807  -50.028  -21.236  36.916 0.0000000000
49940  -50.998  -18.794  35.542 0.0000000000
130374  -53.611  -16.627  36.757 0.0000000000
50986  -53.334  -17.496  36.719 0.0000000000
52180  -53.136  -16.409  35.148 0.0000000000
51039  -52.731  -17.117  35.455 0.0000000000
52179  -52.156  -16.549  34.693 0.0000000000
52197  -51.472  -16.125  33.980 0.0000000000
53206  -52.304  -15.845  34.318 0.0000000000
54254  -52.941  -14.536  33.618 0.0000000000
54253  -52.149  -14.683  33.343 0.0000000000
59882  -56.774  -8.831  31.141 0.0000000000
59883  -57.547  -10.014  31.042 0.0000000000
59889  -58.159  -9.534  30.367 0.0000000000
67228  -52.699  -2.846  31.943 0.0000000000
67229  -53.618  -2.898  31.603 0.0000000000
67231  -56.091  -2.262  31.229 0.0000000000
67245  -57.232  -1.821  30.713 0.0000000000
149959  -57.524  -2.607  30.548 0.0000000000
67246  -57.972  -1.746  30.215 0.0000000000
71374  -55.633  2.721  30.296 0.0000000000
71359  -56.215  2.399  30.874 0.0000000000
70312  -56.365  2.028  30.134 0.0000000000
68227  -57.857  -0.902  29.569 0.0000000000
67276  -58.336  -2.055  29.086 0.0000000000
131525  -58.638  -2.745  29.104 0.0000000000
65228  -58.795  -3.844  28.787 0.0000000000
69295  -49.614  0.367  26.092 0.0000000000
71420  -49.781  1.403  24.860 0.0000000000
70377  -48.537  0.636  23.726 0.0000000000
69306  -49.910  1.135  25.782 0.0000000000
69308  -50.895  1.020  25.734 0.0000000000
67307  -51.219  0.497  25.419 0.0000000000
55324  -53.135  -12.722  37.524 0.0000000000
56456  -52.736  -12.014  37.612 0.0000000000
57560  -52.757  -11.548  37.445 0.0000000000
57566  -52.736  -10.925  37.238 0.0000000000
48678  -44.949  -19.709  39.574 0.0000000000
48699  -46.202  -19.246  38.986 0.0000000000
54226  -50.524  -13.917  37.861 0.0000000000
54218  -50.897  -13.779  38.344 0.0000000000
54219  -51.348  -14.109  38.580 0.0000000000
53181  -52.640  -14.963  37.836 0.0000000000
54220  -52.157  -13.859  38.297 0.0000000000
55309  -52.632  -13.258  37.817 0.0000000000
63022  -54.924  -5.621  33.144 0.0000000000
139087  -55.398  -6.026  32.683 0.0000000000
64041  -54.930  -5.232  32.856 0.0000000000
150802  -54.860  -4.913  32.496 0.0000000000
65181  -55.269  -4.321  31.626 0.0000000000
70308  -52.654  2.339  27.758 0.0000000000
69279  -52.506  2.079  27.291 0.0000000000
127192  -52.015  -0.046  26.816 0.0000000000
72497  -51.607  2.693  24.945 0.0000000000
74661  -53.761  4.823  22.642 0.0000000000
74650  -53.931  5.581  23.720 0.0000000000
74649  -53.213  5.283  23.712 0.0000000000
130375  -53.690  5.703  24.996 0.0000000000
138195  -54.585  5.990  25.897 0.0000000000
146695  -54.767  5.585  25.768 0.0000000000
73586  -55.540  4.289  24.643 0.0000000000
73570  -55.965  5.551  25.595 0.0000000000
73571  -57.315  5.631  25.693 0.0000000000
142355  -58.020  4.539  25.365 0.0000000000
73590  -61.417  2.933  23.513 0.0000000000
72485  -60.982  2.722  24.085 0.0000000000
71428  -61.499  1.892  23.383 0.0000000000
70386  -61.629  1.029  22.519 0.0000000000
70424  -60.246  0.489  20.261 0.0000000000
54255  -54.596  -14.205  33.966 0.0000000000
55362  -55.584  -13.540  34.159 0.0000000000
56535  -55.939  -12.838  34.284 0.0000000000
59848  -54.189  -9.264  36.141 0.0000000000
60956  -54.396  -8.313  35.170 0.0000000000
60943  -54.106  -7.772  35.866 0.0000000000
62991  -53.360  -6.131  34.990 0.0000000000
48544  -24.330  -18.959  48.531 0.0000000000
135521  -25.564  -19.335  48.223 0.0000000000
47421  -29.055  -20.257  48.285 0.0000000000
48550  -31.245  -20.545  47.811 0.0000000000
47423  -31.663  -20.891  47.752 0.0000000000
46410  -31.538  -20.973  47.690 0.0000000000
46423  -32.255  -21.385  47.357 0.0000000000
46436  -32.266  -21.724  46.757 0.0000000000
45410  -33.778  -22.018  46.925 0.0000000000
44529  -38.028  -22.618  44.758 0.0000000000
45439  -38.938  -22.367  44.743 0.0000000000
125083  -39.787  -22.433  44.308 0.0000000000
134063  -42.098  -19.920  41.024 0.0000000000
145769  -42.569  -20.052  41.584 0.0000000000
48620  -42.190  -20.095  42.094 0.0000000000
47522  -41.971  -20.370  43.111 0.0000000000
47480  -42.004  -21.465  43.883 0.0000000000
45478  -43.329  -22.359  42.692 0.0000000000
45501  -44.426  -22.668  41.489 0.0000000000
46496  -46.442  -21.331  41.176 0.0000000000
45523  -46.773  -22.449  40.241 0.0000000000
45562  -48.363  -22.321  38.199 0.0000000000
49924  -48.099  -18.363  37.214 0.0000000000
50942  -50.734  -16.628  39.352 0.0000000000
136830  -50.242  -17.280  39.485 0.0000000000
48701  -50.842  -19.387  38.296 0.0000000000
47585  -50.449  -20.250  38.017 0.0000000000
48720  -51.060  -19.845  37.625 0.0000000000
47605  -51.146  -20.022  37.159 0.0000000000
48740  -51.720  -19.423  36.938 0.0000000000
49941  -51.801  -18.546  35.985 0.0000000000
52164  -54.157  -16.237  36.070 0.0000000000
52181  -53.970  -15.924  35.385 0.0000000000
53207  -53.230  -15.766  34.685 0.0000000000
148802  -53.469  -15.260  34.446 0.0000000000
53221  -53.745  -14.762  34.172 0.0000000000
62037  -58.220  -7.335  30.408 0.0000000000
60991  -58.220  -8.514  30.271 0.0000000000
60992  -58.639  -8.982  29.786 0.0000000000
68187  -54.222  -1.597  31.752 0.0000000000
68173  -53.846  -0.223  32.386 0.0000000000
69235  -55.026  0.098  32.142 0.0000000000
139924  -56.231  0.001  31.561 0.0000000000
142880  -55.775  0.374  29.462 0.0000000000
70367  -51.048  1.981  25.975 0.0000000000
129192  -49.881  1.104  25.728 0.0000000000
74652  -56.849  5.889  24.006 0.0000000000
74653  -58.228  5.797  24.510 0.0000000000
73605  -59.786  4.565  23.592 0.0000000000
73606  -60.531  4.122  23.733 0.0000000000
73622  -60.280  3.613  22.548 0.0000000000
73623  -61.089  3.500  23.012 0.0000000000
72518  -61.656  2.802  22.831 0.0000000000
54237  -55.039  -14.459  35.713 0.0000000000
55338  -55.411  -13.931  35.218 0.0000000000
55337  -54.971  -13.539  35.939 0.0000000000
133721  -54.252  -11.677  36.500 0.0000000000
56478  -53.545  -11.997  37.209 0.0000000000
58678  -53.765  -10.650  36.845 0.0000000000
59834  -53.261  -9.171  36.856 0.0000000000
129113  -53.211  -8.605  36.723 0.0000000000
49760  -24.813  -17.950  47.633 0.0000000000
125551  -26.373  -18.106  46.554 0.0000000000
49770  -26.965  -18.265  47.428 0.0000000000
47498  -38.434  -20.358  44.316 0.0000000000
48657  -42.575  -19.890  40.469 0.0000000000
129679  -43.713  -20.243  41.465 0.0000000000
141282  -44.398  -20.454  41.716 0.0000000000
47538  -44.663  -20.851  42.131 0.0000000000
134956  -46.774  -20.413  41.027 0.0000000000
47550  -47.563  -20.150  40.594 0.0000000000
52148  -49.508  -16.292  37.523 0.0000000000
52137  -49.896  -15.745  39.368 0.0000000000
52138  -50.421  -15.781  39.431 0.0000000000
50948  -51.693  -17.064  38.565 0.0000000000
50949  -52.625  -17.492  37.642 0.0000000000
149685  -53.054  -17.928  37.172 0.0000000000
52149  -53.065  -16.881  37.426 0.0000000000
53182  -53.528  -15.490  37.072 0.0000000000
52155  -54.238  -15.751  36.340 0.0000000000
53190  -54.732  -15.099  36.098 0.0000000000
59874  -56.273  -10.159  32.093 0.0000000000
59881  -55.837  -9.118  31.701 0.0000000000
136506  -56.721  -7.578  31.305 0.0000000000
138699  -55.928  -6.246  32.069 0.0000000000
62028  -56.632  -6.523  31.556 0.0000000000
62029  -57.380  -6.957  31.041 0.0000000000
63051  -57.814  -6.324  30.782 0.0000000000
64073  -58.157  -5.627  30.592 0.0000000000
146500  -58.658  -5.145  30.162 0.0000000000
70282  -53.298  1.582  31.374 0.0000000000
70296  -54.131  2.143  31.389 0.0000000000
71356  -54.733  3.055  30.334 0.0000000000
70311  -55.412  2.353  29.687 0.0000000000
70318  -53.357  2.521  28.160 0.0000000000
70310  -54.148  2.744  28.964 0.0000000000
69268  -54.989  1.491  29.293 0.0000000000
72496  -50.478  2.813  23.738 0.0000000000
56503  -51.504  -12.519  36.227 0.0000000000
143502  -49.387  -16.319  36.463 0.0000000000
53197  -50.000  -15.220  36.493 0.0000000000
55322  -50.647  -13.782  36.794 0.0000000000
66215  -52.273  -3.996  33.176 0.0000000000
66216  -52.622  -4.069  32.892 0.0000000000
67210  -51.358  -2.446  32.986 0.0000000000
67211  -51.940  -1.943  32.464 0.0000000000
69221  -51.833  -0.198  32.497 0.0000000000
69233  -51.380  -0.091  32.153 0.0000000000
69250  -51.909  0.628  30.925 0.0000000000
137155  -51.782  0.527  29.760 0.0000000000
68234  -50.453  -0.584  28.578 0.0000000000
128677  -51.367  0.494  28.278 0.0000000000
72513  -50.756  3.105  21.333 0.0000000000
147351  -50.698  3.264  22.315 0.0000000000
73598  -51.001  3.524  23.441 0.0000000000
138943  -51.436  3.736  24.286 0.0000000000
73582  -51.719  3.726  24.864 0.0000000000
74633  -52.885  5.110  25.029 0.0000000000
73583  -52.268  3.962  25.220 0.0000000000
72478  -52.161  3.412  25.205 0.0000000000
71442  -52.636  2.170  22.879 0.0000000000
72480  -55.083  3.279  23.760 0.0000000000
74623  -58.959  5.408  25.395 0.0000000000
73573  -59.283  4.802  25.336 0.0000000000
72466  -58.944  4.027  25.260 0.0000000000
72484  -60.344  2.942  24.460 0.0000000000
71426  -59.785  2.116  23.890 0.0000000000
55381  -54.959  -13.046  32.962 0.0000000000
147686  -56.081  -12.504  32.886 0.0000000000
56591  -56.396  -12.220  32.869 0.0000000000
145824  -55.444  -13.332  35.256 0.0000000000
57599  -55.027  -11.391  35.165 0.0000000000
57617  -56.111  -11.826  33.783 0.0000000000
58727  -55.950  -10.616  32.886 0.0000000000
59873  -55.207  -9.415  32.554 0.0000000000
60970  -54.673  -8.477  32.972 0.0000000000
65152  -53.527  -4.942  33.666 0.0000000000
130707  -51.889  -11.911  36.655 0.0000000000
58690  -52.583  -10.552  36.536 0.0000000000
135627  -52.519  -10.291  35.517 0.0000000000
59857  -52.620  -9.360  35.471 0.0000000000
125929  -52.887  -8.632  36.519 0.0000000000
60942  -52.930  -7.740  36.345 0.0000000000
125139  -52.865  -7.230  35.815 0.0000000000
61987  -52.894  -6.644  35.005 0.0000000000
142340  -52.582  -4.454  33.264 0.0000000000
49747  -25.273  -18.451  48.359 0.0000000000
125549  -27.965  -18.277  45.554 0.0000000000
49764  -29.142  -18.605  47.482 0.0000000000
45422  -32.801  -22.176  46.018 0.0000000000
45411  -34.580  -22.021  46.807 0.0000000000
44517  -35.154  -22.550  45.741 0.0000000000
45437  -34.838  -22.651  45.268 0.0000000000
44542  -38.268  -22.689  44.283 0.0000000000
45455  -37.922  -22.722  43.789 0.0000000000
48601  -38.619  -20.086  43.302 0.0000000000
47499  -39.227  -20.422  44.252 0.0000000000
48636  -40.587  -19.839  41.410 0.0000000000
134319  -39.798  -19.977  42.629 0.0000000000
48602  -39.566  -20.188  43.476 0.0000000000
47477  -40.026  -21.501  44.673 0.0000000000
45440  -40.563  -22.124  44.366 0.0000000000
148185  -40.735  -22.447  43.915 0.0000000000
46450  -41.802  -21.937  43.969 0.0000000000
45441  -41.364  -22.195  43.969 0.0000000000
147897  -41.154  -22.438  43.566 0.0000000000
149039  -41.052  -22.611  42.918 0.0000000000
46475  -44.950  -21.840  42.112 0.0000000000
45521  -45.031  -22.909  41.065 0.0000000000
45503  -45.584  -22.672  41.069 0.0000000000
145578  -45.443  -22.940  40.681 0.0000000000
44562  -45.242  -23.034  40.523 0.0000000000
48719  -46.176  -19.231  37.945 0.0000000000
49843  -47.068  -18.831  39.499 0.0000000000
49871  -47.609  -18.549  38.948 0.0000000000
49827  -47.722  -18.791  40.330 0.0000000000
48663  -47.985  -19.166  40.416 0.0000000000
50946  -49.340  -16.952  39.254 0.0000000000
49846  -48.930  -18.039  39.831 0.0000000000
46544  -48.972  -20.934  39.124 0.0000000000
46569  -49.140  -21.527  38.146 0.0000000000
46587  -49.422  -21.637  37.433 0.0000000000
50985  -52.987  -18.112  36.856 0.0000000000
49942  -52.525  -18.309  36.493 0.0000000000
51010  -52.294  -17.870  35.760 0.0000000000
53219  -51.795  -15.413  33.654 0.0000000000
53233  -51.324  -14.989  32.948 0.0000000000
58739  -57.154  -10.716  31.779 0.0000000000
66229  -53.182  -3.726  32.012 0.0000000000
136334  -55.551  -3.346  31.287 0.0000000000
67230  -54.814  -2.665  31.432 0.0000000000
66231  -56.217  -3.785  31.173 0.0000000000
66243  -57.198  -3.650  30.774 0.0000000000
146294  -57.929  -3.958  30.530 0.0000000000
65200  -58.774  -4.487  29.905 0.0000000000
70283  -55.324  2.163  31.691 0.0000000000
69237  -56.496  1.085  31.280 0.0000000000
139989  -57.048  0.183  30.725 0.0000000000
69253  -57.570  0.027  30.013 0.0000000000
68207  -57.591  -0.789  30.360 0.0000000000
67247  -58.299  -1.962  29.710 0.0000000000
136265  -58.787  -3.812  29.581 0.0000000000
64088  -59.318  -4.887  29.048 0.0000000000
67293  -49.195  -0.675  26.552 0.0000000000
69297  -51.127  1.605  26.411 0.0000000000
71438  -49.056  1.495  22.908 0.0000000000
69305  -49.152  0.486  25.308 0.0000000000
67294  -50.501  -1.907  26.621 0.0000000000
45458  -41.550  -22.366  43.554 0.0000000000
46438  -37.987  -22.097  45.439 0.0000000000
47503  -42.405  -21.017  43.592 0.0000000000
47525  -44.199  -21.379  42.521 0.0000000000
47526  -44.707  -21.403  42.244 0.0000000000
49903  -53.122  -18.024  37.019 0.0000000000
53173  -49.846  -15.310  38.991 0.0000000000
55382  -55.698  -12.892  33.280 0.0000000000
60922  -53.146  -8.006  36.638 0.0000000000
60999  -59.442  -8.041  28.810 0.0000000000
61955  -53.382  -7.560  36.362 0.0000000000
61966  -53.035  -7.229  36.306 0.0000000000
62038  -58.759  -7.977  29.787 0.0000000000
62046  -59.438  -7.312  28.680 0.0000000000
62979  -53.116  -6.667  35.738 0.0000000000
62992  -53.716  -6.082  35.026 0.0000000000
63038  -56.604  -5.541  31.568 0.0000000000
63052  -58.546  -6.438  30.234 0.0000000000
64087  -59.073  -5.056  29.583 0.0000000000
65217  -59.055  -4.305  29.321 0.0000000000
66245  -58.558  -2.944  29.558 0.0000000000
66270  -58.452  -2.868  28.831 0.0000000000
66271  -58.870  -3.516  29.181 0.0000000000
67264  -58.418  -2.163  29.290 0.0000000000
68208  -58.031  -1.065  29.799 0.0000000000
68239  -58.061  -1.476  29.169 0.0000000000
68255  -51.762  1.819  26.035 0.0000000000
69222  -53.626  0.526  32.396 0.0000000000
69236  -55.717  0.915  31.832 0.0000000000
69270  -57.058  1.112  30.089 0.0000000000
70276  -53.457  1.051  32.241 0.0000000000
70284  -55.865  1.746  31.619 0.0000000000
70285  -56.424  1.944  31.019 0.0000000000
70297  -56.559  1.885  30.534 0.0000000000
70317  -52.842  2.306  27.604 0.0000000000
70409  -60.141  0.527  21.182 0.0000000000
71342  -55.920  2.483  31.200 0.0000000000
71357  -55.285  2.999  30.461 0.0000000000
71358  -55.791  2.785  30.786 0.0000000000
71373  -54.797  2.984  29.785 0.0000000000
71375  -56.163  2.423  30.588 0.0000000000
71450  -61.207  1.349  23.134 0.0000000000
72483  -59.448  3.007  24.606 0.0000000000
72486  -61.347  2.617  23.654 0.0000000000
72503  -61.782  2.270  23.118 0.0000000000
73567  -52.911  4.579  25.528 0.0000000000
73588  -60.441  4.224  24.463 0.0000000000
73589  -61.016  3.324  24.094 0.0000000000
73603  -56.802  4.444  22.555 0.0000000000
74621  -57.502  6.281  25.826 0.0000000000
74622  -58.175  5.965  25.626 0.0000000000
74637  -58.515  5.845  25.432 0.0000000000
74638  -59.477  5.189  25.056 0.0000000000
75633  -56.813  6.433  25.883 0.0000000000
75651  -55.780  6.418  25.984 0.0000000000
129363  -58.489  -3.796  30.097 0.0000000000
133979  -42.206  -22.600  42.731 0.0000000000
137314  -57.415  -5.750  31.101 0.0000000000
137526  -58.840  -5.752  29.925 0.0000000000
139478  -54.889  2.539  31.440 0.0000000000
140389  -39.537  -20.928  44.715 0.0000000000
140781  -59.131  -4.686  28.822 0.0000000000
142212  -57.643  -9.036  30.597 0.0000000000
144384  -61.744  1.363  22.733 0.0000000000
144782  -52.380  -10.783  34.753 0.0000000000
145558  -58.835  -3.358  28.991 0.0000000000
149981  -52.863  -18.300  37.014 0.0000000000
150203  -59.948  4.759  24.812 0.0000000000
150724  -50.615  -0.450  30.483 0.0000000000
