#!ascii label  , from subject sub-v1s3x0050781_ses-1 vox2ras=TkReg
1044
54825  21.358  -14.701  39.781 0.0000000000
128643  33.958  -16.428  43.083 0.0000000000
74375  41.655  2.466  24.345 0.0000000000
63003  38.247  -7.827  29.378 0.0000000000
60717  35.437  -9.598  37.103 0.0000000000
140499  53.666  6.450  18.171 0.0000000000
74301  40.559  2.312  29.603 0.0000000000
70789  36.271  -0.365  28.470 0.0000000000
150283  17.358  -17.467  39.892 0.0000000000
53504  27.646  -15.244  41.621 0.0000000000
54860  29.069  -14.592  37.370 0.0000000000
134577  23.156  -13.501  36.001 0.0000000000
128524  46.845  5.289  21.100 0.0000000000
52219  24.550  -15.996  44.819 0.0000000000
54738  20.534  -14.529  45.467 0.0000000000
75492  45.659  3.274  25.703 0.0000000000
52223  15.556  -17.078  44.722 0.0000000000
45427  13.182  -21.875  44.486 0.0000000000
66340  37.918  -4.090  32.468 0.0000000000
60793  37.445  -9.344  32.602 0.0000000000
60797  32.358  -8.877  32.363 0.0000000000
57204  31.522  -12.687  35.322 0.0000000000
73063  40.401  1.015  31.202 0.0000000000
153970  38.768  0.906  29.220 0.0000000000
70747  39.018  -0.216  30.912 0.0000000000
75420  41.784  3.142  32.281 0.0000000000
53583  19.543  -15.924  37.585 0.0000000000
150459  18.361  -17.823  37.753 0.0000000000
52294  19.185  -15.770  40.181 0.0000000000
54806  24.362  -14.309  40.823 0.0000000000
54842  25.178  -13.695  39.078 0.0000000000
55982  22.528  -13.851  37.909 0.0000000000
54917  20.795  -14.922  36.035 0.0000000000
146986  41.995  2.646  22.351 0.0000000000
75465  42.774  3.234  27.797 0.0000000000
137813  43.850  2.663  24.749 0.0000000000
75506  44.515  3.533  22.727 0.0000000000
54704  19.780  -14.204  47.695 0.0000000000
132450  17.581  -15.359  44.534 0.0000000000
54706  17.416  -14.551  47.730 0.0000000000
49929  12.476  -18.705  50.353 0.0000000000
130997  13.316  -19.302  47.418 0.0000000000
134852  12.083  -21.521  46.904 0.0000000000
142895  10.207  -23.382  46.566 0.0000000000
44225  9.360  -22.881  48.914 0.0000000000
142161  38.584  -9.680  34.328 0.0000000000
60749  36.490  -9.490  35.301 0.0000000000
131358  35.032  -8.668  32.314 0.0000000000
129228  34.336  -9.397  35.397 0.0000000000
148031  27.711  -13.686  35.488 0.0000000000
54911  30.583  -14.048  35.790 0.0000000000
56075  28.885  -13.221  33.739 0.0000000000
58488  29.661  -11.847  32.238 0.0000000000
65143  37.326  -5.919  31.011 0.0000000000
66380  35.185  -4.539  29.628 0.0000000000
135761  36.855  -6.752  28.867 0.0000000000
77629  56.768  6.366  16.437 0.0000000000
131253  55.057  6.263  15.510 0.0000000000
139192  40.790  2.435  27.026 0.0000000000
132167  38.242  1.433  26.084 0.0000000000
139127  41.905  3.821  30.173 0.0000000000
52257  30.325  -16.322  42.557 0.0000000000
53527  31.816  -15.717  40.413 0.0000000000
53549  28.284  -14.861  39.830 0.0000000000
56005  26.419  -13.555  36.500 0.0000000000
56056  24.632  -13.298  34.472 0.0000000000
77575  49.227  5.769  25.035 0.0000000000
78651  49.605  6.442  21.699 0.0000000000
78677  50.677  6.587  19.679 0.0000000000
78719  51.624  6.341  16.993 0.0000000000
141727  23.045  -15.389  42.830 0.0000000000
53484  21.119  -15.363  42.870 0.0000000000
147179  23.042  -15.504  44.924 0.0000000000
53457  25.942  -15.752  43.498 0.0000000000
76596  46.232  4.361  22.887 0.0000000000
53486  18.229  -15.701  42.424 0.0000000000
132282  16.466  -17.206  42.112 0.0000000000
47584  14.776  -20.312  42.299 0.0000000000
52181  14.646  -16.890  47.449 0.0000000000
47552  13.966  -20.225  44.400 0.0000000000
132190  5.767  -25.406  50.527 0.0000000000
69647  39.342  -1.563  32.555 0.0000000000
62978  39.004  -7.649  31.214 0.0000000000
61841  39.352  -8.661  32.476 0.0000000000
61853  38.019  -8.594  30.767 0.0000000000
60842  35.817  -8.624  30.802 0.0000000000
61871  33.373  -8.542  30.235 0.0000000000
60862  30.923  -9.576  28.866 0.0000000000
53562  32.293  -14.930  38.445 0.0000000000
57180  32.781  -12.954  37.183 0.0000000000
59604  33.266  -10.733  36.756 0.0000000000
146616  31.469  -10.723  34.000 0.0000000000
59670  30.414  -10.415  31.255 0.0000000000
69680  36.565  -1.844  30.311 0.0000000000
67574  34.083  -3.242  27.533 0.0000000000
71887  41.485  0.631  32.403 0.0000000000
71914  39.938  0.774  30.890 0.0000000000
70726  40.077  -0.224  31.820 0.0000000000
73050  41.879  1.537  32.555 0.0000000000
53552  20.280  -15.183  38.926 0.0000000000
53568  19.601  -15.680  38.569 0.0000000000
53551  20.581  -15.161  39.935 0.0000000000
54808  22.779  -14.466  40.256 0.0000000000
54824  23.532  -14.035  39.690 0.0000000000
54846  21.490  -14.453  38.841 0.0000000000
54865  21.160  -14.510  37.589 0.0000000000
74389  41.763  2.506  23.613 0.0000000000
74340  42.455  2.637  26.412 0.0000000000
74339  43.364  2.704  26.175 0.0000000000
74374  42.334  2.499  24.611 0.0000000000
74388  42.654  2.581  23.916 0.0000000000
47533  11.674  -20.440  49.742 0.0000000000
47535  12.386  -20.288  48.510 0.0000000000
46466  11.592  -21.199  48.589 0.0000000000
44264  10.780  -22.779  46.703 0.0000000000
45359  10.491  -22.296  48.394 0.0000000000
152164  9.590  -23.151  47.836 0.0000000000
128458  37.038  -9.529  35.685 0.0000000000
60734  35.621  -9.483  36.352 0.0000000000
129873  35.236  -9.339  35.290 0.0000000000
59603  34.627  -9.731  36.741 0.0000000000
52253  34.622  -16.085  42.258 0.0000000000
56054  26.037  -13.335  33.885 0.0000000000
152706  28.072  -13.449  34.144 0.0000000000
56077  26.747  -13.242  33.206 0.0000000000
57261  27.974  -12.862  32.076 0.0000000000
64059  37.823  -7.094  29.811 0.0000000000
64060  36.949  -6.576  29.584 0.0000000000
78674  53.430  6.576  19.054 0.0000000000
78673  54.773  6.670  19.331 0.0000000000
78690  55.188  6.465  18.492 0.0000000000
78715  55.487  6.392  17.090 0.0000000000
78716  54.635  6.357  16.849 0.0000000000
74311  40.588  2.418  28.725 0.0000000000
73129  39.469  1.937  26.716 0.0000000000
73111  39.286  1.694  27.668 0.0000000000
71957  37.500  0.465  28.476 0.0000000000
71970  37.442  0.738  27.615 0.0000000000
70816  35.791  0.030  26.798 0.0000000000
74283  41.156  2.671  30.966 0.0000000000
74293  41.055  2.787  30.113 0.0000000000
74310  41.246  2.795  28.395 0.0000000000
51165  17.643  -17.895  38.734 0.0000000000
50050  16.333  -19.081  39.919 0.0000000000
52280  28.922  -15.845  42.205 0.0000000000
53529  29.415  -15.506  40.836 0.0000000000
53530  28.084  -15.068  40.681 0.0000000000
55994  24.255  -13.528  37.515 0.0000000000
55979  25.818  -13.617  38.281 0.0000000000
56007  24.543  -13.444  36.648 0.0000000000
56028  25.284  -13.366  35.280 0.0000000000
56030  23.476  -13.427  35.265 0.0000000000
54915  22.171  -13.880  34.965 0.0000000000
137151  35.524  -8.895  27.626 0.0000000000
77593  48.261  5.529  22.763 0.0000000000
77592  49.006  5.873  23.095 0.0000000000
77598  48.208  5.864  21.346 0.0000000000
137515  49.002  6.421  18.965 0.0000000000
153108  49.621  6.467  17.700 0.0000000000
140497  51.148  6.527  18.289 0.0000000000
53439  24.222  -15.744  44.204 0.0000000000
128747  23.243  -15.596  44.094 0.0000000000
52220  24.009  -15.858  45.069 0.0000000000
52241  25.399  -15.950  44.044 0.0000000000
53480  24.656  -15.312  42.947 0.0000000000
76581  47.593  4.377  25.592 0.0000000000
75499  46.220  3.832  24.243 0.0000000000
76607  44.650  4.235  21.154 0.0000000000
53443  20.908  -15.044  43.994 0.0000000000
53485  20.255  -15.283  42.446 0.0000000000
53444  19.905  -14.900  43.832 0.0000000000
53433  16.779  -15.740  45.041 0.0000000000
52221  17.061  -16.044  43.602 0.0000000000
51107  15.840  -17.106  43.733 0.0000000000
50018  15.415  -18.847  41.903 0.0000000000
49994  14.975  -18.482  43.653 0.0000000000
52166  14.442  -16.487  48.718 0.0000000000
46473  12.945  -20.957  45.960 0.0000000000
48802  13.649  -19.696  45.843 0.0000000000
142554  13.471  -20.823  44.948 0.0000000000
46507  14.068  -21.251  43.398 0.0000000000
64020  38.986  -6.325  32.348 0.0000000000
60776  37.635  -9.611  33.480 0.0000000000
60791  39.148  -9.219  33.054 0.0000000000
60814  38.252  -9.099  32.154 0.0000000000
61852  38.566  -8.565  31.369 0.0000000000
60815  37.743  -8.934  31.653 0.0000000000
61867  37.371  -8.604  30.327 0.0000000000
60816  36.282  -8.773  31.452 0.0000000000
60796  33.378  -8.650  32.798 0.0000000000
60818  34.480  -8.526  31.606 0.0000000000
61843  32.501  -8.658  31.589 0.0000000000
61894  31.955  -8.717  29.452 0.0000000000
60821  31.442  -9.278  31.363 0.0000000000
53564  30.363  -15.189  38.699 0.0000000000
53546  31.845  -15.358  39.389 0.0000000000
53580  30.772  -14.967  38.015 0.0000000000
56049  31.136  -13.274  35.221 0.0000000000
54881  31.989  -13.921  36.760 0.0000000000
57203  32.019  -12.575  35.978 0.0000000000
57190  33.059  -12.159  37.294 0.0000000000
58426  32.308  -11.794  36.136 0.0000000000
144482  32.131  -11.232  35.569 0.0000000000
58449  31.360  -11.397  34.370 0.0000000000
154097  28.775  -12.192  31.253 0.0000000000
58500  30.002  -11.138  31.735 0.0000000000
68625  38.368  -2.739  32.560 0.0000000000
69659  38.312  -1.531  31.664 0.0000000000
68639  37.397  -2.680  31.659 0.0000000000
149287  34.823  -5.551  28.164 0.0000000000
67552  34.602  -3.753  28.789 0.0000000000
77628  57.726  6.329  16.076 0.0000000000
73073  40.664  2.068  30.540 0.0000000000
73085  39.422  1.345  29.323 0.0000000000
73075  39.686  1.083  30.194 0.0000000000
71937  38.385  0.437  29.551 0.0000000000
70770  37.247  -0.402  29.552 0.0000000000
138002  42.246  2.016  32.978 0.0000000000
74271  41.482  2.351  31.852 0.0000000000
52330  19.069  -16.714  37.461 0.0000000000
52315  18.489  -16.730  38.806 0.0000000000
52303  18.461  -16.408  39.695 0.0000000000
54788  25.826  -14.653  41.513 0.0000000000
54821  26.229  -14.196  39.986 0.0000000000
152236  24.804  -13.804  39.552 0.0000000000
55981  23.980  -13.609  38.270 0.0000000000
56009  22.683  -13.670  36.854 0.0000000000
54888  22.374  -13.776  35.867 0.0000000000
54889  21.302  -14.435  36.654 0.0000000000
53601  20.265  -15.489  36.452 0.0000000000
77606  46.301  5.450  19.031 0.0000000000
52201  24.506  -16.171  45.617 0.0000000000
75453  44.072  3.729  28.095 0.0000000000
75479  44.599  3.146  26.696 0.0000000000
74338  44.934  2.946  25.612 0.0000000000
133278  44.861  3.411  23.466 0.0000000000
149173  44.156  3.050  23.508 0.0000000000
75508  42.712  2.916  22.235 0.0000000000
135350  20.057  -14.232  46.952 0.0000000000
54739  19.470  -14.529  45.414 0.0000000000
54721  18.838  -14.444  46.257 0.0000000000
54722  17.820  -14.694  46.174 0.0000000000
52192  16.105  -16.109  45.783 0.0000000000
51044  13.502  -18.091  48.361 0.0000000000
48777  12.798  -19.270  48.820 0.0000000000
47543  12.763  -20.620  46.840 0.0000000000
130433  12.605  -21.781  45.493 0.0000000000
45408  11.891  -22.349  45.858 0.0000000000
60762  37.419  -9.649  35.011 0.0000000000
60777  36.909  -9.531  33.487 0.0000000000
134195  35.989  -9.004  32.373 0.0000000000
145564  35.622  -9.254  34.274 0.0000000000
60779  34.649  -8.964  33.926 0.0000000000
59621  32.915  -9.395  34.395 0.0000000000
54885  28.617  -14.253  36.647 0.0000000000
54883  30.311  -14.407  36.447 0.0000000000
56025  29.269  -13.837  35.241 0.0000000000
56051  29.573  -13.500  34.574 0.0000000000
56074  29.888  -13.072  34.010 0.0000000000
57242  30.232  -12.504  33.643 0.0000000000
57244  28.973  -12.813  33.010 0.0000000000
148823  28.435  -12.542  31.633 0.0000000000
65129  36.918  -5.009  31.391 0.0000000000
66364  36.294  -4.334  30.923 0.0000000000
65144  36.536  -5.435  30.693 0.0000000000
64061  36.078  -6.177  29.293 0.0000000000
78702  56.728  6.389  17.799 0.0000000000
77645  55.971  6.341  15.892 0.0000000000
74358  40.946  2.397  25.458 0.0000000000
73173  40.283  2.278  24.239 0.0000000000
73159  40.167  2.251  25.080 0.0000000000
73112  38.347  1.216  27.612 0.0000000000
72008  37.251  1.024  25.939 0.0000000000
76474  42.431  4.453  33.143 0.0000000000
76485  42.357  4.576  32.327 0.0000000000
144274  42.721  4.655  30.583 0.0000000000
75445  42.313  3.823  29.498 0.0000000000
74309  41.971  3.086  28.084 0.0000000000
148435  32.335  -16.601  43.301 0.0000000000
130107  32.959  -16.364  42.081 0.0000000000
52293  30.930  -15.934  41.127 0.0000000000
53528  30.179  -15.597  40.477 0.0000000000
54839  29.034  -14.843  38.333 0.0000000000
129611  26.846  -14.163  39.343 0.0000000000
54840  27.439  -14.215  38.567 0.0000000000
54861  28.275  -14.287  37.270 0.0000000000
56004  27.195  -13.671  36.097 0.0000000000
137095  26.191  -13.421  34.785 0.0000000000
128214  24.679  -13.316  32.838 0.0000000000
79738  50.892  7.048  22.550 0.0000000000
78679  48.593  6.329  19.753 0.0000000000
140429  49.721  6.499  20.891 0.0000000000
78649  51.021  6.934  21.036 0.0000000000
78676  51.717  6.652  19.452 0.0000000000
152066  52.262  6.568  19.010 0.0000000000
78706  53.004  6.430  17.865 0.0000000000
77631  53.109  6.180  16.413 0.0000000000
53533  22.265  -14.903  41.074 0.0000000000
152386  21.087  -15.378  41.477 0.0000000000
129034  22.195  -15.370  42.532 0.0000000000
53460  22.451  -15.472  43.673 0.0000000000
139177  22.298  -15.242  44.942 0.0000000000
52191  24.085  -15.992  46.156 0.0000000000
54718  21.942  -14.689  46.213 0.0000000000
54702  21.433  -14.415  47.737 0.0000000000
51102  32.893  -16.892  44.314 0.0000000000
51104  31.146  -16.833  44.095 0.0000000000
52236  29.954  -16.527  43.385 0.0000000000
52259  28.211  -15.936  42.741 0.0000000000
52239  27.357  -16.336  43.914 0.0000000000
130476  26.852  -15.342  42.294 0.0000000000
53506  25.192  -14.950  42.239 0.0000000000
53508  23.468  -15.072  42.143 0.0000000000
77564  48.670  5.272  25.533 0.0000000000
77577  47.971  4.920  24.139 0.0000000000
77595  46.859  5.029  21.840 0.0000000000
75503  45.386  3.852  23.000 0.0000000000
76606  45.516  4.507  21.505 0.0000000000
77602  46.220  5.115  20.635 0.0000000000
53536  19.767  -15.437  40.996 0.0000000000
53537  18.931  -15.701  41.041 0.0000000000
137627  17.472  -16.733  41.012 0.0000000000
139318  18.311  -15.133  44.073 0.0000000000
52263  17.454  -16.229  42.363 0.0000000000
51138  16.495  -17.830  40.918 0.0000000000
50034  16.153  -18.605  40.622 0.0000000000
47626  15.439  -20.597  40.986 0.0000000000
53405  16.185  -15.258  47.853 0.0000000000
51080  15.047  -17.208  46.044 0.0000000000
49978  14.168  -18.429  46.313 0.0000000000
51094  14.853  -17.940  44.976 0.0000000000
48835  14.536  -20.014  43.097 0.0000000000
44209  7.655  -23.759  49.938 0.0000000000
154371  40.885  -0.856  32.950 0.0000000000
65114  38.037  -5.001  32.352 0.0000000000
65127  38.342  -5.919  32.016 0.0000000000
64048  37.931  -6.747  30.549 0.0000000000
62992  38.402  -7.618  30.129 0.0000000000
62977  39.272  -7.890  31.572 0.0000000000
61851  38.968  -8.087  31.071 0.0000000000
134960  38.405  -8.059  29.883 0.0000000000
130621  37.420  -8.548  29.650 0.0000000000
61868  36.485  -8.655  30.005 0.0000000000
61891  34.703  -8.654  29.352 0.0000000000
60817  35.414  -8.647  31.575 0.0000000000
61870  34.334  -8.586  30.180 0.0000000000
61892  33.699  -8.578  29.427 0.0000000000
61915  32.240  -8.821  28.607 0.0000000000
60873  31.619  -9.410  28.276 0.0000000000
59586  34.637  -10.537  38.358 0.0000000000
52275  33.433  -16.096  41.378 0.0000000000
147739  33.884  -15.364  40.073 0.0000000000
54818  33.897  -14.522  39.254 0.0000000000
54858  31.697  -14.419  37.200 0.0000000000
54838  32.897  -14.353  38.023 0.0000000000
55977  34.046  -13.292  38.909 0.0000000000
57171  33.813  -12.564  38.501 0.0000000000
58415  33.997  -10.894  37.908 0.0000000000
59597  33.898  -10.369  37.213 0.0000000000
131072  33.236  -10.239  36.170 0.0000000000
134402  32.474  -10.044  34.895 0.0000000000
60782  31.761  -9.583  32.990 0.0000000000
58466  30.935  -11.237  33.528 0.0000000000
58486  30.873  -10.729  32.860 0.0000000000
59669  31.007  -9.900  31.755 0.0000000000
60822  30.820  -9.708  30.837 0.0000000000
69658  38.995  -1.195  31.949 0.0000000000
69678  37.971  -1.174  30.982 0.0000000000
69702  36.202  -1.416  29.557 0.0000000000
68655  35.669  -3.153  30.121 0.0000000000
68667  35.270  -2.696  29.407 0.0000000000
69721  35.208  -1.449  28.383 0.0000000000
77646  54.162  6.061  15.402 0.0000000000
71869  42.021  -0.034  32.959 0.0000000000
71888  40.749  0.164  32.099 0.0000000000
70706  41.245  -0.250  32.666 0.0000000000
71868  42.282  0.678  32.981 0.0000000000
54826  20.858  -14.753  39.197 0.0000000000
54809  21.971  -14.731  40.284 0.0000000000
129983  22.133  -14.468  39.517 0.0000000000
144720  41.089  2.451  23.249 0.0000000000
131469  40.998  2.416  23.907 0.0000000000
135204  41.714  2.459  25.077 0.0000000000
74356  42.641  2.535  25.463 0.0000000000
152674  42.112  2.503  24.129 0.0000000000
135095  11.392  -20.998  49.431 0.0000000000
47536  11.956  -20.629  48.979 0.0000000000
45358  11.190  -21.772  48.248 0.0000000000
46467  10.947  -21.549  48.966 0.0000000000
60715  36.297  -9.496  37.298 0.0000000000
128460  36.145  -9.467  36.623 0.0000000000
52232  34.583  -16.466  43.804 0.0000000000
56078  25.688  -13.231  32.966 0.0000000000
56094  26.367  -13.171  32.189 0.0000000000
64071  37.734  -7.295  29.072 0.0000000000
146824  53.986  6.694  19.430 0.0000000000
142746  54.243  6.522  18.777 0.0000000000
78691  54.462  6.430  18.115 0.0000000000
78704  54.967  6.399  17.649 0.0000000000
78705  54.191  6.390  17.506 0.0000000000
73098  40.020  2.075  28.190 0.0000000000
73084  40.026  1.936  29.046 0.0000000000
71958  36.753  0.234  28.083 0.0000000000
70803  36.045  -0.121  27.692 0.0000000000
135281  35.203  -0.505  26.728 0.0000000000
70804  35.414  -0.540  27.342 0.0000000000
74300  41.107  2.841  29.247 0.0000000000
132183  17.268  -18.005  39.280 0.0000000000
50066  17.420  -18.639  38.660 0.0000000000
50049  16.854  -18.839  39.252 0.0000000000
50033  16.725  -18.115  40.020 0.0000000000
53477  28.222  -15.586  42.099 0.0000000000
53503  28.646  -15.442  41.331 0.0000000000
53531  27.316  -14.769  40.838 0.0000000000
56008  23.661  -13.496  36.767 0.0000000000
137561  23.969  -13.376  35.970 0.0000000000
139255  24.713  -13.368  35.903 0.0000000000
56031  22.798  -13.582  35.316 0.0000000000
61912  35.082  -8.782  28.491 0.0000000000
77599  47.487  5.470  21.584 0.0000000000
129256  48.062  5.602  22.038 0.0000000000
77601  47.470  5.732  20.659 0.0000000000
78721  49.861  6.348  17.030 0.0000000000
53440  23.880  -15.719  44.464 0.0000000000
52218  25.370  -16.218  44.685 0.0000000000
52242  24.778  -15.854  44.186 0.0000000000
141263  45.708  3.367  26.500 0.0000000000
75491  46.429  3.616  25.495 0.0000000000
150238  46.507  3.764  24.852 0.0000000000
128808  45.915  3.450  24.865 0.0000000000
53430  21.267  -14.903  44.755 0.0000000000
54752  20.203  -14.706  44.628 0.0000000000
52203  16.080  -16.405  45.076 0.0000000000
52222  16.405  -16.374  44.251 0.0000000000
51108  15.489  -17.822  43.211 0.0000000000
131233  15.269  -17.809  44.110 0.0000000000
52146  13.858  -16.846  49.250 0.0000000000
45407  13.178  -21.222  45.165 0.0000000000
46480  13.274  -20.725  45.542 0.0000000000
46492  13.458  -21.271  44.556 0.0000000000
146151  38.118  -9.444  32.836 0.0000000000
60840  37.147  -8.752  31.160 0.0000000000
146160  36.868  -9.032  32.001 0.0000000000
60819  33.384  -8.518  31.781 0.0000000000
61856  32.001  -8.706  30.986 0.0000000000
60820  31.935  -8.905  31.729 0.0000000000
132178  29.932  -14.918  37.879 0.0000000000
53563  31.287  -15.129  38.567 0.0000000000
56021  31.649  -13.235  35.803 0.0000000000
139623  31.813  -11.982  35.510 0.0000000000
58438  31.388  -12.099  34.827 0.0000000000
67515  37.961  -3.366  32.432 0.0000000000
68626  37.788  -2.902  32.183 0.0000000000
67527  37.417  -3.563  31.975 0.0000000000
73062  40.711  1.491  31.226 0.0000000000
73074  40.258  1.362  30.646 0.0000000000
71903  39.666  0.125  31.206 0.0000000000
71915  39.341  0.441  30.543 0.0000000000
71916  38.668  0.147  30.242 0.0000000000
70769  37.954  -0.121  29.916 0.0000000000
74246  42.764  2.850  33.818 0.0000000000
73051  41.246  1.471  31.843 0.0000000000
142029  41.040  2.005  31.286 0.0000000000
52302  19.064  -16.055  39.170 0.0000000000
52314  19.018  -16.333  38.258 0.0000000000
54789  24.870  -14.535  41.391 0.0000000000
54805  25.617  -14.289  40.694 0.0000000000
131754  24.913  -14.189  40.575 0.0000000000
54844  23.246  -13.804  38.698 0.0000000000
55995  23.379  -13.620  37.679 0.0000000000
149436  21.922  -13.993  36.472 0.0000000000
54864  21.870  -14.064  37.282 0.0000000000
145997  20.542  -14.921  37.616 0.0000000000
54890  20.640  -14.892  36.914 0.0000000000
53582  20.117  -15.377  37.225 0.0000000000
75454  43.324  3.639  28.307 0.0000000000
74355  43.641  2.638  25.382 0.0000000000
75480  43.909  2.999  26.788 0.0000000000
135703  44.306  2.835  26.019 0.0000000000
75478  45.094  3.123  26.277 0.0000000000
74354  44.388  2.775  25.172 0.0000000000
74372  44.334  2.855  24.407 0.0000000000
74387  43.590  2.702  24.088 0.0000000000
74403  42.313  2.650  23.021 0.0000000000
74402  43.199  2.834  23.232 0.0000000000
130424  18.227  -14.414  47.146 0.0000000000
54723  17.208  -14.778  46.934 0.0000000000
53418  16.806  -15.325  46.119 0.0000000000
132960  16.422  -15.302  47.073 0.0000000000
49940  12.640  -19.027  49.551 0.0000000000
49928  12.884  -18.285  49.629 0.0000000000
46470  12.137  -20.832  48.150 0.0000000000
47540  12.567  -20.433  47.718 0.0000000000
129635  12.324  -21.010  47.303 0.0000000000
46474  12.511  -21.251  46.480 0.0000000000
45389  12.185  -21.797  46.319 0.0000000000
45390  11.591  -22.140  46.745 0.0000000000
134589  9.150  -23.337  48.160 0.0000000000
44226  8.676  -23.378  48.921 0.0000000000
153318  36.918  -9.587  34.977 0.0000000000
137782  37.167  -9.658  34.302 0.0000000000
60763  36.493  -9.498  34.411 0.0000000000
60778  36.203  -9.302  33.409 0.0000000000
129539  36.009  -9.397  35.005 0.0000000000
60764  34.772  -9.178  34.713 0.0000000000
60765  33.905  -9.144  34.643 0.0000000000
60780  33.600  -8.883  33.734 0.0000000000
54913  28.950  -14.103  35.930 0.0000000000
56026  28.421  -13.769  35.346 0.0000000000
56052  28.685  -13.579  34.620 0.0000000000
57243  29.559  -12.721  33.345 0.0000000000
152304  36.003  -6.399  28.626 0.0000000000
129640  55.284  6.354  16.363 0.0000000000
141758  55.952  6.384  16.608 0.0000000000
74342  40.910  2.421  26.224 0.0000000000
73144  40.347  2.298  25.811 0.0000000000
141889  38.975  1.759  26.189 0.0000000000
73145  39.617  2.064  25.824 0.0000000000
73146  38.828  1.710  25.498 0.0000000000
73147  37.964  1.375  25.200 0.0000000000
73100  38.791  1.229  28.496 0.0000000000
71988  36.475  0.535  26.392 0.0000000000
71987  37.103  0.779  26.810 0.0000000000
72009  36.350  0.577  25.480 0.0000000000
72032  37.000  0.983  24.727 0.0000000000
74270  42.246  2.840  33.075 0.0000000000
75408  42.462  3.659  33.518 0.0000000000
75419  42.122  3.785  32.749 0.0000000000
75436  41.957  4.127  30.878 0.0000000000
75427  41.920  4.012  31.871 0.0000000000
76497  42.475  4.679  31.424 0.0000000000
76512  42.354  4.223  30.184 0.0000000000
74319  41.413  2.676  27.562 0.0000000000
74341  41.598  2.568  26.719 0.0000000000
52256  31.194  -16.441  42.614 0.0000000000
52277  31.560  -16.234  41.847 0.0000000000
135721  30.861  -16.209  41.990 0.0000000000
143402  28.835  -15.227  40.319 0.0000000000
53548  29.578  -15.342  39.946 0.0000000000
53565  29.763  -15.249  39.206 0.0000000000
53566  29.042  -15.067  39.302 0.0000000000
54803  27.064  -14.415  40.119 0.0000000000
139108  26.018  -13.853  39.221 0.0000000000
55992  26.121  -13.559  37.269 0.0000000000
54863  26.772  -13.792  37.912 0.0000000000
54862  27.598  -14.067  37.591 0.0000000000
54887  27.000  -13.707  37.039 0.0000000000
54886  27.810  -13.980  36.782 0.0000000000
56055  25.430  -13.332  34.434 0.0000000000
129600  25.052  -13.246  33.695 0.0000000000
54916  21.559  -14.328  35.638 0.0000000000
53618  21.017  -15.069  35.119 0.0000000000
77563  49.293  5.778  25.933 0.0000000000
78640  49.590  6.372  22.582 0.0000000000
78630  49.674  6.305  23.536 0.0000000000
78629  50.268  6.724  23.034 0.0000000000
78639  50.252  6.724  22.150 0.0000000000
78680  47.736  6.097  19.767 0.0000000000
138008  49.839  6.498  19.322 0.0000000000
78678  49.287  6.432  19.739 0.0000000000
135234  49.855  6.508  20.119 0.0000000000
78663  50.472  6.663  20.569 0.0000000000
78662  51.302  6.790  20.292 0.0000000000
139668  51.151  6.458  17.582 0.0000000000
78693  51.902  6.541  18.605 0.0000000000
78707  51.810  6.476  17.796 0.0000000000
140498  52.421  6.476  18.024 0.0000000000
78718  52.540  6.365  17.241 0.0000000000
53509  22.637  -15.163  41.965 0.0000000000
53510  21.796  -15.269  41.705 0.0000000000
128311  23.448  -15.624  44.693 0.0000000000
53441  22.762  -15.488  44.402 0.0000000000
53442  21.893  -15.292  44.185 0.0000000000
53404  23.064  -15.306  46.607 0.0000000000
53416  22.737  -15.135  46.101 0.0000000000
54701  22.331  -14.776  46.993 0.0000000000
147409  21.457  -14.418  46.910 0.0000000000
51103  32.094  -16.819  44.108 0.0000000000
153272  28.792  -16.160  42.926 0.0000000000
144624  26.683  -16.343  44.229 0.0000000000
52261  26.705  -16.068  43.685 0.0000000000
52260  27.481  -16.022  43.227 0.0000000000
153314  26.236  -15.453  42.805 0.0000000000
53505  26.063  -15.093  42.234 0.0000000000
53479  25.507  -15.361  42.911 0.0000000000
53481  23.846  -15.329  42.899 0.0000000000
53507  24.307  -14.983  42.216 0.0000000000
54791  23.118  -14.734  41.292 0.0000000000
73174  39.597  2.056  23.879 0.0000000000
76595  46.600  4.270  23.690 0.0000000000
76594  47.324  4.573  23.894 0.0000000000
76599  47.062  4.651  23.098 0.0000000000
76600  46.790  4.748  22.460 0.0000000000
76610  45.142  4.591  20.654 0.0000000000
153188  45.745  4.794  20.863 0.0000000000
153874  45.011  4.628  20.108 0.0000000000
134105  21.263  -15.405  42.263 0.0000000000
53535  20.540  -15.343  40.890 0.0000000000
53511  20.437  -15.367  41.646 0.0000000000
134501  19.132  -15.335  42.403 0.0000000000
53512  19.542  -15.386  41.697 0.0000000000
53513  18.648  -15.672  41.749 0.0000000000
52281  18.107  -16.182  41.150 0.0000000000
52262  17.976  -16.005  41.856 0.0000000000
54740  18.472  -14.695  45.403 0.0000000000
54753  19.064  -14.769  44.522 0.0000000000
53431  18.169  -14.956  44.762 0.0000000000
52264  16.756  -16.682  42.601 0.0000000000
52243  17.089  -16.269  42.986 0.0000000000
147668  16.990  -16.714  42.013 0.0000000000
51127  16.891  -17.114  41.405 0.0000000000
51128  16.307  -17.665  41.603 0.0000000000
50017  15.946  -18.310  41.383 0.0000000000
48834  14.949  -19.461  42.482 0.0000000000
48846  15.228  -19.841  41.571 0.0000000000
47601  15.041  -20.755  41.642 0.0000000000
144186  15.242  -15.733  48.651 0.0000000000
138173  15.594  -15.629  48.136 0.0000000000
53406  15.705  -15.767  47.457 0.0000000000
51065  14.879  -17.008  46.730 0.0000000000
49953  13.228  -18.897  48.134 0.0000000000
152397  13.444  -18.878  47.576 0.0000000000
48810  13.782  -19.970  45.058 0.0000000000
48801  14.052  -19.001  45.733 0.0000000000
143226  13.996  -19.426  45.251 0.0000000000
49983  14.427  -18.411  45.556 0.0000000000
49987  14.394  -18.832  44.951 0.0000000000
49995  14.532  -19.044  44.132 0.0000000000
48820  14.349  -19.778  43.888 0.0000000000
133329  8.178  -23.200  50.291 0.0000000000
44197  7.504  -23.601  50.797 0.0000000000
43094  6.293  -24.766  50.853 0.0000000000
43093  7.002  -24.261  50.400 0.0000000000
67513  38.884  -3.012  33.132 0.0000000000
65113  38.661  -5.441  32.692 0.0000000000
64035  38.780  -6.814  31.590 0.0000000000
64047  38.593  -7.259  30.840 0.0000000000
130420  39.166  -8.295  31.716 0.0000000000
61866  38.529  -8.194  30.524 0.0000000000
134677  38.076  -8.353  29.845 0.0000000000
60841  36.605  -8.657  30.751 0.0000000000
61890  35.813  -8.716  29.288 0.0000000000
61869  35.343  -8.644  30.098 0.0000000000
60794  35.410  -8.987  33.196 0.0000000000
61854  33.906  -8.522  30.945 0.0000000000
129701  33.057  -8.605  28.755 0.0000000000
61893  32.766  -8.565  29.441 0.0000000000
60861  31.343  -9.117  29.586 0.0000000000
131115  31.560  -9.059  28.908 0.0000000000
59701  31.097  -10.027  28.051 0.0000000000
52292  31.866  -16.019  41.173 0.0000000000
52291  32.631  -15.894  40.843 0.0000000000
53545  32.891  -15.225  39.201 0.0000000000
130574  33.471  -15.340  39.769 0.0000000000
53544  33.557  -15.012  39.304 0.0000000000
53543  34.117  -15.054  39.777 0.0000000000
53561  33.265  -14.722  38.720 0.0000000000
54859  30.780  -14.673  37.232 0.0000000000
54882  31.214  -14.206  36.428 0.0000000000
55991  32.491  -13.550  37.116 0.0000000000
54857  32.431  -14.116  37.374 0.0000000000
54856  33.073  -13.596  37.727 0.0000000000
54837  33.618  -13.977  38.573 0.0000000000
55978  33.562  -13.239  38.323 0.0000000000
57179  33.332  -12.754  37.816 0.0000000000
58425  32.838  -11.558  36.759 0.0000000000
58410  33.600  -11.880  37.949 0.0000000000
58416  33.399  -11.255  37.351 0.0000000000
148642  33.792  -10.095  36.627 0.0000000000
58448  31.898  -10.722  34.798 0.0000000000
59612  32.560  -10.458  35.574 0.0000000000
59622  31.972  -9.964  34.006 0.0000000000
57258  29.955  -12.170  32.992 0.0000000000
58467  30.456  -11.913  33.387 0.0000000000
59650  30.629  -10.603  32.164 0.0000000000
59649  31.206  -10.101  32.545 0.0000000000
59681  30.255  -10.207  30.283 0.0000000000
69646  40.151  -1.306  32.890 0.0000000000
70707  39.731  -0.887  32.215 0.0000000000
69660  37.626  -1.879  31.371 0.0000000000
69679  37.258  -1.491  30.662 0.0000000000
69701  36.861  -1.054  29.941 0.0000000000
67540  35.589  -4.031  30.272 0.0000000000
67539  36.101  -3.498  30.657 0.0000000000
67565  34.323  -3.527  28.168 0.0000000000
68668  34.683  -3.090  28.794 0.0000000000
68681  34.375  -2.743  28.055 0.0000000000
68680  34.896  -2.265  28.628 0.0000000000
69722  34.588  -1.923  27.842 0.0000000000
77643  57.855  6.323  15.205 0.0000000000
77627  58.416  6.446  15.647 0.0000000000
77630  53.948  6.250  16.189 0.0000000000
77647  53.313  5.835  15.465 0.0000000000
71901  40.825  0.881  31.719 0.0000000000
71902  40.292  0.463  31.489 0.0000000000
53567  20.114  -15.263  38.034 0.0000000000
53553  19.768  -15.530  39.508 0.0000000000
143857  19.961  -15.433  40.331 0.0000000000
54807  23.690  -14.339  40.596 0.0000000000
140880  22.800  -14.170  39.368 0.0000000000
54845  22.336  -14.175  38.728 0.0000000000
135259  21.788  -14.257  38.096 0.0000000000
151798  21.313  -14.473  38.213 0.0000000000
54847  20.794  -14.730  38.347 0.0000000000
74317  43.079  2.886  26.994 0.0000000000
74373  43.146  2.554  24.701 0.0000000000
54688  19.457  -14.245  48.569 0.0000000000
54705  18.886  -14.281  47.882 0.0000000000
45373  11.724  -21.517  47.651 0.0000000000
45374  11.007  -22.264  47.556 0.0000000000
127728  10.089  -22.971  47.450 0.0000000000
44224  9.753  -22.819  48.260 0.0000000000
128461  36.789  -9.455  36.461 0.0000000000
60733  36.378  -9.457  36.000 0.0000000000
128457  35.858  -9.426  35.661 0.0000000000
150745  34.701  -9.469  35.736 0.0000000000
60751  34.130  -9.684  36.069 0.0000000000
133390  27.107  -13.428  34.202 0.0000000000
56053  27.835  -13.572  34.819 0.0000000000
56076  27.779  -13.272  33.444 0.0000000000
56093  28.294  -12.984  32.878 0.0000000000
130780  27.411  -13.090  32.578 0.0000000000
56111  27.166  -13.053  31.681 0.0000000000
64049  37.079  -6.302  30.308 0.0000000000
78660  53.279  6.877  19.932 0.0000000000
79770  53.712  7.367  20.797 0.0000000000
78703  55.822  6.398  17.794 0.0000000000
148343  54.620  6.292  16.086 0.0000000000
74320  40.669  2.450  27.868 0.0000000000
73128  40.182  2.258  26.481 0.0000000000
73110  40.056  2.180  27.319 0.0000000000
71956  38.199  0.695  28.859 0.0000000000
71969  38.064  0.864  28.207 0.0000000000
71971  36.575  0.398  27.249 0.0000000000
71989  35.844  0.268  26.019 0.0000000000
75437  41.502  3.381  30.544 0.0000000000
75446  41.568  3.363  29.743 0.0000000000
51164  18.115  -17.472  38.463 0.0000000000
48870  16.671  -19.874  39.329 0.0000000000
52279  29.720  -16.024  42.012 0.0000000000
52278  30.342  -16.080  41.798 0.0000000000
138338  29.333  -15.711  41.549 0.0000000000
55980  24.785  -13.577  38.287 0.0000000000
55993  25.171  -13.510  37.406 0.0000000000
56006  25.498  -13.448  36.382 0.0000000000
56029  24.301  -13.346  35.240 0.0000000000
56057  23.757  -13.373  34.511 0.0000000000
136803  23.294  -13.487  33.945 0.0000000000
56058  22.884  -13.565  34.545 0.0000000000
61911  36.250  -8.743  28.480 0.0000000000
77584  48.441  5.404  23.655 0.0000000000
132976  49.137  5.768  24.064 0.0000000000
78652  48.819  5.999  22.088 0.0000000000
78696  48.438  6.370  18.314 0.0000000000
140168  49.028  6.479  18.009 0.0000000000
78694  50.483  6.532  18.801 0.0000000000
78708  50.391  6.500  17.836 0.0000000000
78720  50.736  6.335  16.963 0.0000000000
148719  23.572  -15.483  43.370 0.0000000000
131314  23.104  -15.523  43.501 0.0000000000
53459  23.704  -15.620  43.872 0.0000000000
53458  25.053  -15.642  43.567 0.0000000000
131683  24.236  -15.578  43.602 0.0000000000
76582  47.022  4.010  25.188 0.0000000000
76591  46.868  4.164  24.436 0.0000000000
75502  45.968  3.973  23.569 0.0000000000
130390  44.049  3.692  21.742 0.0000000000
53462  20.568  -15.183  43.262 0.0000000000
53463  19.577  -15.147  43.118 0.0000000000
53432  17.569  -15.085  45.328 0.0000000000
53445  17.086  -15.791  44.242 0.0000000000
52244  16.530  -16.603  43.340 0.0000000000
51117  16.140  -17.219  42.868 0.0000000000
51118  15.793  -17.912  42.240 0.0000000000
50006  15.209  -18.610  42.789 0.0000000000
53377  14.790  -15.913  49.077 0.0000000000
128526  14.383  -16.866  48.091 0.0000000000
47542  13.240  -20.284  46.245 0.0000000000
48792  13.414  -19.625  46.717 0.0000000000
47546  13.502  -20.342  45.408 0.0000000000
47553  13.670  -20.470  44.813 0.0000000000
46491  13.766  -20.890  44.252 0.0000000000
64034  39.330  -7.256  32.004 0.0000000000
147352  37.849  -9.714  34.251 0.0000000000
60775  38.486  -9.556  33.444 0.0000000000
60792  38.721  -9.194  32.633 0.0000000000
61842  38.827  -8.781  32.033 0.0000000000
60795  34.404  -8.704  33.041 0.0000000000
129247  34.169  -8.544  32.259 0.0000000000
61855  32.926  -8.510  30.993 0.0000000000
61872  32.463  -8.597  30.242 0.0000000000
61873  31.779  -8.801  30.149 0.0000000000
60844  31.329  -9.169  30.471 0.0000000000
133322  30.943  -15.350  39.222 0.0000000000
54910  31.191  -13.734  35.756 0.0000000000
56022  31.664  -13.689  36.230 0.0000000000
56003  32.199  -13.205  36.504 0.0000000000
57191  32.529  -12.387  36.646 0.0000000000
59605  32.646  -10.970  36.226 0.0000000000
58437  31.698  -11.482  35.037 0.0000000000
57270  29.062  -12.260  31.906 0.0000000000
58501  29.311  -11.676  31.249 0.0000000000
59671  29.792  -10.902  30.747 0.0000000000
59682  29.706  -10.702  29.756 0.0000000000
58522  29.309  -11.201  29.341 0.0000000000
68624  39.036  -2.271  32.852 0.0000000000
69648  38.640  -1.891  32.303 0.0000000000
68638  38.013  -2.260  31.982 0.0000000000
68653  36.951  -2.291  31.020 0.0000000000
65164  34.785  -4.988  28.816 0.0000000000
66381  34.743  -4.249  29.046 0.0000000000
66395  34.430  -4.269  28.359 0.0000000000
77644  56.918  6.329  15.511 0.0000000000
152292  57.370  6.375  16.603 0.0000000000
135859  40.107  1.687  29.886 0.0000000000
71936  39.047  0.736  29.847 0.0000000000
71938  37.683  0.198  29.208 0.0000000000
70788  36.959  -0.050  28.848 0.0000000000
147638  41.902  2.372  32.558 0.0000000000
51180  18.776  -17.455  37.315 0.0000000000
52331  18.581  -17.043  37.983 0.0000000000
51148  17.853  -17.213  39.302 0.0000000000
52296  17.813  -16.735  40.289 0.0000000000
53532  26.725  -14.893  41.563 0.0000000000
54804  26.486  -14.486  40.789 0.0000000000
54822  25.319  -13.975  39.883 0.0000000000
54823  24.415  -14.012  40.047 0.0000000000
54843  24.274  -13.705  39.116 0.0000000000
153469  46.724  5.453  20.416 0.0000000000
130340  46.910  5.696  19.758 0.0000000000
135514  25.111  -16.546  46.043 0.0000000000
76545  44.450  4.201  28.643 0.0000000000
75464  43.591  3.316  27.538 0.0000000000
75463  44.386  3.389  27.357 0.0000000000
75462  45.240  3.426  27.121 0.0000000000
74353  45.091  3.071  24.840 0.0000000000
75501  44.786  3.153  24.059 0.0000000000
75507  43.649  3.227  22.550 0.0000000000
141562  43.266  3.304  21.757 0.0000000000
54720  19.814  -14.339  46.266 0.0000000000
51034  13.346  -17.724  49.154 0.0000000000
49939  13.048  -18.585  48.942 0.0000000000
48783  12.930  -19.544  48.096 0.0000000000
48784  12.697  -19.994  48.090 0.0000000000
47539  13.028  -19.986  47.328 0.0000000000
44280  12.129  -22.675  45.040 0.0000000000
44263  11.280  -22.730  46.109 0.0000000000
60748  37.783  -9.602  35.664 0.0000000000
146489  37.988  -9.711  34.920 0.0000000000
151072  36.671  -9.281  32.763 0.0000000000
60781  32.592  -9.144  33.415 0.0000000000
133572  29.913  -14.651  37.068 0.0000000000
54884  29.449  -14.404  36.534 0.0000000000
54912  29.791  -14.143  35.838 0.0000000000
56024  30.083  -13.790  35.218 0.0000000000
56023  30.709  -13.653  35.317 0.0000000000
56050  30.457  -13.315  34.700 0.0000000000
57220  31.018  -12.757  34.683 0.0000000000
57221  30.506  -12.775  34.204 0.0000000000
57259  29.339  -12.424  32.657 0.0000000000
57260  28.686  -12.648  32.372 0.0000000000
57271  28.284  -12.462  30.839 0.0000000000
66351  37.440  -4.546  31.939 0.0000000000
66352  36.897  -4.150  31.556 0.0000000000
65145  35.769  -4.925  30.267 0.0000000000
65157  36.231  -5.847  30.008 0.0000000000
65158  35.490  -5.388  29.528 0.0000000000
64073  35.362  -5.815  28.767 0.0000000000
77618  57.111  6.380  17.091 0.0000000000
77619  56.300  6.397  17.159 0.0000000000
77663  55.825  6.223  14.753 0.0000000000
74376  40.945  2.390  24.685 0.0000000000
73160  39.388  1.958  25.007 0.0000000000
73099  39.513  1.672  28.543 0.0000000000
73130  38.683  1.539  26.850 0.0000000000
73131  37.827  1.144  26.824 0.0000000000
76531  42.964  4.452  29.793 0.0000000000
75444  43.146  3.999  29.043 0.0000000000
75455  42.545  3.523  28.612 0.0000000000
75456  41.757  3.297  28.917 0.0000000000
74318  42.224  2.804  27.272 0.0000000000
74357  41.718  2.503  25.885 0.0000000000
128957  33.006  -16.479  42.794 0.0000000000
52255  32.143  -16.440  42.522 0.0000000000
53502  29.968  -15.815  41.311 0.0000000000
132416  30.984  -15.605  40.008 0.0000000000
53547  30.289  -15.400  39.576 0.0000000000
53581  29.618  -15.082  38.657 0.0000000000
53550  27.704  -14.712  40.198 0.0000000000
54820  27.623  -14.493  39.502 0.0000000000
54841  26.598  -13.888  38.679 0.0000000000
54819  28.296  -14.643  38.932 0.0000000000
138469  28.283  -14.454  38.000 0.0000000000
56027  27.046  -13.545  35.176 0.0000000000
142064  26.270  -13.482  35.700 0.0000000000
54935  21.614  -14.532  34.598 0.0000000000
61887  38.152  -8.097  29.158 0.0000000000
79737  51.558  7.427  22.908 0.0000000000
78665  48.346  6.157  20.532 0.0000000000
131417  48.970  6.250  21.164 0.0000000000
78664  49.130  6.376  20.387 0.0000000000
78650  50.321  6.704  21.349 0.0000000000
79761  50.900  6.985  21.759 0.0000000000
79760  51.512  7.313  22.079 0.0000000000
148730  51.470  7.170  21.445 0.0000000000
79772  51.805  7.109  20.852 0.0000000000
78661  52.234  6.900  20.101 0.0000000000
148847  51.166  6.557  19.000 0.0000000000
78675  52.620  6.656  19.361 0.0000000000
78692  52.773  6.516  18.588 0.0000000000
139669  53.429  6.373  17.345 0.0000000000
78717  53.876  6.333  16.876 0.0000000000
53534  21.368  -15.118  40.764 0.0000000000
53483  21.875  -15.422  42.997 0.0000000000
53482  22.553  -15.461  43.133 0.0000000000
53461  21.503  -15.318  43.475 0.0000000000
52202  23.969  -15.875  45.583 0.0000000000
53428  23.537  -15.651  45.254 0.0000000000
53403  23.591  -15.669  46.751 0.0000000000
53415  23.486  -15.590  45.938 0.0000000000
53429  22.966  -15.387  45.426 0.0000000000
53417  22.352  -15.050  45.608 0.0000000000
54737  21.586  -14.756  45.518 0.0000000000
54719  20.877  -14.352  46.359 0.0000000000
54703  20.661  -14.240  47.340 0.0000000000
54687  20.500  -14.245  48.342 0.0000000000
54686  21.432  -14.464  48.678 0.0000000000
130927  20.797  -14.341  49.154 0.0000000000
52213  33.659  -16.706  44.035 0.0000000000
52233  32.966  -16.665  43.610 0.0000000000
52234  31.593  -16.628  43.354 0.0000000000
52235  30.758  -16.613  43.356 0.0000000000
52258  29.475  -16.227  42.749 0.0000000000
52238  28.231  -16.345  43.516 0.0000000000
53478  27.553  -15.631  42.507 0.0000000000
54790  23.957  -14.650  41.442 0.0000000000
74390  40.311  2.278  23.330 0.0000000000
77576  48.514  5.265  24.615 0.0000000000
76589  48.122  4.808  25.191 0.0000000000
143519  48.062  4.860  24.669 0.0000000000
77585  47.760  5.053  23.324 0.0000000000
77594  47.469  5.176  22.444 0.0000000000
75500  45.464  3.509  24.010 0.0000000000
76601  45.657  4.296  22.313 0.0000000000
76602  44.966  4.013  22.073 0.0000000000
76605  46.223  4.639  22.065 0.0000000000
76609  46.256  4.879  21.347 0.0000000000
138154  46.184  5.317  19.861 0.0000000000
52295  18.493  -16.136  40.474 0.0000000000
127807  19.060  -15.005  43.718 0.0000000000
53464  18.523  -15.371  43.207 0.0000000000
127940  17.682  -15.544  43.770 0.0000000000
53465  17.660  -15.828  43.044 0.0000000000
52282  17.483  -16.481  41.636 0.0000000000
51137  17.126  -17.318  40.588 0.0000000000
131471  15.941  -19.307  40.481 0.0000000000
50035  15.655  -19.106  41.090 0.0000000000
48860  15.649  -19.869  40.752 0.0000000000
54691  16.704  -14.752  48.233 0.0000000000
53419  15.941  -15.891  46.624 0.0000000000
52204  15.539  -16.766  45.550 0.0000000000
51043  13.901  -17.261  48.549 0.0000000000
51051  14.088  -17.583  47.757 0.0000000000
152313  14.451  -17.445  47.098 0.0000000000
48791  13.724  -19.149  46.447 0.0000000000
49966  14.090  -18.064  47.067 0.0000000000
51066  14.532  -17.658  46.496 0.0000000000
51081  14.664  -17.823  45.789 0.0000000000
132757  15.139  -17.368  45.419 0.0000000000
49986  14.788  -18.415  44.364 0.0000000000
48819  14.732  -19.229  43.339 0.0000000000
47568  14.188  -20.513  43.674 0.0000000000
47585  14.435  -20.795  42.857 0.0000000000
47602  14.701  -20.989  42.193 0.0000000000
44208  8.869  -22.839  49.746 0.0000000000
149464  8.271  -23.420  49.580 0.0000000000
43109  7.869  -23.908  48.977 0.0000000000
43110  7.241  -24.366  49.512 0.0000000000
67514  38.408  -3.561  32.820 0.0000000000
65128  37.661  -5.477  31.687 0.0000000000
64036  38.081  -6.371  31.301 0.0000000000
62991  38.726  -7.911  30.548 0.0000000000
61888  37.792  -8.374  29.105 0.0000000000
61889  36.932  -8.663  29.171 0.0000000000
60843  34.883  -8.561  30.874 0.0000000000
61913  33.882  -8.709  28.464 0.0000000000
61934  33.575  -9.008  27.752 0.0000000000
61914  32.955  -8.851  28.079 0.0000000000
60872  32.336  -9.319  27.849 0.0000000000
60885  31.842  -9.865  27.659 0.0000000000
60716  35.356  -9.815  37.922 0.0000000000
52254  33.732  -16.326  42.165 0.0000000000
52274  34.251  -16.033  41.638 0.0000000000
53501  34.277  -15.685  41.031 0.0000000000
53526  32.704  -15.547  39.988 0.0000000000
53525  33.535  -15.633  40.478 0.0000000000
53524  34.287  -15.324  40.394 0.0000000000
154185  34.538  -13.935  39.753 0.0000000000
53579  31.506  -14.796  37.842 0.0000000000
53578  32.184  -14.568  37.738 0.0000000000
54836  34.227  -13.945  39.309 0.0000000000
55968  34.531  -13.357  39.658 0.0000000000
58409  34.207  -11.625  38.634 0.0000000000
59596  34.620  -10.040  37.583 0.0000000000
59611  33.312  -9.705  35.415 0.0000000000
57241  30.846  -12.119  34.079 0.0000000000
58487  30.350  -11.393  32.704 0.0000000000
59631  31.351  -10.381  33.316 0.0000000000
60798  31.590  -9.406  32.152 0.0000000000
60845  30.748  -9.580  29.862 0.0000000000
59691  30.251  -10.139  29.318 0.0000000000
59702  30.403  -10.342  28.479 0.0000000000
70687  40.488  -0.559  32.442 0.0000000000
70727  39.364  -0.544  31.568 0.0000000000
70728  38.654  -0.847  31.306 0.0000000000
70748  38.317  -0.502  30.612 0.0000000000
70749  37.571  -0.757  30.284 0.0000000000
70771  36.524  -0.668  29.221 0.0000000000
68640  36.702  -3.298  31.274 0.0000000000
68654  36.313  -2.715  30.576 0.0000000000
67551  35.061  -3.648  29.503 0.0000000000
68666  35.923  -2.265  29.888 0.0000000000
69703  35.517  -1.806  29.154 0.0000000000
69720  35.849  -1.018  28.838 0.0000000000
70790  35.582  -0.714  28.097 0.0000000000
45360  9.927  -22.476  48.876 0.0000000000
47527  11.915  -19.947  49.942 0.0000000000
49967  13.670  -18.799  47.064 0.0000000000
52165  15.020  -16.227  48.026 0.0000000000
52193  15.274  -16.393  47.093 0.0000000000
52276  32.433  -16.218  41.632 0.0000000000
54707  16.763  -14.875  47.544 0.0000000000
54914  28.120  -13.929  36.049 0.0000000000
55959  34.803  -13.958  40.171 0.0000000000
60750  35.040  -9.486  36.002 0.0000000000
76590  47.576  4.519  24.731 0.0000000000
133738  19.257  -14.296  47.049 0.0000000000
135921  15.463  -16.563  46.296 0.0000000000
137363  26.800  -15.714  43.017 0.0000000000
143502  14.172  -19.563  44.623 0.0000000000
150677  14.858  -16.080  48.621 0.0000000000
151289  14.363  -16.251  49.378 0.0000000000
152919  13.515  -19.239  46.925 0.0000000000
153997  7.415  -24.446  48.834 0.0000000000
