#!ascii label  , from subject sub-v1s3x0050779_ses-1 vox2ras=TkReg
787
25279  7.127  -39.853  43.717 0.0000000000
24657  3.752  -41.148  25.955 0.0000000000
20532  1.543  -45.876  37.809 0.0000000000
26196  0.956  -38.093  36.555 0.0000000000
93788  2.262  -30.207  33.375 0.0000000000
21280  2.848  -45.108  43.756 0.0000000000
23622  0.932  -41.381  42.041 0.0000000000
24476  10.465  -40.262  41.536 0.0000000000
22816  6.979  -43.030  40.587 0.0000000000
20530  4.199  -46.197  38.460 0.0000000000
30447  1.293  -33.171  41.377 0.0000000000
29680  3.022  -34.745  35.112 0.0000000000
33002  2.859  -30.576  38.466 0.0000000000
19794  0.452  -46.753  32.909 0.0000000000
22893  1.085  -42.164  32.174 0.0000000000
111192  0.448  -42.028  37.205 0.0000000000
27017  0.444  -37.200  41.909 0.0000000000
25405  4.272  -39.075  31.497 0.0000000000
28921  3.618  -35.275  30.137 0.0000000000
31368  2.894  -32.441  28.521 0.0000000000
33951  5.486  -29.589  32.139 0.0000000000
107208  5.242  -42.735  44.716 0.0000000000
23611  3.248  -41.755  43.354 0.0000000000
24448  9.023  -39.885  43.693 0.0000000000
23627  9.013  -41.991  41.249 0.0000000000
22800  7.395  -42.372  43.293 0.0000000000
21286  5.384  -44.951  42.333 0.0000000000
32129  2.102  -31.636  39.353 0.0000000000
20548  0.595  -45.684  35.751 0.0000000000
100798  0.528  -43.852  35.213 0.0000000000
97061  0.911  -43.656  37.476 0.0000000000
25271  1.755  -39.003  43.569 0.0000000000
106410  0.485  -39.237  42.524 0.0000000000
19730  2.067  -47.142  38.705 0.0000000000
18918  2.624  -48.169  36.878 0.0000000000
19766  1.577  -47.807  36.478 0.0000000000
18936  0.894  -48.076  34.915 0.0000000000
24566  0.954  -40.682  34.287 0.0000000000
24590  2.333  -40.803  31.855 0.0000000000
25383  2.535  -39.252  34.086 0.0000000000
31320  2.468  -32.203  34.558 0.0000000000
28898  3.746  -35.149  32.848 0.0000000000
30512  1.704  -33.329  31.490 0.0000000000
29732  1.021  -34.484  29.159 0.0000000000
32194  0.924  -30.552  30.162 0.0000000000
20507  1.949  -46.031  40.550 0.0000000000
22826  1.289  -43.102  40.055 0.0000000000
107607  1.506  -43.331  42.526 0.0000000000
24465  2.326  -40.608  42.999 0.0000000000
25314  12.083  -39.242  39.391 0.0000000000
25354  11.356  -39.270  37.098 0.0000000000
24501  9.460  -40.506  38.893 0.0000000000
23650  7.620  -41.633  38.733 0.0000000000
109376  5.145  -44.911  39.115 0.0000000000
104973  3.490  -46.453  40.847 0.0000000000
27962  0.907  -36.208  38.920 0.0000000000
27986  1.885  -36.143  36.346 0.0000000000
95131  1.575  -33.508  38.119 0.0000000000
31293  1.844  -31.776  37.444 0.0000000000
33039  2.414  -30.486  36.187 0.0000000000
26142  8.183  -38.733  42.302 0.0000000000
27930  15.048  -36.061  40.161 0.0000000000
27914  14.501  -36.237  43.321 0.0000000000
26139  11.719  -38.742  42.178 0.0000000000
26132  9.585  -38.610  42.154 0.0000000000
106943  0.622  -47.276  30.318 0.0000000000
20607  1.264  -45.064  30.299 0.0000000000
104809  0.689  -44.156  32.452 0.0000000000
95361  0.682  -41.869  34.081 0.0000000000
99966  0.460  -39.925  36.851 0.0000000000
23640  0.640  -41.792  39.422 0.0000000000
25316  0.621  -39.792  39.621 0.0000000000
27034  0.374  -37.711  39.373 0.0000000000
29634  0.530  -34.947  42.121 0.0000000000
22937  1.628  -43.159  30.265 0.0000000000
23771  3.741  -41.554  29.640 0.0000000000
24622  5.202  -39.749  28.614 0.0000000000
27096  4.054  -37.168  33.539 0.0000000000
27129  4.690  -37.105  30.504 0.0000000000
27158  3.974  -37.731  27.689 0.0000000000
28090  1.742  -36.465  27.383 0.0000000000
28954  2.293  -35.399  27.035 0.0000000000
33882  4.383  -30.090  37.805 0.0000000000
105120  4.834  -29.944  35.332 0.0000000000
34833  6.072  -28.898  34.496 0.0000000000
33065  3.049  -29.688  32.346 0.0000000000
33090  2.639  -29.945  29.656 0.0000000000
23601  6.831  -41.558  44.638 0.0000000000
23609  5.237  -41.453  43.598 0.0000000000
110785  6.453  -40.257  43.508 0.0000000000
25278  8.178  -39.745  44.058 0.0000000000
23607  8.451  -41.146  43.598 0.0000000000
23596  7.477  -41.438  44.477 0.0000000000
22790  6.664  -42.661  44.934 0.0000000000
23799  2.355  -41.852  24.329 0.0000000000
25463  1.500  -40.280  25.205 0.0000000000
108066  0.923  -45.871  36.535 0.0000000000
21332  0.691  -44.958  36.272 0.0000000000
21320  1.224  -44.721  37.642 0.0000000000
27052  13.223  -38.189  37.101 0.0000000000
19740  1.766  -46.966  38.066 0.0000000000
99407  1.865  -47.373  37.604 0.0000000000
20538  1.455  -46.602  37.236 0.0000000000
19753  1.173  -46.767  36.482 0.0000000000
25373  0.997  -39.445  35.351 0.0000000000
111253  1.597  -39.967  34.112 0.0000000000
26209  1.972  -38.306  35.283 0.0000000000
32177  2.205  -31.235  33.809 0.0000000000
30498  2.746  -32.924  33.164 0.0000000000
101774  1.990  -31.871  32.798 0.0000000000
31339  0.978  -31.456  30.922 0.0000000000
31333  1.304  -30.943  31.853 0.0000000000
20500  2.499  -46.085  42.313 0.0000000000
21289  1.519  -44.561  41.234 0.0000000000
22027  2.330  -44.056  42.835 0.0000000000
24453  2.638  -41.159  43.189 0.0000000000
26144  2.598  -39.350  42.445 0.0000000000
25303  11.039  -40.056  40.741 0.0000000000
25315  11.006  -40.096  39.684 0.0000000000
24488  10.488  -40.493  40.327 0.0000000000
22815  7.678  -42.758  41.102 0.0000000000
23637  8.553  -41.602  40.089 0.0000000000
23639  7.199  -42.232  39.114 0.0000000000
22041  6.004  -44.030  39.754 0.0000000000
20492  4.313  -45.670  43.644 0.0000000000
21287  4.693  -45.720  41.942 0.0000000000
20499  3.100  -46.409  42.669 0.0000000000
93525  2.621  -46.539  40.747 0.0000000000
29650  1.055  -34.723  40.192 0.0000000000
28831  1.296  -34.621  39.171 0.0000000000
29649  1.338  -33.881  39.798 0.0000000000
96977  2.692  -30.906  38.871 0.0000000000
32137  1.976  -31.451  38.586 0.0000000000
32146  1.936  -30.735  37.732 0.0000000000
32161  2.029  -30.851  36.857 0.0000000000
33018  2.179  -30.217  37.438 0.0000000000
26128  12.817  -38.122  42.193 0.0000000000
18961  0.534  -47.371  31.251 0.0000000000
111272  0.734  -45.462  31.600 0.0000000000
97848  0.553  -45.744  32.403 0.0000000000
22864  0.465  -42.949  35.700 0.0000000000
22085  0.563  -43.064  34.860 0.0000000000
23686  0.500  -41.873  35.728 0.0000000000
95464  0.473  -41.012  35.636 0.0000000000
24514  0.479  -40.647  37.180 0.0000000000
22817  1.019  -42.778  41.714 0.0000000000
22827  0.973  -42.484  39.541 0.0000000000
23630  0.673  -41.375  41.019 0.0000000000
100122  0.445  -38.092  42.402 0.0000000000
25308  0.467  -39.673  40.654 0.0000000000
93316  0.398  -38.090  40.170 0.0000000000
107147  0.441  -38.318  39.440 0.0000000000
100710  0.396  -37.191  40.243 0.0000000000
27936  0.488  -36.354  40.813 0.0000000000
27927  0.412  -36.389  41.646 0.0000000000
25356  9.471  -39.601  36.541 0.0000000000
25369  10.194  -39.349  35.894 0.0000000000
21319  4.170  -45.938  37.476 0.0000000000
21340  4.176  -45.370  35.896 0.0000000000
20537  3.901  -46.388  36.666 0.0000000000
18926  2.348  -48.659  36.373 0.0000000000
109594  2.613  -48.932  36.006 0.0000000000
18944  0.550  -47.915  33.803 0.0000000000
18953  0.484  -47.590  32.477 0.0000000000
22147  1.006  -43.726  31.077 0.0000000000
21395  1.514  -44.597  29.866 0.0000000000
22926  1.289  -42.779  30.886 0.0000000000
24589  3.241  -40.324  31.485 0.0000000000
23755  3.202  -41.261  30.398 0.0000000000
24602  3.592  -40.526  30.714 0.0000000000
23770  4.462  -41.068  29.223 0.0000000000
25422  4.760  -39.234  29.952 0.0000000000
28869  2.462  -35.714  35.865 0.0000000000
27071  3.019  -36.942  35.134 0.0000000000
28877  3.257  -35.500  34.776 0.0000000000
29708  3.720  -35.088  30.919 0.0000000000
28905  4.353  -35.646  31.474 0.0000000000
28920  4.303  -35.641  30.525 0.0000000000
27136  4.743  -36.990  29.201 0.0000000000
28081  3.898  -36.585  28.818 0.0000000000
27159  2.730  -37.504  27.310 0.0000000000
28082  2.484  -36.430  28.556 0.0000000000
31370  1.206  -32.903  28.825 0.0000000000
29746  1.348  -34.567  28.467 0.0000000000
29745  2.176  -34.145  27.991 0.0000000000
34793  5.588  -28.620  37.617 0.0000000000
33899  4.411  -30.030  36.953 0.0000000000
109436  5.817  -29.205  36.086 0.0000000000
34853  6.446  -28.191  32.837 0.0000000000
34841  6.192  -28.622  33.654 0.0000000000
97344  4.933  -30.047  33.967 0.0000000000
33952  4.485  -30.085  32.237 0.0000000000
100915  2.146  -28.990  30.590 0.0000000000
33965  4.877  -29.946  31.437 0.0000000000
21274  4.270  -44.693  44.831 0.0000000000
22796  3.614  -43.291  44.084 0.0000000000
23603  4.828  -42.188  43.987 0.0000000000
24460  9.739  -40.385  42.490 0.0000000000
24477  10.100  -40.929  41.155 0.0000000000
23619  8.955  -41.805  42.419 0.0000000000
23620  8.424  -42.469  41.693 0.0000000000
22809  7.215  -43.254  41.574 0.0000000000
22031  6.658  -43.726  41.119 0.0000000000
22017  6.322  -43.358  43.714 0.0000000000
22018  5.710  -44.013  44.377 0.0000000000
32103  1.788  -31.836  41.988 0.0000000000
31265  1.601  -32.419  40.880 0.0000000000
32111  2.341  -31.587  41.452 0.0000000000
32979  2.745  -31.300  40.380 0.0000000000
101503  3.746  -30.535  39.940 0.0000000000
101478  0.402  -46.239  34.135 0.0000000000
20573  0.417  -45.354  33.871 0.0000000000
21341  0.532  -44.643  35.598 0.0000000000
22077  0.538  -43.994  36.029 0.0000000000
106383  0.602  -42.741  37.312 0.0000000000
24455  1.219  -40.204  42.971 0.0000000000
24456  0.616  -39.981  42.458 0.0000000000
25282  0.904  -39.561  43.183 0.0000000000
25273  0.643  -38.779  43.179 0.0000000000
100973  0.680  -37.224  43.464 0.0000000000
27913  0.770  -36.438  43.330 0.0000000000
101341  2.756  -47.360  38.592 0.0000000000
101074  3.202  -47.487  37.184 0.0000000000
19751  2.332  -47.808  37.420 0.0000000000
18919  2.096  -48.232  36.832 0.0000000000
18927  1.966  -48.680  36.306 0.0000000000
18935  1.718  -49.097  35.832 0.0000000000
18928  1.338  -47.966  35.692 0.0000000000
19777  0.602  -47.015  34.862 0.0000000000
23705  1.099  -41.152  33.533 0.0000000000
23734  1.238  -41.826  31.909 0.0000000000
24577  1.448  -40.982  33.001 0.0000000000
25400  2.534  -39.926  32.959 0.0000000000
25399  3.356  -39.394  32.679 0.0000000000
29688  3.099  -33.944  34.723 0.0000000000
29687  3.456  -34.774  34.246 0.0000000000
30497  3.183  -33.599  33.464 0.0000000000
30511  2.561  -33.891  31.883 0.0000000000
29710  1.969  -34.113  31.080 0.0000000000
29731  1.284  -35.026  29.631 0.0000000000
30521  1.216  -33.639  30.771 0.0000000000
31355  0.971  -32.417  29.281 0.0000000000
31354  1.366  -31.752  28.865 0.0000000000
99771  6.722  -28.002  31.924 0.0000000000
33964  5.776  -29.409  31.068 0.0000000000
33978  6.381  -29.017  30.269 0.0000000000
99110  1.661  -45.947  39.108 0.0000000000
21299  1.549  -45.046  39.273 0.0000000000
21295  1.481  -45.057  40.338 0.0000000000
22038  1.279  -43.551  41.564 0.0000000000
22810  0.968  -42.383  42.253 0.0000000000
94524  2.094  -43.108  43.143 0.0000000000
23612  2.046  -42.013  43.302 0.0000000000
98104  1.400  -40.900  42.743 0.0000000000
25280  1.986  -39.783  43.210 0.0000000000
99622  12.618  -38.701  39.115 0.0000000000
26181  12.643  -38.641  37.621 0.0000000000
25323  11.632  -39.341  38.583 0.0000000000
24490  9.055  -41.124  39.454 0.0000000000
24502  8.664  -40.715  38.589 0.0000000000
24511  8.249  -40.375  37.804 0.0000000000
22053  5.087  -44.509  38.379 0.0000000000
21308  4.668  -45.433  38.778 0.0000000000
21292  5.501  -45.059  41.158 0.0000000000
21298  4.765  -45.706  39.653 0.0000000000
20520  4.125  -46.409  39.350 0.0000000000
20511  3.210  -46.865  39.943 0.0000000000
20521  1.931  -46.675  39.288 0.0000000000
27974  0.855  -36.860  38.200 0.0000000000
27062  1.214  -37.391  36.628 0.0000000000
27973  1.272  -36.338  37.547 0.0000000000
28859  1.614  -35.748  36.980 0.0000000000
29674  2.358  -34.383  36.351 0.0000000000
31273  1.813  -32.220  38.993 0.0000000000
30472  1.708  -32.792  37.786 0.0000000000
110937  2.448  -33.813  36.229 0.0000000000
31314  2.335  -32.209  35.525 0.0000000000
32167  2.258  -31.293  35.882 0.0000000000
33049  2.566  -30.712  35.346 0.0000000000
107635  7.604  -39.409  43.254 0.0000000000
27027  13.980  -37.188  39.346 0.0000000000
29613  16.592  -34.885  43.739 0.0000000000
28802  15.132  -35.871  43.896 0.0000000000
28809  15.406  -35.803  42.742 0.0000000000
27922  15.052  -36.116  41.138 0.0000000000
27019  14.046  -37.137  40.364 0.0000000000
27028  13.567  -37.655  39.946 0.0000000000
25286  11.989  -39.114  41.482 0.0000000000
25287  11.256  -39.232  41.823 0.0000000000
25274  10.937  -38.913  42.156 0.0000000000
25275  9.921  -39.305  41.967 0.0000000000
105142  8.898  -39.723  43.612 0.0000000000
25277  8.716  -39.697  43.919 0.0000000000
21389  0.938  -44.654  31.101 0.0000000000
22125  0.873  -43.382  32.080 0.0000000000
21365  0.586  -44.237  33.479 0.0000000000
22107  0.742  -43.177  33.433 0.0000000000
22881  0.879  -42.302  33.385 0.0000000000
23706  0.808  -41.301  34.130 0.0000000000
24541  0.667  -40.246  35.516 0.0000000000
98639  0.739  -38.731  36.583 0.0000000000
22838  1.082  -43.141  39.062 0.0000000000
22839  0.754  -42.330  38.729 0.0000000000
23652  0.487  -41.555  38.489 0.0000000000
24479  0.490  -40.597  40.350 0.0000000000
24491  0.485  -40.833  39.231 0.0000000000
24504  0.490  -40.730  38.117 0.0000000000
99063  0.588  -39.889  37.634 0.0000000000
25327  0.520  -38.934  38.026 0.0000000000
27055  0.692  -37.615  37.734 0.0000000000
97653  0.522  -36.985  39.169 0.0000000000
28824  0.719  -35.559  40.508 0.0000000000
29633  1.003  -34.043  41.845 0.0000000000
29619  0.943  -34.770  42.952 0.0000000000
29627  1.168  -33.811  42.685 0.0000000000
30440  1.452  -32.901  42.688 0.0000000000
20560  3.782  -46.076  34.753 0.0000000000
19750  3.456  -47.372  36.414 0.0000000000
22925  1.906  -42.425  30.503 0.0000000000
22936  2.424  -42.786  29.840 0.0000000000
24653  4.939  -40.292  27.334 0.0000000000
27072  2.235  -37.435  35.546 0.0000000000
98609  3.653  -37.882  33.898 0.0000000000
26243  4.335  -38.011  32.602 0.0000000000
28886  3.962  -35.794  33.321 0.0000000000
27109  4.559  -37.440  32.140 0.0000000000
101839  4.496  -38.626  31.050 0.0000000000
26259  5.025  -38.458  29.624 0.0000000000
25450  5.306  -38.989  27.799 0.0000000000
26298  3.761  -39.174  26.698 0.0000000000
26299  2.475  -38.945  26.250 0.0000000000
28935  1.250  -35.209  28.828 0.0000000000
107566  1.627  -35.631  27.500 0.0000000000
33855  4.609  -30.040  39.647 0.0000000000
95680  5.139  -29.367  39.068 0.0000000000
33001  3.469  -30.354  38.164 0.0000000000
33016  3.304  -30.031  37.384 0.0000000000
33038  2.933  -30.147  35.789 0.0000000000
33048  3.057  -30.363  34.851 0.0000000000
33926  5.405  -29.607  34.773 0.0000000000
33047  3.830  -30.329  34.180 0.0000000000
109276  2.281  -29.691  33.089 0.0000000000
33953  1.602  -28.950  31.697 0.0000000000
33082  1.512  -29.077  30.278 0.0000000000
32202  2.277  -30.562  29.076 0.0000000000
32201  3.518  -30.919  29.427 0.0000000000
24450  6.858  -40.673  44.205 0.0000000000
24449  7.840  -40.430  44.300 0.0000000000
23599  7.970  -40.893  44.422 0.0000000000
24446  7.515  -41.197  44.477 0.0000000000
23597  7.242  -41.862  44.656 0.0000000000
24661  2.747  -41.722  25.147 0.0000000000
24662  1.872  -41.073  24.831 0.0000000000
24658  2.537  -40.862  25.495 0.0000000000
21331  1.106  -45.360  37.022 0.0000000000
27051  13.734  -37.563  37.580 0.0000000000
26180  13.247  -38.152  37.860 0.0000000000
20522  1.729  -46.427  38.608 0.0000000000
26211  0.971  -38.680  35.977 0.0000000000
26210  1.317  -38.674  35.521 0.0000000000
26195  1.385  -37.896  35.920 0.0000000000
32182  1.706  -30.391  32.745 0.0000000000
20494  2.718  -45.930  43.103 0.0000000000
21281  2.348  -45.173  42.628 0.0000000000
22823  7.343  -42.396  40.116 0.0000000000
22824  6.719  -42.783  39.641 0.0000000000
22825  6.173  -43.340  39.231 0.0000000000
22036  6.466  -43.513  40.137 0.0000000000
20493  3.366  -45.974  43.508 0.0000000000
20498  4.010  -46.280  42.842 0.0000000000
29641  1.129  -33.950  40.830 0.0000000000
30454  1.439  -33.122  40.397 0.0000000000
103862  2.062  -30.846  38.238 0.0000000000
33003  2.312  -30.526  38.099 0.0000000000
97543  2.580  -30.192  37.746 0.0000000000
20584  0.396  -45.989  33.334 0.0000000000
22858  0.482  -42.382  36.536 0.0000000000
23678  0.471  -41.402  36.600 0.0000000000
23629  0.923  -42.069  41.563 0.0000000000
26155  0.478  -38.775  40.889 0.0000000000
27023  0.415  -37.854  41.211 0.0000000000
102597  0.406  -37.003  41.149 0.0000000000
18115  2.166  -49.334  36.088 0.0000000000
18121  2.399  -49.732  35.884 0.0000000000
19786  0.466  -46.975  33.957 0.0000000000
22911  1.049  -42.816  31.844 0.0000000000
22139  1.096  -43.081  31.245 0.0000000000
22910  1.192  -42.466  31.582 0.0000000000
25406  3.708  -39.600  31.896 0.0000000000
24588  3.960  -39.801  31.096 0.0000000000
24601  4.353  -40.026  30.251 0.0000000000
25411  4.439  -39.250  30.726 0.0000000000
29681  2.619  -34.906  35.829 0.0000000000
28868  2.860  -35.382  35.391 0.0000000000
28933  4.193  -35.784  29.923 0.0000000000
28073  4.281  -36.288  29.492 0.0000000000
28074  3.252  -35.961  29.419 0.0000000000
31369  1.827  -32.515  28.512 0.0000000000
30545  1.625  -33.551  28.477 0.0000000000
30544  2.591  -33.308  28.264 0.0000000000
35578  5.817  -27.570  37.716 0.0000000000
35593  6.021  -28.020  36.900 0.0000000000
104526  5.745  -28.939  36.765 0.0000000000
97666  5.896  -29.087  32.938 0.0000000000
33936  5.166  -29.762  33.060 0.0000000000
33072  3.473  -29.788  31.264 0.0000000000
22792  4.976  -43.356  44.976 0.0000000000
22019  4.205  -43.613  44.842 0.0000000000
24462  5.013  -40.467  42.253 0.0000000000
23618  9.063  -40.730  43.122 0.0000000000
23600  7.795  -41.529  43.975 0.0000000000
22799  8.134  -42.041  42.798 0.0000000000
22808  7.783  -42.800  42.089 0.0000000000
101114  7.210  -43.041  42.383 0.0000000000
22024  6.632  -43.570  42.300 0.0000000000
22801  6.822  -42.903  43.149 0.0000000000
22791  5.948  -42.890  44.951 0.0000000000
22014  6.218  -43.207  44.770 0.0000000000
22015  5.429  -43.695  44.924 0.0000000000
21273  5.015  -44.472  44.763 0.0000000000
32967  3.090  -31.318  41.091 0.0000000000
32977  3.828  -30.857  40.937 0.0000000000
32978  3.181  -30.917  40.170 0.0000000000
102473  0.482  -45.969  34.815 0.0000000000
21321  0.881  -44.292  36.810 0.0000000000
94558  0.605  -43.317  36.631 0.0000000000
25281  1.522  -39.667  43.301 0.0000000000
25272  1.315  -39.000  43.544 0.0000000000
26127  1.123  -38.417  43.863 0.0000000000
102848  0.598  -37.996  43.412 0.0000000000
27912  1.066  -37.023  44.201 0.0000000000
19738  2.979  -47.518  37.903 0.0000000000
19739  2.250  -47.428  38.062 0.0000000000
19752  1.745  -47.593  37.098 0.0000000000
19767  0.879  -46.869  35.693 0.0000000000
24565  1.392  -40.480  33.773 0.0000000000
25393  2.102  -39.863  33.727 0.0000000000
25392  2.931  -39.291  33.461 0.0000000000
30487  2.680  -33.105  35.138 0.0000000000
30492  3.339  -33.945  34.003 0.0000000000
30493  2.937  -33.109  34.102 0.0000000000
30505  2.293  -33.030  32.349 0.0000000000
30504  3.032  -33.697  32.735 0.0000000000
29709  2.928  -34.533  31.410 0.0000000000
31345  0.839  -31.930  30.011 0.0000000000
32204  1.152  -31.108  29.435 0.0000000000
35635  6.741  -27.457  32.508 0.0000000000
34863  6.561  -28.543  31.127 0.0000000000
20513  1.718  -45.977  39.779 0.0000000000
22033  1.674  -44.105  42.031 0.0000000000
100231  1.035  -43.102  42.183 0.0000000000
22804  1.266  -42.610  42.734 0.0000000000
22802  3.915  -42.415  43.611 0.0000000000
22803  2.973  -42.748  43.439 0.0000000000
24454  1.912  -41.125  43.155 0.0000000000
97563  1.788  -40.391  43.137 0.0000000000
26170  12.326  -38.954  38.472 0.0000000000
24500  10.275  -40.307  39.258 0.0000000000
25324  10.855  -39.722  38.683 0.0000000000
25325  9.943  -39.930  38.351 0.0000000000
23626  9.675  -41.444  41.956 0.0000000000
24478  9.390  -41.379  40.567 0.0000000000
23649  8.322  -41.394  39.085 0.0000000000
24503  7.944  -41.013  38.319 0.0000000000
23661  7.365  -41.303  38.090 0.0000000000
22848  6.326  -42.031  37.749 0.0000000000
21307  5.589  -44.063  38.974 0.0000000000
21318  4.623  -45.083  37.912 0.0000000000
22032  6.103  -44.333  41.687 0.0000000000
22037  6.106  -44.294  40.598 0.0000000000
20504  3.732  -46.347  41.851 0.0000000000
21293  4.625  -45.869  40.759 0.0000000000
20510  4.123  -46.423  40.120 0.0000000000
19729  3.415  -47.029  39.027 0.0000000000
20512  2.279  -46.638  39.950 0.0000000000
27961  1.175  -36.081  38.206 0.0000000000
102782  1.494  -34.433  38.128 0.0000000000
28849  1.450  -35.456  37.752 0.0000000000
96784  1.830  -34.658  37.122 0.0000000000
99085  1.788  -33.652  37.487 0.0000000000
32120  2.036  -31.818  40.285 0.0000000000
102398  1.786  -32.356  39.909 0.0000000000
32147  1.848  -31.281  38.059 0.0000000000
31281  1.766  -32.064  38.215 0.0000000000
30483  2.015  -32.845  37.020 0.0000000000
30482  2.363  -33.118  36.119 0.0000000000
31307  2.071  -32.014  36.459 0.0000000000
105845  2.290  -30.158  36.861 0.0000000000
32172  2.428  -31.418  34.950 0.0000000000
95356  8.256  -39.323  43.383 0.0000000000
25290  7.534  -38.972  42.318 0.0000000000
27939  15.029  -36.087  39.091 0.0000000000
27940  14.464  -36.542  39.781 0.0000000000
28795  14.786  -35.664  44.877 0.0000000000
28813  15.547  -35.633  41.641 0.0000000000
97586  14.892  -36.234  42.176 0.0000000000
27020  13.550  -37.709  40.902 0.0000000000
26138  12.389  -38.528  41.839 0.0000000000
25302  11.456  -39.526  41.047 0.0000000000
26131  10.467  -38.388  42.374 0.0000000000
24447  9.357  -39.896  42.776 0.0000000000
25276  9.020  -39.413  42.479 0.0000000000
26141  8.713  -38.275  42.165 0.0000000000
25289  8.641  -39.239  42.893 0.0000000000
19812  0.723  -46.581  30.593 0.0000000000
97934  0.698  -44.834  32.009 0.0000000000
21382  0.818  -43.969  31.647 0.0000000000
21350  0.486  -44.759  34.710 0.0000000000
22093  0.598  -43.643  34.308 0.0000000000
22871  0.512  -42.147  34.875 0.0000000000
101664  0.656  -42.688  34.154 0.0000000000
23717  0.995  -41.687  33.427 0.0000000000
111516  0.615  -41.502  34.597 0.0000000000
24529  0.485  -40.439  36.311 0.0000000000
25358  0.655  -39.498  36.202 0.0000000000
100154  1.379  -44.029  39.633 0.0000000000
22054  1.223  -44.088  38.498 0.0000000000
24467  0.534  -40.470  41.528 0.0000000000
25296  0.392  -39.485  41.666 0.0000000000
98032  0.710  -39.847  38.610 0.0000000000
26171  0.418  -38.227  38.732 0.0000000000
103201  0.465  -38.122  38.045 0.0000000000
27045  0.490  -37.586  38.533 0.0000000000
28817  0.493  -35.616  41.442 0.0000000000
27946  0.663  -36.311  39.856 0.0000000000
29642  0.736  -34.789  41.194 0.0000000000
28807  0.654  -35.670  42.744 0.0000000000
26182  11.916  -39.133  37.776 0.0000000000
107169  12.136  -38.971  37.083 0.0000000000
20547  3.886  -46.259  35.695 0.0000000000
18925  3.082  -48.226  36.244 0.0000000000
18973  0.574  -47.980  30.656 0.0000000000
22156  1.512  -43.865  30.070 0.0000000000
21394  1.898  -44.326  29.536 0.0000000000
22155  2.162  -43.586  29.667 0.0000000000
23715  1.539  -41.246  32.246 0.0000000000
23757  1.506  -42.091  31.188 0.0000000000
23733  1.840  -41.450  31.525 0.0000000000
23772  2.801  -41.995  30.080 0.0000000000
102799  3.446  -42.375  29.403 0.0000000000
22154  3.084  -43.215  29.239 0.0000000000
22934  4.383  -41.862  28.736 0.0000000000
24623  4.875  -40.458  28.897 0.0000000000
23784  4.813  -41.092  28.400 0.0000000000
24639  5.167  -40.395  28.116 0.0000000000
23783  4.890  -40.999  27.606 0.0000000000
102165  5.321  -39.637  27.891 0.0000000000
27999  1.664  -36.990  36.155 0.0000000000
27082  3.550  -37.128  34.321 0.0000000000
104346  4.126  -37.773  33.239 0.0000000000
101810  3.713  -35.178  33.582 0.0000000000
28050  4.614  -36.334  30.974 0.0000000000
28033  4.573  -36.551  32.062 0.0000000000
27122  4.633  -37.239  31.377 0.0000000000
93884  4.648  -37.925  30.858 0.0000000000
101833  4.716  -38.568  30.396 0.0000000000
26254  4.853  -37.811  30.077 0.0000000000
27157  4.861  -37.866  27.999 0.0000000000
27142  5.107  -37.747  28.626 0.0000000000
26287  4.613  -38.519  27.494 0.0000000000
25451  4.791  -39.454  27.260 0.0000000000
26288  3.344  -38.274  26.967 0.0000000000
28089  2.203  -36.757  27.716 0.0000000000
27161  1.649  -36.632  26.883 0.0000000000
29756  1.714  -34.984  27.706 0.0000000000
28965  2.987  -35.585  26.356 0.0000000000
106523  5.478  -28.284  38.583 0.0000000000
33867  5.098  -29.432  38.221 0.0000000000
33868  4.445  -30.125  38.666 0.0000000000
33914  4.539  -29.951  36.065 0.0000000000
96170  3.333  -29.954  36.464 0.0000000000
33037  3.835  -30.134  35.381 0.0000000000
34832  6.421  -28.085  34.254 0.0000000000
34822  6.346  -28.302  35.099 0.0000000000
34823  5.972  -29.078  35.373 0.0000000000
33937  4.152  -30.210  33.164 0.0000000000
33057  2.841  -29.977  33.187 0.0000000000
33066  2.106  -29.273  32.435 0.0000000000
96715  1.853  -29.398  32.529 0.0000000000
103180  2.087  -29.207  29.949 0.0000000000
33091  1.765  -29.668  29.556 0.0000000000
33980  4.623  -29.934  30.616 0.0000000000
23602  5.890  -42.049  44.643 0.0000000000
23608  6.127  -41.265  44.110 0.0000000000
24451  5.743  -40.718  43.235 0.0000000000
24461  5.964  -39.982  42.523 0.0000000000
23606  8.517  -40.178  44.177 0.0000000000
22793  7.331  -42.015  44.593 0.0000000000
22794  6.905  -42.666  44.523 0.0000000000
110040  7.039  -42.298  44.860 0.0000000000
23598  6.719  -42.252  44.910 0.0000000000
95892  1.657  -39.512  25.561 0.0000000000
25384  1.249  -39.926  34.550 0.0000000000
26225  1.560  -39.101  34.968 0.0000000000
26224  2.378  -38.805  34.628 0.0000000000
31327  2.428  -32.266  33.679 0.0000000000
31338  1.494  -32.268  31.755 0.0000000000
32189  0.909  -30.253  30.976 0.0000000000
20506  2.305  -46.070  41.370 0.0000000000
21294  1.781  -45.448  41.046 0.0000000000
21288  2.030  -45.280  41.746 0.0000000000
111709  2.836  -40.786  42.846 0.0000000000
25295  2.596  -40.080  42.402 0.0000000000
102916  11.534  -39.678  40.066 0.0000000000
109785  11.415  -39.607  39.260 0.0000000000
23628  8.092  -42.144  40.608 0.0000000000
23638  7.804  -41.838  39.643 0.0000000000
21279  4.716  -45.576  42.885 0.0000000000
20505  2.837  -46.464  41.705 0.0000000000
28832  1.004  -35.484  39.539 0.0000000000
28840  1.247  -35.396  38.611 0.0000000000
29657  1.494  -33.752  38.842 0.0000000000
32128  2.494  -31.304  39.646 0.0000000000
32136  2.346  -31.067  38.707 0.0000000000
26137  13.026  -38.241  41.378 0.0000000000
26129  12.199  -38.091  42.544 0.0000000000
26140  9.059  -38.614  42.310 0.0000000000
19803  0.593  -46.432  31.702 0.0000000000
97585  0.505  -45.049  32.915 0.0000000000
23696  0.507  -41.440  35.100 0.0000000000
96299  1.281  -43.073  40.942 0.0000000000
22818  0.971  -42.237  40.557 0.0000000000
112190  0.558  -41.373  40.102 0.0000000000
111959  0.429  -38.704  42.499 0.0000000000
26145  0.385  -38.680  41.858 0.0000000000
26164  0.614  -38.922  39.951 0.0000000000
93670  0.669  -39.006  39.053 0.0000000000
25355  10.404  -39.465  36.799 0.0000000000
21329  4.520  -44.727  37.058 0.0000000000
21330  4.251  -45.333  36.621 0.0000000000
18138  0.641  -48.796  33.483 0.0000000000
18149  0.509  -48.454  31.907 0.0000000000
21388  1.231  -44.171  30.492 0.0000000000
22146  1.249  -43.457  30.683 0.0000000000
24603  2.714  -40.987  31.102 0.0000000000
24624  3.985  -40.806  29.964 0.0000000000
101535  4.507  -40.454  29.565 0.0000000000
104697  4.838  -39.864  29.433 0.0000000000
27998  2.353  -36.548  35.747 0.0000000000
27997  2.951  -36.087  35.288 0.0000000000
28010  3.426  -36.306  34.571 0.0000000000
28906  3.684  -35.131  31.950 0.0000000000
28897  4.203  -35.769  32.471 0.0000000000
28066  4.529  -36.403  30.034 0.0000000000
109513  4.785  -37.197  29.804 0.0000000000
27143  4.426  -37.305  28.389 0.0000000000
27144  3.268  -37.047  28.076 0.0000000000
28083  1.687  -36.176  28.120 0.0000000000
30546  1.135  -33.836  28.849 0.0000000000
29755  2.773  -34.621  27.422 0.0000000000
33881  5.192  -29.585  37.343 0.0000000000
33898  5.286  -29.670  36.507 0.0000000000
33913  5.382  -29.627  35.694 0.0000000000
98285  5.641  -29.374  33.820 0.0000000000
33073  2.136  -28.977  31.559 0.0000000000
33081  3.211  -29.813  30.274 0.0000000000
21276  3.699  -45.275  44.339 0.0000000000
22020  3.597  -44.334  44.632 0.0000000000
23610  4.228  -41.570  43.303 0.0000000000
24459  10.213  -39.915  42.108 0.0000000000
22025  5.802  -44.066  42.932 0.0000000000
21278  5.134  -44.906  43.701 0.0000000000
21275  4.550  -45.110  44.379 0.0000000000
31259  1.491  -32.439  41.868 0.0000000000
32112  1.864  -31.878  41.203 0.0000000000
32119  2.343  -31.597  40.596 0.0000000000
32110  2.825  -31.415  42.139 0.0000000000
100902  2.849  -31.011  39.623 0.0000000000
32991  3.124  -30.772  39.312 0.0000000000
24466  0.864  -40.628  42.391 0.0000000000
26126  1.693  -38.486  43.929 0.0000000000
27008  0.497  -37.404  42.734 0.0000000000
27921  0.525  -36.549  42.521 0.0000000000
20531  3.607  -46.987  38.209 0.0000000000
111298  3.607  -46.946  37.518 0.0000000000
18122  1.889  -49.984  36.006 0.0000000000
112328  1.110  -42.049  32.789 0.0000000000
23716  1.239  -41.630  32.697 0.0000000000
24564  1.860  -40.394  33.202 0.0000000000
24576  2.077  -40.613  32.592 0.0000000000
24575  2.920  -40.133  32.253 0.0000000000
97145  2.720  -33.998  35.666 0.0000000000
29693  3.483  -34.393  33.328 0.0000000000
29700  3.264  -34.485  32.333 0.0000000000
29720  2.442  -34.782  30.493 0.0000000000
28934  2.147  -35.449  29.711 0.0000000000
29721  1.188  -34.335  30.323 0.0000000000
29722  0.864  -34.262  29.698 0.0000000000
30513  1.013  -32.730  30.843 0.0000000000
30522  0.754  -33.339  30.006 0.0000000000
30530  0.912  -33.577  29.264 0.0000000000
34854  6.240  -28.860  32.024 0.0000000000
34873  6.884  -28.257  30.287 0.0000000000
21309  1.551  -45.314  38.449 0.0000000000
22042  1.378  -43.905  40.676 0.0000000000
22026  2.850  -43.853  43.755 0.0000000000
23613  1.257  -41.754  42.867 0.0000000000
26169  12.933  -38.422  38.495 0.0000000000
25336  11.249  -39.373  37.962 0.0000000000
25337  10.565  -39.551  37.721 0.0000000000
25338  9.671  -39.722  37.456 0.0000000000
25339  8.775  -39.925  37.179 0.0000000000
24489  9.830  -40.878  39.861 0.0000000000
23651  6.973  -41.855  38.285 0.0000000000
22067  4.985  -43.994  37.531 0.0000000000
21297  5.511  -44.914  39.955 0.0000000000
19726  2.504  -47.110  39.294 0.0000000000
27063  0.893  -37.690  37.089 0.0000000000
27054  1.043  -37.093  37.330 0.0000000000
27987  1.404  -36.620  36.806 0.0000000000
28858  2.134  -35.253  36.443 0.0000000000
94650  1.592  -33.056  39.404 0.0000000000
30464  1.643  -32.911  38.534 0.0000000000
96942  2.175  -33.736  36.745 0.0000000000
33059  2.592  -30.736  34.372 0.0000000000
112357  6.875  -38.800  41.350 0.0000000000
27040  13.519  -37.725  38.623 0.0000000000
28801  15.732  -35.447  44.432 0.0000000000
108342  14.508  -36.555  41.611 0.0000000000
112372  13.539  -37.643  39.325 0.0000000000
26159  13.158  -38.177  39.392 0.0000000000
26150  12.579  -38.714  40.897 0.0000000000
25301  12.097  -39.237  40.451 0.0000000000
24458  10.888  -39.774  41.646 0.0000000000
108792  11.629  -37.656  42.755 0.0000000000
26130  11.336  -38.269  42.543 0.0000000000
25288  10.678  -39.469  41.929 0.0000000000
20608  0.880  -45.679  30.845 0.0000000000
109351  1.004  -43.356  31.536 0.0000000000
109340  0.770  -43.508  32.756 0.0000000000
22894  0.954  -42.710  32.579 0.0000000000
100965  0.629  -40.911  34.858 0.0000000000
24552  0.876  -40.240  34.908 0.0000000000
22055  0.827  -42.997  38.142 0.0000000000
22850  0.543  -42.170  37.906 0.0000000000
23664  0.434  -41.437  37.591 0.0000000000
25340  0.541  -39.204  37.063 0.0000000000
26183  0.642  -38.326  37.275 0.0000000000
103032  0.411  -35.748  42.092 0.0000000000
112054  0.894  -34.395  42.397 0.0000000000
101720  1.267  -33.247  42.109 0.0000000000
31252  1.705  -32.171  42.632 0.0000000000
25291  6.712  -39.298  42.228 0.0000000000
26192  12.620  -38.550  36.713 0.0000000000
26204  12.472  -38.338  35.897 0.0000000000
26194  11.113  -39.212  36.149 0.0000000000
19765  3.633  -47.194  35.532 0.0000000000
20620  1.493  -45.426  29.584 0.0000000000
23756  2.253  -41.682  30.785 0.0000000000
25458  4.002  -40.219  26.428 0.0000000000
27083  2.959  -37.928  34.820 0.0000000000
26223  3.097  -38.647  34.061 0.0000000000
26244  3.703  -38.551  33.188 0.0000000000
25398  4.087  -38.831  32.298 0.0000000000
28887  3.675  -35.676  34.064 0.0000000000
28022  3.863  -36.437  33.814 0.0000000000
28021  4.267  -36.489  33.029 0.0000000000
27095  4.413  -37.236  32.801 0.0000000000
26249  4.495  -38.185  31.717 0.0000000000
25421  5.180  -39.116  29.128 0.0000000000
27135  5.071  -37.745  29.341 0.0000000000
26270  5.282  -38.392  28.836 0.0000000000
25435  5.388  -39.021  28.329 0.0000000000
25459  2.644  -39.843  25.877 0.0000000000
26300  1.558  -38.786  25.666 0.0000000000
28944  1.694  -35.781  29.006 0.0000000000
28945  1.456  -35.665  28.352 0.0000000000
28946  1.404  -35.387  28.120 0.0000000000
28084  1.565  -36.031  27.486 0.0000000000
28106  1.660  -36.548  26.577 0.0000000000
32990  3.670  -30.519  39.026 0.0000000000
33017  2.570  -29.971  37.091 0.0000000000
33030  2.660  -30.025  36.491 0.0000000000
33927  4.628  -30.074  34.742 0.0000000000
33058  2.810  -30.285  33.852 0.0000000000
33067  1.235  -29.506  31.622 0.0000000000
33083  1.058  -29.478  30.561 0.0000000000
33966  1.614  -28.826  30.984 0.0000000000
33074  1.279  -28.964  30.981 0.0000000000
33092  1.254  -29.896  29.774 0.0000000000
32203  1.564  -30.615  29.136 0.0000000000
31353  2.027  -31.458  28.641 0.0000000000
22016  4.564  -44.045  45.055 0.0000000000
22795  4.462  -42.947  44.440 0.0000000000
26124  1.575  -38.109  44.228 0.0000000000
26286  5.267  -38.388  28.128 0.0000000000
98293  1.889  -39.512  34.372 0.0000000000
