#!ascii label  , from subject sub-v1s3x0050779_ses-1 vox2ras=TkReg
735
51557  21.381  -9.773  -29.939 0.1428571492
50767  20.125  -10.431  -29.891 0.1428571492
52392  20.126  -8.834  -30.933 0.1428571492
52391  21.078  -8.681  -30.981 0.2857142985
107160  20.119  -9.488  -30.564 0.1428571492
52369  21.684  -9.101  -30.264 0.1428571492
53239  20.983  -7.273  -31.678 0.5714285970
53227  22.368  -7.598  -30.825 0.1428571492
54099  23.664  -6.732  -30.593 0.2857142985
55034  24.719  -5.749  -30.781 0.1428571492
54107  23.923  -6.144  -31.205 0.2857142985
57511  25.925  -3.128  -32.222 0.2857142985
56772  25.211  -3.605  -32.713 0.1428571492
55962  25.240  -4.303  -32.302 0.2857142985
58996  27.011  -0.980  -32.249 0.2857142985
57510  26.406  -2.582  -31.752 0.2857142985
59786  27.028  0.265  -32.999 0.2857142985
59014  26.645  -0.472  -32.683 0.2857142985
60547  28.411  2.052  -33.989 0.2857142985
63516  30.107  3.727  -36.032 0.8571428657
62011  29.149  3.061  -34.438 0.4285714328
60538  28.242  1.193  -33.400 0.2857142985
104541  33.349  6.405  -36.306 0.7142857313
64302  31.776  5.597  -35.607 0.7142857313
63507  30.877  5.141  -35.363 0.7142857313
62768  29.184  3.814  -35.266 0.7142857313
64309  34.748  6.691  -36.377 0.8571428657
64310  33.855  6.592  -36.813 0.8571428657
63515  31.446  3.771  -36.745 0.7142857313
64296  39.118  5.473  -35.663 0.4285714328
94853  36.621  6.464  -36.790 0.7142857313
64308  35.568  6.578  -36.506 0.8571428657
105558  39.648  8.033  -36.049 0.2857142985
92275  40.359  7.697  -37.191 0.5714285970
64306  39.049  5.397  -36.802 0.8571428657
105501  40.798  5.391  -37.296 0.7142857313
64316  37.630  6.339  -37.260 0.8571428657
92609  38.595  9.965  -35.953 0.1428571492
107602  39.056  9.200  -35.600 0.1428571492
92211  39.321  9.099  -36.666 0.4285714328
92185  40.643  6.533  -37.429 0.5714285970
92420  39.977  5.609  -37.424 0.8571428657
91877  35.934  11.828  -37.043 0.1428571492
110748  37.129  10.958  -35.586 0.1428571492
91874  37.847  10.670  -36.316 0.1428571492
91872  38.441  10.051  -37.187 0.4285714328
92504  39.938  7.111  -37.717 0.8571428657
68979  34.513  12.532  -36.953 0.1428571492
112531  34.918  12.198  -36.661 0.1428571492
68143  35.244  12.258  -37.221 0.1428571492
91875  36.710  11.484  -37.436 0.1428571492
91873  37.335  11.070  -38.287 0.4285714328
92514  38.381  9.879  -38.345 0.5714285970
105470  39.311  8.888  -37.742 0.7142857313
65871  39.016  8.089  -38.361 0.8571428657
68984  34.655  12.773  -37.737 0.1428571492
69823  33.392  13.844  -38.029 0.1428571492
68983  35.305  12.481  -38.157 0.1428571492
92808  35.883  12.211  -38.674 0.5714285970
66587  39.140  8.595  -38.249 0.8571428657
66591  38.565  9.284  -38.724 0.8571428657
69819  32.455  13.562  -36.780 0.1428571492
69824  32.594  14.180  -37.709 0.2857142985
68992  34.197  13.491  -38.330 0.1428571492
69829  34.646  13.498  -39.185 0.8571428657
68146  36.609  11.669  -38.762 0.8571428657
68149  36.961  11.709  -40.135 0.8571428657
98211  31.156  15.347  -37.360 0.1428571492
71310  29.778  15.936  -35.865 0.1428571492
69831  32.791  14.763  -38.688 0.4285714328
69842  33.412  14.282  -39.939 0.8571428657
69834  34.622  13.776  -40.061 0.8571428657
68996  35.997  12.729  -40.312 0.8571428657
68999  36.300  12.486  -41.021 0.8571428657
70598  32.099  15.133  -38.333 0.4285714328
70611  33.723  14.346  -40.757 0.8571428657
69840  35.135  13.912  -41.019 0.8571428657
70610  34.369  14.223  -41.320 0.8571428657
71322  30.139  15.914  -36.681 0.1428571492
71998  29.651  16.614  -36.942 0.2857142985
70595  31.433  15.529  -38.027 0.5714285970
70600  30.668  15.825  -38.886 0.8571428657
70599  31.799  15.779  -38.836 0.8571428657
93155  32.112  14.968  -39.623 0.8571428657
70612  32.862  14.422  -40.459 0.8571428657
94231  31.162  15.399  -40.201 0.8571428657
70619  33.606  14.313  -41.568 0.8571428657
108659  28.910  17.435  -36.163 0.2857142985
72647  29.073  17.326  -36.805 0.7142857313
71321  30.118  16.200  -37.524 0.5714285970
70606  30.071  15.974  -40.026 0.8571428657
70613  31.837  14.588  -40.698 0.8571428657
72005  29.519  16.743  -37.912 0.8571428657
72656  29.151  17.166  -37.462 0.8571428657
71329  29.855  16.076  -38.794 0.8571428657
72008  28.633  16.859  -38.779 0.7142857313
70601  28.947  16.473  -39.829 0.7142857313
72648  28.755  17.783  -37.193 0.8571428657
73297  28.473  18.490  -36.979 0.8571428657
71330  29.014  16.544  -39.129 0.8571428657
73302  28.283  18.162  -37.631 0.8571428657
108024  27.606  19.225  -37.328 0.8571428657
72009  28.099  17.230  -38.504 0.7142857313
74624  27.251  20.179  -36.398 0.7142857313
74629  26.978  20.016  -36.881 0.8571428657
74630  26.710  20.909  -37.058 0.8571428657
75231  24.935  22.722  -37.044 0.7142857313
72006  29.084  17.089  -38.040 0.8571428657
73949  27.239  19.620  -37.124 0.8571428657
76907  26.014  24.542  -34.834 0.1428571492
75230  25.780  21.746  -36.990 0.8571428657
77504  25.818  25.788  -35.723 0.1428571492
76302  25.265  23.766  -35.278 0.5714285970
76908  25.157  24.369  -35.606 0.5714285970
77505  24.378  25.201  -37.045 0.5714285970
77499  25.248  25.061  -35.890 0.1428571492
109580  26.645  27.348  -36.287 0.1428571492
77506  23.997  25.357  -37.443 0.5714285970
78742  25.748  27.832  -36.981 0.1428571492
78741  26.520  28.333  -36.915 0.1428571492
78097  25.011  26.906  -37.061 0.1428571492
79299  25.707  29.422  -36.902 0.1428571492
78094  24.541  25.922  -37.054 0.5714285970
78743  24.890  28.179  -36.807 0.1428571492
79300  24.636  29.641  -36.652 0.1428571492
50766  21.026  -10.547  -29.552 0.1428571492
50753  20.065  -11.139  -29.430 0.1428571492
52390  22.035  -8.360  -30.517 0.2857142985
53226  23.753  -7.359  -29.999 0.2857142985
56761  25.767  -3.844  -31.928 0.2857142985
55952  25.520  -4.520  -31.608 0.2857142985
55953  24.883  -4.925  -32.120 0.1428571492
59797  27.371  0.969  -33.507 0.2857142985
62760  29.422  3.667  -34.589 0.4285714328
61272  28.654  2.579  -34.542 0.5714285970
95182  36.791  6.187  -35.450 0.2857142985
98705  29.327  4.543  -35.331 0.7142857313
92618  40.465  5.545  -35.964 0.1428571492
105500  40.035  7.810  -37.733 0.7142857313
68986  33.154  13.332  -37.178 0.1428571492
68990  35.421  12.733  -39.195 0.8571428657
68989  36.227  12.182  -39.607 0.8571428657
68153  37.287  11.116  -40.441 0.8571428657
69839  35.723  13.213  -40.971 0.8571428657
72637  28.651  17.940  -36.631 0.8571428657
73944  27.564  19.623  -36.500 0.8571428657
101177  26.708  21.268  -36.054 0.8571428657
75767  25.074  23.159  -35.775 0.7142857313
108606  25.031  25.653  -36.384 0.1428571492
78736  25.968  27.183  -36.850 0.1428571492
79297  27.360  30.074  -38.025 0.1428571492
102374  23.203  -6.375  -31.791 0.2857142985
54100  22.858  -6.869  -31.171 0.4285714328
53238  21.888  -7.222  -31.652 0.2857142985
55048  24.445  -5.554  -31.741 0.1428571492
57498  26.791  -2.697  -30.838 0.2857142985
58245  26.574  -1.798  -32.176 0.2857142985
57522  25.982  -2.396  -32.482 0.2857142985
109416  25.476  -2.840  -32.755 0.2857142985
58256  25.918  -1.676  -32.778 0.2857142985
62019  28.981  3.315  -35.317 0.7142857313
91876  35.418  11.812  -36.367 0.1428571492
68981  32.942  12.839  -36.389 0.1428571492
69825  31.801  14.543  -37.151 0.1428571492
70589  31.142  14.900  -36.573 0.1428571492
69836  33.170  14.593  -39.217 0.8571428657
67345  37.812  10.465  -39.798 0.8571428657
111695  38.022  9.748  -39.698 1.0000000000
71990  29.337  16.843  -36.081 0.1428571492
73273  28.219  18.574  -35.259 0.2857142985
70607  28.366  16.091  -40.400 0.8571428657
73288  28.346  18.568  -36.369 0.5714285970
74616  27.204  20.640  -35.831 0.5714285970
74617  26.779  21.107  -34.887 0.5714285970
75226  25.887  21.944  -35.425 0.7142857313
75766  25.947  22.484  -34.462 0.2857142985
76301  25.911  23.855  -34.505 0.2857142985
77498  26.206  25.197  -35.184 0.1428571492
97980  24.002  27.327  -37.194 0.2857142985
78092  26.281  26.632  -35.858 0.1428571492
78744  23.856  28.526  -36.814 0.1428571492
105050  23.724  29.655  -36.434 0.1428571492
79824  25.298  30.918  -36.478 0.1428571492
73274  27.836  19.168  -35.205 0.4285714328
74609  27.281  20.320  -34.518 0.4285714328
75220  26.469  21.687  -33.927 0.4285714328
75762  25.890  23.193  -34.398 0.5714285970
51578  20.792  -9.342  -30.582 0.1428571492
97069  20.519  -9.945  -30.197 0.1428571492
50768  19.297  -10.456  -29.709 0.1428571492
52370  19.515  -9.225  -30.381 0.2857142985
53228  21.435  -7.934  -31.284 0.5714285970
95589  23.001  -7.955  -30.023 0.1428571492
110880  23.411  -6.511  -31.137 0.1428571492
55049  23.715  -5.883  -32.264 0.1428571492
62773  32.022  4.453  -37.160 0.7142857313
64307  38.119  5.695  -35.981 0.8571428657
105638  40.879  6.553  -36.630 0.5714285970
91878  35.969  12.038  -37.844 0.2857142985
107861  37.165  11.184  -36.579 0.1428571492
91871  37.548  10.880  -37.277 0.1428571492
69830  33.643  14.171  -38.773 0.5714285970
68145  37.398  11.121  -39.450 0.8571428657
69828  35.283  13.346  -40.152 0.8571428657
70604  32.417  15.185  -39.040 0.8571428657
70605  31.654  15.721  -39.094 0.8571428657
71328  29.759  16.334  -38.394 0.8571428657
73298  28.005  19.084  -36.816 0.8571428657
76913  24.337  24.704  -37.063 0.5714285970
78735  27.367  27.836  -36.354 0.1428571492
78098  24.098  26.227  -37.344 0.4285714328
79298  26.521  29.879  -37.717 0.1428571492
78740  27.159  29.260  -36.924 0.1428571492
78093  25.405  26.372  -36.459 0.1428571492
56747  26.679  -3.603  -30.638 0.1428571492
73939  27.548  19.782  -35.599 0.5714285970
54108  22.381  -6.553  -32.079 0.4285714328
58275  25.251  -1.497  -33.168 0.5714285970
94260  24.078  -2.217  -33.644 0.5714285970
106408  22.498  -2.331  -33.421 0.5714285970
57525  21.468  -2.268  -32.916 0.2857142985
59036  24.072  -0.194  -33.132 0.5714285970
97182  23.503  -0.949  -33.370 0.5714285970
56774  21.248  -3.254  -32.725 0.4285714328
58276  24.358  -1.382  -33.387 0.5714285970
57526  20.486  -2.412  -32.496 0.2857142985
58279  21.834  -1.006  -33.299 0.4285714328
60549  26.663  1.569  -33.608 0.4285714328
110095  25.228  0.965  -33.028 0.5714285970
59801  23.355  0.578  -33.195 0.5714285970
59802  22.455  0.485  -33.278 0.4285714328
110284  25.909  2.074  -33.529 0.5714285970
110180  24.115  0.720  -33.118 0.4285714328
61273  26.545  2.342  -33.864 0.7142857313
105829  25.470  2.810  -33.563 0.4285714328
62013  27.831  3.224  -34.582 0.4285714328
59038  22.130  -0.353  -33.297 0.4285714328
59016  20.701  -0.781  -32.832 0.2857142985
58258  20.362  -1.501  -32.569 0.2857142985
105928  23.655  1.499  -33.387 0.4285714328
95146  28.069  2.519  -34.654 0.7142857313
62769  28.779  4.076  -34.970 0.7142857313
63511  27.950  4.740  -34.393 0.4285714328
62772  29.689  3.965  -37.195 0.7142857313
64313  29.463  4.817  -36.864 0.5714285970
103231  29.963  4.847  -37.318 0.7142857313
64312  29.733  5.250  -37.155 0.2857142985
62771  30.178  3.365  -37.017 0.5714285970
63517  29.406  3.750  -36.357 0.7142857313
64320  32.313  5.340  -37.281 0.7142857313
97351  32.588  6.470  -37.693 0.7142857313
65093  33.332  6.938  -38.171 0.7142857313
65100  32.967  7.334  -38.294 0.7142857313
65095  30.984  6.539  -37.487 0.4285714328
65872  33.495  8.044  -38.863 0.4285714328
64311  32.795  5.765  -37.025 0.5714285970
63522  31.572  4.369  -37.391 0.5714285970
64318  34.569  6.647  -37.379 0.5714285970
64327  34.070  6.864  -38.224 0.5714285970
65099  35.222  6.806  -39.093 0.7142857313
65104  34.631  7.327  -39.335 0.7142857313
65876  36.051  7.760  -40.180 0.7142857313
65105  34.061  7.790  -39.354 0.7142857313
65877  34.500  7.954  -39.982 0.5714285970
65882  34.827  8.720  -40.369 0.5714285970
64315  38.861  5.906  -37.258 0.7142857313
64324  36.557  6.551  -38.448 0.5714285970
64325  35.759  6.503  -38.565 0.5714285970
65097  36.757  6.733  -38.856 0.7142857313
65098  35.996  6.609  -39.238 0.7142857313
65875  36.841  8.021  -39.671 0.8571428657
66596  36.438  9.672  -40.463 0.7142857313
66597  35.473  9.633  -40.547 0.7142857313
67351  36.340  10.635  -40.896 0.7142857313
66598  34.510  9.630  -40.380 0.5714285970
67352  35.264  10.605  -40.724 0.7142857313
100994  37.608  6.479  -38.034 0.5714285970
65102  36.330  7.092  -39.611 0.7142857313
65879  37.493  8.948  -39.719 0.8571428657
66595  37.344  9.724  -40.236 0.8571428657
67355  36.099  11.542  -41.296 0.7142857313
67356  34.957  11.712  -41.139 0.5714285970
69008  32.467  12.584  -41.704 0.2857142985
65874  38.272  8.779  -39.141 0.7142857313
67354  36.825  11.430  -41.039 0.7142857313
69855  31.237  13.655  -42.018 0.7142857313
67349  37.562  10.356  -40.202 0.7142857313
68159  35.536  12.353  -41.462 0.8571428657
68160  35.038  12.733  -41.887 0.8571428657
70620  32.695  14.293  -41.646 0.8571428657
69011  34.560  13.009  -42.126 0.8571428657
69013  32.800  12.963  -42.209 0.5714285970
70627  32.698  13.992  -42.094 0.8571428657
70621  31.693  14.156  -41.856 0.8571428657
69846  30.563  14.144  -41.851 0.7142857313
69005  35.756  12.773  -41.429 0.8571428657
70626  33.434  14.139  -42.075 0.8571428657
70622  29.820  14.910  -41.498 0.8571428657
92812  30.845  14.829  -41.229 0.8571428657
70614  30.195  15.542  -40.849 0.8571428657
70615  28.955  15.599  -40.869 0.7142857313
72660  27.844  17.564  -38.290 0.7142857313
106861  27.466  18.023  -38.237 0.7142857313
73303  27.373  18.717  -37.935 0.5714285970
73306  26.323  18.079  -38.567 0.7142857313
73304  26.001  18.632  -38.507 0.7142857313
73950  26.312  20.208  -37.686 0.7142857313
111201  25.880  20.814  -37.869 0.8571428657
75243  24.723  22.406  -39.103 0.7142857313
102435  25.064  19.447  -38.498 0.7142857313
75780  24.009  23.143  -38.954 0.7142857313
75233  23.959  23.255  -38.775 0.7142857313
75239  23.682  22.505  -38.739 0.5714285970
75238  24.912  22.598  -38.448 0.7142857313
75778  24.074  23.313  -38.815 0.7142857313
75232  23.613  22.935  -37.953 0.5714285970
97806  24.002  23.975  -37.835 0.4285714328
75773  24.042  23.525  -38.286 0.5714285970
95856  23.367  23.239  -36.980 0.5714285970
75777  24.256  23.277  -38.551 0.5714285970
93380  23.576  22.143  -36.422 0.5714285970
76309  23.993  24.247  -37.567 0.5714285970
76303  23.510  23.902  -37.143 0.5714285970
75227  23.665  22.272  -35.285 0.5714285970
74619  24.269  21.419  -34.860 0.4285714328
97268  22.963  23.933  -35.773 0.5714285970
75768  23.473  22.848  -35.158 0.5714285970
76310  23.525  24.324  -37.158 0.5714285970
75221  24.093  21.780  -33.835 0.4285714328
74611  25.155  20.151  -33.531 0.4285714328
75769  22.789  23.202  -34.622 0.5714285970
76296  21.069  22.946  -33.705 0.4285714328
63508  30.168  4.632  -34.684 0.2857142985
98488  36.354  6.433  -37.901 0.5714285970
76305  20.942  23.563  -34.144 0.2857142985
75763  21.823  22.597  -33.123 0.2857142985
57544  23.415  -2.691  -33.659 0.5714285970
55980  22.092  -3.790  -33.375 0.5714285970
59034  26.207  -0.028  -32.855 0.2857142985
59035  25.239  -0.485  -33.012 0.4285714328
56795  21.996  -2.978  -33.192 0.5714285970
59798  26.509  0.776  -33.242 0.2857142985
59799  25.683  0.514  -32.981 0.5714285970
61275  24.000  2.459  -33.532 0.4285714328
61274  25.024  2.230  -33.460 0.5714285970
59039  21.548  0.358  -33.243 0.2857142985
62761  27.446  4.215  -34.137 0.5714285970
64288  31.812  5.866  -34.711 0.2857142985
63500  27.567  5.796  -34.112 0.2857142985
64322  30.409  5.423  -37.424 0.7142857313
68158  36.368  12.118  -41.228 0.8571428657
69007  33.964  12.609  -41.215 0.7142857313
71331  27.425  16.873  -39.912 0.7142857313
102623  26.530  17.120  -39.469 0.7142857313
75244  24.085  22.267  -39.226 0.7142857313
100281  23.568  21.746  -37.601 0.5714285970
75772  24.207  23.750  -37.696 0.5714285970
76308  24.409  24.296  -36.997 0.5714285970
76311  22.679  24.265  -35.759 0.2857142985
101216  24.283  3.296  -33.545 0.4285714328
59015  25.969  -0.927  -32.966 0.2857142985
62770  30.950  3.522  -37.326 0.5714285970
91869  39.456  6.560  -37.670 0.7142857313
111000  37.604  8.275  -39.309 0.7142857313
92401  38.591  7.242  -38.308 0.7142857313
69845  34.912  13.853  -41.748 0.7142857313
75237  25.502  21.533  -38.379 0.8571428657
94167  27.441  15.630  -40.846 0.7142857313
58277  23.320  -1.774  -33.533 0.5714285970
104093  22.024  -1.633  -33.297 0.5714285970
110304  22.620  -1.708  -33.438 0.4285714328
110346  20.875  -1.886  -32.696 0.4285714328
59800  24.838  0.488  -32.982 0.5714285970
59037  23.040  -0.261  -33.237 0.4285714328
55965  21.478  -4.233  -32.953 0.5714285970
105956  21.293  -0.515  -33.162 0.4285714328
60550  25.696  1.381  -33.255 0.5714285970
60551  24.664  1.394  -33.243 0.5714285970
60552  22.752  1.441  -33.431 0.4285714328
104425  26.857  3.708  -33.841 0.5714285970
104604  28.316  3.719  -34.753 0.5714285970
63509  29.175  4.411  -35.286 0.5714285970
63510  28.558  5.329  -34.663 0.4285714328
97161  27.008  5.224  -33.696 0.4285714328
62762  26.408  4.678  -33.560 0.4285714328
62774  29.991  3.857  -37.404 0.7142857313
63523  30.679  4.539  -37.497 0.7142857313
102309  29.092  5.542  -35.022 0.2857142985
64321  31.543  5.497  -37.546 0.7142857313
64319  33.338  6.493  -37.477 0.7142857313
102548  33.888  7.294  -38.782 0.7142857313
64326  34.926  6.723  -38.308 0.5714285970
104826  35.293  7.967  -40.234 0.7142857313
65101  37.361  7.407  -39.059 0.5714285970
65881  35.763  8.678  -40.392 0.7142857313
66599  33.887  9.726  -40.063 0.2857142985
69001  33.147  12.341  -40.763 0.5714285970
68161  32.191  12.120  -40.985 0.2857142985
69012  33.772  13.161  -42.207 0.8571428657
73954  25.417  19.942  -38.329 0.7142857313
74634  25.525  20.833  -38.820 0.7142857313
75779  24.270  23.118  -38.988 0.8571428657
76304  21.898  23.572  -34.676 0.5714285970
109630  23.205  22.248  -33.553 0.4285714328
59803  21.861  1.330  -33.402 0.1428571492
101215  23.358  3.718  -33.635 0.4285714328
53230  19.646  -7.904  -30.774 0.4285714328
58995  27.663  -0.595  -31.554 0.1428571492
59013  27.360  -0.157  -32.469 0.1428571492
61264  29.017  2.478  -33.667 0.1428571492
59784  28.307  0.680  -32.707 0.1428571492
59776  27.984  0.222  -32.092 0.1428571492
62003  29.511  3.116  -33.038 0.1428571492
61265  28.924  1.756  -33.166 0.1428571492
60526  28.677  1.279  -32.437 0.1428571492
62751  29.780  3.708  -33.459 0.1428571492
64287  32.658  6.353  -34.697 0.2857142985
64298  35.509  6.488  -35.165 0.1428571492
80419  23.551  32.387  -35.136 0.1428571492
70616  27.986  15.057  -40.998 0.4285714328
80420  22.585  33.001  -35.144 0.1428571492
97939  25.593  17.265  -39.437 0.4285714328
72010  26.726  17.243  -38.810 0.5714285970
72662  25.707  17.789  -39.082 0.4285714328
79295  21.600  29.135  -36.026 0.2857142985
77515  21.763  26.494  -36.662 0.2857142985
76921  22.949  25.305  -36.847 0.2857142985
77516  21.836  27.023  -37.713 0.2857142985
71999  26.024  16.369  -36.243 0.1428571492
73305  25.381  18.689  -38.616 0.5714285970
73955  24.752  20.584  -38.937 0.5714285970
78095  21.604  26.533  -36.170 0.2857142985
76914  23.888  24.651  -37.466 0.4285714328
73291  25.403  18.462  -36.945 0.4285714328
73945  24.403  20.108  -37.994 0.5714285970
73276  25.632  18.735  -35.565 0.4285714328
73940  25.367  19.517  -35.194 0.2857142985
76910  20.754  24.244  -34.786 0.1428571492
76917  20.932  24.739  -35.322 0.1428571492
77509  21.051  25.586  -35.567 0.1428571492
73263  25.810  18.824  -34.372 0.1428571492
74618  24.891  20.378  -34.725 0.4285714328
77489  20.700  24.912  -34.348 0.1428571492
78084  20.576  25.809  -35.133 0.1428571492
73935  25.410  19.519  -33.950 0.2857142985
76287  20.624  23.187  -33.279 0.2857142985
108400  21.736  22.184  -30.990 0.1428571492
76901  20.807  24.056  -33.845 0.1428571492
111654  20.324  25.541  -34.782 0.1428571492
76889  21.047  24.110  -32.422 0.1428571492
77481  20.848  24.954  -33.494 0.1428571492
76883  21.529  24.186  -31.193 0.1428571492
54101  19.977  -6.903  -31.032 0.4285714328
54111  19.812  -5.736  -31.000 0.2857142985
58244  27.126  -1.432  -31.435 0.1428571492
61252  29.002  1.916  -32.140 0.1428571492
106876  30.091  4.178  -33.718 0.1428571492
70603  25.125  15.761  -39.886 0.2857142985
77513  23.428  25.734  -37.298 0.2857142985
78096  20.974  27.187  -35.234 0.2857142985
78105  21.058  26.964  -38.255 0.2857142985
78085  20.465  26.584  -34.445 0.2857142985
54084  19.010  -5.882  -30.225 0.2857142985
55939  25.868  -4.809  -30.863 0.1428571492
55047  25.169  -5.183  -31.267 0.1428571492
57509  26.779  -2.069  -31.311 0.1428571492
57497  27.242  -1.978  -30.770 0.1428571492
64299  34.208  6.800  -35.717 0.1428571492
70602  26.676  15.845  -40.538 0.4285714328
99616  25.823  16.929  -35.961 0.2857142985
108750  24.054  20.773  -37.275 0.5714285970
78738  20.599  28.734  -35.291 0.2857142985
79305  20.723  27.440  -38.717 0.2857142985
78100  22.344  27.257  -37.803 0.2857142985
78748  22.147  27.790  -38.162 0.2857142985
79303  21.644  28.370  -37.617 0.2857142985
96994  20.905  30.001  -35.817 0.1428571492
79822  19.287  31.790  -35.828 0.1428571492
103929  22.930  30.332  -35.768 0.1428571492
78071  20.617  25.884  -33.992 0.2857142985
106962  21.937  29.285  -36.257 0.1428571492
79301  22.903  28.939  -36.710 0.1428571492
79296  19.133  30.090  -35.419 0.2857142985
78745  22.781  27.855  -37.556 0.2857142985
79302  21.873  28.370  -37.854 0.1428571492
53229  20.511  -8.018  -31.312 0.4285714328
78099  23.279  26.715  -37.416 0.2857142985
103387  25.412  19.113  -38.452 0.5714285970
73951  24.901  19.903  -38.538 0.5714285970
74631  23.743  21.221  -38.775 0.5714285970
77507  23.596  25.086  -37.302 0.2857142985
75756  22.525  22.147  -32.187 0.2857142985
76909  21.297  24.056  -35.048 0.2857142985
73952  24.253  20.644  -38.869 0.5714285970
74625  24.628  20.126  -36.255 0.5714285970
76916  22.265  24.768  -35.865 0.2857142985
77508  22.014  25.567  -36.014 0.2857142985
59775  28.612  0.712  -31.681 0.1428571492
71332  25.153  16.413  -39.277 0.2857142985
78737  22.129  27.686  -36.783 0.2857142985
78101  21.785  27.091  -37.867 0.2857142985
77514  22.583  26.273  -37.034 0.2857142985
72649  25.796  17.029  -36.949 0.2857142985
73299  25.275  18.865  -38.549 0.4285714328
73290  25.802  18.052  -35.796 0.2857142985
103077  24.905  19.255  -37.955 0.5714285970
101817  25.040  19.312  -36.657 0.5714285970
62750  30.476  4.240  -32.916 0.1428571492
70608  26.220  14.829  -40.989 0.2857142985
79306  21.412  28.010  -38.528 0.2857142985
79826  21.366  30.925  -35.603 0.1428571492
66592  34.008  8.886  -40.194 0.4285714328
104675  33.586  11.664  -40.145 0.2857142985
79286  20.456  28.703  -33.639 0.1428571492
79279  21.060  29.086  -32.819 0.1428571492
77475  22.516  25.207  -31.070 0.1428571492
78723  21.862  28.294  -32.183 0.1428571492
79287  19.884  29.192  -34.387 0.1428571492
79292  19.103  29.791  -34.962 0.1428571492
78064  21.888  26.109  -32.314 0.1428571492
78060  22.753  26.193  -31.291 0.1428571492
78726  21.084  27.935  -33.247 0.1428571492
102427  22.401  27.175  -31.925 0.1428571492
92256  21.520  29.683  -31.618 0.1428571492
78072  20.333  27.633  -34.027 0.1428571492
78724  21.595  27.027  -32.782 0.1428571492
78692  23.845  27.019  -30.062 0.1428571492
78711  22.391  28.054  -31.097 0.1428571492
67353  34.297  10.638  -40.235 0.2857142985
78045  23.695  26.591  -30.320 0.1428571492
78700  22.877  27.639  -30.652 0.1428571492
79809  20.075  30.193  -32.043 0.1428571492
60548  27.556  1.877  -34.066 0.2857142985
78729  20.302  28.239  -34.579 0.1428571492
105497  18.142  30.713  -35.319 0.1428571492
79280  20.018  29.565  -33.500 0.1428571492
92374  18.812  29.891  -34.744 0.1428571492
78046  22.780  27.138  -30.989 0.1428571492
78032  24.113  26.022  -29.925 0.1428571492
55979  22.292  -4.681  -33.571 0.4285714328
55964  23.830  -5.052  -33.546 0.2857142985
55058  24.182  -5.311  -32.741 0.1428571492
56793  23.513  -3.645  -33.729 0.2857142985
55978  23.789  -4.431  -33.666 0.1428571492
57543  24.218  -2.871  -33.646 0.2857142985
54119  22.881  -5.999  -32.611 0.2857142985
74626  24.112  21.036  -36.093 0.4285714328
57523  25.359  -2.231  -33.032 0.2857142985
55061  21.680  -5.116  -32.978 0.4285714328
56773  24.358  -3.664  -33.322 0.1428571492
57524  24.908  -2.880  -33.295 0.2857142985
56794  22.709  -3.274  -33.583 0.4285714328
110282  23.292  -4.398  -33.931 0.2857142985
72658  25.911  17.318  -38.569 0.2857142985
55060  22.573  -5.477  -33.422 0.2857142985
55050  21.027  -5.552  -32.267 0.2857142985
54110  20.669  -6.284  -31.593 0.2857142985
55051  20.272  -4.748  -31.919 0.2857142985
55062  20.881  -4.597  -32.512 0.2857142985
62763  25.674  4.208  -33.504 0.2857142985
65089  30.084  6.328  -37.147 0.1428571492
65868  32.259  7.795  -38.007 0.2857142985
66588  33.171  8.900  -38.998 0.1428571492
68155  32.412  11.936  -40.099 0.1428571492
68162  31.526  12.461  -41.584 0.1428571492
69015  30.509  13.348  -42.083 0.1428571492
68157  30.616  12.052  -41.306 0.1428571492
69847  29.502  13.800  -42.013 0.1428571492
69004  28.090  13.194  -41.148 0.1428571492
70597  24.677  14.944  -38.769 0.1428571492
103179  25.604  17.211  -39.249 0.1428571492
100229  25.922  16.026  -37.099 0.1428571492
70592  25.511  15.764  -38.102 0.1428571492
75216  23.547  21.569  -32.552 0.1428571492
54120  21.990  -5.940  -32.661 0.1428571492
70623  28.803  14.691  -41.433 0.2857142985
69843  27.041  13.865  -41.314 0.1428571492
99880  25.828  16.565  -37.319 0.1428571492
61276  23.028  2.711  -33.614 0.2857142985
110386  23.491  4.420  -33.781 0.2857142985
65869  31.456  7.720  -37.619 0.1428571492
66593  33.443  9.446  -39.637 0.1428571492
67347  32.805  10.317  -39.296 0.1428571492
67346  33.455  10.506  -39.698 0.1428571492
68151  31.502  11.483  -39.831 0.1428571492
68156  31.431  11.828  -40.759 0.1428571492
69002  29.703  11.702  -41.007 0.1428571492
71335  26.920  14.489  -41.260 0.1428571492
74604  25.007  20.367  -32.694 0.1428571492
74612  24.731  20.871  -33.637 0.1428571492
111166  23.078  4.457  -33.755 0.2857142985
54109  21.511  -6.560  -32.085 0.2857142985
109605  32.047  12.933  -42.074 0.1428571492
73928  25.404  19.592  -32.869 0.1428571492
60553  22.214  2.388  -33.645 0.1428571492
69848  28.492  13.815  -41.644 0.1428571492
106184  20.311  -5.435  -31.609 0.2857142985
99295  25.212  5.059  -33.588 0.1428571492
69009  29.778  12.624  -41.852 0.1428571492
98156  30.545  11.491  -40.507 0.1428571492
53208  18.527  -7.167  -29.326 0.1428571492
53207  19.050  -7.043  -30.245 0.1428571492
55966  20.197  -3.992  -32.128 0.1428571492
64297  38.153  5.557  -34.681 0.1428571492
64284  37.137  5.826  -34.031 0.1428571492
52371  18.776  -8.688  -29.925 0.1428571492
55035  18.750  -5.040  -30.699 0.1428571492
55052  19.563  -4.882  -31.287 0.1428571492
93583  20.760  -3.881  -32.541 0.1428571492
57527  19.676  -2.676  -31.972 0.1428571492
73934  27.648  19.530  -34.455 0.1428571492
74610  26.891  20.901  -33.963 0.1428571492
98000  19.780  -2.022  -32.218 0.1428571492
105919  19.384  -8.523  -30.471 0.1428571492
56775  20.278  -3.273  -32.281 0.1428571492
95145  18.930  -7.866  -30.075 0.1428571492
54085  18.540  -6.368  -29.540 0.1428571492
56776  19.607  -3.415  -31.681 0.1428571492
55059  23.424  -5.524  -33.242 0.2857142985
55076  23.188  -4.986  -34.027 0.2857142985
55963  24.522  -4.504  -32.932 0.2857142985
56748  26.125  -4.085  -31.150 0.2857142985
57542  24.719  -2.201  -33.489 0.2857142985
58257  21.198  -1.371  -32.967 0.4285714328
58278  22.641  -1.101  -33.392 0.4285714328
62012  28.574  2.956  -34.979 0.5714285970
62014  26.156  3.199  -33.687 0.4285714328
62015  24.682  3.961  -33.524 0.2857142985
62020  30.431  3.790  -37.429 0.7142857313
62764  23.738  4.880  -33.953 0.1428571492
62767  29.790  4.190  -34.511 0.2857142985
62775  30.912  4.003  -37.467 0.7142857313
62776  30.294  4.118  -37.457 0.7142857313
63520  29.716  4.618  -37.219 0.7142857313
63524  29.970  4.259  -37.377 0.7142857313
64295  39.545  5.224  -36.968 0.7142857313
64300  33.449  6.755  -35.228 0.2857142985
64301  32.443  5.566  -36.412 0.7142857313
64305  39.552  5.274  -37.242 0.8571428657
64317  35.590  6.513  -37.670 0.7142857313
64323  38.612  6.422  -37.789 0.5714285970
65094  32.037  6.848  -37.783 0.4285714328
65096  37.662  6.817  -38.408 0.5714285970
65103  35.472  7.169  -39.835 0.7142857313
65878  33.766  8.466  -39.626 0.5714285970
65880  36.632  8.783  -40.129 0.8571428657
67344  38.188  9.977  -39.272 0.8571428657
67350  37.064  10.577  -40.632 0.8571428657
68154  36.863  11.859  -40.962 0.8571428657
68980  33.772  12.688  -36.654 0.1428571492
68985  33.950  13.106  -37.459 0.1428571492
68991  34.854  13.017  -38.464 0.1428571492
68995  36.537  12.173  -40.536 0.8571428657
69000  34.082  12.423  -40.747 0.5714285970
69006  35.090  13.012  -42.019 0.8571428657
69010  28.880  13.084  -41.917 0.1428571492
69014  31.343  13.090  -42.100 0.7142857313
69835  33.997  14.113  -39.479 0.8571428657
69838  26.575  14.232  -41.327 0.1428571492
69841  34.246  14.154  -40.441 0.8571428657
69844  26.841  13.971  -41.434 0.1428571492
69849  27.787  13.783  -41.394 0.1428571492
69850  27.390  14.095  -41.421 0.1428571492
69851  27.033  13.961  -41.422 0.1428571492
69852  34.515  13.623  -42.048 0.7142857313
69853  33.129  13.632  -42.213 0.8571428657
69854  32.147  13.498  -42.094 0.8571428657
70590  30.656  15.633  -37.024 0.1428571492
70596  30.623  15.928  -37.987 0.5714285970
70609  26.780  14.230  -41.369 0.1428571492
70617  27.425  14.613  -41.210 0.1428571492
70618  27.055  14.222  -41.367 0.1428571492
70624  28.021  14.380  -41.300 0.1428571492
70625  34.193  14.153  -42.046 0.8571428657
71333  25.393  16.775  -39.054 0.1428571492
71334  27.037  14.929  -41.077 0.1428571492
72007  25.745  16.521  -38.231 0.1428571492
72639  25.753  17.544  -36.424 0.2857142985
72650  25.653  17.876  -37.725 0.2857142985
72657  28.767  17.506  -37.771 0.8571428657
72659  25.555  18.190  -38.974 0.2857142985
72661  26.531  17.514  -38.634 0.7142857313
72663  25.358  18.184  -39.299 0.4285714328
73289  27.948  19.128  -36.051 0.5714285970
73953  26.547  19.392  -37.885 0.7142857313
74635  24.757  21.519  -39.185 0.7142857313
74636  24.181  21.209  -39.145 0.7142857313
76890  20.595  24.072  -33.139 0.1428571492
76915  23.235  24.717  -36.939 0.2857142985
77500  20.355  24.978  -35.168 0.1428571492
78102  20.299  27.011  -38.634 0.2857142985
78103  19.982  27.162  -38.598 0.2857142985
78104  22.091  27.321  -38.015 0.2857142985
78106  19.994  27.026  -38.628 0.2857142985
78107  20.283  27.225  -38.724 0.2857142985
78108  19.708  27.378  -38.673 0.2857142985
78746  20.866  27.057  -38.420 0.2857142985
78747  20.211  27.086  -38.661 0.2857142985
78749  21.802  27.728  -38.435 0.2857142985
78750  20.767  27.487  -38.835 0.2857142985
78751  20.198  27.249  -38.667 0.2857142985
78752  21.168  27.982  -38.807 0.2857142985
79304  21.567  27.984  -38.046 0.2857142985
79307  21.227  28.143  -38.764 0.2857142985
79308  20.999  27.915  -39.015 0.2857142985
79309  20.602  27.401  -38.749 0.2857142985
79310  21.048  27.811  -38.962 0.2857142985
91867  39.641  5.754  -37.406 0.8571428657
91870  38.682  8.701  -38.618 0.7142857313
92447  36.395  11.470  -36.418 0.1428571492
92483  37.860  10.520  -38.901 0.7142857313
95379  22.860  -4.218  -33.879 0.2857142985
95426  26.432  -1.188  -32.627 0.2857142985
96187  32.769  14.672  -39.539 0.8571428657
96195  29.228  4.964  -35.875 0.5714285970
96292  35.326  13.403  -41.422 0.8571428657
97662  33.203  12.689  -42.051 0.7142857313
98856  34.555  7.021  -38.802 0.7142857313
100939  30.731  12.703  -41.925 0.1428571492
101214  22.850  3.961  -33.658 0.2857142985
101893  27.252  2.726  -34.243 0.7142857313
103031  28.601  17.906  -35.742 0.2857142985
103090  28.106  18.798  -37.241 0.8571428657
104002  30.548  7.531  -37.228 0.1428571492
105702  37.906  10.530  -37.992 0.1428571492
106497  24.635  4.699  -33.669 0.2857142985
108723  30.197  3.758  -37.418 0.7142857313
109071  40.303  6.143  -37.442 0.8571428657
109494  33.888  13.743  -42.160 0.8571428657
109769  23.135  -7.284  -30.504 0.2857142985
110032  32.140  15.538  -38.882 0.4285714328
112226  20.429  26.644  -34.012 0.2857142985
112392  38.164  8.027  -38.866 0.7142857313
112562  31.453  3.905  -37.251 0.5714285970
112635  34.146  13.878  -38.899 0.8571428657
