#!ascii label  , from subject sub-v1s3x0050805_ses-1 vox2ras=TkReg
995
23753  -43.371  -49.115  -24.358 0.5000000000
23710  -41.675  -48.903  -21.870 0.8000000119
23721  -38.400  -48.856  -21.748 0.8000000119
24726  -40.862  -48.598  -22.159 0.8000000119
24736  -41.467  -48.699  -23.058 0.8000000119
23755  -44.948  -49.701  -25.013 0.5000000000
23736  -42.743  -48.968  -23.691 0.5000000000
23752  -42.408  -48.822  -24.601 0.6000000238
23734  -37.389  -49.439  -23.276 0.6999999881
24733  -39.011  -48.729  -22.766 0.6999999881
143764  -40.996  -48.609  -23.897 0.8000000119
24764  -41.811  -48.620  -24.766 0.6999999881
23768  -45.296  -49.779  -25.994 0.6000000238
23767  -44.356  -49.395  -25.621 0.5000000000
23774  -43.629  -49.097  -26.234 0.6000000238
22825  -36.618  -50.302  -24.578 0.6999999881
152956  -42.848  -48.866  -25.102 0.6000000238
24777  -43.151  -48.776  -26.660 0.6000000238
23751  -37.006  -49.830  -24.055 0.6999999881
23733  -36.739  -49.759  -23.235 0.6999999881
24751  -39.667  -48.510  -23.250 0.6999999881
23765  -42.337  -48.678  -25.304 0.6000000238
24776  -42.905  -48.336  -26.972 0.6000000238
24763  -40.830  -48.305  -24.245 0.8000000119
24768  -41.840  -48.269  -25.390 0.8000000119
24769  -42.482  -48.434  -26.100 0.6999999881
23777  -45.958  -49.784  -27.911 0.4000000060
23784  -44.722  -49.358  -27.640 0.6000000238
139001  -36.739  -50.415  -25.461 0.6999999881
144038  -43.788  -48.362  -28.365 0.6000000238
22826  -37.093  -49.938  -24.959 0.6999999881
135087  -37.847  -49.099  -23.593 0.6999999881
23735  -38.144  -49.046  -22.915 0.6999999881
25675  -42.099  -47.717  -25.926 0.6999999881
26608  -42.729  -46.249  -26.488 0.5000000000
25657  -39.507  -48.097  -23.590 0.6000000238
25667  -40.176  -47.862  -24.045 0.6000000238
25674  -41.526  -47.426  -25.148 0.6000000238
26603  -42.126  -46.602  -25.732 0.6000000238
26602  -41.535  -46.400  -25.076 0.6000000238
27533  -41.810  -45.579  -25.344 0.5000000000
23786  -46.581  -49.689  -28.861 0.4000000060
23785  -45.428  -49.441  -28.582 0.5000000000
21886  -36.761  -51.336  -27.135 0.6999999881
23793  -45.254  -49.110  -29.367 0.6000000238
24789  -44.974  -48.745  -29.659 0.6000000238
133950  -37.451  -49.362  -24.298 0.6999999881
25686  -43.511  -47.683  -28.087 0.6000000238
139682  -38.244  -48.192  -23.691 0.6999999881
26620  -43.961  -46.794  -28.512 0.5000000000
143505  -43.829  -46.110  -28.091 0.6000000238
26586  -39.403  -46.967  -23.598 0.6999999881
26594  -40.328  -46.864  -24.054 0.6000000238
27540  -43.028  -45.373  -26.654 0.5000000000
26609  -43.410  -45.893  -27.292 0.5000000000
27524  -41.154  -45.622  -24.620 0.5000000000
20919  -36.931  -52.506  -29.325 0.6000000238
22866  -37.258  -50.739  -29.329 0.6000000238
24791  -47.430  -49.104  -29.182 0.5000000000
24790  -46.782  -48.645  -29.548 0.5000000000
21895  -37.540  -51.140  -28.682 0.6999999881
21894  -37.255  -51.503  -28.028 0.6999999881
23794  -46.085  -49.227  -29.512 0.5000000000
24792  -45.731  -48.258  -30.166 0.5000000000
25693  -46.494  -47.606  -29.701 0.4000000060
22841  -37.108  -50.049  -26.018 0.6999999881
25694  -45.534  -47.295  -30.228 0.5000000000
23764  -37.302  -49.364  -25.442 0.6999999881
24762  -37.463  -48.604  -24.866 0.6999999881
26624  -45.539  -46.299  -29.943 0.5000000000
25655  -37.973  -47.218  -23.913 0.6999999881
26585  -38.462  -46.599  -23.683 0.6000000238
27552  -44.438  -45.753  -28.844 0.5000000000
27513  -39.778  -45.827  -23.690 0.6000000238
27547  -44.918  -44.730  -28.997 0.5000000000
27522  -39.676  -44.964  -23.856 0.5000000000
159207  -40.826  -44.765  -24.493 0.5000000000
28498  -42.155  -44.603  -25.717 0.5000000000
27541  -43.620  -44.601  -27.493 0.5000000000
146329  -42.794  -44.640  -26.489 0.5000000000
29541  -44.411  -43.721  -28.135 0.3000000119
134749  -45.520  -47.438  -26.390 0.3000000119
21904  -35.626  -52.177  -29.265 0.6000000238
21901  -36.226  -51.336  -29.235 0.6000000238
25688  -46.576  -47.744  -28.451 0.4000000060
25682  -45.877  -47.069  -27.620 0.4000000060
22859  -37.545  -50.377  -28.540 0.6000000238
26622  -46.348  -46.332  -29.493 0.5000000000
22849  -37.279  -50.141  -27.294 0.6999999881
147694  -37.349  -48.504  -25.960 0.6999999881
27556  -45.883  -45.545  -29.633 0.5000000000
147077  -37.640  -46.944  -24.574 0.5000000000
28518  -45.656  -44.689  -29.086 0.5000000000
27521  -38.322  -45.657  -23.985 0.5000000000
28513  -45.118  -44.063  -28.633 0.4000000060
155298  -44.473  -44.367  -28.384 0.3000000119
29542  -45.038  -43.505  -28.277 0.4000000060
29510  -42.560  -43.942  -26.450 0.5000000000
153928  -43.220  -44.020  -27.022 0.4000000060
22865  -35.172  -50.611  -28.618 0.6000000238
23789  -35.436  -49.831  -28.513 0.6000000238
23790  -36.435  -49.435  -28.935 0.6000000238
23791  -37.216  -49.649  -29.182 0.6000000238
24787  -37.234  -48.653  -28.928 0.6000000238
26616  -46.273  -45.991  -28.632 0.3000000119
27554  -46.273  -45.297  -29.153 0.4000000060
148149  -37.511  -49.446  -28.232 0.6000000238
27548  -46.182  -44.954  -28.386 0.3000000119
145710  -37.416  -48.443  -26.974 0.6000000238
25666  -37.434  -47.606  -25.386 0.6999999881
148730  -45.572  -43.606  -27.202 0.3000000119
138380  -46.004  -44.521  -28.636 0.3000000119
133757  -37.447  -46.933  -26.438 0.6000000238
29512  -45.135  -43.251  -26.177 0.3000000119
28514  -45.775  -43.777  -27.956 0.3000000119
133315  -37.499  -46.044  -26.166 0.5000000000
136346  -37.499  -46.698  -25.418 0.5000000000
31346  -44.685  -42.347  -26.375 0.3000000119
30469  -45.362  -43.050  -27.400 0.3000000119
28486  -39.210  -44.367  -24.194 0.5000000000
28487  -40.134  -44.448  -24.258 0.5000000000
30479  -43.833  -42.792  -27.848 0.3000000119
28485  -38.433  -44.198  -24.699 0.5000000000
29528  -43.014  -43.328  -27.536 0.4000000060
29540  -43.569  -42.967  -27.886 0.3000000119
22858  -34.416  -50.149  -28.091 0.5000000000
158409  -35.142  -49.012  -27.669 0.6000000238
23782  -35.659  -49.127  -28.468 0.5000000000
24780  -37.391  -48.541  -28.675 0.6000000238
25690  -37.213  -47.935  -28.847 0.5000000000
29496  -44.718  -42.736  -25.575 0.3000000119
24775  -37.510  -47.998  -27.889 0.6000000238
31322  -43.509  -41.781  -24.041 0.3000000119
30454  -44.482  -42.207  -25.388 0.3000000119
27520  -37.964  -44.956  -24.706 0.5000000000
29506  -38.807  -43.067  -25.458 0.5000000000
29527  -42.125  -43.237  -27.106 0.4000000060
30466  -41.415  -42.685  -27.687 0.4000000060
24773  -35.163  -48.610  -27.140 0.5000000000
24774  -35.443  -47.843  -27.687 0.5000000000
24786  -36.773  -48.589  -28.975 0.5000000000
137928  -36.311  -47.727  -28.625 0.5000000000
30434  -42.960  -42.128  -22.999 0.3000000119
159522  -43.126  -41.790  -23.394 0.3000000119
25684  -37.316  -47.593  -28.546 0.6000000238
26607  -37.403  -46.296  -27.462 0.6000000238
27539  -37.416  -45.349  -27.036 0.5000000000
28497  -38.358  -43.537  -25.400 0.5000000000
30478  -42.708  -42.277  -28.181 0.4000000060
30488  -41.559  -41.900  -28.972 0.4000000060
156459  -35.287  -48.129  -26.409 0.5000000000
25678  -35.448  -47.272  -26.955 0.5000000000
26612  -35.538  -46.428  -27.556 0.5000000000
29473  -42.417  -42.951  -22.707 0.4000000060
147397  -42.359  -41.373  -22.039 0.4000000060
25689  -36.551  -46.935  -28.636 0.5000000000
136060  -36.808  -46.437  -28.559 0.5000000000
31308  -42.636  -41.570  -22.750 0.4000000060
31321  -42.946  -41.539  -23.604 0.3000000119
151206  -35.883  -45.631  -28.363 0.4000000060
31331  -42.263  -41.439  -24.271 0.3000000119
27551  -36.919  -45.944  -28.416 0.5000000000
132192  -37.137  -44.756  -27.726 0.4000000060
28509  -37.548  -44.353  -26.562 0.4000000060
156538  -40.655  -42.530  -27.535 0.4000000060
26601  -35.562  -46.752  -24.934 0.5000000000
27530  -35.712  -45.908  -25.611 0.5000000000
28494  -35.802  -45.021  -26.237 0.5000000000
31283  -41.569  -41.270  -20.677 0.4000000060
150859  -35.595  -45.813  -28.025 0.5000000000
27538  -35.563  -45.654  -27.110 0.4000000060
31293  -41.727  -40.837  -21.499 0.4000000060
31306  -41.515  -40.951  -22.329 0.4000000060
27544  -35.602  -45.178  -28.029 0.4000000060
27550  -36.381  -45.548  -28.420 0.4000000060
31320  -40.969  -41.226  -23.222 0.4000000060
28512  -36.577  -44.219  -28.159 0.4000000060
136092  -37.265  -43.707  -27.455 0.4000000060
132180  -37.596  -42.760  -27.288 0.4000000060
29525  -38.340  -42.903  -26.119 0.4000000060
30464  -38.662  -42.271  -27.164 0.4000000060
30475  -39.826  -41.845  -28.450 0.4000000060
32294  -41.403  -41.380  -28.774 0.4000000060
137157  -41.184  -41.510  -29.104 0.4000000060
27519  -35.759  -46.062  -24.345 0.5000000000
27531  -35.961  -45.257  -24.900 0.4000000060
31282  -41.219  -40.832  -20.186 0.4000000060
32215  -41.582  -40.773  -20.870 0.4000000060
28495  -36.114  -44.460  -25.403 0.5000000000
28515  -35.776  -44.035  -28.234 0.4000000060
32251  -40.330  -40.912  -22.815 0.4000000060
29537  -36.020  -43.723  -28.395 0.4000000060
29538  -36.556  -43.275  -28.133 0.4000000060
32282  -41.551  -41.216  -27.633 0.3000000119
28477  -36.188  -44.365  -23.697 0.4000000060
29491  -36.329  -43.990  -24.500 0.5000000000
29505  -36.245  -43.612  -25.625 0.4000000060
157539  -40.315  -40.188  -20.573 0.4000000060
29523  -35.908  -43.300  -26.615 0.4000000060
28508  -35.741  -44.068  -26.728 0.4000000060
30463  -35.762  -42.742  -27.170 0.4000000060
29522  -35.630  -43.384  -27.454 0.4000000060
30472  -35.753  -42.874  -28.152 0.4000000060
30485  -36.007  -42.855  -28.341 0.4000000060
30473  -36.812  -42.304  -28.172 0.4000000060
30474  -37.902  -41.917  -27.779 0.4000000060
32293  -40.841  -40.943  -29.281 0.4000000060
31375  -40.124  -41.324  -29.270 0.4000000060
31376  -40.710  -41.163  -29.311 0.4000000060
30433  -36.346  -42.296  -23.874 0.4000000060
30442  -36.406  -42.041  -25.013 0.4000000060
157276  -36.364  -42.048  -25.865 0.4000000060
143910  -36.049  -42.039  -26.726 0.4000000060
31360  -35.749  -42.202  -27.795 0.4000000060
31371  -35.924  -42.134  -28.197 0.4000000060
32280  -40.097  -40.157  -27.461 0.4000000060
31372  -36.286  -41.256  -28.268 0.4000000060
31362  -37.465  -41.501  -28.368 0.4000000060
31373  -37.121  -41.021  -28.579 0.4000000060
31374  -38.357  -40.956  -28.890 0.4000000060
146842  -39.468  -41.030  -29.312 0.4000000060
31329  -36.356  -41.498  -24.156 0.4000000060
142614  -36.291  -40.671  -25.446 0.4000000060
139697  -36.163  -40.336  -26.437 0.4000000060
33135  -36.106  -39.604  -27.069 0.4000000060
31354  -35.982  -41.279  -27.249 0.4000000060
32279  -36.069  -40.490  -27.543 0.4000000060
31361  -35.920  -41.335  -28.007 0.4000000060
32285  -36.228  -40.574  -28.142 0.4000000060
33147  -37.221  -39.848  -28.877 0.4000000060
135665  -40.012  -39.650  -29.070 0.3000000119
32298  -38.861  -39.838  -29.496 0.4000000060
32292  -40.226  -40.472  -29.347 0.4000000060
32258  -36.002  -39.785  -24.403 0.4000000060
33116  -36.157  -39.928  -25.324 0.4000000060
33115  -35.950  -39.151  -24.953 0.4000000060
33128  -36.096  -39.336  -26.051 0.4000000060
33987  -36.167  -38.662  -26.658 0.4000000060
33998  -36.511  -39.229  -28.286 0.4000000060
34004  -36.989  -38.692  -28.958 0.4000000060
33137  -39.390  -39.634  -26.952 0.4000000060
144291  -39.862  -39.715  -28.024 0.3000000119
32297  -37.966  -39.695  -29.250 0.4000000060
33148  -39.610  -39.569  -29.316 0.5000000000
33994  -39.532  -38.924  -29.150 0.4000000060
33153  -38.432  -39.141  -29.510 0.5000000000
33966  -35.736  -38.355  -24.512 0.4000000060
34931  -35.961  -37.600  -25.173 0.4000000060
33127  -36.016  -38.518  -25.592 0.4000000060
34932  -36.254  -37.340  -25.963 0.4000000060
34941  -36.308  -37.776  -26.684 0.4000000060
34005  -37.884  -38.562  -29.590 0.4000000060
34000  -39.201  -38.432  -29.643 0.5000000000
35933  -35.750  -36.690  -24.625 0.4000000060
35942  -36.146  -36.786  -25.426 0.4000000060
36977  -36.349  -36.260  -25.873 0.4000000060
34960  -38.767  -37.544  -30.237 0.4000000060
34961  -39.164  -37.599  -30.067 0.5000000000
147243  -35.930  -34.930  -24.850 0.4000000060
36976  -36.015  -35.863  -24.981 0.4000000060
138547  -36.386  -35.206  -25.720 0.4000000060
35968  -39.340  -36.872  -29.935 0.5000000000
40909  -35.972  -31.922  -25.859 0.4000000060
37995  -35.392  -34.253  -24.329 0.4000000060
38926  -36.147  -33.304  -25.385 0.4000000060
37996  -36.047  -34.188  -25.105 0.4000000060
38938  -36.705  -33.248  -26.163 0.4000000060
38939  -37.271  -33.085  -26.991 0.5000000000
38925  -35.512  -33.436  -24.784 0.4000000060
29493  -39.841  -43.718  -24.662 0.5000000000
30453  -40.304  -42.756  -26.429 0.5000000000
30477  -41.904  -42.190  -28.691 0.4000000060
23737  -43.640  -49.433  -23.261 0.5000000000
24724  -39.373  -48.644  -21.610 0.8000000119
23707  -37.590  -49.158  -21.253 0.8000000119
23719  -36.840  -49.575  -22.437 0.6999999881
22827  -45.632  -50.235  -24.929 0.5000000000
22812  -35.849  -50.628  -24.116 0.6999999881
22842  -46.174  -50.393  -25.882 0.5000000000
21873  -35.762  -51.292  -25.562 0.6999999881
22850  -46.097  -50.123  -26.978 0.4000000060
21874  -36.287  -51.221  -26.258 0.6999999881
20916  -37.274  -51.892  -29.255 0.6999999881
22860  -47.563  -49.899  -28.753 0.4000000060
24785  -47.852  -49.204  -28.554 0.4000000060
24778  -46.264  -47.916  -27.142 0.4000000060
22864  -34.026  -50.790  -28.283 0.6000000238
23780  -34.057  -49.950  -27.234 0.5000000000
24767  -34.875  -48.808  -26.094 0.5000000000
155971  -35.095  -48.369  -25.471 0.5000000000
25665  -35.349  -47.397  -24.256 0.4000000060
27511  -35.967  -45.264  -23.726 0.4000000060
29481  -35.992  -43.843  -23.217 0.4000000060
147614  -36.181  -43.066  -23.458 0.4000000060
30432  -35.961  -42.333  -23.120 0.4000000060
32248  -35.860  -40.203  -23.568 0.4000000060
34922  -35.511  -37.418  -24.017 0.4000000060
35924  -35.351  -36.461  -23.757 0.4000000060
36965  -35.544  -35.193  -24.208 0.4000000060
40908  -35.169  -31.924  -25.657 0.4000000060
23709  -41.061  -48.989  -21.200 0.8000000119
24734  -39.933  -48.582  -22.526 0.8000000119
23776  -45.296  -49.631  -27.114 0.5000000000
23720  -37.571  -49.239  -22.230 0.6999999881
24750  -38.359  -48.786  -23.305 0.6999999881
24783  -44.382  -48.997  -28.523 0.6000000238
25685  -42.923  -47.687  -27.221 0.6999999881
143593  -41.334  -48.215  -24.767 0.6999999881
156177  -44.878  -47.191  -29.877 0.6000000238
26614  -42.950  -46.831  -27.007 0.6000000238
25680  -42.523  -47.231  -26.475 0.6000000238
22848  -37.298  -50.897  -27.704 0.6999999881
26621  -44.643  -46.495  -29.390 0.5000000000
22869  -37.477  -50.750  -29.182 0.6000000238
146487  -47.182  -48.417  -28.014 0.5000000000
25687  -46.416  -46.990  -28.844 0.3000000119
29509  -41.662  -43.805  -25.655 0.5000000000
147821  -37.055  -47.791  -28.913 0.6000000238
27532  -37.639  -45.124  -25.741 0.5000000000
29508  -40.594  -43.355  -25.425 0.5000000000
30452  -39.143  -42.623  -26.121 0.4000000060
29524  -37.838  -43.497  -26.270 0.4000000060
31365  -42.229  -42.039  -28.711 0.4000000060
31363  -38.850  -41.394  -28.630 0.4000000060
30486  -36.406  -41.871  -28.266 0.4000000060
31319  -36.141  -41.755  -23.437 0.4000000060
32291  -37.936  -40.340  -29.013 0.4000000060
38011  -36.557  -34.183  -25.968 0.4000000060
12740  -32.729  -61.430  -19.582 0.4000000060
13663  -33.727  -60.678  -20.062 0.4000000060
14497  -34.222  -59.055  -20.181 0.4000000060
15301  -34.637  -58.166  -20.318 0.4000000060
137541  -32.857  -59.229  -19.492 0.4000000060
15290  -33.829  -58.377  -19.729 0.4000000060
16118  -34.714  -57.325  -20.123 0.4000000060
17939  -36.136  -55.891  -21.156 0.5000000000
15289  -33.041  -58.535  -19.490 0.4000000060
16110  -34.113  -57.551  -19.697 0.4000000060
16998  -34.361  -56.688  -19.693 0.5000000000
17921  -35.640  -55.614  -20.365 0.5000000000
18875  -36.267  -54.401  -20.200 0.6000000238
16107  -31.889  -57.866  -19.607 0.4000000060
16108  -32.537  -57.312  -19.522 0.4000000060
16983  -33.498  -56.159  -19.489 0.4000000060
17922  -36.281  -55.198  -20.721 0.5000000000
22851  -47.030  -50.326  -28.055 0.3000000119
150576  -48.027  -50.358  -28.347 0.4000000060
23778  -48.212  -49.336  -27.112 0.3000000119
18898  -36.815  -54.804  -20.933 0.5000000000
152224  -44.973  -51.233  -22.618 0.5000000000
157502  -46.872  -50.748  -25.749 0.4000000060
17919  -31.844  -55.895  -20.447 0.4000000060
17900  -34.312  -55.864  -19.572 0.5000000000
17901  -34.870  -55.190  -19.620 0.5000000000
16996  -31.660  -56.664  -20.204 0.4000000060
16982  -32.652  -56.539  -19.575 0.4000000060
18876  -37.074  -54.164  -20.659 0.6000000238
19890  -37.812  -53.943  -21.036 0.6000000238
20848  -39.731  -52.724  -21.168 0.6999999881
22806  -45.149  -50.656  -23.102 0.5000000000
19892  -39.315  -53.457  -21.602 0.6999999881
20851  -42.187  -52.053  -21.641 0.6999999881
22805  -44.510  -50.711  -22.438 0.6999999881
20849  -40.557  -52.518  -21.377 0.6999999881
21828  -41.713  -51.512  -21.039 0.6999999881
18856  -34.290  -54.425  -19.493 0.5000000000
18857  -35.234  -54.212  -19.598 0.6000000238
19866  -36.532  -53.604  -19.990 0.6000000238
20820  -37.059  -52.469  -19.748 0.6000000238
17920  -32.364  -55.438  -19.981 0.4000000060
18854  -32.894  -54.996  -19.689 0.5000000000
19840  -35.242  -53.402  -19.528 0.6000000238
19867  -37.314  -53.320  -20.307 0.6000000238
20836  -38.434  -52.450  -20.292 0.6000000238
20837  -39.277  -52.177  -20.474 0.6000000238
142081  -47.135  -48.644  -26.702 0.3000000119
19868  -38.158  -53.230  -20.681 0.6000000238
21827  -40.996  -51.849  -20.988 0.6999999881
23738  -44.455  -50.008  -23.085 0.6000000238
22814  -44.982  -50.022  -24.024 0.5000000000
18896  -31.997  -54.881  -21.532 0.6000000238
19864  -32.715  -54.023  -20.497 0.6000000238
19865  -33.338  -53.349  -20.103 0.6999999881
132809  -34.949  -52.781  -19.536 0.6000000238
20819  -36.301  -52.361  -19.572 0.6000000238
21814  -38.706  -51.556  -19.864 0.6000000238
17938  -32.113  -55.176  -20.696 0.5000000000
19838  -33.789  -53.813  -19.623 0.6000000238
21815  -39.605  -51.292  -20.015 0.6000000238
21816  -41.017  -51.191  -20.560 0.6999999881
22792  -42.718  -50.251  -21.249 0.6999999881
21829  -42.738  -51.148  -21.259 0.6999999881
138114  -44.188  -49.547  -23.844 0.6000000238
22804  -43.808  -50.083  -22.240 0.6999999881
19888  -32.825  -53.385  -21.025 0.6000000238
145745  -33.283  -52.856  -20.725 0.6999999881
20834  -34.390  -52.139  -19.915 0.6999999881
20817  -34.779  -52.293  -19.671 0.6999999881
21803  -37.249  -51.016  -19.535 0.6000000238
23723  -42.957  -49.324  -22.544 0.5000000000
22780  -39.843  -50.387  -19.941 0.6999999881
22781  -40.795  -50.424  -20.308 0.6999999881
23712  -43.126  -49.894  -21.716 0.6000000238
157296  -35.668  -50.398  -20.514 0.6999999881
23694  -37.621  -49.381  -20.495 0.6999999881
21812  -34.071  -51.882  -20.565 0.6999999881
149110  -36.452  -50.294  -19.933 0.6000000238
23684  -37.809  -49.808  -19.866 0.5000000000
21801  -35.394  -51.252  -19.820 0.6999999881
22766  -37.055  -50.322  -19.721 0.6000000238
143799  -40.369  -49.790  -20.275 0.6999999881
23722  -42.199  -48.997  -22.452 0.5000000000
21805  -38.993  -50.754  -19.692 0.6000000238
146215  -41.230  -49.706  -20.607 0.6999999881
23711  -42.415  -49.477  -21.602 0.6000000238
23693  -36.897  -49.477  -20.839 0.6999999881
23708  -38.175  -49.028  -20.876 0.6999999881
22791  -36.263  -49.775  -21.579 0.6999999881
24714  -39.675  -48.851  -20.860 0.6999999881
22815  -45.904  -50.788  -23.899 0.5000000000
154140  -39.418  -49.484  -20.255 0.6000000238
14479  -33.153  -60.012  -19.624 0.4000000060
142884  -35.574  -56.294  -20.705 0.4000000060
15300  -31.345  -58.100  -19.925 0.4000000060
137093  -33.667  -56.997  -19.509 0.4000000060
136548  -33.310  -55.351  -19.532 0.4000000060
16997  -32.177  -56.191  -19.830 0.4000000060
21830  -43.585  -51.522  -21.907 0.6999999881
158381  -43.446  -51.066  -21.570 0.6999999881
19841  -35.833  -52.935  -19.543 0.6000000238
20821  -37.710  -51.818  -19.714 0.6000000238
18873  -33.104  -54.233  -19.832 0.6999999881
20818  -35.586  -51.972  -19.569 0.6000000238
22765  -35.830  -50.584  -20.024 0.6999999881
22767  -38.409  -50.275  -19.676 0.6000000238
22779  -36.198  -50.010  -20.532 0.6000000238
20846  -33.527  -52.307  -21.027 0.5000000000
17028  -31.483  -56.199  -22.101 0.4000000060
18920  -32.016  -54.610  -22.196 0.5000000000
20857  -33.471  -52.294  -22.006 0.6000000238
137036  -31.329  -56.811  -22.896 0.4000000060
146162  -31.529  -55.943  -22.913 0.5000000000
17954  -31.719  -55.310  -22.366 0.5000000000
18921  -32.277  -54.114  -22.561 0.5000000000
19906  -33.062  -52.896  -22.574 0.5000000000
19920  -33.116  -53.031  -23.549 0.5000000000
19905  -32.661  -53.456  -22.072 0.5000000000
21826  -34.433  -51.259  -20.978 0.6000000238
21841  -34.360  -51.313  -21.983 0.5000000000
21840  -33.874  -51.806  -22.325 0.5000000000
21842  -34.922  -50.858  -22.574 0.6999999881
20871  -34.064  -52.006  -23.799 0.6000000238
21851  -35.113  -51.044  -23.615 0.6000000238
137278  -31.287  -57.785  -24.176 0.5000000000
17043  -31.551  -56.157  -23.641 0.5000000000
17971  -32.051  -54.963  -24.069 0.5000000000
19934  -32.705  -53.737  -23.993 0.5000000000
18943  -32.230  -54.389  -23.495 0.5000000000
22802  -35.545  -50.320  -22.078 0.6000000238
20885  -33.645  -52.553  -24.087 0.6000000238
20886  -34.262  -52.135  -24.634 0.5000000000
21863  -35.421  -51.174  -24.616 0.6000000238
16168  -31.486  -57.150  -24.669 0.5000000000
18004  -31.907  -55.851  -25.012 0.5000000000
18005  -32.376  -55.398  -25.549 0.5000000000
17992  -32.180  -55.148  -24.748 0.5000000000
19945  -32.952  -53.952  -24.888 0.5000000000
138583  -35.626  -50.472  -23.135 0.6000000238
20893  -33.807  -52.731  -25.031 0.5000000000
21872  -34.944  -51.682  -25.135 0.6000000238
154418  -31.589  -58.294  -25.498 0.5000000000
17066  -31.733  -56.619  -25.253 0.5000000000
16178  -32.028  -56.989  -26.106 0.5000000000
17079  -32.550  -56.557  -26.759 0.5000000000
18028  -33.264  -56.224  -27.464 0.6000000238
18016  -32.684  -55.726  -26.469 0.4000000060
18029  -34.151  -55.944  -28.231 0.4000000060
18017  -33.416  -55.375  -27.126 0.5000000000
18984  -33.631  -54.556  -26.750 0.5000000000
18969  -32.639  -54.663  -25.255 0.4000000060
18040  -35.030  -55.680  -29.526 0.4000000060
18030  -35.039  -55.639  -28.871 0.5000000000
18985  -34.389  -54.223  -27.325 0.5000000000
19010  -35.246  -55.007  -29.536 0.4000000060
19956  -33.871  -53.766  -26.371 0.6000000238
19947  -34.160  -53.022  -25.972 0.6000000238
20895  -35.356  -51.908  -26.099 0.6000000238
21885  -36.092  -51.716  -26.723 0.6000000238
18997  -34.296  -55.093  -27.758 0.5000000000
152330  -35.537  -54.654  -29.352 0.5000000000
18999  -35.733  -54.530  -28.944 0.5000000000
19964  -35.238  -53.983  -27.940 0.5000000000
19972  -34.577  -54.533  -29.516 0.4000000060
19973  -35.326  -54.035  -29.469 0.5000000000
19965  -36.046  -53.710  -28.624 0.6000000238
19958  -35.469  -53.171  -27.503 0.6000000238
20903  -35.755  -52.372  -27.111 0.6000000238
20918  -36.500  -53.040  -29.385 0.5000000000
21893  -33.143  -50.987  -28.032 0.3000000119
21899  -33.718  -51.520  -28.439 0.4000000060
19969  -34.195  -53.406  -29.122 0.4000000060
20914  -34.625  -52.468  -28.960 0.5000000000
19971  -36.681  -53.246  -29.083 0.5000000000
20911  -36.985  -52.610  -28.753 0.6000000238
26583  -35.497  -46.207  -23.410 0.3000000119
24761  -34.957  -48.199  -24.436 0.3000000119
24760  -34.594  -48.833  -25.099 0.4000000060
23763  -34.295  -49.336  -25.699 0.4000000060
29471  -35.484  -44.095  -22.790 0.3000000119
32236  -35.529  -40.683  -22.868 0.3000000119
137663  -35.452  -42.174  -22.716 0.3000000119
33096  -35.233  -39.236  -22.890 0.3000000119
33104  -35.626  -39.212  -23.699 0.3000000119
33955  -35.378  -38.305  -23.542 0.3000000119
142113  -35.098  -36.932  -23.348 0.3000000119
35923  -34.853  -36.266  -23.158 0.3000000119
37974  -35.000  -34.816  -23.638 0.3000000119
21900  -34.839  -51.459  -28.740 0.5000000000
27502  -35.508  -45.404  -23.005 0.3000000119
22801  -34.917  -50.730  -21.504 0.5000000000
17970  -31.776  -55.277  -23.390 0.5000000000
19946  -33.525  -53.461  -25.428 0.5000000000
20902  -34.928  -52.673  -26.508 0.6000000238
21843  -42.905  -51.941  -21.863 0.6000000238
21844  -44.359  -51.400  -22.287 0.6000000238
22855  -50.198  -51.038  -26.743 0.3000000119
21888  -49.459  -51.341  -27.007 0.3000000119
21887  -48.602  -51.355  -26.777 0.3000000119
22861  -48.701  -50.534  -28.107 0.3000000119
21877  -49.060  -51.988  -25.913 0.3000000119
22843  -47.612  -51.074  -26.282 0.3000000119
138086  -46.954  -50.588  -26.773 0.3000000119
20862  -44.130  -52.057  -22.519 0.6000000238
20863  -44.900  -51.885  -22.702 0.5000000000
22831  -50.014  -50.834  -25.577 0.3000000119
22845  -49.975  -50.644  -26.567 0.3000000119
21897  -49.279  -50.695  -27.661 0.3000000119
23788  -49.062  -49.948  -28.154 0.3000000119
21876  -48.052  -51.615  -25.525 0.3000000119
21875  -47.186  -51.207  -25.173 0.3000000119
21853  -46.264  -51.561  -23.688 0.4000000060
17937  -31.701  -55.626  -21.365 0.4000000060
21855  -49.751  -51.254  -24.273 0.3000000119
22830  -49.212  -50.206  -25.890 0.3000000119
22844  -49.499  -50.121  -27.047 0.3000000119
15327  -35.643  -58.518  -21.918 0.5000000000
16144  -36.451  -57.608  -22.769 0.5000000000
15314  -34.833  -59.006  -20.836 0.4000000060
14508  -35.297  -58.996  -21.496 0.4000000060
15328  -36.086  -58.383  -22.547 0.5000000000
17957  -37.996  -55.336  -22.736 0.5000000000
17956  -37.344  -55.833  -22.664 0.5000000000
16132  -35.858  -57.660  -21.897 0.5000000000
17014  -36.426  -56.875  -22.289 0.5000000000
15315  -35.293  -58.307  -21.185 0.4000000060
19921  -40.873  -54.036  -23.170 0.6000000238
19909  -40.481  -53.652  -22.500 0.6000000238
19907  -38.917  -54.097  -22.006 0.5000000000
17941  -37.416  -55.338  -22.113 0.5000000000
158994  -35.490  -56.769  -20.855 0.3000000119
17013  -35.893  -56.693  -21.433 0.4000000060
135990  -36.527  -56.147  -21.882 0.5000000000
19911  -42.096  -53.227  -22.876 0.6000000238
19908  -39.684  -53.873  -22.263 0.6000000238
17940  -36.806  -55.404  -21.524 0.4000000060
152779  -37.903  -54.880  -22.097 0.5000000000
20873  -43.727  -52.742  -23.120 0.6000000238
21866  -48.276  -52.094  -25.106 0.3000000119
20876  -46.131  -52.181  -23.496 0.4000000060
20859  -41.714  -52.776  -22.214 0.6000000238
19891  -38.552  -53.689  -21.351 0.4000000060
21878  -49.923  -52.046  -26.507 0.3000000119
20877  -46.841  -52.068  -23.917 0.3000000119
20874  -44.593  -52.526  -23.140 0.5000000000
19893  -40.123  -53.257  -21.810 0.6000000238
20860  -42.509  -52.562  -22.360 0.6000000238
19910  -41.290  -53.436  -22.707 0.6000000238
20888  -46.513  -52.843  -24.088 0.3000000119
19922  -41.661  -53.767  -23.424 0.5000000000
19936  -42.039  -54.070  -24.200 0.5000000000
19923  -42.466  -53.540  -23.629 0.5000000000
19938  -43.839  -53.736  -24.717 0.4000000060
19925  -44.232  -53.184  -23.782 0.5000000000
19937  -42.865  -53.857  -24.459 0.5000000000
18947  -41.234  -54.325  -23.919 0.5000000000
18964  -43.240  -54.208  -25.394 0.4000000060
19948  -44.665  -53.990  -25.555 0.4000000060
19939  -44.855  -53.482  -24.526 0.4000000060
18924  -40.066  -54.265  -22.918 0.5000000000
18946  -40.413  -54.552  -23.650 0.5000000000
19926  -45.104  -52.945  -23.712 0.4000000060
136915  -35.538  -67.202  -24.432 0.3000000119
8181  -35.465  -68.161  -24.707 0.3000000119
9543  -35.527  -65.629  -24.744 0.3000000119
139019  -35.650  -64.883  -25.226 0.3000000119
10376  -35.831  -64.116  -25.445 0.4000000060
8853  -35.481  -66.321  -24.364 0.3000000119
139406  -35.436  -64.870  -24.200 0.3000000119
136362  -36.417  -62.788  -26.097 0.4000000060
11954  -36.172  -62.726  -25.267 0.4000000060
10360  -35.589  -64.129  -24.648 0.3000000119
10341  -35.412  -64.090  -23.851 0.3000000119
12843  -36.771  -61.326  -26.469 0.4000000060
13722  -36.886  -60.559  -26.268 0.4000000060
11932  -36.158  -61.935  -24.798 0.4000000060
11131  -35.586  -63.438  -24.185 0.4000000060
11116  -35.381  -63.441  -23.430 0.4000000060
11909  -35.574  -62.787  -23.736 0.4000000060
16199  -38.701  -57.602  -28.145 0.3000000119
14539  -37.466  -59.505  -26.949 0.4000000060
14535  -37.428  -58.942  -26.160 0.4000000060
13716  -36.666  -60.368  -25.498 0.4000000060
13711  -36.435  -60.282  -24.594 0.4000000060
12806  -36.165  -61.184  -24.291 0.4000000060
12805  -35.786  -61.238  -23.423 0.4000000060
17082  -40.241  -56.188  -27.828 0.3000000119
16190  -38.434  -57.569  -26.910 0.4000000060
156842  -37.726  -57.729  -25.408 0.4000000060
16189  -37.826  -58.120  -26.314 0.4000000060
15353  -36.918  -58.906  -24.811 0.4000000060
16170  -37.401  -57.649  -24.609 0.4000000060
14528  -36.580  -59.391  -24.360 0.4000000060
15346  -36.718  -58.641  -24.125 0.4000000060
14522  -36.298  -59.873  -23.812 0.4000000060
18018  -40.063  -56.066  -26.655 0.4000000060
17068  -38.598  -56.743  -25.509 0.4000000060
17057  -37.687  -56.872  -24.272 0.4000000060
16169  -36.913  -57.930  -23.989 0.4000000060
151472  -35.560  -60.792  -22.650 0.4000000060
153778  -36.406  -59.114  -23.633 0.4000000060
134280  -35.398  -61.624  -22.604 0.4000000060
17059  -39.039  -56.181  -25.059 0.4000000060
17058  -38.336  -56.503  -24.659 0.4000000060
17045  -37.999  -56.210  -23.935 0.4000000060
16155  -36.771  -57.581  -23.414 0.4000000060
13692  -35.727  -60.065  -22.682 0.4000000060
17994  -39.479  -55.624  -24.597 0.4000000060
17974  -39.161  -55.359  -23.804 0.4000000060
18944  -38.812  -55.045  -23.082 0.4000000060
18963  -42.431  -54.378  -25.079 0.4000000060
18960  -39.961  -55.097  -24.116 0.4000000060
154949  -43.933  -54.154  -25.714 0.3000000119
19949  -45.737  -53.871  -25.368 0.3000000119
17029  -36.889  -56.915  -23.082 0.4000000060
18961  -40.762  -54.816  -24.450 0.4000000060
147012  -46.407  -53.505  -24.735 0.3000000119
18945  -39.605  -54.784  -23.374 0.4000000060
12834  -36.456  -61.884  -25.725 0.4000000060
141777  -36.602  -61.015  -25.828 0.4000000060
136190  -36.422  -61.099  -25.118 0.4000000060
16191  -38.923  -57.167  -27.459 0.4000000060
15361  -37.762  -58.760  -27.186 0.4000000060
16200  -39.301  -57.115  -28.659 0.3000000119
137012  -37.116  -59.131  -25.451 0.4000000060
18019  -40.924  -55.653  -27.503 0.3000000119
17081  -39.489  -56.620  -27.404 0.4000000060
17080  -38.809  -56.966  -26.494 0.4000000060
16179  -37.987  -57.147  -25.032 0.4000000060
17069  -39.308  -56.429  -26.048 0.4000000060
17993  -38.702  -55.892  -24.259 0.4000000060
14516  -36.511  -58.301  -23.356 0.4000000060
17973  -38.371  -55.622  -23.514 0.4000000060
17995  -40.311  -55.390  -24.958 0.4000000060
13730  -37.529  -60.719  -28.222 0.3000000119
11175  -36.728  -63.382  -27.672 0.3000000119
10417  -36.406  -64.298  -27.293 0.3000000119
139695  -36.606  -62.879  -26.852 0.3000000119
12851  -37.064  -61.677  -27.293 0.3000000119
11163  -36.406  -63.499  -26.611 0.3000000119
11972  -36.678  -62.185  -26.614 0.3000000119
142590  -37.497  -60.106  -27.665 0.3000000119
13723  -37.203  -60.820  -27.183 0.3000000119
151924  -38.152  -58.650  -28.160 0.3000000119
18007  -40.615  -55.565  -26.028 0.3000000119
18971  -41.153  -55.103  -25.360 0.3000000119
18973  -42.834  -54.506  -26.178 0.3000000119
15368  -38.581  -58.169  -28.849 0.3000000119
18006  -39.792  -55.872  -25.515 0.3000000119
10377  -36.135  -64.152  -26.246 0.3000000119
11146  -35.835  -63.439  -24.949 0.4000000060
11147  -36.153  -63.464  -25.734 0.4000000060
11838  -32.303  -61.968  -19.503 0.4000000060
11888  -35.221  -62.462  -22.532 0.4000000060
11931  -35.833  -62.734  -24.481 0.4000000060
11990  -36.905  -62.501  -27.475 0.3000000119
12821  -35.823  -62.024  -23.987 0.4000000060
13648  -33.124  -60.845  -19.654 0.4000000060
13703  -35.948  -60.354  -23.263 0.4000000060
13704  -36.158  -60.572  -23.880 0.4000000060
14480  -33.519  -59.186  -19.739 0.4000000060
14496  -33.936  -59.851  -20.121 0.4000000060
14515  -36.083  -59.607  -23.110 0.4000000060
14534  -36.762  -59.626  -25.124 0.4000000060
14538  -37.082  -59.761  -25.996 0.4000000060
14544  -37.877  -59.332  -28.278 0.3000000119
15287  -31.481  -58.663  -19.691 0.4000000060
15347  -37.053  -58.297  -24.552 0.4000000060
15352  -31.513  -59.251  -25.486 0.5000000000
15354  -37.351  -58.388  -25.301 0.4000000060
15362  -38.205  -58.147  -27.526 0.4000000060
16109  -33.265  -57.670  -19.490 0.4000000060
16117  -31.491  -57.437  -20.009 0.4000000060
16119  -35.313  -57.399  -20.841 0.3000000119
16131  -31.286  -57.210  -20.791 0.4000000060
16154  -31.392  -56.987  -23.866 0.5000000000
16156  -37.177  -57.260  -23.811 0.4000000060
16180  -38.232  -57.388  -25.905 0.4000000060
16981  -31.990  -56.968  -19.670 0.4000000060
16984  -34.973  -56.070  -19.945 0.5000000000
16999  -35.096  -56.767  -20.308 0.4000000060
17012  -31.467  -56.414  -21.084 0.4000000060
17030  -37.234  -56.324  -23.036 0.4000000060
17044  -37.425  -56.592  -23.568 0.4000000060
17056  -31.618  -56.375  -24.449 0.5000000000
17067  -32.152  -56.159  -25.835 0.5000000000
17899  -32.793  -55.759  -19.609 0.4000000060
17955  -36.882  -56.296  -22.548 0.5000000000
17972  -37.695  -55.964  -23.265 0.4000000060
17991  -31.806  -55.608  -24.230 0.5000000000
18008  -41.526  -55.262  -26.525 0.3000000119
18041  -35.253  -55.101  -29.485 0.5000000000
18047  -35.016  -55.602  -29.586 0.4000000060
18855  -33.527  -54.661  -19.577 0.4000000060
18858  -35.814  -53.698  -19.674 0.6000000238
18872  -32.571  -54.719  -20.157 0.6999999881
18874  -35.720  -54.942  -20.019 0.5000000000
18897  -32.366  -54.117  -21.537 0.5000000000
18899  -37.442  -54.709  -21.455 0.4000000060
18900  -38.199  -54.355  -21.719 0.5000000000
18922  -38.505  -54.691  -22.393 0.5000000000
18923  -39.264  -54.468  -22.670 0.5000000000
18942  -31.943  -54.715  -22.828 0.5000000000
18959  -32.441  -54.468  -24.412 0.5000000000
18962  -41.599  -54.578  -24.765 0.4000000060
18970  -33.242  -54.203  -25.797 0.4000000060
18972  -41.994  -54.775  -25.789 0.3000000119
18983  -32.916  -54.947  -26.148 0.4000000060
18998  -35.047  -54.785  -28.382 0.5000000000
19007  -35.393  -55.142  -29.266 0.5000000000
19011  -35.607  -54.528  -29.337 0.5000000000
19839  -34.557  -53.544  -19.525 0.6000000238
19842  -36.610  -52.931  -19.758 0.6000000238
19889  -33.107  -52.847  -21.568 0.5000000000
19919  -32.612  -53.564  -23.070 0.5000000000
19924  -43.319  -53.361  -23.773 0.5000000000
19935  -33.267  -53.236  -24.482 0.6000000238
19957  -34.612  -53.430  -26.918 0.6000000238
19966  -36.337  -52.892  -28.180 0.6000000238
19970  -36.023  -53.990  -29.274 0.5000000000
19974  -36.072  -53.756  -29.346 0.5000000000
19975  -36.570  -53.168  -29.283 0.5000000000
20816  -33.769  -52.538  -20.215 0.6999999881
20835  -37.759  -52.695  -20.148 0.6000000238
20838  -40.248  -51.821  -20.624 0.6000000238
20847  -38.918  -52.991  -20.943 0.6000000238
20850  -41.352  -52.314  -21.536 0.6999999881
20858  -40.912  -53.011  -22.045 0.6000000238
20861  -43.305  -52.320  -22.440 0.6000000238
20870  -33.601  -52.278  -23.068 0.5000000000
20872  -42.895  -52.987  -23.038 0.6000000238
20875  -45.390  -52.314  -23.238 0.5000000000
20887  -45.798  -52.685  -23.701 0.4000000060
20894  -34.541  -52.333  -25.563 0.6000000238
20904  -36.756  -52.086  -27.807 0.6999999881
20915  -37.037  -52.587  -29.203 0.5000000000
20917  -35.809  -53.119  -29.473 0.5000000000
21800  -34.945  -51.815  -19.730 0.6999999881
21802  -36.287  -50.973  -19.628 0.6999999881
21804  -38.150  -50.977  -19.591 0.6000000238
21813  -34.690  -51.493  -20.174 0.6999999881
21817  -41.760  -50.622  -20.677 0.6999999881
21818  -42.353  -50.502  -20.954 0.6999999881
21825  -33.892  -51.765  -21.456 0.6000000238
21831  -43.934  -50.930  -21.836 0.6999999881
21850  -34.325  -51.535  -23.082 0.6999999881
21852  -45.590  -51.501  -23.158 0.5000000000
21862  -34.659  -51.582  -24.149 0.5000000000
21864  -46.679  -51.377  -24.323 0.3000000119
21865  -47.538  -51.875  -24.597 0.3000000119
21889  -49.998  -51.254  -26.878 0.3000000119
21896  -48.883  -51.027  -27.667 0.3000000119
21902  -37.391  -51.936  -28.837 0.6000000238
21903  -37.508  -51.288  -29.142 0.6000000238
21905  -36.516  -52.400  -29.402 0.6000000238
21906  -37.127  -51.730  -29.384 0.6000000238
21907  -37.397  -51.279  -29.259 0.6999999881
22768  -39.078  -50.095  -19.764 0.6000000238
22778  -35.152  -50.789  -20.518 0.6999999881
22790  -35.546  -50.245  -21.077 0.5000000000
22793  -43.332  -50.582  -21.560 0.6999999881
22803  -36.199  -49.974  -22.697 0.6999999881
22813  -36.371  -50.174  -23.675 0.6999999881
22824  -36.150  -50.771  -25.020 0.6999999881
22828  -46.442  -50.738  -24.911 0.4000000060
22832  -50.469  -51.115  -26.041 0.3000000119
22839  -36.379  -50.858  -25.738 0.6999999881
22840  -36.828  -50.688  -26.487 0.6999999881
22852  -48.035  -50.785  -27.587 0.3000000119
22853  -49.380  -50.118  -27.673 0.3000000119
22854  -49.648  -50.568  -27.272 0.3000000119
22857  -33.570  -50.474  -27.683 0.3000000119
22862  -49.042  -50.264  -28.136 0.3000000119
22863  -49.306  -50.256  -27.851 0.3000000119
22867  -37.579  -50.726  -29.081 0.6000000238
22868  -48.465  -50.050  -28.459 0.4000000060
23683  -36.971  -49.776  -20.117 0.6000000238
23685  -38.626  -49.765  -19.901 0.5000000000
23695  -38.416  -49.359  -20.347 0.6999999881
23696  -40.361  -49.210  -20.678 0.6000000238
23697  -42.105  -49.923  -20.865 0.6000000238
23706  -37.011  -49.412  -21.631 0.6999999881
23754  -44.258  -49.439  -24.670 0.5000000000
23766  -43.529  -49.107  -25.306 0.5000000000
23771  -48.734  -49.706  -26.510 0.3000000119
23772  -33.828  -49.831  -26.254 0.4000000060
23773  -34.592  -49.329  -26.812 0.5000000000
23775  -44.488  -49.380  -26.623 0.6000000238
23779  -49.091  -49.787  -27.564 0.3000000119
23781  -34.796  -49.524  -27.811 0.6000000238
23783  -43.858  -49.091  -27.241 0.6000000238
23792  -37.435  -49.848  -29.064 0.6000000238
23795  -47.047  -49.279  -29.351 0.5000000000
23796  -47.799  -49.584  -28.769 0.4000000060
23797  -37.357  -50.305  -29.223 0.6000000238
23798  -45.669  -48.869  -29.826 0.5000000000
23799  -46.292  -48.742  -29.825 0.5000000000
24713  -38.900  -48.858  -20.844 0.8000000119
24725  -40.245  -48.684  -21.406 0.8000000119
24735  -40.494  -48.569  -23.278 0.8000000119
24737  -42.248  -48.878  -23.201 0.8000000119
24749  -37.852  -48.798  -23.967 0.6999999881
24752  -40.320  -48.349  -23.728 0.6999999881
24753  -41.791  -48.757  -24.044 0.6999999881
24770  -42.918  -48.843  -25.804 0.6000000238
24779  -35.634  -48.432  -28.309 0.5000000000
24781  -43.280  -48.205  -27.634 0.6000000238
24782  -43.514  -48.672  -27.558 0.6000000238
24784  -47.156  -48.560  -29.153 0.5000000000
24788  -44.404  -48.442  -29.156 0.6000000238
25653  -34.990  -47.700  -23.707 0.3000000119
25656  -38.673  -47.590  -23.579 0.6999999881
25668  -40.862  -47.661  -24.493 0.6000000238
25673  -35.398  -47.593  -25.464 0.5000000000
25679  -37.479  -47.181  -27.725 0.6000000238
25683  -35.681  -47.050  -28.184 0.5000000000
25691  -44.227  -47.642  -29.085 0.6000000238
25692  -44.825  -48.041  -29.946 0.6000000238
25695  -46.303  -48.154  -29.997 0.5000000000
26584  -37.939  -46.447  -24.122 0.5000000000
26593  -35.557  -46.758  -24.012 0.4000000060
26595  -41.043  -46.681  -24.551 0.6000000238
26606  -35.542  -46.602  -26.288 0.5000000000
26613  -37.198  -46.650  -28.389 0.6000000238
26615  -43.406  -46.875  -27.661 0.6000000238
26617  -35.878  -46.295  -28.385 0.5000000000
26618  -36.299  -46.165  -28.513 0.4000000060
26619  -37.080  -47.269  -28.717 0.5000000000
26623  -46.212  -46.704  -30.030 0.5000000000
26625  -46.014  -46.523  -30.185 0.5000000000
27512  -38.563  -44.830  -24.131 0.5000000000
27523  -40.397  -45.248  -24.118 0.5000000000
27534  -42.458  -45.487  -26.001 0.5000000000
27543  -45.653  -45.063  -27.378 0.3000000119
27545  -37.169  -45.723  -28.071 0.5000000000
27546  -44.161  -45.207  -28.176 0.5000000000
27549  -35.841  -44.885  -28.292 0.4000000060
27553  -45.256  -45.460  -29.461 0.5000000000
27555  -46.108  -45.857  -29.766 0.4000000060
28467  -35.369  -44.808  -22.769 0.3000000119
28476  -35.781  -44.640  -23.158 0.4000000060
28488  -41.433  -44.685  -25.028 0.5000000000
28496  -37.889  -44.235  -25.469 0.5000000000
28507  -35.580  -44.726  -27.442 0.4000000060
28511  -35.578  -44.001  -27.795 0.4000000060
28516  -36.148  -44.586  -28.382 0.4000000060
28517  -36.719  -45.177  -28.230 0.4000000060
28519  -46.094  -45.132  -29.306 0.3000000119
29482  -36.298  -43.683  -23.787 0.4000000060
29492  -38.952  -43.539  -24.823 0.5000000000
29494  -40.838  -43.993  -24.736 0.5000000000
29507  -39.540  -43.098  -25.378 0.5000000000
29526  -41.252  -43.143  -26.393 0.4000000060
29529  -43.687  -43.696  -27.689 0.3000000119
29530  -45.428  -43.018  -26.858 0.3000000119
29531  -45.501  -43.354  -27.470 0.3000000119
29536  -35.625  -43.399  -28.076 0.4000000060
29539  -42.439  -42.546  -28.147 0.4000000060
29543  -45.418  -43.415  -27.924 0.3000000119
29546  -35.812  -43.371  -28.267 0.4000000060
29547  -45.554  -43.953  -28.421 0.4000000060
30411  -41.702  -41.995  -21.101 0.4000000060
30421  -35.612  -43.120  -22.824 0.3000000119
30422  -42.191  -41.869  -21.684 0.4000000060
30423  -42.552  -41.993  -22.301 0.4000000060
30435  -43.424  -42.124  -23.705 0.3000000119
30443  -43.941  -42.074  -24.462 0.3000000119
30451  -36.317  -42.695  -25.918 0.4000000060
30462  -35.620  -42.913  -27.849 0.4000000060
30465  -39.892  -42.353  -27.353 0.4000000060
30467  -44.580  -42.593  -27.271 0.3000000119
30468  -45.150  -42.693  -26.959 0.3000000119
30476  -40.975  -42.252  -28.561 0.4000000060
30480  -44.920  -43.047  -27.804 0.4000000060
30487  -40.880  -41.650  -29.116 0.4000000060
31294  -42.017  -41.140  -21.424 0.4000000060
31307  -42.241  -41.122  -22.080 0.4000000060
31318  -35.759  -41.571  -22.965 0.3000000119
31332  -43.224  -41.579  -24.539 0.3000000119
31333  -43.980  -41.760  -24.867 0.3000000119
31377  -41.717  -41.834  -28.876 0.4000000060
31381  -39.200  -40.535  -29.382 0.4000000060
31382  -40.160  -40.839  -29.468 0.4000000060
32205  -40.765  -40.410  -19.710 0.4000000060
32214  -40.976  -40.438  -20.455 0.4000000060
32225  -40.174  -40.357  -21.235 0.4000000060
32226  -41.222  -40.556  -21.097 0.4000000060
32238  -39.557  -40.468  -22.336 0.4000000060
32259  -36.237  -40.599  -24.470 0.4000000060
32286  -40.412  -40.241  -28.786 0.4000000060
32287  -40.915  -40.675  -28.247 0.4000000060
32290  -36.828  -40.499  -28.561 0.4000000060
32299  -39.676  -40.132  -29.449 0.5000000000
33088  -39.569  -39.930  -20.683 0.4000000060
33141  -36.221  -39.821  -27.853 0.4000000060
33146  -36.579  -39.904  -28.413 0.4000000060
33151  -36.887  -39.393  -28.751 0.4000000060
33152  -37.490  -39.235  -29.180 0.4000000060
33154  -39.227  -39.200  -29.522 0.4000000060
33986  -36.152  -38.014  -26.029 0.4000000060
34006  -38.872  -38.317  -29.880 0.5000000000
34912  -35.047  -37.606  -23.152 0.3000000119
34953  -39.342  -37.662  -29.519 0.5000000000
34971  -39.049  -36.910  -30.436 0.5000000000
35943  -36.319  -36.836  -25.948 0.4000000060
36956  -35.164  -35.633  -23.565 0.4000000060
39988  -35.555  -32.621  -25.266 0.4000000060
39989  -36.229  -32.575  -25.708 0.4000000060
39997  -36.700  -32.261  -26.422 0.4000000060
132677  -38.881  -48.414  -23.368 0.6000000238
132816  -33.948  -55.262  -19.470 0.5000000000
134447  -37.674  -45.961  -24.854 0.5000000000
134890  -44.417  -43.281  -28.044 0.3000000119
134945  -38.213  -37.915  -30.027 0.4000000060
134953  -34.871  -55.344  -29.650 0.4000000060
136001  -40.587  -46.039  -24.164 0.6000000238
136508  -38.992  -45.975  -23.525 0.6000000238
136576  -31.642  -57.425  -25.433 0.5000000000
137640  -37.425  -47.766  -26.680 0.6000000238
137650  -36.378  -43.062  -24.554 0.4000000060
137842  -34.177  -52.878  -19.691 0.6000000238
139087  -35.282  -64.611  -23.512 0.3000000119
139236  -36.061  -41.050  -23.476 0.4000000060
139359  -33.102  -56.924  -19.476 0.4000000060
141271  -35.496  -39.862  -23.009 0.3000000119
141527  -37.731  -50.455  -19.634 0.6000000238
142018  -36.400  -50.223  -29.076 0.6000000238
142550  -36.322  -41.387  -25.948 0.4000000060
142652  -46.132  -47.416  -30.180 0.5000000000
142677  -37.233  -60.155  -26.754 0.4000000060
143935  -35.610  -44.552  -28.071 0.4000000060
143978  -45.981  -44.174  -27.917 0.3000000119
144310  -45.567  -44.349  -27.120 0.3000000119
145025  -36.655  -51.714  -19.561 0.6000000238
145388  -42.133  -41.293  -23.091 0.3000000119
145892  -45.029  -42.639  -26.172 0.3000000119
146976  -36.437  -36.883  -26.571 0.4000000060
147810  -37.319  -49.265  -26.802 0.6999999881
147861  -32.564  -58.015  -19.489 0.4000000060
148205  -35.672  -59.315  -22.289 0.5000000000
148284  -37.868  -60.170  -28.983 0.3000000119
149967  -39.070  -45.200  -23.697 0.5000000000
150450  -37.673  -47.884  -24.338 0.6999999881
151069  -35.582  -35.955  -24.226 0.4000000060
151532  -36.378  -41.247  -24.991 0.4000000060
152150  -36.215  -44.680  -24.355 0.4000000060
152321  -34.489  -59.642  -20.617 0.4000000060
152515  -41.367  -48.526  -24.339 0.8000000119
152618  -39.117  -37.968  -30.041 0.5000000000
152832  -47.921  -48.975  -27.781 0.4000000060
153262  -41.725  -49.392  -21.147 0.5000000000
153613  -42.506  -47.952  -26.560 0.6999999881
154670  -45.959  -46.004  -30.001 0.5000000000
155125  -32.331  -54.563  -20.859 0.6000000238
155431  -35.839  -51.513  -26.136 0.6999999881
156387  -36.971  -55.788  -22.182 0.5000000000
156418  -38.746  -41.819  -27.929 0.4000000060
156588  -36.176  -58.941  -22.990 0.4000000060
156759  -37.506  -48.716  -27.826 0.6000000238
157227  -40.354  -51.027  -20.182 0.6000000238
157356  -42.288  -42.126  -28.591 0.4000000060
157588  -45.316  -49.545  -27.780 0.5000000000
158962  -35.024  -53.294  -29.361 0.5000000000
159010  -31.437  -57.848  -24.862 0.5000000000
159075  -40.559  -40.910  -29.372 0.4000000060
159349  -35.317  -38.800  -23.194 0.3000000119
