#!ascii label  , from subject sub-v1s3x0050790_ses-1 vox2ras=TkReg
281
64580  28.747  4.473  -20.746 0.0000000000
55581  26.662  -4.918  -19.722 0.0000000000
68792  27.936  9.221  -20.355 0.0000000000
75835  25.361  18.687  -25.124 0.0000000000
121731  25.425  -7.815  -19.462 0.0000000000
71271  31.176  12.380  -22.395 0.0000000000
73615  30.502  15.229  -22.436 0.0000000000
112433  25.904  1.823  -19.849 0.0000000000
60158  26.266  -0.651  -19.592 0.0000000000
62088  28.738  1.364  -21.939 0.0000000000
67128  28.876  6.932  -24.381 0.0000000000
64626  27.897  3.784  -24.936 0.0000000000
66246  28.049  6.769  -19.680 0.0000000000
68821  30.681  9.132  -22.455 0.0000000000
117364  26.709  17.094  -24.189 0.0000000000
75810  29.091  18.060  -22.656 0.0000000000
58340  28.109  -2.755  -20.259 0.0000000000
72087  28.805  13.306  -21.514 0.0000000000
72899  28.250  14.576  -22.285 0.0000000000
63772  27.572  3.431  -19.803 0.0000000000
62954  27.381  1.819  -19.734 0.0000000000
63770  28.574  2.881  -21.336 0.0000000000
54576  25.614  -6.336  -19.552 0.0000000000
67916  28.172  8.399  -20.233 0.0000000000
67931  30.436  8.380  -21.735 0.0000000000
68807  29.711  9.440  -20.698 0.0000000000
72109  32.299  13.904  -23.678 0.0000000000
71291  31.900  12.300  -23.804 0.0000000000
115588  24.286  17.722  -26.347 0.0000000000
73642  25.061  15.807  -25.155 0.0000000000
75831  25.709  17.931  -24.895 0.0000000000
122454  28.038  23.444  -23.679 0.0000000000
78093  29.286  21.785  -22.880 0.0000000000
115721  28.323  19.141  -23.029 0.0000000000
76546  30.412  19.790  -22.663 0.0000000000
116325  30.812  18.329  -22.595 0.0000000000
61141  28.655  -0.500  -21.044 0.0000000000
120623  27.994  -1.684  -20.136 0.0000000000
51705  24.542  -8.787  -18.948 0.0000000000
69646  29.945  10.928  -20.878 0.0000000000
71260  29.921  12.333  -21.398 0.0000000000
124685  30.721  13.901  -22.274 0.0000000000
73627  31.883  15.418  -23.054 0.0000000000
60159  24.939  -0.524  -19.953 0.0000000000
61144  25.670  0.227  -19.680 0.0000000000
62072  27.887  0.808  -19.877 0.0000000000
62087  28.955  0.973  -22.119 0.0000000000
65412  29.218  5.385  -21.471 0.0000000000
64610  28.505  3.821  -22.751 0.0000000000
66273  27.876  4.860  -24.924 0.0000000000
64582  27.209  4.190  -19.746 0.0000000000
66229  26.603  5.784  -19.662 0.0000000000
65393  28.460  5.205  -20.127 0.0000000000
66243  29.823  6.764  -22.022 0.0000000000
67957  30.196  8.521  -23.489 0.0000000000
114174  30.323  9.459  -24.421 0.0000000000
121785  30.941  10.719  -22.152 0.0000000000
69680  31.102  10.607  -24.382 0.0000000000
73629  26.846  15.620  -23.629 0.0000000000
76566  26.031  19.814  -24.283 0.0000000000
75820  26.994  18.663  -23.770 0.0000000000
75102  27.888  17.620  -23.248 0.0000000000
74369  28.241  16.023  -22.694 0.0000000000
74367  30.169  16.704  -22.535 0.0000000000
111667  31.839  16.955  -22.914 0.0000000000
57439  26.139  -3.800  -19.622 0.0000000000
112654  24.907  -1.967  -19.802 0.0000000000
63801  28.751  2.760  -23.297 0.0000000000
62980  29.071  2.401  -23.177 0.0000000000
72102  27.648  14.076  -22.239 0.0000000000
72900  27.597  14.838  -22.594 0.0000000000
112615  28.130  3.777  -19.954 0.0000000000
63771  28.312  3.031  -20.316 0.0000000000
107123  28.508  3.713  -20.627 0.0000000000
50860  24.410  -10.130  -18.253 0.0000000000
51695  24.909  -9.522  -18.757 0.0000000000
104748  26.539  -5.762  -19.624 0.0000000000
67932  29.033  8.834  -20.433 0.0000000000
72911  32.540  14.710  -24.108 0.0000000000
72119  32.460  13.919  -24.409 0.0000000000
75836  24.650  18.578  -25.861 0.0000000000
75119  24.584  17.107  -25.969 0.0000000000
75118  25.284  17.145  -25.314 0.0000000000
78083  29.139  20.904  -22.733 0.0000000000
76557  31.247  20.012  -23.017 0.0000000000
60156  28.888  -0.760  -21.388 0.0000000000
107547  28.626  -1.324  -20.892 0.0000000000
55583  24.808  -5.721  -19.622 0.0000000000
70475  28.416  11.693  -20.796 0.0000000000
72100  29.430  13.856  -21.849 0.0000000000
72099  30.213  13.551  -21.925 0.0000000000
72897  30.122  14.422  -22.213 0.0000000000
72905  31.613  14.627  -22.814 0.0000000000
73614  31.291  15.331  -22.622 0.0000000000
76573  24.350  19.322  -26.217 0.0000000000
61145  24.544  0.237  -20.401 0.0000000000
62074  25.187  1.036  -20.074 0.0000000000
107012  28.416  1.476  -20.544 0.0000000000
62071  28.689  0.482  -21.237 0.0000000000
52628  24.952  -8.336  -19.326 0.0000000000
51704  25.324  -8.985  -19.158 0.0000000000
119118  29.163  6.089  -23.186 0.0000000000
65441  28.491  5.144  -23.831 0.0000000000
66272  28.450  5.916  -24.387 0.0000000000
63773  25.099  3.396  -20.329 0.0000000000
66228  27.728  5.937  -19.656 0.0000000000
66227  28.660  5.995  -20.233 0.0000000000
66226  29.246  5.946  -20.759 0.0000000000
66245  29.025  6.831  -20.429 0.0000000000
67944  30.377  8.268  -22.655 0.0000000000
67967  29.847  8.753  -24.410 0.0000000000
68830  30.550  9.368  -23.591 0.0000000000
70473  30.266  11.590  -21.382 0.0000000000
69645  30.522  10.815  -21.472 0.0000000000
70485  30.917  11.524  -22.060 0.0000000000
70509  31.522  11.411  -24.333 0.0000000000
69688  31.040  10.791  -25.178 0.0000000000
73637  25.812  15.878  -24.648 0.0000000000
72912  25.245  15.306  -24.598 0.0000000000
73630  26.058  15.364  -24.134 0.0000000000
74382  26.833  16.394  -23.922 0.0000000000
78880  27.749  21.928  -23.404 0.0000000000
78887  27.120  22.510  -23.665 0.0000000000
77311  27.030  20.864  -23.542 0.0000000000
116758  27.159  20.105  -23.513 0.0000000000
109418  29.111  18.871  -22.710 0.0000000000
75818  28.349  18.344  -23.039 0.0000000000
74380  28.094  16.850  -22.918 0.0000000000
75094  28.661  17.486  -22.760 0.0000000000
74368  29.081  16.573  -22.580 0.0000000000
75093  29.554  17.418  -22.583 0.0000000000
75808  31.606  18.451  -22.895 0.0000000000
75091  31.402  17.642  -22.694 0.0000000000
75101  32.047  17.763  -23.130 0.0000000000
74378  32.113  16.246  -23.261 0.0000000000
57440  24.958  -3.940  -19.656 0.0000000000
111656  25.492  -1.318  -19.683 0.0000000000
113969  27.468  -2.326  -19.914 0.0000000000
57450  27.411  -3.069  -19.918 0.0000000000
113923  27.215  -3.746  -19.882 0.0000000000
65425  28.268  3.686  -23.969 0.0000000000
64611  28.537  3.243  -23.122 0.0000000000
63816  28.684  3.125  -23.748 0.0000000000
71262  27.995  12.734  -21.326 0.0000000000
72088  28.084  13.510  -21.722 0.0000000000
72101  28.570  14.019  -21.949 0.0000000000
72898  29.082  14.688  -22.260 0.0000000000
62955  26.498  2.487  -19.760 0.0000000000
113555  27.487  2.751  -19.798 0.0000000000
119240  28.193  2.279  -20.160 0.0000000000
62953  28.545  2.190  -21.043 0.0000000000
121710  25.958  -7.202  -19.512 0.0000000000
125483  26.264  -8.052  -19.353 0.0000000000
53595  26.752  -7.192  -19.412 0.0000000000
53594  27.467  -7.079  -19.177 0.0000000000
66285  28.178  6.212  -25.238 0.0000000000
121612  27.352  7.420  -19.687 0.0000000000
67088  28.215  7.583  -20.045 0.0000000000
67105  29.710  7.326  -20.913 0.0000000000
114255  29.109  7.873  -20.467 0.0000000000
112305  29.892  8.394  -20.872 0.0000000000
68806  30.394  9.249  -21.316 0.0000000000
115902  31.509  13.135  -22.708 0.0000000000
71279  31.663  12.390  -22.973 0.0000000000
71278  31.976  13.121  -23.350 0.0000000000
71302  32.093  12.880  -25.280 0.0000000000
74392  25.560  16.453  -25.027 0.0000000000
75114  26.059  17.143  -24.773 0.0000000000
110841  28.485  22.083  -23.222 0.0000000000
78094  28.310  21.296  -23.085 0.0000000000
77310  27.708  20.623  -23.263 0.0000000000
77299  29.069  20.230  -22.726 0.0000000000
75809  29.866  18.191  -22.583 0.0000000000
115523  30.143  19.001  -22.606 0.0000000000
76545  31.055  19.148  -22.703 0.0000000000
60157  27.879  -0.848  -19.921 0.0000000000
110787  26.889  -1.523  -19.714 0.0000000000
59248  28.403  -2.082  -20.501 0.0000000000
53598  23.693  -7.661  -19.188 0.0000000000
54577  24.617  -6.620  -19.582 0.0000000000
55582  25.741  -5.325  -19.573 0.0000000000
69634  27.543  10.111  -20.540 0.0000000000
68808  28.699  9.774  -20.454 0.0000000000
115858  28.442  10.684  -20.541 0.0000000000
70474  29.504  11.693  -20.942 0.0000000000
71272  30.581  12.297  -21.856 0.0000000000
71261  29.057  12.497  -21.153 0.0000000000
72085  30.275  12.877  -21.754 0.0000000000
72098  30.841  13.138  -22.218 0.0000000000
117148  31.286  13.873  -22.575 0.0000000000
72904  32.134  14.676  -23.336 0.0000000000
73626  32.344  15.504  -23.612 0.0000000000
75840  23.900  18.342  -26.729 0.0000000000
76572  25.082  19.419  -25.390 0.0000000000
62073  26.521  0.994  -19.624 0.0000000000
61143  27.102  0.087  -19.647 0.0000000000
61142  28.213  -0.010  -20.160 0.0000000000
61156  28.982  -0.039  -21.636 0.0000000000
64597  28.865  4.487  -21.652 0.0000000000
65424  28.635  4.539  -22.981 0.0000000000
65442  27.911  4.202  -24.544 0.0000000000
66286  27.822  5.319  -25.631 0.0000000000
65455  28.215  4.296  -25.820 0.0000000000
113674  26.424  3.314  -19.827 0.0000000000
64581  28.270  4.425  -20.034 0.0000000000
65395  26.307  4.967  -19.834 0.0000000000
64579  29.054  5.259  -20.755 0.0000000000
66258  29.208  5.685  -22.430 0.0000000000
67117  29.435  6.849  -23.274 0.0000000000
67116  30.174  7.587  -22.351 0.0000000000
67127  29.761  7.687  -23.413 0.0000000000
67958  29.339  7.844  -24.429 0.0000000000
68840  29.629  9.046  -25.186 0.0000000000
115002  30.218  10.137  -20.964 0.0000000000
113611  30.722  10.032  -21.784 0.0000000000
69657  30.957  10.180  -22.862 0.0000000000
70497  31.549  11.632  -23.321 0.0000000000
69670  31.257  10.836  -23.577 0.0000000000
69671  30.856  10.065  -23.949 0.0000000000
69681  30.438  9.961  -24.981 0.0000000000
119104  27.027  15.087  -23.048 0.0000000000
116960  25.488  20.067  -24.824 0.0000000000
77318  25.906  20.594  -24.309 0.0000000000
115917  25.592  19.384  -24.749 0.0000000000
75830  26.098  18.854  -24.381 0.0000000000
75113  26.467  17.893  -24.306 0.0000000000
115177  27.742  18.950  -23.361 0.0000000000
75819  27.635  18.260  -23.453 0.0000000000
115354  27.369  17.000  -23.553 0.0000000000
74381  27.499  16.249  -23.250 0.0000000000
73628  27.559  15.532  -22.885 0.0000000000
73618  28.291  15.214  -22.506 0.0000000000
73617  29.048  15.593  -22.481 0.0000000000
115524  29.890  15.880  -22.501 0.0000000000
75092  30.511  17.516  -22.550 0.0000000000
74366  31.119  16.833  -22.570 0.0000000000
110144  30.796  16.020  -22.526 0.0000000000
74379  31.562  16.136  -22.798 0.0000000000
56513  25.876  -4.481  -19.589 0.0000000000
58343  24.534  -2.632  -20.031 0.0000000000
114873  26.148  -2.108  -19.607 0.0000000000
58342  25.648  -2.679  -19.613 0.0000000000
57451  26.467  -3.239  -19.663 0.0000000000
56512  26.725  -4.270  -19.741 0.0000000000
64598  28.609  3.584  -21.772 0.0000000000
63788  28.617  2.717  -22.572 0.0000000000
62967  28.668  2.064  -22.267 0.0000000000
62994  28.943  2.692  -23.473 0.0000000000
62104  28.912  1.638  -22.559 0.0000000000
62103  28.983  1.759  -22.692 0.0000000000
52629  24.272  -8.164  -19.173 0.0000000000
53596  25.224  -7.120  -19.530 0.0000000000
62981  28.911  2.241  -22.985 0.0000000000
64638  27.884  4.314  -25.451 0.0000000000
65394  27.486  5.102  -19.729 0.0000000000
66244  29.537  6.321  -21.192 0.0000000000
67104  30.124  7.700  -21.436 0.0000000000
70484  31.360  11.802  -22.670 0.0000000000
72086  29.647  13.079  -21.538 0.0000000000
72110  31.839  13.894  -23.031 0.0000000000
72896  30.991  14.563  -22.436 0.0000000000
73616  29.734  15.164  -22.394 0.0000000000
73636  26.395  15.929  -24.241 0.0000000000
74391  26.271  16.464  -24.532 0.0000000000
75100  32.300  17.068  -23.471 0.0000000000
75103  27.179  17.750  -23.745 0.0000000000
76547  29.506  19.674  -22.656 0.0000000000
76548  28.678  19.699  -22.845 0.0000000000
76558  27.880  19.778  -23.206 0.0000000000
76559  27.281  19.420  -23.536 0.0000000000
77298  29.783  20.386  -22.653 0.0000000000
77317  26.504  20.355  -23.849 0.0000000000
77326  25.435  20.749  -24.834 0.0000000000
78100  25.728  21.362  -24.429 0.0000000000
78879  29.059  22.619  -23.252 0.0000000000
79619  28.069  22.773  -23.514 0.0000000000
79630  27.331  23.431  -23.865 0.0000000000
105823  29.180  11.073  -20.663 0.0000000000
115635  31.243  11.096  -22.756 0.0000000000
122367  29.428  10.331  -20.632 0.0000000000
122601  32.236  13.113  -24.326 0.0000000000
