#!ascii label  , from subject sub-v1s3x0050797_ses-1 vox2ras=TkReg
842
31103  -39.057  -48.216  -40.298 0.5000000000
142138  -37.182  -48.566  -39.614 0.8000000119
145246  -34.826  -47.565  -40.239 0.8000000119
31094  -35.628  -48.247  -39.611 0.8000000119
32180  -37.124  -47.788  -39.952 0.8000000119
29945  -40.633  -48.978  -41.123 0.5000000000
31102  -37.975  -48.216  -39.863 0.5000000000
32205  -33.541  -47.261  -41.096 0.6999999881
32189  -34.193  -47.353  -40.664 0.6999999881
32179  -36.251  -47.715  -40.066 0.8000000119
32192  -37.786  -47.517  -40.452 0.6999999881
29946  -41.097  -48.874  -40.818 0.6000000238
31104  -40.132  -48.074  -40.623 0.5000000000
32195  -40.899  -47.216  -41.052 0.6000000238
31109  -31.132  -47.926  -41.555 0.6999999881
32194  -39.719  -47.365  -40.701 0.6000000238
32210  -40.325  -46.328  -41.563 0.6000000238
32220  -32.358  -47.778  -42.386 0.6999999881
32187  -32.599  -47.317  -40.479 0.6999999881
32190  -35.877  -47.476  -40.710 0.6999999881
32193  -38.634  -47.485  -40.514 0.6000000238
33339  -39.681  -45.883  -41.887 0.6000000238
32191  -37.111  -47.241  -41.325 0.8000000119
32208  -38.149  -46.923  -41.502 0.6999999881
31096  -41.239  -48.332  -39.903 0.4000000060
32211  -41.599  -47.199  -40.958 0.6000000238
134500  -31.397  -48.754  -43.608 0.6999999881
33340  -40.476  -45.742  -41.763 0.6000000238
31116  -32.249  -48.432  -43.847 0.6999999881
32204  -32.858  -47.433  -41.664 0.6999999881
32206  -34.585  -47.487  -41.899 0.6999999881
131397  -35.287  -47.412  -41.341 0.6999999881
132867  -36.361  -47.343  -42.401 0.6000000238
141194  -37.557  -46.642  -42.306 0.6999999881
34469  -36.792  -46.191  -42.264 0.5000000000
128679  -35.656  -47.476  -42.932 0.6000000238
32207  -36.903  -46.989  -42.936 0.6000000238
32224  -36.482  -47.024  -43.252 0.6000000238
128284  -36.228  -47.134  -43.371 0.6000000238
34478  -35.753  -46.439  -43.429 0.5000000000
32182  -40.968  -47.768  -39.705 0.4000000060
32183  -41.400  -47.542  -40.561 0.5000000000
29970  -30.282  -49.276  -44.977 0.6999999881
33321  -41.490  -46.740  -40.920 0.6000000238
154186  -40.915  -45.313  -41.324 0.6000000238
32221  -33.103  -47.828  -43.156 0.6999999881
34471  -40.018  -45.543  -41.731 0.6000000238
145424  -33.887  -47.800  -43.688 0.6999999881
34470  -39.076  -45.885  -41.849 0.5000000000
138266  -37.979  -46.137  -41.961 0.6000000238
131467  -34.817  -47.629  -43.496 0.6999999881
32223  -35.632  -47.260  -43.783 0.6000000238
34468  -35.865  -45.886  -42.379 0.5000000000
32231  -35.497  -47.119  -44.132 0.5000000000
31126  -27.747  -49.514  -45.241 0.6000000238
31121  -28.828  -48.527  -45.042 0.6000000238
32169  -40.123  -48.092  -39.070 0.5000000000
32168  -39.389  -47.568  -38.888 0.5000000000
139658  -29.517  -48.774  -45.302 0.6999999881
29969  -29.465  -49.550  -44.815 0.6999999881
32181  -40.418  -47.004  -39.680 0.5000000000
33319  -40.085  -45.688  -40.269 0.5000000000
33318  -38.923  -45.699  -39.671 0.4000000060
31122  -31.007  -48.825  -44.797 0.6999999881
145139  -40.202  -44.831  -40.902 0.5000000000
31123  -31.752  -48.463  -44.576 0.6999999881
31124  -32.556  -48.147  -44.610 0.6999999881
35619  -39.505  -44.808  -40.767 0.5000000000
31125  -33.199  -47.866  -44.544 0.6999999881
32229  -34.020  -47.644  -44.223 0.6000000238
34460  -37.407  -45.218  -41.080 0.5000000000
32230  -35.036  -47.355  -44.209 0.6000000238
34459  -35.959  -45.362  -40.996 0.5000000000
34483  -34.504  -46.811  -44.518 0.5000000000
34481  -34.832  -46.213  -44.276 0.5000000000
34477  -35.236  -45.862  -43.873 0.5000000000
34467  -35.493  -45.587  -42.767 0.5000000000
36730  -34.655  -44.496  -41.193 0.3000000119
33311  -37.560  -46.512  -38.811 0.3000000119
142625  -27.094  -49.246  -44.899 0.6000000238
31120  -27.937  -48.856  -45.087 0.6000000238
33312  -38.492  -46.844  -38.928 0.4000000060
32225  -29.643  -48.073  -44.733 0.6000000238
140791  -38.434  -44.910  -39.905 0.5000000000
31128  -30.919  -48.469  -44.912 0.6999999881
32233  -31.759  -47.865  -44.786 0.6999999881
35630  -38.201  -44.684  -40.401 0.5000000000
33353  -33.102  -47.634  -44.600 0.5000000000
35629  -37.060  -44.399  -39.921 0.5000000000
33354  -33.819  -47.127  -44.576 0.5000000000
35628  -35.986  -44.245  -39.682 0.4000000060
149796  -35.064  -45.079  -41.263 0.3000000119
35644  -35.170  -44.981  -43.523 0.5000000000
35639  -35.227  -45.161  -42.420 0.4000000060
31112  -27.222  -48.529  -43.969 0.6000000238
31113  -28.162  -48.282  -43.934 0.6000000238
153025  -28.934  -47.968  -44.146 0.6000000238
32218  -29.383  -47.467  -43.437 0.6000000238
34450  -37.674  -44.747  -39.670 0.3000000119
34449  -37.374  -44.588  -39.761 0.4000000060
32226  -30.467  -47.887  -44.800 0.6000000238
35609  -36.352  -43.902  -38.982 0.3000000119
32227  -31.117  -47.775  -44.775 0.6000000238
32234  -32.487  -48.031  -44.718 0.6999999881
35616  -35.920  -43.717  -38.890 0.3000000119
35617  -36.606  -44.135  -39.136 0.3000000119
33350  -31.620  -47.196  -44.428 0.6000000238
36724  -33.827  -43.152  -39.635 0.3000000119
34476  -32.203  -45.628  -43.409 0.5000000000
129938  -32.246  -46.510  -44.142 0.5000000000
33351  -33.083  -46.811  -44.497 0.5000000000
36729  -34.284  -43.696  -40.636 0.3000000119
139463  -34.231  -43.773  -40.175 0.3000000119
34480  -33.916  -46.256  -44.358 0.5000000000
35647  -34.920  -45.184  -43.861 0.5000000000
37745  -34.646  -43.245  -41.328 0.3000000119
35645  -33.185  -45.109  -43.502 0.5000000000
143914  -35.819  -43.564  -43.304 0.4000000060
141629  -35.031  -44.000  -42.180 0.3000000119
32198  -26.805  -47.463  -41.984 0.5000000000
32216  -27.553  -47.868  -42.602 0.6000000238
32200  -28.245  -47.421  -41.698 0.5000000000
32219  -30.152  -47.314  -43.878 0.6000000238
33345  -29.857  -46.842  -42.659 0.5000000000
37742  -33.429  -42.440  -39.338 0.3000000119
33349  -30.886  -47.191  -44.141 0.6000000238
38819  -33.440  -42.000  -39.773 0.3000000119
37744  -33.791  -42.853  -40.165 0.3000000119
33347  -31.411  -46.299  -43.487 0.6000000238
139387  -32.991  -45.943  -43.946 0.5000000000
36735  -33.605  -43.657  -43.031 0.5000000000
36734  -35.614  -43.703  -43.395 0.4000000060
37749  -36.236  -42.929  -43.280 0.4000000060
32199  -27.485  -47.383  -41.607 0.5000000000
151395  -28.306  -47.160  -41.012 0.5000000000
33334  -28.855  -47.037  -41.191 0.5000000000
32201  -29.115  -47.239  -42.172 0.5000000000
33335  -29.581  -46.662  -41.544 0.5000000000
38805  -33.064  -41.857  -38.010 0.3000000119
38815  -32.980  -41.744  -38.930 0.3000000119
33346  -30.577  -46.531  -43.117 0.6000000238
34475  -31.516  -45.382  -42.696 0.6000000238
35643  -33.038  -44.346  -43.042 0.5000000000
132498  -36.330  -43.016  -42.913 0.4000000060
38829  -36.608  -42.061  -43.281 0.4000000060
33325  -28.334  -46.792  -40.431 0.5000000000
33316  -28.812  -46.277  -39.705 0.5000000000
34457  -29.678  -45.922  -40.148 0.5000000000
38804  -32.778  -41.612  -37.355 0.4000000060
39996  -32.629  -40.712  -37.589 0.4000000060
33336  -30.343  -46.135  -41.878 0.5000000000
40002  -32.757  -40.554  -38.285 0.4000000060
38818  -32.847  -40.954  -38.893 0.3000000119
34458  -30.326  -45.552  -40.884 0.4000000060
40010  -33.998  -41.254  -40.173 0.3000000119
34466  -30.973  -45.221  -41.793 0.5000000000
150110  -31.596  -44.707  -42.240 0.4000000060
35638  -32.179  -44.021  -42.367 0.4000000060
38828  -35.548  -42.358  -43.283 0.4000000060
33315  -27.857  -46.273  -39.657 0.5000000000
34447  -29.276  -45.596  -39.228 0.5000000000
129192  -32.487  -40.911  -36.765 0.4000000060
33327  -29.895  -46.204  -40.967 0.5000000000
34448  -30.174  -45.060  -39.787 0.4000000060
140515  -32.495  -40.087  -37.021 0.4000000060
40003  -33.094  -40.063  -38.745 0.4000000060
35625  -30.719  -44.059  -40.033 0.4000000060
41174  -33.921  -39.574  -39.224 0.4000000060
35637  -31.377  -44.284  -41.603 0.4000000060
36731  -31.729  -43.468  -41.631 0.4000000060
36732  -32.487  -43.292  -42.235 0.4000000060
37747  -33.270  -42.799  -42.488 0.4000000060
40019  -35.529  -41.600  -43.057 0.4000000060
41188  -37.762  -41.018  -42.622 0.4000000060
40020  -36.331  -41.216  -43.075 0.4000000060
34435  -27.929  -45.177  -38.468 0.5000000000
34436  -28.741  -45.188  -38.479 0.4000000060
39973  -31.818  -40.638  -35.372 0.4000000060
39974  -32.292  -40.212  -36.119 0.4000000060
34437  -29.611  -44.890  -38.791 0.5000000000
35614  -30.264  -44.274  -39.129 0.4000000060
35636  -30.765  -44.631  -40.850 0.4000000060
41170  -33.472  -39.071  -38.458 0.4000000060
35626  -31.188  -43.732  -40.891 0.4000000060
40018  -37.771  -41.029  -42.620 0.3000000119
37748  -33.960  -42.174  -42.619 0.4000000060
35604  -28.415  -44.620  -37.996 0.4000000060
35605  -29.161  -44.518  -38.118 0.5000000000
35606  -29.780  -44.255  -38.495 0.4000000060
134212  -32.457  -39.578  -36.533 0.4000000060
37734  -30.538  -42.830  -38.799 0.4000000060
36723  -30.656  -43.403  -39.400 0.4000000060
134623  -30.913  -42.533  -39.615 0.4000000060
36728  -31.080  -43.133  -40.229 0.4000000060
137189  -31.481  -42.882  -41.026 0.4000000060
37746  -32.141  -42.738  -41.718 0.4000000060
38823  -33.082  -41.398  -41.835 0.4000000060
41187  -37.270  -40.690  -42.812 0.4000000060
40015  -34.613  -40.728  -42.383 0.4000000060
40016  -35.711  -40.226  -42.476 0.4000000060
134819  -29.302  -43.126  -37.431 0.4000000060
36713  -29.569  -43.792  -37.973 0.4000000060
37725  -30.398  -42.236  -38.274 0.4000000060
138764  -30.714  -42.116  -39.040 0.4000000060
38820  -31.491  -41.393  -40.615 0.4000000060
41185  -37.891  -39.681  -42.247 0.4000000060
40008  -31.788  -40.607  -40.784 0.4000000060
40014  -32.535  -40.690  -41.334 0.4000000060
40009  -32.269  -39.960  -40.857 0.4000000060
134852  -33.458  -40.861  -41.857 0.4000000060
41183  -34.249  -39.763  -41.750 0.4000000060
37724  -29.798  -42.343  -37.520 0.4000000060
38803  -30.237  -41.567  -37.785 0.4000000060
38813  -30.633  -41.483  -38.717 0.4000000060
40001  -30.857  -40.682  -39.238 0.4000000060
37741  -31.034  -41.570  -39.695 0.4000000060
40004  -31.117  -39.886  -39.630 0.4000000060
38817  -31.261  -40.628  -40.096 0.4000000060
40005  -31.557  -39.885  -40.318 0.4000000060
41184  -36.735  -39.623  -42.312 0.3000000119
133071  -35.229  -39.446  -41.877 0.4000000060
38802  -29.544  -41.618  -37.060 0.4000000060
39994  -30.025  -40.846  -37.304 0.4000000060
41162  -29.752  -40.101  -36.750 0.4000000060
39995  -30.511  -40.749  -38.253 0.4000000060
143634  -30.730  -39.903  -38.789 0.4000000060
41173  -31.435  -39.221  -39.849 0.4000000060
41177  -31.996  -39.219  -40.387 0.4000000060
154356  -38.243  -38.146  -41.274 0.4000000060
42283  -38.122  -38.486  -41.787 0.3000000119
41178  -33.086  -39.257  -40.903 0.4000000060
42280  -34.357  -38.895  -41.336 0.5000000000
42281  -35.787  -38.741  -41.694 0.4000000060
141647  -29.762  -39.307  -36.378 0.4000000060
41152  -30.271  -39.262  -37.246 0.4000000060
41163  -30.382  -39.993  -37.765 0.4000000060
42261  -30.529  -38.446  -37.589 0.4000000060
42275  -32.511  -38.422  -40.205 0.4000000060
42254  -29.742  -38.676  -35.903 0.4000000060
42255  -30.223  -38.600  -36.699 0.4000000060
147476  -30.486  -37.947  -36.998 0.4000000060
42276  -33.703  -38.276  -40.632 0.5000000000
142857  -29.656  -38.138  -35.463 0.4000000060
43306  -29.891  -37.452  -35.395 0.4000000060
43307  -30.287  -37.096  -36.015 0.4000000060
43330  -33.287  -37.713  -40.145 0.5000000000
44343  -29.374  -35.865  -33.655 0.4000000060
43292  -29.221  -37.875  -34.793 0.4000000060
45408  -29.896  -36.015  -34.629 0.4000000060
45409  -30.387  -35.759  -35.675 0.5000000000
44350  -29.209  -36.684  -33.978 0.4000000060
35646  -34.345  -44.502  -43.592 0.5000000000
136289  -35.063  -43.181  -43.441 0.5000000000
136296  -39.701  -48.919  -40.597 0.5000000000
31093  -34.613  -48.015  -39.632 0.8000000119
32177  -33.870  -47.581  -39.914 0.8000000119
28801  -41.010  -49.810  -41.284 0.5000000000
32202  -31.082  -47.588  -40.533 0.6999999881
28790  -40.990  -50.331  -40.316 0.5000000000
133792  -30.760  -48.629  -42.532 0.6999999881
31084  -40.599  -48.623  -39.344 0.4000000060
28778  -41.135  -49.663  -40.042 0.4000000060
31115  -30.821  -49.224  -44.140 0.6999999881
31127  -28.642  -49.117  -45.365 0.6999999881
29919  -40.274  -49.383  -39.019 0.4000000060
31082  -39.243  -48.601  -38.477 0.4000000060
29971  -26.954  -49.870  -45.176 0.6000000238
32167  -37.707  -47.536  -38.323 0.4000000060
32215  -26.552  -48.052  -42.919 0.6000000238
146935  -25.923  -47.386  -42.478 0.5000000000
33333  -27.046  -46.971  -41.204 0.5000000000
33324  -27.402  -46.588  -40.459 0.5000000000
34445  -27.465  -45.520  -39.229 0.4000000060
35603  -27.645  -44.446  -38.176 0.4000000060
35593  -27.469  -43.779  -37.874 0.4000000060
35594  -28.122  -44.130  -37.668 0.4000000060
37723  -28.527  -43.039  -37.131 0.4000000060
38791  -28.801  -41.551  -36.625 0.4000000060
39984  -29.263  -40.931  -36.617 0.4000000060
41151  -29.087  -39.820  -36.025 0.4000000060
42239  -29.041  -38.670  -35.269 0.4000000060
137683  -28.884  -35.750  -33.064 0.4000000060
29931  -35.961  -49.195  -39.478 0.8000000119
32178  -35.397  -47.727  -39.963 0.8000000119
31106  -41.494  -47.998  -40.658 0.5000000000
32188  -33.407  -47.360  -40.313 0.6999999881
32222  -33.834  -47.578  -42.423 0.6999999881
132521  -41.113  -46.272  -41.321 0.6000000238
33338  -38.405  -46.085  -41.906 0.6999999881
35642  -40.490  -45.101  -41.358 0.6000000238
147705  -37.899  -46.281  -42.105 0.6000000238
33337  -37.148  -46.856  -42.626 0.6000000238
29975  -30.252  -48.948  -45.219 0.6999999881
35641  -39.890  -44.908  -41.317 0.5000000000
31081  -38.488  -48.013  -38.332 0.5000000000
33313  -39.416  -46.630  -39.474 0.5000000000
33317  -38.027  -45.640  -39.373 0.3000000119
148758  -32.210  -44.811  -42.841 0.5000000000
36736  -35.029  -43.830  -43.579 0.5000000000
38827  -37.571  -41.475  -42.845 0.4000000060
38822  -32.087  -41.324  -41.314 0.4000000060
37715  -28.980  -42.326  -36.901 0.4000000060
41182  -33.259  -40.187  -41.485 0.4000000060
44360  -30.147  -36.629  -35.423 0.4000000060
23392  -28.441  -55.510  -44.837 0.4000000060
23412  -29.019  -55.209  -45.342 0.4000000060
23394  -30.038  -55.210  -44.471 0.4000000060
24426  -31.229  -54.765  -45.046 0.4000000060
23379  -29.510  -55.452  -43.671 0.4000000060
23380  -30.353  -55.107  -43.687 0.4000000060
24409  -30.791  -54.926  -44.429 0.4000000060
24399  -31.048  -54.760  -43.647 0.4000000060
25477  -33.113  -53.957  -43.738 0.5000000000
147712  -30.027  -55.211  -43.058 0.4000000060
23365  -30.611  -54.857  -42.893 0.4000000060
24392  -31.802  -54.189  -42.703 0.5000000000
24393  -32.450  -53.873  -42.674 0.5000000000
25456  -32.859  -53.568  -42.277 0.6000000238
133498  -29.621  -55.340  -41.875 0.4000000060
135636  -30.110  -55.086  -42.411 0.4000000060
24376  -31.035  -54.090  -41.367 0.4000000060
25466  -33.030  -53.764  -42.951 0.5000000000
28766  -40.514  -50.048  -39.471 0.3000000119
28765  -39.744  -50.028  -38.743 0.4000000060
31070  -38.368  -48.878  -37.945 0.3000000119
25467  -33.767  -53.612  -43.285 0.5000000000
28808  -40.062  -50.876  -42.343 0.5000000000
27657  -40.715  -51.039  -40.686 0.4000000060
24367  -30.154  -54.084  -39.861 0.4000000060
143152  -31.580  -54.060  -41.998 0.5000000000
25455  -32.170  -53.764  -42.149 0.5000000000
23346  -29.676  -54.719  -40.122 0.4000000060
23354  -30.315  -54.755  -41.719 0.4000000060
25457  -33.596  -53.453  -42.474 0.6000000238
25458  -34.411  -53.345  -42.720 0.6000000238
26568  -35.769  -52.781  -42.363 0.6999999881
28800  -40.640  -50.413  -41.686 0.5000000000
25459  -35.274  -53.165  -42.945 0.6999999881
26570  -37.518  -52.147  -42.886 0.6999999881
28807  -39.621  -50.940  -42.469 0.6999999881
26569  -36.684  -52.499  -42.781 0.6999999881
27686  -37.150  -52.069  -42.102 0.6999999881
25444  -31.827  -53.615  -41.530 0.5000000000
25445  -32.574  -53.382  -41.648 0.6000000238
25446  -33.345  -53.234  -41.772 0.6000000238
26559  -33.796  -52.752  -41.278 0.6000000238
25432  -30.754  -53.738  -40.405 0.5000000000
25434  -32.229  -53.114  -41.029 0.6000000238
25447  -34.134  -53.117  -41.935 0.6000000238
26560  -34.594  -52.601  -41.432 0.6000000238
26561  -35.409  -52.473  -41.598 0.6000000238
31069  -37.734  -48.397  -37.803 0.3000000119
26567  -34.962  -53.019  -42.113 0.6000000238
26562  -36.273  -52.331  -41.813 0.6999999881
28798  -39.171  -50.553  -41.540 0.6000000238
29955  -40.684  -49.744  -41.454 0.5000000000
25407  -30.319  -52.979  -38.782 0.6000000238
26529  -30.906  -52.672  -39.276 0.6000000238
26530  -31.573  -52.396  -39.674 0.6999999881
26548  -32.634  -52.522  -40.584 0.6000000238
26549  -33.416  -52.330  -40.703 0.6000000238
27670  -35.028  -52.046  -40.953 0.6000000238
25422  -30.551  -53.396  -39.554 0.5000000000
25433  -31.486  -53.406  -40.813 0.6000000238
27671  -35.845  -51.916  -41.124 0.6000000238
27672  -36.702  -51.734  -41.357 0.6999999881
27655  -37.142  -51.149  -40.908 0.6999999881
27673  -37.625  -51.490  -41.667 0.6999999881
28789  -39.463  -49.804  -40.882 0.6000000238
28797  -38.102  -50.898  -41.168 0.6999999881
26511  -31.258  -51.924  -39.038 0.6000000238
27621  -31.615  -51.202  -38.920 0.6999999881
27635  -32.534  -51.252  -39.524 0.6999999881
26531  -32.291  -52.116  -39.958 0.6999999881
27651  -33.810  -51.637  -40.317 0.6000000238
29944  -38.556  -49.194  -40.163 0.5000000000
27653  -35.430  -51.400  -40.577 0.6999999881
27654  -36.263  -51.297  -40.723 0.6999999881
28788  -38.448  -50.175  -40.624 0.6000000238
29928  -33.175  -49.247  -39.219 0.6999999881
29929  -34.104  -49.009  -39.348 0.6999999881
28761  -32.091  -50.544  -38.982 0.6999999881
28772  -33.731  -50.067  -39.465 0.6000000238
28773  -34.612  -50.009  -39.570 0.5000000000
27636  -33.387  -51.026  -39.774 0.6999999881
28783  -34.203  -50.875  -39.934 0.6000000238
28785  -35.841  -50.726  -40.188 0.6999999881
28776  -37.105  -49.937  -39.927 0.5000000000
27652  -34.622  -51.504  -40.446 0.6000000238
28786  -36.676  -50.638  -40.330 0.6999999881
28787  -37.537  -50.483  -40.485 0.6000000238
31092  -33.384  -48.193  -39.440 0.6999999881
32176  -32.952  -47.574  -39.799 0.6999999881
28775  -36.299  -50.003  -39.763 0.6000000238
29930  -35.076  -49.048  -39.429 0.6999999881
27675  -40.719  -51.027  -41.479 0.5000000000
28774  -35.471  -50.018  -39.654 0.6000000238
23393  -29.248  -55.397  -44.577 0.4000000060
24400  -31.746  -54.434  -43.553 0.4000000060
24384  -29.685  -55.075  -41.009 0.4000000060
24391  -31.012  -54.488  -42.273 0.4000000060
24375  -30.258  -54.411  -40.769 0.4000000060
27687  -38.045  -51.721  -42.541 0.6999999881
27674  -38.656  -51.179  -42.101 0.6999999881
26558  -33.002  -52.918  -41.151 0.6000000238
26550  -34.232  -52.193  -40.800 0.6000000238
25423  -31.215  -53.103  -39.989 0.6999999881
26547  -31.893  -52.765  -40.385 0.6000000238
27650  -33.017  -51.830  -40.166 0.6000000238
28771  -32.895  -50.279  -39.266 0.6999999881
28784  -35.024  -50.793  -40.061 0.6000000238
28760  -31.374  -50.531  -38.512 0.5000000000
25406  -29.746  -53.290  -38.248 0.4000000060
26510  -30.623  -52.192  -38.566 0.5000000000
29915  -31.063  -49.801  -38.306 0.6000000238
25394  -29.372  -52.789  -37.548 0.5000000000
26509  -30.021  -52.503  -38.047 0.5000000000
27605  -30.366  -51.017  -37.843 0.5000000000
28759  -30.696  -50.470  -38.072 0.5000000000
29913  -29.911  -49.273  -38.078 0.5000000000
27620  -30.914  -51.302  -38.382 0.5000000000
29916  -32.309  -49.495  -38.913 0.6000000238
31080  -31.937  -48.627  -38.957 0.5000000000
127760  -30.650  -49.006  -38.375 0.5000000000
31079  -31.519  -48.026  -39.220 0.6999999881
31078  -30.638  -48.243  -38.949 0.6000000238
32174  -31.090  -47.695  -39.655 0.6000000238
25393  -28.679  -53.069  -37.041 0.5000000000
26493  -28.825  -52.219  -37.053 0.5000000000
131629  -28.746  -50.473  -37.359 0.5000000000
136771  -29.276  -49.181  -38.109 0.5000000000
28748  -30.007  -50.461  -37.692 0.5000000000
31091  -32.390  -48.000  -39.353 0.6000000238
140802  -29.235  -48.650  -38.809 0.6000000238
31089  -29.759  -48.251  -39.509 0.5000000000
31101  -30.449  -48.111  -41.081 0.6000000238
26480  -28.105  -52.504  -36.633 0.5000000000
28735  -28.146  -51.061  -36.937 0.5000000000
28746  -27.951  -50.380  -37.422 0.5000000000
29901  -28.663  -49.746  -37.727 0.5000000000
29912  -28.589  -49.291  -38.339 0.5000000000
32175  -32.026  -47.570  -39.732 0.6000000238
31088  -29.008  -48.666  -39.832 0.5000000000
31100  -29.711  -48.369  -40.500 0.6000000238
26479  -27.399  -52.708  -36.505 0.5000000000
27602  -27.478  -51.217  -36.958 0.5000000000
28745  -27.158  -50.806  -37.582 0.5000000000
28769  -26.820  -50.615  -39.274 0.5000000000
147104  -26.742  -50.736  -40.520 0.6000000238
28770  -27.326  -50.124  -38.935 0.4000000060
28795  -26.593  -50.869  -41.387 0.4000000060
28781  -27.136  -50.320  -39.886 0.5000000000
29926  -27.733  -49.659  -39.482 0.5000000000
29911  -27.931  -49.607  -38.585 0.4000000060
27669  -26.052  -51.119  -42.408 0.4000000060
134308  -26.739  -50.674  -42.342 0.5000000000
29941  -27.760  -49.868  -41.107 0.5000000000
27685  -25.549  -50.990  -43.434 0.4000000060
29942  -28.245  -49.331  -40.318 0.6000000238
31099  -29.036  -48.936  -41.030 0.6000000238
31108  -29.837  -48.726  -41.716 0.6000000238
31114  -30.042  -49.317  -43.089 0.6000000238
28782  -27.188  -50.338  -40.799 0.5000000000
28804  -26.455  -50.687  -43.356 0.5000000000
28805  -27.386  -50.451  -43.087 0.5000000000
29952  -27.953  -49.978  -42.169 0.5000000000
28818  -25.878  -50.086  -44.701 0.4000000060
28819  -26.690  -50.174  -44.953 0.5000000000
29960  -28.320  -50.163  -43.381 0.6000000238
139851  -28.640  -49.740  -42.500 0.6000000238
29961  -29.227  -49.731  -43.560 0.6000000238
28820  -27.201  -50.123  -45.172 0.5000000000
136248  -25.527  -47.996  -43.192 0.3000000119
31119  -25.384  -48.879  -43.928 0.4000000060
29967  -26.192  -49.512  -44.639 0.5000000000
29973  -28.145  -49.708  -45.300 0.5000000000
29968  -28.538  -49.986  -44.637 0.6000000238
35613  -27.141  -44.701  -38.902 0.3000000119
34444  -26.656  -45.001  -39.712 0.3000000119
33323  -26.605  -46.201  -40.906 0.4000000060
33332  -26.160  -46.682  -41.791 0.4000000060
36707  -26.850  -43.217  -38.114 0.3000000119
38790  -28.196  -41.519  -36.533 0.3000000119
37722  -27.808  -42.852  -37.114 0.3000000119
39982  -27.600  -40.822  -36.387 0.3000000119
39983  -28.473  -40.887  -36.374 0.3000000119
41150  -28.203  -40.095  -36.023 0.3000000119
41134  -28.558  -39.348  -35.602 0.3000000119
42238  -28.191  -38.792  -35.131 0.3000000119
144318  -29.012  -37.354  -34.241 0.3000000119
136038  -26.292  -48.742  -44.039 0.5000000000
35602  -26.904  -43.905  -38.575 0.3000000119
137111  -32.637  -48.697  -39.150 0.5000000000
26494  -29.569  -51.950  -37.484 0.5000000000
29927  -28.407  -49.091  -39.144 0.5000000000
29954  -29.237  -49.373  -42.211 0.6000000238
26564  -40.150  -51.638  -41.830 0.3000000119
27697  -38.233  -51.916  -43.509 0.6000000238
27688  -38.967  -51.451  -43.000 0.6000000238
26535  -37.676  -52.390  -39.512 0.3000000119
26536  -38.508  -52.163  -39.573 0.3000000119
26537  -39.241  -51.921  -39.754 0.3000000119
28777  -39.689  -50.714  -39.140 0.3000000119
26551  -38.816  -52.609  -40.151 0.3000000119
27656  -40.011  -51.583  -40.147 0.3000000119
27639  -40.325  -50.904  -39.791 0.3000000119
27698  -38.853  -51.763  -44.054 0.6000000238
27699  -39.726  -51.591  -43.623 0.5000000000
26515  -36.191  -52.079  -38.834 0.3000000119
27624  -37.786  -51.206  -38.462 0.3000000119
27638  -38.940  -51.366  -39.102 0.3000000119
27625  -38.937  -50.522  -38.543 0.3000000119
26552  -39.527  -52.234  -40.452 0.3000000119
26553  -40.271  -51.727  -40.990 0.3000000119
26571  -39.850  -52.272  -42.315 0.4000000060
25421  -29.971  -53.702  -39.050 0.4000000060
28762  -37.167  -51.016  -38.107 0.3000000119
28763  -37.993  -50.464  -38.047 0.3000000119
24441  -31.990  -54.374  -46.279 0.5000000000
25495  -32.771  -53.892  -46.951 0.5000000000
23413  -29.724  -55.175  -45.100 0.4000000060
24425  -30.483  -54.929  -45.298 0.4000000060
131034  -31.273  -54.639  -45.804 0.4000000060
25494  -31.889  -54.094  -47.173 0.5000000000
134014  -35.354  -53.181  -45.639 0.5000000000
133987  -34.182  -53.532  -46.278 0.5000000000
24427  -32.000  -54.497  -45.286 0.5000000000
25488  -33.321  -53.907  -46.113 0.5000000000
134120  -37.238  -52.349  -45.773 0.6000000238
136345  -36.286  -52.734  -45.721 0.6000000238
25480  -35.546  -53.165  -44.735 0.5000000000
128331  -33.760  -53.777  -45.223 0.5000000000
24410  -31.540  -54.623  -44.378 0.3000000119
129115  -32.425  -54.310  -44.282 0.4000000060
24411  -32.895  -54.200  -45.223 0.5000000000
132845  -37.928  -52.031  -45.728 0.6000000238
26584  -36.490  -52.724  -44.778 0.6000000238
25469  -35.779  -53.059  -43.831 0.6000000238
142593  -33.824  -53.707  -44.195 0.4000000060
25479  -34.589  -53.487  -44.826 0.5000000000
26586  -38.924  -51.898  -44.998 0.6000000238
25439  -39.081  -52.924  -40.812 0.3000000119
25461  -39.220  -52.821  -42.702 0.4000000060
26577  -37.480  -52.306  -43.739 0.6000000238
25468  -34.717  -53.400  -43.756 0.4000000060
25438  -38.378  -53.308  -40.598 0.3000000119
25429  -38.120  -52.901  -40.084 0.3000000119
25449  -39.311  -53.037  -41.715 0.3000000119
142239  -39.562  -52.053  -43.973 0.5000000000
26576  -36.642  -52.677  -43.821 0.6000000238
27700  -38.020  -51.866  -44.532 0.6000000238
26585  -37.407  -52.337  -44.784 0.6000000238
25460  -38.745  -53.602  -42.144 0.3000000119
26589  -37.723  -52.252  -46.456 0.5000000000
25500  -38.166  -52.377  -46.199 0.5000000000
26590  -38.405  -52.170  -45.502 0.5000000000
24430  -38.171  -53.730  -45.158 0.4000000060
25481  -38.682  -53.310  -44.711 0.5000000000
24443  -37.453  -53.777  -46.498 0.5000000000
26593  -37.640  -52.329  -46.570 0.5000000000
24429  -37.598  -54.160  -45.609 0.4000000060
24413  -37.488  -54.488  -44.557 0.4000000060
24414  -38.192  -54.039  -44.265 0.4000000060
25493  -39.233  -52.633  -45.091 0.5000000000
25490  -35.999  -52.711  -46.598 0.5000000000
26588  -36.844  -52.380  -46.663 0.5000000000
25470  -38.894  -53.507  -43.231 0.4000000060
21407  -27.168  -56.867  -50.070 0.3000000119
22446  -27.584  -56.503  -48.930 0.3000000119
152350  -28.943  -55.650  -49.083 0.3000000119
22447  -29.226  -55.925  -48.383 0.4000000060
22459  -28.687  -55.597  -50.244 0.3000000119
22439  -29.789  -56.536  -47.944 0.4000000060
23451  -30.426  -55.514  -49.276 0.4000000060
23443  -29.606  -55.443  -49.519 0.3000000119
24468  -29.475  -54.659  -50.661 0.3000000119
22449  -31.586  -57.223  -49.078 0.4000000060
21409  -32.240  -56.806  -49.348 0.4000000060
23452  -31.019  -55.450  -49.596 0.4000000060
23461  -30.084  -55.051  -50.213 0.4000000060
25524  -29.687  -54.136  -50.530 0.4000000060
24469  -30.126  -54.539  -50.466 0.4000000060
137646  -32.592  -57.403  -47.802 0.3000000119
21395  -32.477  -57.038  -49.160 0.4000000060
22460  -32.741  -56.400  -49.466 0.4000000060
23453  -32.233  -55.782  -49.764 0.4000000060
23464  -32.280  -55.006  -50.032 0.4000000060
24463  -31.692  -54.231  -50.142 0.4000000060
25521  -30.371  -53.584  -50.038 0.4000000060
22430  -33.574  -56.555  -47.013 0.3000000119
133290  -33.670  -56.312  -48.673 0.4000000060
23455  -33.715  -55.519  -49.329 0.4000000060
22461  -33.241  -56.044  -49.477 0.4000000060
24465  -33.629  -54.613  -49.504 0.4000000060
25523  -33.346  -53.897  -49.425 0.4000000060
154194  -32.241  -53.747  -49.614 0.4000000060
25514  -32.999  -53.506  -49.055 0.4000000060
25522  -31.192  -53.659  -49.883 0.4000000060
25512  -30.586  -53.489  -49.238 0.4000000060
23437  -34.360  -55.967  -48.100 0.4000000060
23446  -34.690  -55.274  -48.542 0.4000000060
25515  -33.973  -53.474  -48.964 0.4000000060
25502  -30.810  -53.733  -48.245 0.4000000060
153592  -32.174  -53.453  -48.910 0.4000000060
25511  -29.758  -53.564  -49.444 0.4000000060
23447  -35.237  -54.631  -48.480 0.4000000060
24457  -35.006  -54.011  -48.891 0.4000000060
25506  -34.557  -53.188  -48.200 0.4000000060
25505  -33.430  -53.424  -48.142 0.4000000060
25503  -31.640  -53.675  -48.117 0.4000000060
24458  -35.660  -53.804  -48.434 0.4000000060
25507  -35.336  -52.850  -47.953 0.4000000060
135175  -35.077  -53.186  -46.452 0.4000000060
24442  -36.759  -54.344  -46.913 0.4000000060
25518  -36.149  -53.109  -48.252 0.4000000060
26596  -36.498  -52.725  -47.739 0.4000000060
23397  -36.655  -55.075  -44.402 0.3000000119
23398  -37.080  -54.872  -43.611 0.3000000119
25496  -33.810  -53.488  -47.147 0.4000000060
24452  -37.138  -53.334  -47.321 0.4000000060
24402  -37.548  -54.627  -42.867 0.3000000119
25498  -35.656  -52.758  -47.404 0.4000000060
23444  -30.937  -55.949  -48.814 0.4000000060
23445  -31.760  -56.119  -49.448 0.4000000060
134275  -31.589  -55.374  -49.856 0.4000000060
23462  -30.837  -54.918  -50.158 0.4000000060
21382  -33.139  -56.929  -47.903 0.4000000060
154549  -32.842  -56.903  -48.974 0.4000000060
21365  -32.811  -57.056  -47.050 0.3000000119
23454  -32.824  -55.596  -49.785 0.4000000060
134343  -34.164  -56.229  -47.394 0.3000000119
22440  -33.722  -56.486  -47.992 0.4000000060
22451  -34.078  -55.748  -48.866 0.4000000060
23456  -34.334  -54.792  -49.130 0.4000000060
23438  -35.238  -55.342  -47.837 0.4000000060
26594  -35.410  -52.974  -48.277 0.4000000060
25504  -32.479  -53.580  -48.080 0.4000000060
25497  -34.788  -53.169  -47.292 0.4000000060
24451  -36.460  -53.946  -47.697 0.4000000060
19157  -30.622  -58.633  -48.707 0.3000000119
20306  -29.579  -58.243  -47.981 0.3000000119
21363  -28.702  -57.653  -47.051 0.3000000119
21379  -30.344  -57.936  -48.545 0.3000000119
20326  -31.233  -57.996  -48.867 0.3000000119
135593  -29.456  -57.264  -47.552 0.3000000119
21393  -30.981  -57.961  -48.936 0.3000000119
20308  -31.349  -58.227  -48.648 0.3000000119
21394  -31.951  -57.449  -49.081 0.3000000119
20327  -31.913  -57.629  -48.916 0.3000000119
23429  -34.761  -55.903  -47.172 0.3000000119
23430  -35.466  -55.520  -46.785 0.3000000119
23431  -36.220  -55.108  -46.366 0.3000000119
24428  -36.956  -54.632  -45.988 0.3000000119
20309  -32.055  -57.855  -48.218 0.3000000119
24450  -35.820  -54.422  -48.057 0.3000000119
21380  -30.695  -56.707  -48.518 0.4000000060
21381  -32.622  -57.233  -48.617 0.3000000119
21396  -33.189  -56.745  -48.610 0.4000000060
22431  -34.277  -56.159  -46.544 0.3000000119
22448  -30.126  -55.872  -48.471 0.4000000060
22450  -33.107  -56.573  -49.158 0.4000000060
22458  -27.988  -56.180  -50.079 0.3000000119
23384  -36.922  -55.080  -42.803 0.3000000119
23439  -35.997  -54.859  -47.322 0.3000000119
23463  -31.622  -54.934  -50.115 0.4000000060
24401  -32.429  -54.112  -43.307 0.5000000000
24403  -38.215  -54.130  -43.432 0.4000000060
24412  -37.015  -54.741  -45.164 0.3000000119
24459  -36.164  -53.606  -48.145 0.4000000060
24464  -32.766  -54.544  -49.854 0.4000000060
24466  -34.246  -53.944  -49.203 0.4000000060
24470  -30.840  -54.378  -50.320 0.4000000060
25471  -39.217  -52.543  -43.599 0.4000000060
25478  -33.202  -54.035  -44.513 0.4000000060
25482  -39.042  -52.962  -44.158 0.5000000000
25489  -34.547  -53.468  -45.640 0.5000000000
25491  -38.160  -53.270  -46.108 0.5000000000
25492  -38.632  -53.008  -45.448 0.5000000000
25499  -37.791  -52.872  -46.731 0.5000000000
25508  -36.626  -53.097  -47.849 0.4000000060
25509  -37.162  -52.609  -47.283 0.5000000000
25513  -31.450  -53.444  -49.077 0.4000000060
25516  -34.838  -53.496  -48.680 0.4000000060
25517  -35.531  -53.315  -48.409 0.4000000060
25519  -29.164  -54.080  -50.533 0.4000000060
25525  -30.224  -53.933  -50.423 0.4000000060
25526  -30.826  -53.883  -50.242 0.4000000060
26495  -30.248  -51.695  -37.917 0.5000000000
26516  -37.162  -51.768  -38.829 0.3000000119
26563  -39.772  -52.389  -41.317 0.3000000119
26578  -39.860  -52.099  -43.292 0.4000000060
26587  -39.223  -52.156  -44.384 0.5000000000
26591  -36.486  -52.562  -47.368 0.4000000060
26592  -37.191  -52.397  -47.101 0.5000000000
26595  -35.944  -52.638  -47.973 0.4000000060
26597  -35.966  -52.820  -48.212 0.4000000060
27586  -27.080  -51.994  -36.661 0.5000000000
27587  -27.699  -51.603  -36.739 0.5000000000
27588  -28.188  -51.759  -36.757 0.5000000000
27603  -28.943  -51.292  -37.172 0.5000000000
27604  -29.774  -51.165  -37.547 0.5000000000
27634  -31.876  -51.679  -39.418 0.6999999881
27637  -38.088  -51.654  -38.998 0.3000000119
27658  -41.007  -50.352  -41.194 0.5000000000
27689  -39.695  -51.323  -43.042 0.5000000000
27690  -40.010  -51.512  -42.749 0.5000000000
27701  -38.779  -51.850  -44.779 0.6000000238
27702  -39.088  -51.787  -44.202 0.6000000238
27703  -38.414  -52.069  -45.361 0.6000000238
28747  -29.388  -50.628  -37.457 0.5000000000
28757  -26.904  -50.646  -38.479 0.5000000000
28758  -27.545  -50.152  -38.096 0.5000000000
28791  -41.074  -49.672  -40.723 0.4000000060
28796  -27.271  -50.358  -41.761 0.5000000000
28799  -40.161  -50.311  -41.714 0.5000000000
28806  -27.826  -50.338  -44.180 0.5000000000
28809  -40.368  -51.053  -42.054 0.5000000000
28814  -26.111  -50.429  -44.301 0.5000000000
28815  -27.053  -50.427  -44.453 0.5000000000
28816  -27.704  -50.175  -45.029 0.5000000000
29900  -28.112  -49.765  -37.970 0.5000000000
29902  -29.470  -49.879  -37.672 0.5000000000
29914  -30.297  -49.778  -37.972 0.5000000000
29932  -36.774  -49.251  -39.561 0.6000000238
29933  -37.565  -49.172  -39.718 0.5000000000
29934  -40.945  -49.180  -39.655 0.4000000060
29935  -41.189  -48.774  -40.363 0.4000000060
29943  -37.834  -49.836  -40.099 0.6000000238
29953  -28.462  -49.515  -41.519 0.6000000238
29956  -40.823  -49.146  -41.227 0.6000000238
29962  -30.019  -49.477  -44.179 0.6000000238
29972  -27.534  -49.910  -45.308 0.6000000238
29974  -29.542  -49.159  -45.324 0.6999999881
31077  -29.907  -48.697  -38.511 0.6000000238
31083  -39.996  -48.830  -38.779 0.4000000060
31090  -29.957  -48.294  -38.949 0.6000000238
31095  -36.471  -48.405  -39.589 0.8000000119
31097  -41.435  -47.932  -40.724 0.4000000060
31105  -41.031  -48.126  -40.965 0.5000000000
31110  -31.637  -48.185  -42.525 0.6999999881
31129  -31.739  -48.343  -44.742 0.6999999881
32173  -30.363  -48.037  -39.371 0.5000000000
32184  -27.798  -47.147  -40.973 0.5000000000
32185  -30.364  -47.826  -40.018 0.5000000000
32186  -31.717  -47.410  -40.224 0.6000000238
32196  -41.555  -47.340  -40.906 0.5000000000
32203  -31.878  -47.463  -41.227 0.6999999881
32209  -39.192  -46.629  -41.439 0.6000000238
32217  -28.568  -47.689  -42.960 0.6000000238
32228  -33.234  -48.082  -44.227 0.6999999881
32232  -30.150  -48.512  -45.126 0.6999999881
32235  -33.554  -47.627  -44.464 0.5000000000
32236  -34.398  -47.282  -44.432 0.6000000238
33320  -41.097  -46.179  -40.636 0.6000000238
33326  -29.254  -46.549  -40.597 0.5000000000
33328  -41.266  -45.801  -41.157 0.6000000238
33329  -41.381  -46.473  -41.060 0.6000000238
33341  -41.031  -45.624  -41.382 0.6000000238
33348  -35.941  -47.075  -43.703 0.6000000238
33352  -35.085  -46.994  -44.451 0.6000000238
34440  -36.791  -44.427  -39.308 0.3000000119
34446  -28.357  -45.758  -39.024 0.4000000060
34451  -39.242  -44.951  -40.404 0.5000000000
34452  -40.900  -45.252  -40.916 0.6000000238
34456  -26.970  -45.906  -39.993 0.4000000060
34461  -40.637  -45.100  -41.282 0.6000000238
34472  -40.732  -45.287  -41.432 0.6000000238
34474  -30.943  -45.866  -42.578 0.6000000238
34479  -36.456  -46.820  -43.229 0.6000000238
34482  -35.446  -46.728  -44.171 0.5000000000
35595  -28.780  -43.873  -37.592 0.4000000060
35615  -34.850  -43.411  -38.967 0.3000000119
35618  -38.497  -44.810  -40.306 0.5000000000
35627  -34.769  -44.132  -39.917 0.3000000119
35631  -39.281  -44.727  -40.828 0.5000000000
35632  -40.126  -44.809  -41.094 0.6000000238
35640  -38.872  -45.032  -41.349 0.5000000000
36708  -28.068  -43.549  -37.358 0.4000000060
36714  -30.203  -43.634  -38.592 0.4000000060
36733  -35.525  -44.212  -42.988 0.4000000060
36737  -35.262  -44.275  -43.557 0.5000000000
37714  -28.177  -42.234  -36.766 0.3000000119
37733  -30.056  -43.033  -38.009 0.4000000060
37743  -31.302  -42.260  -40.400 0.4000000060
38814  -32.792  -41.233  -38.218 0.3000000119
38824  -34.301  -41.482  -42.547 0.4000000060
38826  -37.137  -41.937  -42.714 0.4000000060
38830  -37.074  -41.978  -43.082 0.4000000060
40006  -33.495  -40.539  -39.413 0.3000000119
40013  -38.018  -39.918  -42.108 0.4000000060
40021  -37.372  -41.545  -43.076 0.4000000060
41135  -29.228  -39.227  -35.758 0.4000000060
41137  -32.335  -39.338  -35.907 0.4000000060
41169  -32.733  -39.799  -37.917 0.4000000060
41181  -38.260  -38.813  -41.534 0.4000000060
41186  -38.176  -38.920  -41.853 0.4000000060
42223  -28.589  -38.282  -34.811 0.3000000119
42279  -38.194  -38.262  -41.501 0.4000000060
42282  -37.400  -38.702  -41.952 0.3000000119
43291  -28.464  -37.757  -34.414 0.3000000119
43313  -30.199  -37.879  -36.163 0.4000000060
43327  -33.601  -36.967  -39.847 0.5000000000
44359  -29.602  -37.032  -34.688 0.4000000060
128177  -29.161  -55.135  -50.618 0.3000000119
130069  -31.345  -48.871  -44.277 0.6999999881
130721  -31.246  -54.563  -42.999 0.5000000000
131301  -28.954  -40.407  -36.253 0.4000000060
131471  -34.238  -45.441  -43.984 0.5000000000
132403  -33.271  -55.314  -49.654 0.4000000060
132938  -32.395  -47.429  -44.605 0.6999999881
133190  -28.385  -56.086  -48.744 0.3000000119
136156  -26.546  -50.928  -39.924 0.6000000238
136400  -32.599  -54.247  -45.965 0.5000000000
137358  -39.598  -45.292  -41.588 0.6000000238
139715  -32.647  -42.060  -41.823 0.4000000060
140380  -41.110  -46.887  -40.237 0.5000000000
140932  -33.562  -56.127  -49.146 0.4000000060
141111  -38.101  -52.071  -46.070 0.5000000000
141823  -31.701  -49.906  -38.615 0.6000000238
141993  -33.000  -47.934  -44.652 0.5000000000
142393  -37.700  -54.462  -43.739 0.4000000060
142744  -28.854  -49.451  -45.199 0.6000000238
142994  -35.420  -44.258  -43.373 0.5000000000
143078  -40.382  -49.574  -41.279 0.5000000000
144638  -39.296  -51.590  -43.618 0.6000000238
144740  -27.586  -49.870  -40.295 0.5000000000
145234  -36.377  -55.164  -45.339 0.3000000119
145276  -27.668  -52.081  -36.603 0.5000000000
146431  -31.509  -49.211  -38.598 0.5000000000
146489  -31.750  -42.075  -41.208 0.4000000060
147004  -38.625  -53.626  -43.962 0.4000000060
149315  -39.634  -51.325  -39.536 0.3000000119
150610  -38.381  -51.059  -38.572 0.3000000119
150924  -32.033  -51.169  -39.226 0.6999999881
151188  -30.505  -54.793  -42.311 0.4000000060
151290  -31.244  -48.560  -38.767 0.6999999881
152031  -28.520  -41.910  -36.683 0.4000000060
153747  -34.803  -54.685  -48.771 0.4000000060
153814  -33.557  -45.617  -43.913 0.5000000000
153836  -33.254  -41.300  -39.429 0.3000000119
154571  -27.444  -43.225  -37.540 0.3000000119
154582  -36.029  -52.906  -43.115 0.6999999881
