#!ascii label  , from subject sub-v1s3x0050797_ses-1 vox2ras=TkReg
1754
149422  -6.905  -60.735  -47.841 0.5000000000
148672  -7.054  -64.417  -48.065 0.5000000000
13653  -7.607  -64.559  -48.344 0.5000000000
13682  -7.617  -64.358  -50.150 0.5000000000
19143  -6.698  -58.461  -47.998 0.5000000000
140765  -7.057  -59.613  -47.720 0.5000000000
19128  -7.580  -58.884  -47.294 0.5000000000
17972  -7.690  -60.535  -47.219 0.5000000000
143260  -7.916  -59.772  -46.963 0.6000000238
14774  -7.212  -63.677  -51.259 0.5000000000
13638  -6.955  -63.863  -47.759 0.5000000000
15775  -7.839  -63.096  -50.899 0.5000000000
13639  -7.644  -64.269  -47.740 0.6000000238
14767  -8.301  -63.565  -50.120 0.6000000238
14712  -8.413  -63.537  -46.982 0.6000000238
13668  -8.222  -64.507  -48.663 0.6000000238
152463  -9.158  -63.183  -49.514 0.6999999881
14713  -9.109  -63.565  -46.738 0.6999999881
13654  -8.940  -64.230  -48.338 0.6999999881
14714  -9.920  -63.578  -46.694 0.6999999881
14741  -9.668  -63.907  -48.092 0.6999999881
14754  -9.399  -63.592  -48.931 0.6999999881
20278  -7.206  -57.851  -47.630 0.5000000000
19129  -8.326  -59.160  -46.617 0.6000000238
21354  -8.447  -57.457  -46.735 0.6000000238
20280  -8.816  -58.494  -46.268 0.6000000238
16812  -7.615  -61.438  -47.275 0.5000000000
140476  -8.265  -62.500  -50.621 0.5000000000
15784  -7.688  -61.688  -51.174 0.5000000000
16853  -8.256  -60.057  -50.384 0.6999999881
15776  -8.326  -61.427  -50.575 0.6999999881
16854  -8.871  -61.206  -50.051 0.6999999881
15730  -7.572  -62.406  -47.266 0.6000000238
16797  -8.131  -62.122  -46.804 0.6999999881
15761  -9.443  -62.389  -49.498 0.6999999881
15713  -8.700  -62.851  -46.446 0.6999999881
14699  -10.216  -63.226  -45.989 0.6999999881
15746  -10.689  -62.509  -48.422 0.6999999881
14715  -10.607  -63.433  -46.425 0.6999999881
14729  -10.676  -63.574  -47.074 0.6999999881
14742  -10.386  -63.543  -47.860 0.6999999881
15747  -11.337  -62.434  -47.934 0.6999999881
14716  -11.196  -63.399  -46.474 0.6999999881
15715  -11.795  -63.261  -46.527 0.6999999881
15732  -11.799  -62.859  -47.274 0.6999999881
15733  -12.417  -62.832  -46.581 0.6999999881
21353  -7.691  -57.290  -47.344 0.5000000000
141188  -8.853  -56.651  -46.693 0.6000000238
22424  -9.262  -55.880  -46.684 0.6000000238
21355  -9.401  -57.660  -46.031 0.6000000238
21356  -9.774  -56.673  -46.225 0.6000000238
19130  -9.059  -59.559  -46.031 0.6000000238
17974  -8.865  -60.400  -46.193 0.6000000238
18028  -8.341  -58.794  -50.296 0.6999999881
143658  -8.659  -60.995  -46.385 0.6999999881
16843  -9.419  -60.739  -49.560 0.6999999881
18018  -8.890  -59.033  -49.790 0.6999999881
19173  -9.234  -58.349  -49.712 0.6999999881
16799  -9.265  -61.219  -45.913 0.6999999881
18019  -9.694  -59.549  -49.321 0.6999999881
20328  -9.443  -57.722  -49.949 0.6999999881
143138  -9.335  -62.308  -46.005 0.6999999881
17958  -10.045  -60.812  -45.382 0.6999999881
16828  -10.314  -61.050  -48.971 0.6999999881
19160  -10.008  -58.470  -49.342 0.6999999881
16785  -9.933  -61.919  -45.538 0.6999999881
16775  -10.608  -61.684  -45.079 0.6999999881
16829  -11.055  -61.367  -48.381 0.6999999881
19161  -10.974  -59.109  -48.742 0.6999999881
15699  -11.435  -62.979  -45.291 0.6999999881
16813  -11.771  -61.665  -47.847 0.6999999881
18007  -11.443  -60.414  -48.308 0.6999999881
15700  -12.298  -62.992  -45.320 0.6999999881
16814  -12.458  -61.977  -47.257 0.6999999881
17990  -12.242  -60.762  -47.765 0.6999999881
15716  -12.911  -62.820  -45.792 0.6999999881
16815  -13.021  -61.083  -47.196 0.6999999881
15717  -13.561  -62.291  -45.980 0.6999999881
152834  -7.632  -56.050  -47.205 0.5000000000
149013  -8.244  -55.860  -46.951 0.6000000238
23419  -9.618  -55.142  -46.518 0.6000000238
24431  -7.874  -54.764  -45.918 0.5000000000
24433  -10.058  -54.531  -46.219 0.6000000238
23400  -7.182  -55.215  -45.577 0.5000000000
23418  -7.823  -55.341  -46.544 0.5000000000
22425  -10.183  -55.823  -46.433 0.6000000238
24434  -11.361  -54.416  -46.227 0.6000000238
22406  -10.716  -56.630  -45.788 0.6000000238
23420  -10.646  -55.067  -46.480 0.6000000238
20268  -9.618  -58.809  -45.647 0.6000000238
19115  -9.839  -59.786  -45.472 0.6999999881
21338  -10.217  -58.184  -45.408 0.6999999881
19116  -10.460  -60.070  -45.109 0.6999999881
20269  -10.448  -59.154  -45.106 0.6999999881
20338  -9.872  -57.475  -50.144 0.6999999881
17944  -10.810  -60.796  -44.891 0.6999999881
19102  -11.129  -59.881  -44.689 0.6999999881
19174  -10.686  -58.068  -49.267 0.6999999881
20339  -10.769  -57.214  -50.452 0.6999999881
17946  -11.902  -60.208  -44.170 0.6999999881
20313  -11.474  -58.371  -48.854 0.6999999881
20330  -11.111  -57.328  -49.748 0.6999999881
18030  -10.869  -59.588  -51.240 0.6999999881
16762  -12.766  -61.902  -43.896 0.6000000238
18008  -11.908  -59.596  -48.310 0.6999999881
20314  -11.956  -57.783  -49.156 0.6999999881
21397  -11.591  -56.965  -50.469 0.6999999881
19184  -11.187  -57.857  -51.124 0.6999999881
18031  -11.955  -59.722  -50.970 0.6999999881
138335  -12.692  -62.537  -44.524 0.6999999881
17991  -12.756  -59.990  -47.772 0.6999999881
19144  -12.509  -58.849  -48.425 0.6000000238
20315  -12.919  -57.906  -49.039 0.6999999881
20331  -12.074  -57.155  -49.858 0.6999999881
15701  -13.556  -62.498  -45.279 0.6000000238
16800  -13.071  -62.139  -46.577 0.6999999881
19145  -13.265  -59.476  -47.901 0.6000000238
19162  -13.340  -58.830  -48.337 0.6000000238
16786  -14.162  -61.999  -45.660 0.6000000238
16801  -13.811  -61.422  -46.505 0.6000000238
17992  -13.697  -60.305  -47.281 0.6000000238
19146  -14.088  -59.378  -47.838 0.5000000000
19163  -13.904  -58.439  -48.609 0.5000000000
16802  -14.693  -61.375  -46.078 0.6000000238
17976  -15.128  -60.703  -46.480 0.5000000000
17993  -14.626  -60.146  -47.138 0.5000000000
24432  -8.848  -54.515  -45.996 0.6000000238
24416  -8.105  -54.048  -45.024 0.6000000238
25485  -11.341  -53.488  -45.377 0.5000000000
150469  -10.677  -52.752  -44.419 0.6999999881
24415  -7.538  -54.759  -45.394 0.5000000000
24405  -8.208  -54.003  -44.586 0.6000000238
25472  -8.470  -53.539  -44.213 0.6000000238
22392  -7.718  -55.503  -44.701 0.6000000238
23385  -7.392  -55.009  -45.074 0.6000000238
24419  -12.184  -53.861  -46.105 0.4000000060
134857  -8.433  -55.457  -44.305 0.6000000238
23401  -11.654  -55.030  -46.412 0.5000000000
135169  -11.402  -57.133  -45.265 0.6000000238
20253  -11.132  -58.948  -44.743 0.6999999881
21339  -10.830  -57.651  -45.278 0.6000000238
19103  -11.755  -59.237  -44.402 0.6999999881
152438  -12.520  -60.498  -43.795 0.6000000238
19104  -12.471  -59.685  -43.964 0.6000000238
15680  -13.336  -62.249  -44.143 0.6000000238
20332  -12.972  -57.166  -49.939 0.6000000238
21398  -12.446  -56.998  -50.600 0.6000000238
20340  -11.914  -57.073  -51.028 0.6999999881
19185  -12.282  -58.174  -51.232 0.6999999881
16778  -14.020  -62.115  -44.225 0.6000000238
20316  -13.757  -57.627  -49.375 0.6000000238
139370  -12.777  -60.866  -50.453 0.6999999881
16803  -15.516  -61.201  -45.728 0.6000000238
19164  -14.775  -58.834  -48.227 0.4000000060
138766  -14.609  -57.993  -48.952 0.4000000060
20333  -13.737  -57.233  -50.096 0.6000000238
139637  -12.762  -57.469  -51.176 0.6000000238
18032  -12.932  -59.709  -50.742 0.6000000238
17977  -16.104  -60.542  -46.266 0.5000000000
19132  -16.923  -60.094  -46.417 0.5000000000
19131  -16.148  -59.762  -47.118 0.5000000000
19147  -15.085  -59.573  -47.506 0.5000000000
21400  -14.773  -57.231  -49.964 0.4000000060
21411  -14.145  -57.377  -50.439 0.6000000238
26580  -10.142  -52.251  -43.599 0.6000000238
25484  -9.705  -53.253  -44.733 0.6000000238
26574  -12.108  -51.736  -43.571 0.6000000238
147257  -8.662  -53.561  -43.786 0.6000000238
25464  -8.988  -53.049  -43.448 0.5000000000
24387  -10.031  -53.634  -42.936 0.6000000238
23370  -10.795  -54.823  -43.129 0.6000000238
25474  -12.004  -52.876  -44.795 0.6000000238
22376  -9.288  -56.018  -43.931 0.6999999881
23359  -11.619  -55.282  -42.568 0.6000000238
23421  -12.722  -54.250  -46.340 0.5000000000
25486  -12.605  -53.421  -45.597 0.6000000238
153050  -9.307  -56.924  -43.718 0.6000000238
133744  -11.429  -56.706  -42.674 0.6999999881
23402  -12.622  -55.205  -46.243 0.5000000000
148649  -10.791  -57.354  -42.867 0.6999999881
22408  -12.763  -56.213  -45.539 0.6000000238
20228  -11.170  -58.183  -42.322 0.6000000238
21323  -11.618  -58.117  -44.750 0.6000000238
21340  -12.186  -57.090  -45.033 0.6000000238
21324  -12.549  -57.849  -44.574 0.6000000238
20254  -12.479  -58.732  -44.274 0.6000000238
19091  -13.140  -60.286  -43.611 0.6000000238
17936  -14.572  -60.798  -43.559 0.6000000238
19107  -16.971  -59.514  -44.630 0.6000000238
148745  -14.836  -61.692  -44.410 0.6000000238
19108  -17.465  -59.505  -44.971 0.6000000238
17959  -16.258  -60.901  -45.380 0.6000000238
20350  -13.742  -57.500  -50.724 0.6000000238
19186  -13.518  -58.363  -51.141 0.6000000238
18033  -13.943  -59.728  -50.492 0.6000000238
19148  -17.321  -59.508  -46.906 0.5000000000
20297  -16.555  -58.948  -47.849 0.5000000000
18034  -15.000  -59.857  -50.228 0.6000000238
21412  -15.165  -57.307  -50.459 0.4000000060
20342  -14.463  -58.001  -51.195 0.6000000238
19187  -14.680  -58.785  -50.976 0.6000000238
26572  -9.779  -51.945  -43.003 0.6000000238
26554  -10.569  -51.453  -41.656 0.5000000000
27677  -11.161  -50.859  -42.076 0.6000000238
27678  -12.038  -50.804  -42.304 0.5000000000
25450  -9.420  -52.257  -43.216 0.6000000238
25440  -10.320  -52.132  -42.066 0.6000000238
26573  -10.864  -51.709  -43.236 0.5000000000
27693  -12.604  -51.439  -42.983 0.5000000000
144160  -12.806  -51.945  -43.660 0.5000000000
25452  -10.578  -53.162  -42.300 0.5000000000
25451  -9.508  -52.458  -42.920 0.6000000238
23350  -11.977  -54.854  -41.951 0.5000000000
26583  -12.834  -52.665  -44.307 0.6000000238
21298  -11.659  -57.499  -42.288 0.6999999881
149379  -12.035  -56.892  -42.225 0.6000000238
21290  -12.297  -57.478  -41.652 0.6000000238
149860  -13.366  -55.418  -46.069 0.5000000000
20214  -11.359  -58.860  -41.738 0.5000000000
21289  -11.853  -58.209  -41.789 0.6999999881
134673  -13.417  -58.239  -44.275 0.5000000000
19105  -13.244  -59.324  -43.827 0.6000000238
20256  -15.862  -58.901  -44.302 0.6000000238
19093  -14.780  -59.900  -43.637 0.5000000000
20257  -16.756  -58.819  -44.592 0.6000000238
19106  -16.271  -59.604  -44.298 0.6000000238
19133  -17.635  -59.755  -46.013 0.5000000000
21421  -15.555  -57.596  -50.967 0.5000000000
20352  -15.923  -57.979  -51.334 0.5000000000
19188  -15.672  -59.097  -50.848 0.6000000238
18035  -16.020  -59.946  -50.049 0.6000000238
131747  -10.811  -51.394  -40.811 0.6000000238
27660  -11.104  -50.762  -41.506 0.6000000238
25430  -11.150  -52.867  -40.572 0.6000000238
147455  -13.221  -51.710  -42.771 0.5000000000
24381  -11.516  -53.907  -41.766 0.6000000238
24382  -11.995  -54.522  -40.928 0.6999999881
25465  -13.209  -53.154  -44.046 0.6000000238
128045  -12.667  -57.029  -41.137 0.6000000238
23360  -12.161  -55.645  -42.052 0.6000000238
25476  -13.366  -53.347  -45.261 0.6000000238
20200  -12.518  -58.745  -40.583 0.6000000238
21278  -12.725  -57.804  -40.811 0.6000000238
24435  -14.041  -53.839  -46.318 0.5000000000
22394  -14.032  -56.683  -45.254 0.5000000000
17914  -11.101  -60.029  -40.884 0.5000000000
19054  -11.784  -59.879  -40.494 0.6000000238
20255  -14.426  -58.232  -44.312 0.5000000000
21327  -16.311  -57.918  -44.807 0.6000000238
20245  -15.000  -58.998  -44.032 0.5000000000
20259  -18.112  -58.254  -45.294 0.5000000000
20258  -17.489  -58.886  -44.863 0.5000000000
20353  -16.724  -58.181  -51.752 0.6000000238
19200  -16.262  -58.554  -51.338 0.6000000238
26520  -10.840  -52.012  -40.166 0.6000000238
27640  -11.108  -50.968  -40.531 0.5000000000
27642  -12.236  -50.651  -40.759 0.5000000000
25415  -11.029  -52.859  -39.483 0.6999999881
137042  -12.995  -51.090  -41.337 0.5000000000
23342  -12.434  -55.342  -40.384 0.6999999881
24372  -11.541  -53.753  -40.170 0.6000000238
26555  -13.603  -51.842  -41.896 0.5000000000
22348  -12.687  -56.273  -40.724 0.6000000238
26566  -13.560  -52.253  -42.609 0.5000000000
24398  -13.542  -53.844  -44.439 0.6000000238
20187  -13.308  -58.270  -39.408 0.6999999881
24406  -14.370  -53.590  -45.818 0.6000000238
20186  -12.946  -58.975  -39.749 0.6000000238
24421  -14.920  -53.769  -46.206 0.6000000238
17857  -12.034  -61.047  -38.693 0.6999999881
138061  -12.431  -59.637  -40.021 0.6999999881
22409  -13.672  -56.067  -45.611 0.5000000000
23423  -14.705  -54.107  -46.418 0.5000000000
17879  -11.721  -60.801  -39.509 0.6000000238
22410  -14.600  -55.770  -45.791 0.5000000000
16703  -11.253  -61.374  -39.020 0.5000000000
22395  -14.789  -56.736  -45.315 0.6000000238
21325  -14.068  -57.439  -44.739 0.5000000000
16685  -10.585  -61.843  -38.360 0.6000000238
147609  -14.808  -57.538  -44.780 0.5000000000
21328  -17.474  -57.756  -45.124 0.6000000238
21343  -18.667  -56.757  -45.383 0.5000000000
26519  -10.797  -51.970  -39.217 0.6999999881
27627  -11.215  -51.440  -39.514 0.5000000000
27629  -12.375  -51.108  -39.956 0.5000000000
24350  -11.857  -54.633  -38.893 0.8000000119
24362  -11.431  -53.842  -39.205 0.6999999881
27643  -12.899  -51.196  -40.593 0.5000000000
26540  -13.546  -51.812  -40.951 0.5000000000
22338  -12.795  -56.055  -39.214 0.6999999881
23332  -12.409  -55.305  -39.487 0.6999999881
24363  -12.019  -54.562  -39.841 0.8000000119
130793  -12.734  -55.917  -39.961 0.6999999881
25443  -14.491  -53.351  -41.435 0.5000000000
20172  -13.502  -58.495  -38.438 0.6999999881
21267  -13.284  -57.446  -39.460 0.6999999881
25453  -13.466  -53.057  -42.928 0.6000000238
25442  -14.021  -52.723  -42.043 0.5000000000
145020  -12.888  -60.355  -37.803 0.6000000238
19041  -13.308  -59.139  -38.942 0.6000000238
23371  -14.364  -53.942  -44.983 0.6000000238
16669  -12.251  -61.009  -37.806 0.6999999881
19040  -12.863  -59.615  -39.284 0.6999999881
23403  -15.139  -54.516  -46.302 0.6000000238
23424  -15.277  -53.945  -46.284 0.6000000238
133299  -11.002  -61.623  -37.518 0.6000000238
22411  -15.670  -55.570  -45.773 0.6000000238
21341  -16.749  -56.349  -45.410 0.6000000238
15632  -8.572  -62.101  -36.727 0.6000000238
21342  -17.805  -56.290  -45.318 0.6000000238
24349  -11.277  -53.896  -38.256 0.6000000238
25399  -10.714  -52.723  -38.122 0.5000000000
27612  -10.943  -51.768  -38.696 0.5000000000
26523  -14.048  -52.584  -40.499 0.5000000000
23321  -12.322  -55.374  -38.578 0.8000000119
25431  -14.698  -53.253  -40.737 0.5000000000
142851  -13.307  -57.073  -38.333 0.6999999881
24390  -13.771  -54.919  -42.719 0.6000000238
21252  -6.690  -57.731  -39.100 0.6000000238
130455  -13.447  -59.292  -38.085 0.8000000119
21253  -7.323  -57.252  -39.176 0.6000000238
17836  -11.983  -60.957  -36.972 0.6999999881
18992  -12.883  -60.080  -36.650 0.8000000119
23361  -13.756  -54.743  -43.681 0.6000000238
19007  -7.478  -59.528  -37.635 0.6000000238
16653  -11.275  -61.241  -36.905 0.6000000238
24408  -15.953  -54.184  -45.697 0.6000000238
148940  -16.596  -54.314  -45.319 0.6000000238
17811  -8.552  -60.467  -36.619 0.6000000238
142104  -9.198  -61.563  -36.614 0.6000000238
137207  -10.515  -61.522  -36.903 0.6000000238
140569  -16.401  -55.110  -45.714 0.6000000238
143117  -17.156  -54.456  -44.842 0.6000000238
16667  -10.321  -61.914  -37.465 0.5000000000
22413  -18.177  -55.396  -45.141 0.5000000000
22414  -18.858  -55.490  -45.007 0.5000000000
23389  -18.712  -55.219  -44.467 0.5000000000
141983  -10.624  -53.123  -36.754 0.5000000000
25385  -10.773  -52.538  -37.424 0.5000000000
23320  -11.661  -54.668  -37.926 0.6000000238
23303  -11.468  -54.663  -36.903 0.5000000000
22316  -13.172  -56.859  -37.747 0.8000000119
22315  -12.675  -56.225  -37.273 0.6999999881
21225  -13.447  -57.994  -36.830 0.8000000119
20156  -13.544  -58.656  -37.498 0.8000000119
24373  -15.075  -53.868  -40.910 0.5000000000
22324  -5.370  -56.301  -38.764 0.6000000238
18993  -13.196  -59.551  -36.559 0.8000000119
23352  -14.212  -55.559  -42.005 0.5000000000
22326  -7.185  -56.232  -39.564 0.6999999881
128993  -6.915  -56.950  -39.332 0.6000000238
17795  -11.147  -60.303  -35.788 0.8000000119
23372  -14.360  -54.935  -44.156 0.6000000238
23362  -14.176  -55.722  -43.110 0.6000000238
21254  -7.695  -56.900  -39.020 0.6000000238
139401  -16.379  -54.339  -44.927 0.6000000238
23387  -15.352  -54.122  -45.193 0.6000000238
22367  -14.859  -56.547  -42.829 0.6000000238
20155  -8.262  -58.618  -37.700 0.6000000238
17812  -9.693  -60.108  -36.250 0.6000000238
17794  -10.434  -60.321  -36.052 0.5000000000
23373  -16.786  -54.918  -44.195 0.6000000238
132542  -9.245  -60.699  -36.452 0.6000000238
23388  -17.944  -54.823  -44.540 0.6000000238
23374  -17.772  -54.873  -44.154 0.6000000238
22380  -18.258  -55.434  -43.703 0.5000000000
21314  -19.372  -56.385  -43.574 0.5000000000
22382  -19.720  -55.972  -43.937 0.5000000000
21315  -19.942  -56.591  -43.848 0.5000000000
23283  -12.055  -55.441  -36.623 0.6000000238
22299  -13.189  -57.077  -37.018 0.6999999881
153627  -3.692  -56.450  -36.677 0.6000000238
22312  -4.222  -56.796  -37.702 0.6000000238
20138  -13.428  -58.858  -36.611 0.8000000119
23343  -14.815  -54.872  -41.081 0.5000000000
23317  -5.067  -54.961  -39.875 0.6000000238
18983  -12.502  -59.417  -35.419 0.8000000119
22350  -14.657  -56.065  -41.163 0.5000000000
22325  -6.497  -56.234  -39.628 0.6999999881
18982  -11.324  -59.840  -35.184 0.8000000119
22359  -14.498  -56.473  -42.113 0.6000000238
21280  -14.701  -56.934  -41.435 0.6000000238
22314  -7.688  -56.801  -38.598 0.8000000119
18981  -10.644  -59.870  -35.299 0.6999999881
153290  -15.150  -55.384  -43.973 0.6000000238
21299  -15.329  -57.267  -42.511 0.6000000238
21241  -7.976  -57.494  -38.217 0.6999999881
20137  -8.730  -58.864  -37.125 0.6999999881
18979  -9.339  -59.450  -36.011 0.6000000238
20230  -16.228  -58.153  -42.270 0.6000000238
21311  -16.693  -56.747  -43.275 0.5000000000
21312  -17.660  -56.468  -43.333 0.5000000000
22298  -12.569  -56.351  -36.250 0.6000000238
152490  -11.971  -55.404  -35.800 0.5000000000
149540  -3.888  -56.655  -34.760 0.6000000238
21224  -13.085  -57.360  -36.174 0.6999999881
139723  -3.797  -56.498  -35.894 0.6000000238
21217  -13.221  -58.257  -36.009 0.6999999881
21208  -12.565  -57.894  -34.695 0.6000000238
23301  -4.414  -55.677  -38.375 0.6000000238
23281  -3.833  -55.616  -36.632 0.6000000238
20129  -12.553  -58.788  -35.041 0.6000000238
20118  -11.277  -58.863  -34.071 0.6999999881
23331  -6.041  -54.767  -40.842 0.8000000119
18969  -11.869  -59.336  -34.812 0.6999999881
20103  -9.891  -58.463  -33.468 0.6000000238
23319  -7.003  -55.522  -39.946 0.8000000119
140028  -8.663  -58.602  -34.577 0.8000000119
20101  -8.265  -57.923  -34.001 0.6999999881
22297  -7.570  -56.958  -37.469 0.6999999881
21223  -8.015  -57.682  -36.964 0.6999999881
133366  -7.683  -57.825  -35.523 0.6000000238
20115  -8.004  -58.104  -34.722 0.8000000119
139983  -3.705  -57.228  -33.762 0.6000000238
23268  -3.885  -55.692  -35.535 0.6000000238
24330  -3.847  -54.304  -38.371 0.6999999881
21187  -9.981  -57.388  -32.418 0.6000000238
24346  -4.571  -54.016  -40.543 0.6999999881
24347  -5.566  -54.047  -40.838 0.6999999881
21199  -8.654  -57.545  -33.292 0.6999999881
22254  -8.315  -56.774  -32.989 0.6000000238
24332  -6.509  -54.526  -39.708 0.8000000119
24314  -6.531  -54.958  -37.842 0.6000000238
23282  -6.587  -55.774  -36.508 0.5000000000
22281  -7.299  -56.746  -34.181 0.6999999881
22271  -7.606  -56.369  -33.423 0.6999999881
22253  -8.012  -55.973  -32.748 0.6000000238
22313  -7.149  -56.081  -38.009 0.8000000119
22289  -6.788  -56.403  -35.641 0.6000000238
131109  -7.137  -57.038  -35.054 0.6000000238
22270  -3.557  -56.744  -32.954 0.6000000238
22279  -3.698  -56.186  -33.780 0.6000000238
24298  -3.677  -54.172  -36.156 0.6999999881
23258  -3.803  -55.550  -34.592 0.6000000238
24312  -3.756  -54.469  -37.182 0.6999999881
25383  -3.576  -53.422  -38.426 0.6999999881
24360  -4.318  -53.288  -40.578 0.6999999881
25413  -5.112  -53.199  -40.736 0.6000000238
144895  -8.752  -56.294  -32.421 0.6000000238
25398  -5.725  -53.665  -40.125 0.6000000238
135585  -6.311  -54.996  -36.230 0.6000000238
23228  -8.497  -55.499  -32.272 0.5000000000
24266  -7.199  -54.657  -33.053 0.6000000238
23227  -7.827  -55.106  -32.621 0.5000000000
25305  -8.150  -53.825  -31.958 0.5000000000
24265  -6.584  -54.193  -33.649 0.6000000238
25322  -7.027  -53.812  -32.876 0.5000000000
23211  -3.753  -55.647  -31.604 0.6000000238
137678  -3.582  -55.698  -33.005 0.6000000238
131845  -3.683  -54.607  -34.564 0.6999999881
23241  -3.637  -55.155  -33.788 0.6999999881
25356  -3.456  -53.141  -36.169 0.6999999881
25368  -3.534  -53.595  -37.048 0.6999999881
26483  -3.516  -52.369  -38.952 0.6000000238
25411  -4.273  -52.974  -40.612 0.5000000000
26501  -5.023  -52.670  -40.071 0.6999999881
26484  -4.741  -52.001  -38.961 0.6000000238
25384  -5.274  -52.929  -38.585 0.6000000238
25369  -5.466  -53.334  -37.035 0.6000000238
150829  -5.262  -52.862  -36.116 0.6000000238
24282  -6.224  -54.167  -34.449 0.6000000238
25342  -6.053  -53.462  -34.229 0.5000000000
26448  -5.840  -52.564  -34.159 0.5000000000
26414  -6.793  -52.445  -32.911 0.5000000000
136229  -5.183  -54.061  -28.922 0.6999999881
141349  -4.994  -52.989  -29.801 0.6999999881
25261  -5.074  -53.132  -29.119 0.6999999881
149930  -3.878  -54.933  -31.786 0.6000000238
25288  -4.429  -53.462  -31.231 0.6999999881
27493  -4.459  -51.726  -29.909 0.6999999881
27492  -3.884  -50.968  -29.431 0.6999999881
28634  -2.599  -49.475  -29.323 0.6000000238
127876  -3.605  -54.612  -33.052 0.6999999881
25287  -3.984  -53.518  -32.075 0.6999999881
150929  -4.208  -52.866  -31.625 0.6999999881
27505  -3.856  -51.096  -30.406 0.6999999881
24252  -3.576  -53.623  -33.409 0.6999999881
151726  -3.711  -53.861  -32.731 0.6999999881
27516  -3.636  -51.295  -31.313 0.6999999881
129177  -3.382  -52.705  -37.493 0.6999999881
27591  -3.710  -51.663  -38.994 0.6000000238
27626  -4.205  -52.184  -40.130 0.6000000238
26469  -5.049  -51.139  -38.339 0.6000000238
27593  -5.479  -50.286  -38.264 0.6000000238
26470  -4.832  -52.283  -37.280 0.6000000238
26459  -4.928  -51.547  -37.036 0.6000000238
132048  -4.909  -52.092  -35.950 0.5000000000
27562  -5.744  -51.179  -35.088 0.6000000238
28703  -6.718  -50.389  -35.445 0.6000000238
25341  -5.543  -52.857  -35.085 0.5000000000
26430  -5.874  -51.782  -34.173 0.5000000000
27563  -6.266  -51.106  -34.328 0.5000000000
25255  -5.006  -53.250  -28.258 0.6999999881
27489  -4.412  -51.680  -29.014 0.6999999881
28625  -3.114  -50.163  -28.872 0.6000000238
28624  -2.464  -49.438  -28.371 0.6000000238
144581  -2.335  -48.991  -28.713 0.6000000238
32059  -2.917  -47.837  -29.608 0.4000000060
28647  -3.051  -50.362  -30.951 0.6000000238
28646  -2.621  -49.521  -30.339 0.5000000000
136886  -3.522  -47.558  -29.833 0.4000000060
32044  -4.720  -47.383  -30.120 0.5000000000
25320  -3.578  -53.869  -34.599 0.6999999881
26429  -3.357  -52.550  -33.740 0.8000000119
129270  -3.417  -51.631  -32.189 0.6999999881
28676  -2.548  -49.668  -32.164 0.5000000000
29835  -2.701  -49.089  -32.016 0.4000000060
30974  -3.083  -48.418  -31.322 0.4000000060
32085  -4.678  -47.444  -30.978 0.4000000060
32086  -5.532  -47.262  -31.469 0.4000000060
26446  -3.260  -52.424  -34.722 0.8000000119
26445  -3.084  -51.657  -35.209 0.8000000119
27546  -3.054  -51.631  -33.612 0.8000000119
27532  -2.863  -51.133  -32.976 0.8000000119
27531  -2.660  -50.265  -32.982 0.6000000238
29836  -2.891  -49.253  -32.756 0.5000000000
30993  -3.187  -48.794  -32.196 0.4000000060
32102  -4.881  -47.835  -31.803 0.4000000060
26468  -3.253  -52.080  -36.690 0.8000000119
27580  -3.339  -51.208  -36.566 0.6999999881
128962  -3.709  -50.679  -37.149 0.5000000000
31010  -3.491  -49.213  -32.976 0.5000000000
30995  -5.139  -48.321  -32.643 0.4000000060
153700  -5.571  -47.565  -32.174 0.4000000060
27581  -3.588  -51.223  -37.873 0.6000000238
28741  -5.213  -50.594  -38.457 0.5000000000
29895  -5.831  -49.952  -38.337 0.5000000000
28729  -6.795  -49.823  -37.852 0.6000000238
28715  -6.503  -50.209  -37.615 0.6000000238
28716  -7.079  -50.019  -37.120 0.6000000238
26365  -4.734  -52.421  -28.586 0.6000000238
26361  -4.443  -52.386  -27.601 0.5000000000
28615  -2.669  -50.051  -27.812 0.5000000000
145165  -2.187  -49.122  -27.600 0.4000000060
29774  -2.245  -48.788  -27.921 0.5000000000
32041  -2.752  -47.829  -28.861 0.5000000000
32043  -3.956  -47.509  -29.489 0.5000000000
30939  -4.791  -47.809  -29.582 0.5000000000
30958  -5.533  -47.579  -30.472 0.5000000000
30959  -7.117  -48.501  -30.695 0.5000000000
32062  -5.324  -47.326  -30.742 0.5000000000
148016  -7.751  -48.269  -30.981 0.5000000000
27560  -2.977  -51.169  -34.783 0.6999999881
28688  -2.911  -50.218  -33.709 0.6000000238
29864  -3.682  -50.028  -34.618 0.5000000000
29850  -3.113  -49.736  -33.564 0.5000000000
32087  -6.746  -46.740  -31.747 0.5000000000
32088  -7.381  -46.897  -31.822 0.5000000000
26457  -3.205  -51.598  -36.096 0.8000000119
27572  -3.157  -51.201  -35.548 0.6999999881
28713  -3.666  -50.478  -36.163 0.6000000238
29851  -4.051  -49.564  -33.896 0.5000000000
31012  -5.449  -48.657  -33.577 0.4000000060
32103  -5.944  -47.983  -33.016 0.5000000000
33210  -7.120  -46.653  -32.224 0.4000000060
33211  -7.490  -46.569  -32.260 0.5000000000
28714  -4.283  -50.184  -36.841 0.5000000000
29876  -5.256  -49.484  -36.580 0.5000000000
29865  -4.817  -49.494  -35.091 0.6000000238
31027  -5.783  -48.817  -34.841 0.5000000000
31013  -6.164  -48.370  -34.003 0.5000000000
136233  -6.807  -47.762  -33.810 0.5000000000
29885  -6.214  -49.503  -37.762 0.5000000000
29877  -6.721  -49.051  -37.086 0.5000000000
29866  -5.869  -49.074  -36.123 0.5000000000
31028  -6.795  -48.312  -35.197 0.5000000000
28730  -7.153  -49.523  -37.290 0.6000000238
31052  -7.334  -49.173  -37.039 0.6000000238
26360  -3.904  -51.960  -26.803 0.5000000000
28606  -2.370  -50.207  -26.808 0.5000000000
28614  -1.920  -49.146  -27.007 0.5000000000
29768  -2.025  -48.655  -27.148 0.4000000060
138103  -2.622  -48.121  -27.417 0.4000000060
27475  -3.082  -51.248  -26.387 0.5000000000
28605  -1.511  -49.266  -26.209 0.4000000060
30927  -2.972  -47.704  -28.056 0.5000000000
30938  -4.024  -47.705  -28.991 0.6000000238
30929  -4.570  -48.438  -28.745 0.5000000000
132214  -5.715  -48.464  -29.903 0.5000000000
29789  -7.140  -49.203  -30.014 0.4000000060
29807  -7.996  -48.934  -30.296 0.4000000060
30961  -9.433  -48.136  -30.511 0.4000000060
144361  -1.289  -48.564  -25.719 0.4000000060
30904  -1.829  -48.139  -26.146 0.4000000060
30914  -2.358  -48.173  -26.712 0.4000000060
30915  -3.146  -48.057  -27.466 0.5000000000
29775  -4.295  -48.677  -27.917 0.5000000000
29776  -5.207  -49.328  -28.380 0.5000000000
29769  -3.991  -48.760  -27.188 0.4000000060
29770  -4.966  -49.608  -27.431 0.4000000060
28626  -5.853  -50.179  -28.032 0.5000000000
29777  -6.130  -49.730  -28.830 0.4000000060
29778  -7.153  -49.923  -29.187 0.4000000060
144666  -7.791  -49.563  -29.611 0.4000000060
30942  -9.822  -48.588  -29.794 0.4000000060
29748  -0.926  -48.554  -24.873 0.4000000060
29749  -1.710  -48.084  -25.321 0.4000000060
29761  -3.117  -48.350  -26.500 0.4000000060
28570  -3.411  -49.154  -23.662 0.4000000060
28592  -4.082  -49.535  -24.671 0.4000000060
29762  -4.332  -49.262  -26.672 0.4000000060
28608  -5.233  -50.263  -26.462 0.4000000060
28616  -5.738  -50.467  -27.278 0.5000000000
28627  -6.778  -50.477  -28.363 0.5000000000
28628  -7.674  -50.546  -28.454 0.4000000060
29779  -8.114  -50.121  -29.041 0.4000000060
28609  -6.167  -51.125  -26.762 0.4000000060
27485  -7.871  -51.409  -27.140 0.4000000060
28629  -8.986  -50.723  -27.894 0.4000000060
144991  -9.037  -50.167  -28.719 0.4000000060
29791  -9.465  -49.388  -29.313 0.4000000060
135106  -1.604  -48.610  -23.623 0.4000000060
28571  -5.190  -50.469  -24.639 0.3000000119
27476  -5.904  -51.126  -25.886 0.4000000060
28539  -4.555  -49.559  -22.771 0.4000000060
28554  -4.126  -49.625  -23.224 0.3000000119
142358  -5.722  -50.675  -24.284 0.3000000119
27447  -5.788  -50.992  -25.061 0.4000000060
28595  -7.625  -50.896  -25.408 0.5000000000
148762  -8.227  -51.329  -26.593 0.4000000060
28620  -9.599  -50.690  -27.340 0.4000000060
28630  -10.212  -50.245  -27.633 0.4000000060
30931  -11.781  -48.603  -28.378 0.3000000119
29734  -8.245  -49.657  -24.994 0.5000000000
29751  -9.044  -49.643  -25.529 0.5000000000
28611  -9.529  -50.676  -26.653 0.4000000060
28621  -10.228  -50.401  -26.913 0.4000000060
29772  -11.448  -49.491  -27.256 0.3000000119
29712  -3.092  -48.950  -22.559 0.4000000060
29696  -4.753  -49.123  -22.257 0.4000000060
29713  -5.626  -49.786  -23.039 0.4000000060
28556  -6.180  -50.321  -23.739 0.5000000000
29732  -6.915  -50.216  -24.206 0.5000000000
30870  -5.715  -48.654  -22.668 0.4000000060
29733  -7.528  -49.615  -24.398 0.5000000000
30892  -8.073  -48.703  -24.733 0.5000000000
30905  -8.722  -48.957  -25.232 0.4000000060
30907  -10.650  -48.801  -25.684 0.4000000060
29765  -11.210  -49.546  -26.568 0.3000000119
142186  -7.640  -48.078  -24.441 0.3000000119
137913  -8.701  -48.077  -25.257 0.3000000119
30906  -9.498  -48.700  -25.498 0.3000000119
29695  -3.520  -48.932  -22.056 0.4000000060
31973  -5.606  -47.333  -22.787 0.3000000119
33122  -6.138  -46.737  -23.620 0.4000000060
32012  -11.605  -48.323  -25.678 0.3000000119
33097  -4.669  -46.691  -22.360 0.3000000119
33120  -4.165  -45.750  -22.909 0.3000000119
25483  -8.615  -53.514  -44.455 0.6000000238
25473  -8.803  -52.953  -43.833 0.5000000000
141937  -6.495  -54.890  -34.327 0.6000000238
23269  -6.493  -55.551  -35.190 0.6000000238
131084  -6.902  -65.098  -49.482 0.5000000000
13640  -8.396  -64.349  -47.906 0.6000000238
13641  -9.191  -64.100  -47.714 0.6999999881
15745  -10.031  -63.154  -48.712 0.6999999881
15698  -10.589  -62.662  -45.424 0.6999999881
15731  -11.079  -63.230  -47.571 0.6999999881
14730  -11.351  -63.393  -46.999 0.6999999881
153263  -10.182  -57.360  -45.679 0.5000000000
18006  -10.582  -59.978  -48.800 0.6999999881
17945  -11.486  -60.918  -44.398 0.6999999881
15686  -11.263  -62.304  -44.859 0.6999999881
130660  -13.031  -62.791  -45.075 0.6999999881
24418  -10.539  -53.955  -45.754 0.6000000238
17934  -12.985  -61.170  -43.619 0.6000000238
16787  -14.877  -61.713  -45.249 0.6000000238
17975  -14.375  -60.750  -46.689 0.5000000000
22378  -10.193  -55.561  -43.515 0.6999999881
16764  -14.351  -61.557  -43.781 0.6000000238
21410  -13.242  -57.289  -50.638 0.6000000238
16788  -15.623  -61.381  -44.925 0.5000000000
20351  -14.481  -57.653  -50.868 0.5000000000
24397  -9.538  -54.207  -43.459 0.6000000238
22377  -10.075  -56.699  -43.429 0.6999999881
148788  -14.074  -53.536  -46.050 0.6000000238
20244  -14.129  -59.104  -43.819 0.5000000000
17937  -15.290  -60.626  -43.777 0.5000000000
17960  -16.789  -60.475  -45.069 0.6000000238
17947  -15.961  -60.434  -44.156 0.5000000000
17961  -17.323  -59.982  -45.327 0.5000000000
19199  -15.375  -58.292  -51.226 0.6000000238
22349  -12.905  -57.070  -40.564 0.6000000238
24383  -14.316  -54.419  -41.713 0.5000000000
20185  -6.966  -57.942  -39.084 0.6000000238
154466  -7.923  -61.210  -36.582 0.6000000238
22412  -17.270  -55.157  -45.400 0.6000000238
19023  -7.771  -58.416  -38.357 0.6000000238
17796  -11.976  -60.051  -35.620 0.8000000119
130531  -8.352  -58.209  -37.579 0.6000000238
21310  -15.842  -56.444  -43.354 0.6000000238
146880  -8.941  -59.058  -36.484 0.6000000238
22379  -17.259  -55.591  -43.656 0.6000000238
20117  -10.387  -58.995  -34.009 0.8000000119
21291  -14.765  -57.207  -41.976 0.6000000238
20127  -8.221  -58.397  -35.329 0.6000000238
20136  -8.455  -58.471  -36.451 0.6999999881
22290  -7.239  -57.092  -36.140 0.6000000238
24331  -5.950  -53.933  -38.321 0.6000000238
22280  -6.841  -56.339  -34.757 0.6999999881
24313  -5.939  -54.247  -36.694 0.6000000238
25321  -6.482  -53.160  -33.375 0.5000000000
28753  -4.332  -51.313  -39.019 0.5000000000
25357  -5.673  -53.604  -35.795 0.6000000238
27533  -6.606  -51.576  -33.437 0.5000000000
24219  -4.863  -54.619  -29.725 0.6999999881
24228  -4.598  -54.241  -30.621 0.6000000238
26386  -4.332  -51.874  -30.755 0.6999999881
25302  -3.611  -53.066  -32.841 0.8000000119
28659  -2.806  -50.520  -32.048 0.6000000238
27483  -4.243  -51.712  -28.193 0.6000000238
30973  -2.672  -48.746  -31.014 0.5000000000
28658  -2.572  -49.646  -31.314 0.5000000000
33250  -7.221  -46.676  -32.639 0.5000000000
27482  -3.506  -51.216  -27.418 0.5000000000
30976  -7.002  -47.589  -31.316 0.5000000000
28701  -3.439  -50.466  -35.219 0.6000000238
29875  -4.204  -50.047  -35.831 0.6000000238
31042  -7.289  -48.673  -36.507 0.5000000000
27474  -2.090  -50.369  -25.839 0.5000000000
29788  -6.362  -49.200  -29.617 0.5000000000
141887  -1.382  -48.311  -24.484 0.4000000060
29731  -2.351  -48.369  -24.480 0.4000000060
29750  -2.823  -48.399  -25.451 0.4000000060
128812  -4.710  -50.174  -23.941 0.3000000119
28607  -4.166  -49.364  -25.827 0.4000000060
28618  -7.341  -51.038  -27.754 0.5000000000
141364  -8.212  -50.943  -27.802 0.4000000060
27477  -6.709  -51.425  -26.249 0.4000000060
27478  -7.506  -51.453  -26.461 0.4000000060
134806  -9.926  -49.860  -28.492 0.4000000060
29792  -10.343  -49.128  -29.096 0.4000000060
28555  -5.208  -50.203  -23.501 0.3000000119
28572  -6.579  -50.642  -24.472 0.5000000000
28594  -6.964  -51.013  -25.078 0.4000000060
149372  -8.387  -50.476  -25.540 0.5000000000
27479  -8.010  -51.201  -25.936 0.4000000060
29780  -10.821  -49.613  -28.072 0.4000000060
28596  -9.368  -50.315  -25.969 0.4000000060
29753  -10.720  -49.563  -26.086 0.4000000060
30871  -6.554  -49.036  -23.410 0.5000000000
31974  -6.413  -47.833  -23.358 0.5000000000
30872  -7.333  -48.859  -24.085 0.4000000060
137243  -10.024  -48.020  -25.562 0.4000000060
31994  -6.808  -47.192  -23.987 0.4000000060
33121  -5.162  -46.194  -23.189 0.3000000119
33140  -6.713  -46.260  -24.480 0.3000000119
15788  -14.605  -63.029  -51.390 0.5000000000
14768  -14.979  -63.534  -50.023 0.5000000000
14743  -15.356  -63.463  -48.327 0.5000000000
14756  -15.017  -63.554  -49.142 0.5000000000
14731  -15.829  -63.680  -47.575 0.5000000000
14732  -16.246  -63.549  -46.814 0.6000000238
15779  -14.205  -63.183  -50.429 0.5000000000
14755  -14.187  -63.083  -49.626 0.5000000000
15748  -14.746  -62.913  -48.514 0.5000000000
15749  -15.385  -62.903  -47.864 0.5000000000
144303  -16.986  -64.094  -45.884 0.6000000238
140018  -16.075  -62.514  -47.442 0.6000000238
154153  -15.972  -63.094  -47.258 0.6000000238
137333  -13.985  -62.675  -51.954 0.4000000060
16883  -10.776  -61.033  -52.717 0.4000000060
16884  -11.532  -61.043  -53.115 0.4000000060
16885  -12.580  -60.815  -53.460 0.5000000000
15803  -13.007  -61.831  -53.004 0.5000000000
153308  -12.275  -62.301  -52.136 0.5000000000
15785  -11.667  -62.037  -51.822 0.5000000000
15804  -14.107  -62.150  -52.887 0.5000000000
15797  -13.044  -62.524  -52.063 0.5000000000
13629  -17.349  -64.548  -45.835 0.6000000238
12551  -17.868  -65.390  -46.207 0.6000000238
15787  -13.244  -62.812  -50.992 0.5000000000
15763  -13.815  -62.459  -49.457 0.5000000000
15778  -13.434  -62.621  -50.118 0.5000000000
135624  -18.011  -64.279  -45.980 0.6000000238
15764  -14.324  -62.888  -49.060 0.5000000000
16816  -16.416  -61.878  -47.689 0.6000000238
15719  -17.352  -62.826  -46.481 0.6000000238
13630  -18.475  -64.524  -46.488 0.6000000238
15720  -18.163  -62.882  -46.427 0.6000000238
14719  -18.902  -63.883  -46.706 0.6000000238
12562  -18.359  -65.702  -47.212 0.6999999881
15721  -18.847  -63.179  -46.769 0.6000000238
13656  -19.560  -64.431  -47.984 0.6999999881
18043  -8.702  -58.790  -52.054 0.6000000238
18044  -9.522  -59.624  -51.875 0.6000000238
19183  -9.350  -57.757  -50.332 0.6000000238
18051  -9.786  -60.325  -52.115 0.5000000000
16866  -10.266  -60.994  -51.937 0.5000000000
18045  -10.383  -60.425  -51.592 0.6000000238
15796  -11.894  -61.827  -52.578 0.5000000000
16867  -11.072  -61.444  -51.653 0.5000000000
16855  -11.299  -61.048  -51.261 0.5000000000
15786  -12.368  -62.354  -51.406 0.5000000000
16868  -11.845  -61.835  -51.232 0.5000000000
15777  -12.631  -62.207  -50.662 0.5000000000
11453  -18.350  -66.467  -46.637 0.6999999881
11454  -19.568  -66.538  -46.499 0.8000000119
16845  -14.349  -62.220  -48.778 0.5000000000
16846  -15.172  -61.610  -48.488 0.5000000000
154601  -15.982  -61.597  -48.191 0.6000000238
11452  -18.227  -66.255  -47.088 0.6999999881
11468  -18.608  -66.483  -47.723 0.6999999881
15734  -16.911  -62.274  -47.090 0.6000000238
12563  -18.821  -65.644  -48.085 0.6999999881
15736  -18.655  -62.464  -47.114 0.6000000238
15737  -19.369  -62.833  -47.478 0.6000000238
14745  -20.164  -63.243  -48.735 0.6999999881
13670  -19.576  -65.387  -49.004 0.6999999881
137519  -19.543  -66.197  -49.440 0.6000000238
19197  -8.003  -58.264  -51.419 0.5000000000
19198  -8.642  -58.010  -50.949 0.6000000238
143403  -10.109  -57.731  -50.698 0.6000000238
16856  -12.121  -61.193  -50.792 0.6000000238
18020  -13.467  -60.889  -50.004 0.6000000238
11433  -19.282  -66.513  -45.379 0.6999999881
16857  -13.050  -61.853  -49.937 0.5000000000
18021  -14.322  -60.723  -49.620 0.5000000000
11455  -20.839  -66.642  -46.356 0.5000000000
10413  -21.686  -67.288  -45.166 0.6000000238
16844  -13.845  -61.665  -49.348 0.6000000238
143812  -16.147  -61.117  -48.719 0.5000000000
11470  -20.171  -66.645  -47.471 0.6000000238
140589  -17.766  -61.343  -48.328 0.5000000000
11480  -18.597  -66.335  -47.960 0.6999999881
142128  -19.398  -66.695  -48.318 0.6000000238
16818  -18.321  -61.812  -47.657 0.5000000000
12574  -19.090  -66.281  -48.668 0.6000000238
11496  -19.956  -66.496  -49.840 0.6000000238
16834  -19.523  -61.934  -48.643 0.5000000000
15751  -20.257  -62.832  -49.107 0.6000000238
13671  -20.134  -64.819  -49.805 0.5000000000
14770  -20.561  -63.613  -50.728 0.5000000000
11517  -20.622  -66.127  -51.135 0.5000000000
19181  -8.162  -58.197  -50.898 0.6000000238
19182  -8.835  -58.011  -50.218 0.6000000238
18027  -7.752  -58.755  -50.832 0.4000000060
10425  -21.725  -67.158  -46.166 0.6000000238
18022  -15.366  -60.740  -49.285 0.5000000000
10433  -21.539  -66.984  -47.381 0.5000000000
18009  -17.123  -60.965  -48.906 0.5000000000
11483  -20.616  -66.687  -48.502 0.5000000000
135460  -21.795  -67.144  -48.414 0.5000000000
16847  -18.036  -60.919  -49.100 0.5000000000
11482  -19.648  -66.603  -49.046 0.5000000000
153638  -21.012  -66.709  -49.884 0.5000000000
140366  -19.452  -61.558  -49.497 0.6000000238
16859  -19.617  -61.440  -50.555 0.6000000238
12595  -20.271  -66.027  -50.792 0.5000000000
11507  -20.299  -66.329  -50.506 0.6000000238
15781  -20.532  -62.601  -51.123 0.6000000238
14776  -20.838  -63.739  -51.872 0.5000000000
16865  -7.698  -60.198  -50.880 0.4000000060
18023  -16.494  -60.543  -49.388 0.5000000000
10434  -22.556  -67.736  -48.021 0.5000000000
18024  -17.412  -60.485  -49.619 0.5000000000
18025  -18.225  -60.607  -49.956 0.5000000000
132654  -21.902  -66.938  -49.731 0.5000000000
9503  -23.025  -67.975  -48.237 0.5000000000
9505  -24.161  -67.708  -48.013 0.5000000000
10435  -24.585  -68.099  -46.903 0.5000000000
10427  -24.521  -67.534  -45.908 0.5000000000
132879  -18.488  -60.369  -51.072 0.6000000238
18037  -19.206  -60.914  -51.035 0.6000000238
10465  -21.266  -66.613  -50.355 0.5000000000
16870  -20.366  -61.878  -51.924 0.6000000238
11520  -22.558  -65.658  -51.028 0.5000000000
16878  -20.646  -61.851  -52.895 0.5000000000
15801  -21.212  -62.748  -53.076 0.5000000000
19201  -17.140  -58.939  -51.813 0.5000000000
10455  -22.750  -67.148  -49.463 0.5000000000
10446  -23.422  -67.234  -48.502 0.5000000000
11472  -23.898  -66.919  -47.868 0.5000000000
141145  -24.384  -67.497  -46.972 0.5000000000
152793  -17.315  -59.462  -51.195 0.5000000000
18047  -18.482  -59.939  -52.226 0.6000000238
10467  -23.163  -66.883  -50.008 0.5000000000
11498  -23.411  -66.632  -49.493 0.5000000000
11471  -23.660  -66.484  -47.715 0.5000000000
11457  -24.096  -66.833  -46.305 0.5000000000
11420  -24.600  -66.154  -44.501 0.5000000000
16877  -19.861  -61.121  -52.556 0.5000000000
141599  -22.508  -66.331  -50.520 0.5000000000
12586  -23.226  -65.871  -49.747 0.5000000000
20354  -17.456  -58.513  -52.277 0.5000000000
12564  -22.880  -65.283  -47.780 0.5000000000
12565  -23.246  -65.717  -47.236 0.5000000000
11456  -23.613  -66.221  -46.664 0.5000000000
143731  -24.415  -64.872  -44.732 0.4000000060
13646  -22.867  -64.744  -46.861 0.4000000060
23432  -6.788  -55.842  -46.945 0.4000000060
21251  -4.534  -57.596  -38.142 0.5000000000
146578  -3.583  -57.180  -36.341 0.5000000000
21222  -3.354  -57.674  -36.824 0.5000000000
21197  -3.532  -58.033  -33.757 0.5000000000
20126  -3.514  -58.361  -35.109 0.5000000000
21240  -3.588  -57.540  -37.341 0.5000000000
23195  -4.608  -55.526  -29.468 0.5000000000
23189  -5.133  -54.696  -28.492 0.5000000000
25249  -4.832  -53.444  -27.401 0.5000000000
19189  -16.696  -59.377  -50.811 0.5000000000
128298  -16.857  -60.043  -50.016 0.5000000000
141716  -16.876  -63.494  -46.278 0.6000000238
16830  -14.929  -62.379  -48.285 0.6000000238
16817  -17.357  -61.758  -47.596 0.6000000238
14744  -19.843  -63.421  -48.032 0.6999999881
18029  -9.589  -58.353  -51.183 0.6000000238
131175  -14.552  -61.386  -49.002 0.5000000000
16819  -19.171  -62.107  -47.891 0.6000000238
13657  -20.032  -64.100  -48.829 0.6000000238
14758  -20.350  -63.616  -49.617 0.6000000238
11435  -21.143  -66.814  -45.520 0.6999999881
16833  -18.769  -61.472  -48.597 0.5000000000
15780  -20.146  -62.017  -50.178 0.6000000238
15766  -20.407  -62.754  -49.924 0.6000000238
154039  -20.395  -64.425  -50.466 0.5000000000
11509  -21.592  -66.403  -50.823 0.5000000000
10444  -21.387  -66.841  -49.176 0.5000000000
10445  -22.521  -67.500  -48.930 0.5000000000
16858  -18.983  -60.965  -50.225 0.5000000000
15790  -20.858  -62.774  -52.367 0.5000000000
18036  -17.572  -59.970  -50.557 0.5000000000
18048  -19.138  -60.579  -52.011 0.5000000000
11484  -23.530  -66.463  -48.492 0.5000000000
154505  -23.386  -66.396  -49.676 0.5000000000
138318  -23.347  -66.009  -48.269 0.5000000000
12537  -23.895  -65.142  -45.236 0.5000000000
12575  -22.862  -65.330  -48.743 0.4000000060
12552  -23.349  -65.152  -46.019 0.4000000060
6923  -24.651  -71.298  -45.134 0.5000000000
7722  -24.470  -70.702  -45.652 0.6000000238
7731  -24.050  -70.081  -46.043 0.6000000238
8592  -23.636  -69.928  -45.640 0.6000000238
8583  -23.348  -70.297  -44.686 0.4000000060
8602  -24.477  -69.725  -46.161 0.4000000060
8600  -23.620  -69.020  -46.951 0.4000000060
8601  -23.951  -69.468  -46.704 0.5000000000
8591  -23.260  -69.074  -45.837 0.6000000238
9484  -22.987  -68.439  -46.544 0.5000000000
9493  -23.138  -68.244  -47.439 0.4000000060
9463  -22.614  -68.698  -44.840 0.5000000000
10414  -22.349  -67.766  -45.824 0.5000000000
9462  -21.968  -68.352  -44.144 0.6000000238
11418  -19.954  -66.718  -44.616 0.6000000238
149541  -19.067  -66.752  -44.674 0.6000000238
11432  -17.742  -66.576  -45.724 0.6000000238
11451  -17.708  -66.211  -46.153 0.6000000238
11431  -17.058  -66.427  -45.732 0.6000000238
12550  -17.127  -65.518  -45.780 0.5000000000
13615  -16.698  -64.853  -45.824 0.5000000000
13628  -16.380  -64.286  -46.296 0.4000000060
13642  -15.702  -64.391  -47.472 0.5000000000
12525  -24.946  -65.444  -44.180 0.3000000119
14769  -15.815  -63.948  -50.239 0.4000000060
21281  -15.079  -57.599  -41.135 0.4000000060
20202  -15.622  -58.259  -40.502 0.4000000060
20216  -15.640  -58.279  -41.438 0.5000000000
28690  -7.550  -50.204  -33.724 0.5000000000
28704  -7.439  -49.871  -34.990 0.5000000000
29852  -8.058  -49.490  -34.532 0.5000000000
29868  -8.577  -48.748  -35.431 0.4000000060
32145  -8.550  -48.109  -36.057 0.4000000060
32105  -11.763  -47.688  -32.974 0.4000000060
32135  -8.174  -47.796  -35.907 0.4000000060
32146  -9.321  -47.675  -35.714 0.4000000060
31044  -9.066  -48.046  -35.897 0.4000000060
32134  -7.425  -47.843  -35.166 0.4000000060
33268  -8.948  -46.775  -35.191 0.4000000060
32119  -10.975  -47.596  -34.538 0.4000000060
33267  -8.315  -47.025  -34.838 0.4000000060
33269  -9.591  -46.668  -35.423 0.4000000060
143103  -12.034  -46.757  -35.999 0.4000000060
33251  -7.707  -46.554  -33.399 0.4000000060
34396  -9.142  -46.047  -34.254 0.4000000060
33230  -7.646  -46.345  -32.598 0.4000000060
34380  -8.613  -45.300  -33.188 0.4000000060
32064  -9.100  -47.473  -31.369 0.3000000119
30943  -10.666  -48.253  -29.617 0.3000000119
30962  -10.114  -48.015  -30.192 0.3000000119
33190  -9.861  -46.968  -31.336 0.3000000119
32065  -9.962  -47.518  -30.721 0.3000000119
30996  -9.791  -48.544  -33.311 0.4000000060
130381  -10.244  -48.031  -34.103 0.4000000060
31031  -9.724  -48.000  -35.251 0.4000000060
148074  -9.620  -48.389  -34.182 0.4000000060
31032  -10.322  -47.542  -35.346 0.4000000060
32148  -10.464  -47.129  -35.823 0.4000000060
146806  -12.682  -47.027  -34.522 0.4000000060
32149  -11.253  -46.968  -35.904 0.4000000060
33282  -10.822  -46.838  -35.895 0.4000000060
32147  -9.992  -47.176  -35.792 0.4000000060
13540  -27.951  -65.103  -38.952 0.3000000119
11360  -28.598  -66.172  -39.598 0.3000000119
11375  -27.614  -65.973  -40.006 0.4000000060
134940  -28.118  -66.625  -40.100 0.3000000119
9405  -28.878  -68.134  -40.380 0.4000000060
9404  -27.397  -68.700  -40.784 0.3000000119
140063  -27.934  -68.197  -40.568 0.3000000119
142617  -28.383  -68.908  -40.563 0.4000000060
8542  -26.806  -69.219  -41.089 0.3000000119
8519  -27.773  -69.602  -40.779 0.3000000119
8520  -29.057  -69.957  -40.608 0.3000000119
7658  -28.275  -70.702  -40.828 0.3000000119
7677  -28.876  -71.869  -40.972 0.3000000119
7676  -27.725  -71.420  -41.107 0.3000000119
6879  -28.361  -72.482  -41.295 0.3000000119
6140  -28.685  -72.979  -41.617 0.3000000119
133282  -27.098  -72.059  -41.433 0.3000000119
5502  -27.754  -73.258  -41.761 0.3000000119
5509  -28.302  -73.249  -41.939 0.3000000119
5499  -25.319  -73.661  -41.731 0.3000000119
138439  -26.140  -73.051  -41.745 0.3000000119
138918  -26.970  -73.230  -41.753 0.3000000119
4859  -27.014  -73.982  -42.778 0.3000000119
4871  -26.871  -73.658  -43.176 0.3000000119
4846  -25.458  -74.248  -41.858 0.4000000060
10349  -29.217  -67.452  -40.185 0.3000000119
12485  -26.641  -65.719  -40.378 0.4000000060
140412  -30.009  -70.709  -40.654 0.4000000060
9403  -27.067  -67.801  -40.782 0.3000000119
6863  -30.275  -71.528  -40.905 0.4000000060
133728  -27.025  -70.273  -41.093 0.3000000119
6141  -29.364  -72.492  -41.582 0.4000000060
6150  -28.911  -73.055  -42.024 0.4000000060
137442  -26.058  -70.499  -41.518 0.3000000119
136958  -27.618  -72.814  -43.200 0.4000000060
131298  -24.555  -72.246  -41.768 0.3000000119
7674  -25.261  -70.853  -41.852 0.4000000060
129878  -26.061  -72.497  -44.187 0.4000000060
134034  -25.665  -73.115  -44.057 0.3000000119
6876  -24.341  -71.270  -41.977 0.3000000119
11361  -29.173  -66.264  -39.707 0.3000000119
138466  -29.632  -67.102  -40.213 0.3000000119
12471  -29.184  -65.570  -39.525 0.3000000119
9407  -30.763  -68.825  -40.548 0.3000000119
8522  -31.213  -69.849  -40.800 0.3000000119
13538  -25.723  -64.180  -38.765 0.4000000060
7660  -30.812  -70.752  -40.824 0.3000000119
7678  -31.032  -70.961  -41.213 0.3000000119
10364  -26.134  -67.905  -41.254 0.3000000119
11389  -26.276  -67.044  -41.041 0.4000000060
6890  -29.980  -72.030  -41.629 0.4000000060
7688  -30.314  -71.606  -41.921 0.3000000119
6889  -29.399  -72.408  -42.095 0.4000000060
6901  -28.634  -71.979  -42.776 0.4000000060
8541  -26.056  -69.626  -41.449 0.3000000119
10362  -24.851  -67.312  -41.822 0.3000000119
6159  -27.887  -72.104  -43.338 0.4000000060
6914  -27.167  -71.416  -43.845 0.4000000060
140703  -25.259  -70.009  -41.889 0.3000000119
8555  -24.409  -68.648  -42.177 0.3000000119
6913  -26.521  -71.734  -44.554 0.4000000060
7724  -26.112  -70.879  -45.005 0.5000000000
6187  -25.710  -71.976  -44.990 0.4000000060
6925  -25.852  -71.379  -45.012 0.4000000060
7732  -24.531  -70.372  -45.968 0.5000000000
131299  -23.664  -72.056  -41.765 0.3000000119
10350  -30.414  -67.859  -40.539 0.3000000119
11377  -29.446  -66.369  -40.005 0.3000000119
13556  -25.257  -64.690  -40.265 0.4000000060
7703  -28.423  -70.867  -42.729 0.4000000060
8584  -26.487  -69.911  -43.941 0.4000000060
12497  -25.034  -65.633  -41.292 0.4000000060
7713  -26.588  -70.774  -44.277 0.4000000060
8594  -25.874  -69.664  -44.718 0.5000000000
8603  -25.022  -69.344  -46.103 0.4000000060
11401  -24.239  -66.996  -42.107 0.3000000119
154337  -25.332  -69.873  -45.912 0.4000000060
10375  -23.843  -67.495  -42.279 0.3000000119
8610  -24.478  -69.097  -46.751 0.4000000060
9495  -24.354  -68.256  -47.150 0.4000000060
8539  -24.259  -69.635  -42.214 0.3000000119
7672  -23.710  -70.485  -42.143 0.3000000119
7671  -22.758  -70.577  -41.908 0.3000000119
7690  -31.197  -70.482  -41.523 0.3000000119
139990  -30.831  -70.675  -42.042 0.3000000119
8572  -28.187  -69.866  -42.681 0.3000000119
12496  -24.333  -65.484  -41.452 0.4000000060
9465  -26.142  -69.144  -43.977 0.5000000000
9474  -25.243  -68.697  -45.300 0.4000000060
11387  -23.906  -66.098  -41.969 0.4000000060
9496  -24.805  -68.741  -46.634 0.4000000060
11385  -22.355  -66.485  -41.676 0.3000000119
11399  -22.909  -66.806  -42.173 0.3000000119
10361  -22.571  -67.494  -42.051 0.3000000119
8553  -22.640  -69.059  -42.077 0.3000000119
7670  -21.873  -70.833  -41.538 0.3000000119
8537  -22.114  -69.860  -41.708 0.3000000119
8556  -29.255  -69.731  -42.518 0.3000000119
8571  -26.871  -69.146  -43.299 0.4000000060
150774  -25.912  -68.583  -43.994 0.4000000060
11384  -21.692  -66.644  -41.119 0.3000000119
10346  -20.456  -67.313  -40.222 0.3000000119
9421  -22.232  -68.304  -41.839 0.3000000119
9420  -21.357  -68.359  -41.290 0.3000000119
134598  -21.914  -69.016  -41.664 0.3000000119
11358  -20.438  -66.608  -39.685 0.3000000119
10345  -19.829  -68.034  -40.246 0.3000000119
9402  -20.574  -68.174  -40.644 0.3000000119
9401  -20.078  -68.921  -40.598 0.3000000119
9419  -20.671  -68.949  -40.960 0.3000000119
140287  -26.976  -67.676  -43.009 0.3000000119
10400  -26.072  -67.919  -43.629 0.4000000060
11371  -19.212  -67.266  -39.960 0.3000000119
10344  -18.572  -67.468  -40.634 0.3000000119
10388  -28.947  -67.780  -43.148 0.3000000119
10387  -27.908  -67.585  -42.830 0.3000000119
10386  -26.351  -67.100  -43.360 0.3000000119
11409  -28.167  -66.991  -43.180 0.3000000119
141752  -27.285  -66.934  -43.040 0.3000000119
11407  -26.604  -66.312  -43.341 0.3000000119
29867  -8.005  -49.164  -35.957 0.5000000000
33212  -8.244  -46.582  -32.081 0.5000000000
33231  -8.102  -45.956  -32.649 0.4000000060
29879  -8.165  -48.479  -36.250 0.4000000060
10396  -21.393  -67.611  -44.266 0.6000000238
9473  -22.694  -68.385  -45.578 0.5000000000
9494  -23.620  -68.224  -47.460 0.4000000060
10428  -24.882  -68.457  -46.088 0.4000000060
10415  -24.928  -67.921  -44.979 0.4000000060
10398  -24.707  -66.960  -44.671 0.4000000060
11421  -25.164  -66.310  -43.971 0.3000000119
28677  -8.152  -49.860  -33.309 0.5000000000
31014  -9.224  -48.827  -33.519 0.4000000060
32120  -11.556  -47.556  -33.896 0.4000000060
132725  -27.136  -66.704  -40.540 0.3000000119
147141  -26.761  -71.082  -41.310 0.3000000119
6877  -25.267  -71.728  -41.773 0.3000000119
13557  -26.146  -65.042  -40.170 0.4000000060
6175  -27.246  -72.138  -43.849 0.4000000060
12484  -25.650  -65.454  -40.773 0.4000000060
10363  -25.498  -67.183  -41.473 0.3000000119
9422  -25.237  -68.116  -41.725 0.3000000119
7702  -27.717  -70.421  -43.103 0.4000000060
8554  -23.509  -68.948  -42.294 0.3000000119
8593  -25.395  -69.379  -45.475 0.4000000060
8538  -23.141  -69.773  -42.189 0.3000000119
9451  -26.548  -68.475  -43.393 0.4000000060
12481  -22.538  -65.409  -40.528 0.3000000119
143492  -21.147  -70.294  -41.344 0.3000000119
9452  -27.573  -68.399  -42.808 0.3000000119
9400  -19.444  -68.773  -40.587 0.3000000119
12536  -16.483  -65.736  -45.771 0.5000000000
11430  -16.406  -66.411  -45.719 0.5000000000
10412  -17.521  -67.075  -45.425 0.5000000000
10394  -19.637  -67.285  -44.182 0.5000000000
9450  -21.311  -68.219  -43.784 0.4000000060
19202  -17.959  -59.251  -52.584 0.4000000060
6922  -24.077  -71.149  -44.880 0.5000000000
6173  -24.241  -71.885  -44.577 0.3000000119
5529  -24.941  -73.352  -44.111 0.3000000119
6174  -25.306  -72.551  -44.379 0.4000000060
4858  -26.245  -74.225  -42.480 0.3000000119
4870  -26.252  -74.144  -43.112 0.3000000119
134253  -23.265  -65.101  -40.818 0.3000000119
13518  -23.766  -64.758  -39.709 0.3000000119
13554  -23.832  -64.778  -40.363 0.3000000119
12468  -27.078  -65.225  -39.637 0.3000000119
12425  -23.200  -65.471  -38.250 0.3000000119
13519  -24.146  -64.698  -39.044 0.3000000119
13537  -24.484  -64.550  -39.796 0.3000000119
153144  -25.278  -64.414  -39.447 0.3000000119
131496  -26.028  -63.884  -38.118 0.3000000119
13505  -25.197  -64.290  -37.329 0.3000000119
12450  -23.875  -65.081  -38.518 0.3000000119
12403  -24.638  -64.934  -37.227 0.3000000119
133305  -24.916  -64.332  -38.886 0.3000000119
13486  -25.305  -64.613  -36.503 0.3000000119
13539  -26.169  -64.570  -39.464 0.3000000119
13521  -26.658  -64.234  -38.495 0.3000000119
11334  -24.303  -65.814  -37.317 0.3000000119
14601  -26.600  -63.660  -36.977 0.3000000119
13487  -25.903  -64.165  -35.958 0.3000000119
13655  -15.765  -64.056  -48.327 0.3000000119
8581  -22.329  -69.182  -44.094 0.5000000000
10395  -20.472  -67.307  -44.120 0.4000000060
11417  -18.220  -66.884  -44.938 0.5000000000
136673  -24.526  -72.636  -44.425 0.3000000119
33271  -13.276  -46.603  -35.270 0.3000000119
148643  -12.503  -46.841  -35.485 0.3000000119
34382  -10.004  -44.991  -33.906 0.3000000119
12549  -15.989  -65.282  -46.026 0.4000000060
139236  -15.858  -66.798  -45.793 0.4000000060
6928  -19.396  -71.621  -46.393 0.4000000060
8590  -18.548  -69.658  -45.297 0.4000000060
8578  -18.885  -68.986  -44.603 0.4000000060
8579  -19.633  -69.153  -44.118 0.4000000060
9460  -19.368  -68.135  -44.071 0.4000000060
147267  -17.630  -68.264  -44.929 0.4000000060
9458  -17.945  -67.524  -44.796 0.4000000060
133514  -18.779  -67.359  -44.444 0.4000000060
136815  -19.669  -73.964  -46.235 0.3000000119
145745  -19.719  -71.866  -45.675 0.4000000060
7720  -19.916  -71.023  -44.620 0.4000000060
10411  -17.203  -67.671  -45.284 0.4000000060
7718  -18.972  -70.431  -45.795 0.4000000060
153292  -17.399  -68.863  -45.242 0.4000000060
6193  -19.687  -72.363  -46.084 0.3000000119
6920  -19.512  -71.169  -45.628 0.4000000060
7719  -19.508  -70.543  -45.070 0.4000000060
9459  -18.411  -68.166  -44.519 0.4000000060
7711  -19.931  -70.164  -44.237 0.4000000060
8580  -20.342  -69.352  -43.695 0.4000000060
5544  -20.382  -74.120  -45.979 0.3000000119
152893  -20.023  -72.803  -45.738 0.3000000119
6921  -19.998  -71.732  -44.936 0.3000000119
6185  -20.121  -72.482  -45.268 0.3000000119
6897  -20.890  -71.027  -43.654 0.3000000119
7700  -21.361  -70.405  -43.575 0.3000000119
144885  -20.358  -70.826  -43.937 0.3000000119
6899  -22.414  -71.535  -43.753 0.3000000119
7712  -22.914  -70.866  -44.103 0.3000000119
134617  -21.835  -69.756  -43.660 0.3000000119
7699  -20.657  -70.218  -43.662 0.3000000119
9449  -20.735  -68.598  -43.623 0.3000000119
6043  -15.951  -72.154  -33.608 0.3000000119
128196  -16.179  -71.909  -32.813 0.3000000119
147863  -19.806  -65.466  -37.851 0.3000000119
146193  -16.758  -69.947  -31.282 0.3000000119
9284  -16.602  -68.444  -32.174 0.3000000119
132414  -16.567  -66.974  -33.558 0.3000000119
11279  -17.081  -66.222  -33.783 0.3000000119
12378  -17.744  -65.264  -35.085 0.3000000119
12379  -18.538  -65.204  -35.365 0.3000000119
12398  -18.730  -65.065  -36.273 0.3000000119
12399  -19.674  -65.333  -36.418 0.3000000119
153349  -17.029  -68.538  -31.520 0.3000000119
9303  -17.285  -67.882  -31.818 0.3000000119
11243  -17.299  -66.675  -32.981 0.3000000119
11264  -17.798  -66.070  -33.347 0.3000000119
12359  -18.382  -65.468  -34.501 0.3000000119
6911  -20.419  -71.487  -44.095 0.3000000119
7556  -15.890  -70.645  -32.898 0.3000000119
10280  -16.049  -67.401  -34.295 0.3000000119
8420  -16.147  -69.280  -32.597 0.3000000119
7557  -16.263  -70.166  -32.240 0.3000000119
10261  -16.114  -67.823  -33.569 0.3000000119
147037  -16.740  -67.552  -32.688 0.3000000119
10222  -17.987  -67.687  -31.599 0.3000000119
4244  -25.587  -74.662  -42.638 0.3000000119
4847  -26.187  -74.036  -41.979 0.3000000119
4848  -26.814  -73.877  -42.247 0.3000000119
4880  -25.670  -73.872  -43.769 0.3000000119
4881  -26.394  -73.305  -43.669 0.3000000119
5500  -26.139  -73.636  -41.858 0.4000000060
5501  -26.904  -73.555  -41.913 0.3000000119
5508  -27.531  -73.550  -42.263 0.3000000119
5516  -27.533  -73.617  -43.010 0.3000000119
5517  -28.137  -73.238  -42.489 0.3000000119
5530  -26.956  -72.666  -44.022 0.4000000060
5543  -19.870  -73.219  -46.153 0.3000000119
6137  -25.349  -72.639  -41.719 0.3000000119
6138  -26.847  -72.759  -41.617 0.3000000119
6139  -27.718  -72.936  -41.559 0.3000000119
6160  -28.548  -72.748  -42.621 0.4000000060
6186  -24.984  -72.054  -44.990 0.4000000060
6862  -29.723  -72.029  -41.029 0.4000000060
6864  -30.754  -71.300  -41.136 0.3000000119
6874  -22.464  -71.279  -41.665 0.3000000119
6875  -23.267  -71.256  -41.901 0.3000000119
6878  -26.120  -72.246  -41.641 0.3000000119
6880  -29.298  -72.458  -41.304 0.4000000060
6881  -30.017  -71.972  -41.256 0.4000000060
6891  -30.530  -71.529  -41.411 0.3000000119
6900  -27.804  -71.244  -43.278 0.4000000060
6924  -25.156  -71.368  -45.151 0.4000000060
6929  -24.860  -70.842  -45.794 0.4000000060
7538  -17.183  -69.099  -31.079 0.3000000119
7659  -29.399  -71.203  -40.764 0.4000000060
7661  -31.254  -70.589  -41.058 0.3000000119
7675  -26.063  -71.372  -41.561 0.3000000119
7679  -31.351  -70.378  -41.127 0.3000000119
7687  -29.391  -71.526  -42.375 0.3000000119
7689  -30.823  -71.124  -41.583 0.3000000119
7701  -22.130  -70.645  -43.681 0.3000000119
7710  -19.258  -69.850  -44.892 0.4000000060
7714  -27.117  -70.559  -43.622 0.4000000060
7721  -23.910  -70.555  -45.322 0.6000000238
7723  -25.349  -70.749  -45.249 0.5000000000
7733  -25.123  -70.226  -45.986 0.5000000000
8404  -16.583  -69.218  -31.755 0.3000000119
8419  -15.790  -70.026  -33.026 0.3000000119
8521  -30.296  -69.826  -40.567 0.3000000119
8523  -31.504  -69.851  -41.030 0.3000000119
8536  -21.245  -69.388  -41.330 0.3000000119
8540  -25.228  -69.128  -41.839 0.3000000119
8559  -31.467  -69.784  -41.337 0.3000000119
8568  -21.068  -69.521  -43.537 0.3000000119
8569  -21.546  -68.907  -43.699 0.3000000119
8570  -22.630  -70.035  -44.072 0.4000000060
8573  -28.995  -70.504  -42.498 0.4000000060
8582  -23.030  -69.499  -44.816 0.5000000000
8585  -27.280  -69.828  -43.253 0.4000000060
8609  -24.002  -68.904  -47.115 0.4000000060
9323  -16.121  -68.487  -33.013 0.3000000119
9406  -29.574  -68.906  -40.458 0.3000000119
9423  -26.018  -68.746  -41.376 0.3000000119
9435  -22.974  -68.286  -42.272 0.3000000119
9436  -23.731  -68.153  -42.310 0.3000000119
9448  -20.157  -67.915  -43.764 0.4000000060
9461  -20.049  -68.574  -43.735 0.4000000060
9464  -25.494  -68.258  -44.416 0.4000000060
9471  -16.928  -68.391  -45.390 0.4000000060
9472  -18.022  -68.933  -44.894 0.4000000060
9475  -25.639  -68.961  -44.636 0.4000000060
9485  -25.119  -68.959  -46.097 0.4000000060
9504  -23.363  -67.731  -48.159 0.5000000000
9512  -23.031  -67.681  -48.828 0.5000000000
10238  -17.644  -67.201  -32.272 0.3000000119
10347  -21.164  -67.368  -40.864 0.3000000119
10348  -28.181  -67.400  -40.367 0.3000000119
10360  -21.863  -67.417  -41.523 0.3000000119
10374  -23.251  -67.537  -42.291 0.3000000119
10376  -24.396  -67.813  -42.129 0.3000000119
10385  -20.789  -67.880  -43.776 0.4000000060
10397  -22.220  -67.920  -44.859 0.6000000238
10399  -25.405  -67.329  -43.996 0.4000000060
10426  -22.447  -67.706  -46.916 0.4000000060
10443  -20.371  -66.652  -49.556 0.5000000000
10447  -23.689  -66.815  -48.094 0.5000000000
10456  -23.297  -67.115  -49.254 0.5000000000
10457  -23.461  -66.565  -48.684 0.5000000000
10466  -22.289  -66.711  -50.193 0.5000000000
11357  -18.784  -66.407  -39.479 0.3000000119
11374  -26.244  -66.254  -40.818 0.4000000060
11376  -28.962  -66.845  -39.878 0.3000000119
11386  -23.088  -66.070  -42.012 0.3000000119
11388  -25.599  -66.307  -41.227 0.4000000060
11400  -23.535  -66.821  -42.221 0.3000000119
11419  -20.874  -66.879  -44.751 0.6999999881
11434  -20.303  -66.555  -45.435 0.6999999881
11436  -23.799  -65.916  -45.635 0.5000000000
11437  -24.248  -66.506  -45.242 0.5000000000
11469  -18.934  -66.683  -47.689 0.6999999881
11481  -19.007  -66.576  -48.404 0.6000000238
11495  -19.568  -66.439  -49.209 0.6000000238
11497  -20.486  -66.530  -50.253 0.6000000238
11506  -19.895  -66.310  -50.016 0.6000000238
11508  -20.758  -66.416  -50.851 0.6000000238
11518  -21.041  -66.172  -51.358 0.5000000000
12338  -18.254  -65.764  -33.777 0.3000000119
12357  -16.939  -65.831  -34.589 0.3000000119
12358  -17.622  -65.646  -34.188 0.3000000119
12422  -20.006  -65.336  -37.192 0.3000000119
12426  -24.052  -65.348  -37.922 0.3000000119
12449  -23.351  -65.128  -39.108 0.3000000119
12469  -28.069  -65.617  -39.378 0.3000000119
12482  -24.002  -64.926  -41.013 0.3000000119
12483  -24.764  -65.028  -40.979 0.4000000060
12494  -22.731  -65.616  -41.337 0.3000000119
12495  -23.519  -65.449  -41.478 0.4000000060
12538  -24.256  -65.648  -44.845 0.5000000000
12576  -23.449  -66.286  -49.192 0.5000000000
12584  -19.812  -65.854  -50.076 0.5000000000
13464  -17.965  -64.969  -35.898 0.3000000119
13504  -24.560  -64.587  -38.128 0.3000000119
13520  -25.390  -64.062  -38.123 0.3000000119
13555  -24.430  -64.750  -40.528 0.3000000119
13627  -15.734  -64.747  -46.667 0.4000000060
13643  -15.973  -64.119  -46.957 0.6000000238
13644  -19.016  -64.596  -47.181 0.6999999881
13667  -7.558  -64.809  -49.064 0.5000000000
13683  -8.126  -64.399  -49.436 0.6000000238
14583  -26.238  -63.765  -36.488 0.3000000119
14621  -25.947  -63.809  -37.383 0.3000000119
14622  -26.642  -63.837  -37.656 0.3000000119
14700  -10.966  -63.293  -45.884 0.6999999881
14701  -11.680  -63.262  -45.907 0.6999999881
14717  -17.619  -63.623  -46.064 0.6000000238
14718  -18.388  -63.666  -46.306 0.6000000238
14727  -7.652  -63.480  -47.326 0.6000000238
14728  -8.816  -64.010  -47.345 0.6999999881
14733  -19.348  -63.681  -47.263 0.6000000238
14753  -8.753  -63.912  -49.282 0.6999999881
14757  -15.725  -63.961  -49.146 0.3000000119
15642  -9.035  -62.345  -37.288 0.6000000238
15652  -9.728  -62.261  -37.819 0.6000000238
15687  -13.508  -62.457  -44.669 0.6999999881
15688  -14.199  -62.189  -44.854 0.6000000238
15697  -9.900  -62.716  -45.780 0.6999999881
15712  -8.059  -62.950  -46.860 0.6000000238
15714  -9.491  -63.119  -46.176 0.6999999881
15718  -16.540  -62.901  -46.817 0.6000000238
15735  -17.838  -62.235  -46.908 0.6000000238
15750  -19.843  -62.598  -48.380 0.6999999881
15760  -8.803  -62.629  -50.039 0.6999999881
15762  -10.037  -62.013  -49.127 0.6999999881
15765  -20.035  -62.226  -49.220 0.6000000238
16651  -8.558  -61.439  -36.561 0.6000000238
16652  -9.625  -61.933  -36.898 0.6000000238
16668  -11.627  -61.316  -37.459 0.6000000238
16686  -11.515  -61.452  -38.152 0.6000000238
16763  -13.556  -61.763  -43.768 0.6000000238
16765  -15.006  -61.293  -43.835 0.5000000000
16776  -11.191  -61.551  -44.669 0.6999999881
16777  -11.893  -61.966  -44.286 0.6000000238
16779  -15.536  -61.161  -44.267 0.6000000238
16780  -16.184  -60.882  -44.727 0.5000000000
16798  -8.716  -61.783  -46.385 0.6999999881
16831  -15.557  -62.141  -47.948 0.6000000238
16832  -16.807  -61.433  -48.240 0.5000000000
16848  -18.704  -61.102  -49.446 0.5000000000
16860  -20.162  -61.817  -51.019 0.6000000238
16869  -19.714  -61.304  -51.507 0.6000000238
16875  -10.371  -61.059  -52.184 0.5000000000
16876  -10.983  -61.517  -52.216 0.4000000060
17813  -10.832  -60.897  -36.421 0.6000000238
17814  -11.572  -60.645  -36.356 0.6999999881
17815  -12.323  -60.383  -36.427 0.8000000119
17835  -8.421  -59.455  -37.135 0.6000000238
17837  -12.624  -60.509  -37.138 0.6999999881
17858  -12.567  -60.567  -38.409 0.6999999881
17880  -12.433  -60.314  -39.207 0.6999999881
17897  -11.385  -60.459  -40.224 0.5000000000
17898  -12.015  -60.272  -39.921 0.6000000238
17935  -13.771  -60.993  -43.498 0.6000000238
17948  -16.592  -60.224  -44.570 0.6000000238
17949  -17.108  -60.021  -44.852 0.6000000238
17957  -9.417  -60.347  -45.777 0.6999999881
17973  -8.309  -60.456  -46.672 0.5000000000
17978  -16.915  -60.374  -45.735 0.5000000000
17989  -6.340  -59.825  -48.409 0.5000000000
17994  -15.410  -60.155  -46.915 0.5000000000
18046  -17.834  -59.624  -51.579 0.5000000000
18059  -10.294  -60.348  -52.763 0.4000000060
18060  -11.250  -59.949  -53.484 0.4000000060
18966  -9.342  -59.297  -35.012 0.6000000238
18967  -10.077  -59.470  -34.706 0.8000000119
18968  -10.926  -59.464  -34.612 0.8000000119
18980  -9.945  -59.773  -35.599 0.6999999881
18984  -13.076  -59.053  -35.788 0.8000000119
18991  -9.014  -59.651  -36.596 0.6000000238
19008  -13.151  -60.008  -37.185 0.8000000119
19009  -13.418  -59.410  -37.274 0.8000000119
19024  -13.046  -59.916  -38.510 0.6000000238
19067  -10.857  -59.530  -41.587 0.5000000000
19068  -11.547  -59.419  -41.122 0.6000000238
19069  -12.089  -59.332  -40.715 0.6000000238
19092  -13.948  -60.064  -43.522 0.6000000238
19094  -15.553  -59.760  -43.919 0.5000000000
20102  -9.004  -58.288  -33.670 0.6999999881
20116  -9.501  -58.899  -34.172 0.8000000119
20128  -8.831  -58.910  -35.638 0.6000000238
20170  -7.251  -58.184  -38.873 0.6000000238
20171  -7.722  -57.636  -38.697 0.6000000238
20201  -12.983  -58.299  -40.160 0.6999999881
20215  -11.990  -58.829  -41.236 0.6999999881
20229  -15.629  -57.850  -42.197 0.5000000000
20270  -10.841  -58.416  -45.015 0.6999999881
20271  -17.839  -59.022  -45.156 0.5000000000
20279  -7.997  -58.218  -46.891 0.6000000238
20329  -10.144  -57.479  -49.855 0.6999999881
20341  -13.496  -57.585  -50.974 0.6000000238
21186  -9.094  -57.103  -32.631 0.6000000238
21198  -7.917  -57.200  -33.662 0.6000000238
21200  -9.479  -57.841  -33.012 0.6999999881
21206  -3.721  -57.747  -34.502 0.5000000000
21207  -7.658  -57.524  -34.464 0.8000000119
21215  -3.744  -57.446  -35.426 0.5000000000
21216  -12.860  -57.645  -35.433 0.6000000238
21242  -13.470  -57.693  -37.806 0.8000000119
21255  -13.432  -57.663  -38.764 0.6999999881
21279  -13.126  -57.619  -40.094 0.6999999881
21292  -15.194  -57.714  -41.830 0.6000000238
21297  -10.819  -56.447  -43.172 0.6999999881
21300  -16.041  -57.420  -42.795 0.6000000238
21301  -16.944  -57.497  -42.894 0.5000000000
21309  -9.806  -57.677  -43.290 0.6000000238
21326  -15.614  -57.085  -45.208 0.5000000000
21369  -6.917  -56.889  -47.778 0.5000000000
21370  -7.821  -56.525  -47.249 0.6000000238
21383  -14.443  -57.458  -49.596 0.5000000000
21399  -13.057  -57.141  -50.366 0.6000000238
21422  -16.467  -57.551  -51.244 0.5000000000
22296  -6.963  -56.478  -36.658 0.6000000238
22311  -3.576  -56.944  -36.994 0.5000000000
22327  -12.815  -56.254  -38.267 0.8000000119
22328  -13.237  -56.863  -39.017 0.6999999881
22337  -6.585  -55.294  -40.314 0.8000000119
22339  -13.044  -56.724  -39.895 0.6999999881
22351  -14.995  -56.823  -40.646 0.5000000000
22358  -12.382  -56.428  -41.692 0.6000000238
22365  -11.237  -55.824  -43.030 0.6999999881
22366  -11.883  -56.144  -42.419 0.6000000238
22375  -8.506  -56.457  -44.255 0.6000000238
22381  -19.026  -55.580  -43.765 0.5000000000
22393  -13.201  -57.096  -44.896 0.5000000000
22405  -7.020  -55.543  -45.509 0.5000000000
22407  -11.741  -56.149  -45.763 0.6000000238
22426  -10.969  -55.663  -46.286 0.6000000238
23226  -3.666  -55.258  -32.327 0.6000000238
23242  -6.876  -55.037  -33.619 0.6000000238
23243  -7.397  -55.508  -33.224 0.6000000238
23259  -6.891  -55.823  -34.033 0.6999999881
23300  -3.945  -55.143  -37.763 0.6000000238
23302  -7.042  -55.366  -39.466 0.8000000119
23304  -12.183  -55.422  -37.610 0.6999999881
23316  -4.287  -54.656  -39.135 0.6999999881
23318  -5.926  -55.270  -40.462 0.8000000119
23330  -5.403  -54.331  -40.777 0.6999999881
23351  -12.358  -55.516  -41.314 0.6000000238
23369  -8.808  -54.681  -43.960 0.6000000238
23375  -18.530  -55.086  -44.058 0.5000000000
23376  -19.244  -55.473  -44.187 0.5000000000
23386  -7.984  -54.552  -44.595 0.6000000238
23399  -6.817  -55.512  -45.964 0.5000000000
23404  -15.804  -54.211  -46.028 0.6000000238
23405  -16.611  -54.440  -45.412 0.6000000238
23406  -17.528  -54.728  -45.068 0.6000000238
23407  -18.231  -55.052  -44.834 0.5000000000
23416  -6.573  -55.877  -46.583 0.4000000060
23417  -7.175  -55.334  -46.241 0.5000000000
23422  -13.647  -54.513  -46.414 0.5000000000
23433  -7.403  -55.728  -46.973 0.5000000000
24241  -3.809  -54.415  -32.262 0.6000000238
24242  -4.183  -54.279  -31.539 0.6000000238
24253  -7.648  -54.255  -32.458 0.5000000000
24264  -3.599  -54.216  -33.911 0.6999999881
24299  -6.125  -54.452  -35.334 0.6000000238
24333  -11.020  -53.870  -37.250 0.5000000000
24345  -4.040  -53.741  -39.570 0.6999999881
24348  -6.534  -54.860  -40.507 0.8000000119
24361  -4.722  -53.548  -40.838 0.6999999881
24388  -11.200  -54.307  -42.527 0.5000000000
24389  -13.472  -54.120  -43.326 0.6000000238
24396  -8.388  -53.704  -44.205 0.6000000238
24404  -7.816  -54.433  -44.912 0.6000000238
24407  -15.270  -53.742  -45.938 0.6000000238
24417  -9.232  -53.912  -45.400 0.6000000238
24420  -13.266  -53.676  -46.140 0.5000000000
24422  -15.460  -53.897  -46.126 0.6000000238
25273  -4.770  -53.253  -30.460 0.6999999881
25340  -3.462  -53.169  -35.096 0.6999999881
25358  -5.883  -53.732  -34.936 0.6000000238
25386  -10.726  -53.195  -37.696 0.5000000000
25397  -3.834  -52.920  -40.048 0.5000000000
25400  -10.908  -53.177  -38.564 0.6999999881
25412  -4.728  -53.136  -40.790 0.6000000238
25414  -10.779  -52.574  -38.717 0.6999999881
25441  -11.007  -52.909  -41.475 0.6000000238
25454  -13.825  -53.822  -42.320 0.5000000000
25462  -8.672  -53.138  -43.869 0.5000000000
25463  -9.050  -52.627  -43.511 0.6000000238
25475  -12.872  -53.047  -45.009 0.6000000238
25487  -13.353  -53.461  -45.691 0.6000000238
26371  -4.793  -52.409  -29.431 0.6999999881
26387  -4.713  -52.472  -30.242 0.6999999881
26400  -4.025  -52.145  -31.521 0.6999999881
26401  -4.510  -52.652  -31.000 0.6999999881
26413  -3.361  -52.109  -32.933 0.6999999881
26431  -6.293  -52.332  -33.532 0.5000000000
26447  -5.323  -51.923  -34.978 0.5000000000
26458  -3.224  -52.284  -35.670 0.8000000119
26467  -3.343  -51.538  -36.961 0.8000000119
26485  -11.152  -52.319  -37.077 0.5000000000
26499  -3.937  -52.287  -40.098 0.6000000238
26500  -4.480  -52.097  -39.855 0.6000000238
26502  -10.823  -52.203  -38.323 0.5000000000
26517  -4.302  -52.684  -40.458 0.5000000000
26518  -4.595  -52.694  -40.429 0.6999999881
26538  -10.958  -51.504  -40.055 0.6000000238
26539  -10.702  -52.019  -41.109 0.6000000238
26541  -14.167  -52.570  -41.267 0.5000000000
26565  -10.156  -51.890  -42.593 0.6000000238
26575  -13.188  -52.169  -43.446 0.5000000000
26579  -9.246  -52.527  -43.296 0.6000000238
26581  -11.459  -52.229  -44.009 0.6999999881
26582  -12.486  -52.385  -44.226 0.6000000238
27461  -6.474  -51.229  -25.479 0.4000000060
27462  -7.237  -51.321  -25.754 0.4000000060
27484  -6.983  -51.461  -27.033 0.5000000000
27488  -3.679  -50.971  -28.449 0.6000000238
27561  -3.030  -51.660  -34.356 0.8000000119
27573  -5.391  -51.180  -36.315 0.6000000238
27582  -5.700  -50.500  -37.924 0.6000000238
27592  -4.660  -51.343  -38.862 0.6000000238
27594  -11.025  -51.985  -37.996 0.5000000000
27610  -4.002  -51.659  -39.664 0.5000000000
27611  -4.290  -51.767  -39.660 0.5000000000
27613  -11.319  -51.630  -38.657 0.5000000000
27641  -11.506  -50.674  -40.738 0.5000000000
27659  -10.864  -50.973  -41.249 0.6000000238
27661  -12.282  -50.647  -41.615 0.5000000000
27676  -10.656  -51.164  -41.845 0.5000000000
27679  -12.878  -51.157  -42.184 0.5000000000
27691  -10.586  -51.493  -42.465 0.6000000238
27692  -11.559  -51.279  -42.794 0.5000000000
28553  -2.772  -48.936  -23.035 0.3000000119
28573  -7.475  -50.405  -24.823 0.5000000000
28593  -5.131  -50.401  -25.393 0.3000000119
28610  -8.768  -50.920  -26.269 0.4000000060
28617  -6.471  -50.880  -27.572 0.5000000000
28619  -8.817  -51.184  -27.107 0.4000000060
28635  -3.242  -50.244  -29.926 0.5000000000
28689  -6.844  -50.628  -34.043 0.5000000000
28700  -3.086  -50.754  -34.759 0.6000000238
28702  -6.146  -50.576  -36.225 0.6000000238
28712  -3.318  -50.859  -35.886 0.6000000238
28717  -7.445  -49.599  -36.463 0.5000000000
28727  -4.746  -50.321  -37.853 0.5000000000
28728  -6.379  -49.941  -38.251 0.6000000238
28740  -4.132  -50.813  -38.361 0.5000000000
28742  -6.059  -50.035  -38.392 0.5000000000
28743  -6.471  -49.883  -38.153 0.6000000238
28779  -11.172  -50.735  -41.044 0.6000000238
28792  -11.617  -50.566  -41.226 0.5000000000
28802  -11.625  -50.622  -41.761 0.6000000238
29714  -6.843  -49.719  -23.833 0.5000000000
29752  -9.952  -49.588  -25.791 0.4000000060
29759  -1.652  -48.591  -26.484 0.4000000060
29760  -2.181  -48.024  -26.036 0.4000000060
29763  -10.131  -50.152  -26.323 0.4000000060
29764  -10.635  -49.948  -26.607 0.4000000060
29771  -10.812  -49.956  -27.139 0.3000000119
29781  -11.476  -49.178  -28.008 0.4000000060
29786  -2.411  -48.959  -29.564 0.6000000238
29787  -5.454  -48.883  -29.205 0.5000000000
29790  -8.576  -49.510  -29.532 0.4000000060
29806  -2.485  -49.062  -30.561 0.5000000000
29819  -2.550  -49.237  -31.446 0.5000000000
29849  -2.729  -49.636  -32.882 0.6000000238
29853  -8.636  -49.128  -34.020 0.5000000000
29878  -7.616  -49.024  -36.757 0.6000000238
29884  -5.174  -49.781  -37.465 0.5000000000
29886  -6.873  -49.593  -37.664 0.6000000238
30913  -2.088  -48.304  -26.832 0.4000000060
30921  -2.374  -48.324  -27.633 0.4000000060
30926  -2.429  -48.481  -28.561 0.5000000000
30928  -3.645  -47.991  -28.356 0.5000000000
30930  -11.117  -48.838  -28.798 0.4000000060
30937  -2.568  -48.385  -29.448 0.4000000060
30940  -6.389  -48.543  -30.323 0.5000000000
30941  -8.989  -48.837  -30.089 0.4000000060
30957  -2.655  -48.486  -30.167 0.4000000060
30960  -8.559  -48.261  -30.819 0.4000000060
30975  -4.006  -48.226  -31.512 0.4000000060
30977  -8.026  -47.641  -31.514 0.5000000000
30994  -4.241  -48.643  -32.358 0.4000000060
31011  -4.589  -49.010  -33.209 0.5000000000
31015  -11.017  -47.861  -33.364 0.4000000060
31026  -4.993  -49.231  -34.065 0.5000000000
31029  -7.640  -48.218  -36.082 0.4000000060
31030  -9.172  -48.515  -34.832 0.4000000060
31041  -6.497  -48.670  -36.017 0.5000000000
31043  -7.872  -48.626  -36.430 0.4000000060
31045  -9.755  -47.479  -35.715 0.4000000060
31975  -7.089  -48.025  -23.933 0.4000000060
32026  -2.636  -47.956  -28.231 0.5000000000
32030  -2.958  -47.664  -28.427 0.5000000000
32031  -3.347  -47.635  -28.759 0.6000000238
32042  -3.213  -47.578  -29.091 0.5000000000
32060  -3.026  -48.063  -30.425 0.5000000000
32061  -4.369  -47.400  -30.204 0.5000000000
32063  -6.095  -46.989  -31.098 0.5000000000
32066  -10.631  -47.559  -30.228 0.3000000119
32084  -3.774  -47.755  -30.648 0.4000000060
32104  -6.474  -47.052  -32.275 0.4000000060
32118  -7.592  -47.352  -34.367 0.4000000060
32136  -8.893  -47.544  -35.748 0.4000000060
32137  -10.954  -47.313  -35.466 0.4000000060
32138  -11.789  -47.256  -35.085 0.4000000060
33214  -10.156  -46.193  -31.636 0.3000000119
33232  -8.696  -45.591  -32.570 0.4000000060
33252  -8.481  -46.283  -33.864 0.4000000060
33281  -9.381  -47.267  -35.696 0.4000000060
33283  -11.573  -46.536  -36.087 0.4000000060
33294  -12.332  -46.241  -36.257 0.4000000060
34361  -8.078  -45.730  -32.970 0.4000000060
34362  -8.576  -45.236  -32.934 0.4000000060
34381  -9.283  -45.140  -33.572 0.3000000119
35539  -9.459  -44.383  -33.113 0.3000000119
128001  -3.400  -51.811  -37.814 0.8000000119
128581  -16.756  -67.038  -45.674 0.4000000060
130596  -5.008  -53.714  -29.773 0.6999999881
131006  -3.618  -53.974  -35.292 0.6999999881
131692  -27.087  -64.706  -39.035 0.3000000119
131765  -24.798  -66.398  -41.668 0.4000000060
131857  -6.748  -64.790  -48.615 0.5000000000
131961  -12.326  -55.731  -35.194 0.5000000000
132320  -27.071  -73.218  -43.430 0.3000000119
132591  -24.268  -67.561  -47.625 0.5000000000
132962  -3.763  -52.579  -32.206 0.6999999881
133017  -5.833  -57.324  -38.708 0.5000000000
133112  -2.822  -50.897  -33.914 0.8000000119
135666  -20.543  -65.535  -37.900 0.3000000119
135725  -12.745  -59.789  -36.021 0.8000000119
135775  -25.607  -70.112  -45.283 0.4000000060
136262  -23.137  -66.302  -50.166 0.5000000000
137023  -8.188  -61.202  -46.798 0.6999999881
137510  -12.310  -58.235  -41.242 0.6000000238
137776  -9.874  -63.769  -47.435 0.6999999881
139060  -11.651  -50.856  -40.102 0.5000000000
139778  -15.315  -58.128  -44.522 0.5000000000
140582  -9.985  -61.079  -36.471 0.6000000238
140598  -23.819  -69.624  -46.479 0.5000000000
141019  -7.424  -56.185  -39.303 0.8000000119
141152  -6.285  -51.006  -24.855 0.5000000000
141300  -8.607  -55.195  -46.513 0.5000000000
141510  -8.231  -57.999  -38.211 0.6000000238
141784  -12.856  -58.372  -35.401 0.6000000238
141970  -14.253  -54.960  -46.350 0.5000000000
142884  -12.672  -57.188  -50.968 0.6999999881
142954  -3.876  -54.959  -36.139 0.6000000238
143175  -24.085  -67.029  -47.338 0.5000000000
143308  -3.870  -56.081  -37.280 0.6000000238
143503  -11.511  -53.635  -41.004 0.6000000238
143516  -9.393  -63.824  -47.203 0.6999999881
143681  -12.232  -61.152  -43.931 0.6000000238
143717  -8.511  -59.876  -46.487 0.6000000238
143727  -26.136  -70.289  -44.728 0.5000000000
144038  -30.011  -70.756  -42.333 0.3000000119
144050  -31.033  -68.429  -40.745 0.3000000119
144256  -3.497  -58.048  -36.016 0.5000000000
144536  -30.022  -67.996  -40.296 0.3000000119
144596  -27.647  -69.196  -42.826 0.4000000060
144777  -8.422  -50.530  -28.401 0.4000000060
145238  -19.234  -68.054  -40.429 0.3000000119
145652  -15.653  -70.584  -33.385 0.3000000119
147245  -19.883  -67.231  -39.810 0.3000000119
147423  -25.658  -64.082  -36.700 0.3000000119
147461  -8.680  -59.911  -49.950 0.6999999881
147511  -11.891  -62.654  -44.757 0.6999999881
147693  -6.403  -47.793  -30.821 0.5000000000
147892  -26.674  -68.477  -41.062 0.3000000119
148221  -3.813  -54.832  -35.349 0.6999999881
148455  -3.207  -50.283  -34.314 0.6000000238
148540  -9.448  -52.613  -43.885 0.6000000238
148682  -3.498  -53.317  -34.239 0.6999999881
148805  -6.244  -47.053  -31.159 0.4000000060
149180  -8.209  -64.084  -47.419 0.6000000238
149335  -2.494  -48.790  -29.942 0.4000000060
149607  -3.915  -51.292  -38.892 0.5000000000
149819  -15.164  -57.899  -51.153 0.6000000238
149929  -4.897  -55.372  -28.592 0.5000000000
150257  -13.272  -59.842  -37.766 0.8000000119
150781  -2.733  -47.885  -27.915 0.5000000000
150849  -30.608  -68.249  -40.543 0.3000000119
151075  -25.840  -66.496  -43.564 0.3000000119
151106  -6.199  -54.363  -40.546 0.6999999881
152356  -6.046  -49.190  -36.955 0.5000000000
152470  -15.293  -55.098  -40.540 0.5000000000
152813  -13.036  -51.746  -43.287 0.5000000000
153353  -11.402  -53.970  -45.980 0.6000000238
153371  -17.328  -65.524  -34.776 0.3000000119
153434  -18.438  -66.626  -45.451 0.6000000238
153534  -7.140  -47.031  -33.210 0.5000000000
153782  -9.582  -50.410  -28.024 0.4000000060
153787  -4.659  -49.828  -36.667 0.5000000000
154084  -7.355  -57.726  -39.010 0.6000000238
154107  -4.979  -57.111  -38.162 0.5000000000
154216  -12.225  -63.184  -45.978 0.6999999881
154439  -5.036  -54.868  -29.047 0.5000000000
154612  -6.329  -49.849  -23.458 0.5000000000
154800  -23.563  -70.923  -44.591 0.5000000000
