#!ascii label  , from subject sub-v1s3x0050797_ses-1 vox2ras=TkReg
978
71302  -19.507  -9.675  -23.425 0.4285714328
72117  -20.175  -8.205  -24.072 0.2857142985
72967  -20.897  -7.867  -23.680 0.4285714328
72968  -21.589  -7.502  -23.335 0.4285714328
72980  -20.504  -7.516  -24.476 0.2857142985
72981  -21.221  -7.185  -24.104 0.4285714328
73950  -21.865  -6.806  -23.700 0.4285714328
73976  -21.174  -6.157  -25.184 0.4285714328
74927  -21.795  -5.764  -24.765 0.4285714328
75900  -21.783  -4.735  -25.734 0.4285714328
75901  -22.407  -4.345  -25.295 0.4285714328
76802  -21.783  -3.684  -26.770 0.5714285970
75912  -22.118  -4.027  -26.042 0.5714285970
76787  -22.698  -3.606  -25.547 0.4285714328
77708  -23.020  -2.835  -25.852 0.2857142985
77724  -22.081  -2.949  -27.004 0.7142857313
77725  -22.643  -2.506  -26.604 0.7142857313
78621  -23.728  -0.992  -26.133 0.7142857313
77726  -23.307  -1.894  -26.223 0.5714285970
79497  -24.098  -0.236  -26.153 0.5714285970
78620  -23.195  -1.087  -26.820 0.5714285970
79496  -23.535  -0.319  -26.732 0.5714285970
80315  -23.872  0.303  -26.718 0.5714285970
80316  -24.420  0.586  -26.268 0.5714285970
79513  -23.010  -0.390  -27.103 0.5714285970
80308  -25.100  0.506  -25.643 0.4285714328
81154  -24.398  1.904  -26.665 0.5714285970
82022  -25.329  2.640  -26.403 0.5714285970
142555  -23.587  0.994  -26.936 0.7142857313
82021  -24.816  2.664  -26.649 0.7142857313
139435  -25.420  3.366  -26.540 0.7142857313
82023  -25.958  3.049  -25.996 0.5714285970
81165  -23.973  1.745  -26.833 0.5714285970
80327  -22.197  1.079  -27.108 0.5714285970
82033  -24.512  2.545  -26.628 0.8571428657
82930  -25.776  3.866  -26.462 0.7142857313
82913  -26.344  3.679  -25.859 0.5714285970
82032  -24.059  2.340  -26.732 0.7142857313
82031  -23.225  2.385  -26.695 0.5714285970
141866  -26.138  5.353  -26.784 0.7142857313
83821  -26.748  4.293  -25.672 0.5714285970
82928  -24.957  3.356  -26.711 0.7142857313
83838  -25.771  4.748  -26.723 0.7142857313
84738  -26.440  5.054  -26.417 0.5714285970
141878  -25.056  3.997  -26.780 0.7142857313
84739  -26.822  5.682  -26.249 0.5714285970
82927  -24.934  3.732  -26.738 0.5714285970
83836  -25.097  4.314  -26.777 0.7142857313
136120  -26.551  6.382  -26.961 0.7142857313
85679  -27.315  6.256  -25.933 0.7142857313
84757  -25.414  5.327  -26.873 0.7142857313
84758  -25.536  5.773  -27.155 0.7142857313
84759  -26.038  5.829  -27.639 0.7142857313
86660  -26.647  7.016  -27.746 0.7142857313
86643  -27.390  6.913  -26.214 0.5714285970
85700  -25.742  5.556  -28.104 0.7142857313
84770  -24.132  4.812  -26.616 0.5714285970
138700  -27.200  7.737  -27.615 0.5714285970
88553  -28.069  8.981  -27.331 0.5714285970
85718  -25.707  5.878  -28.128 0.8571428657
84771  -24.865  5.422  -26.884 0.8571428657
88552  -27.316  8.121  -28.244 0.7142857313
87600  -26.592  7.351  -29.071 0.7142857313
85719  -25.973  5.905  -29.380 0.8571428657
86659  -26.190  6.666  -29.016 0.7142857313
153878  -26.700  8.072  -30.364 0.8571428657
88579  -27.429  8.526  -29.015 0.5714285970
128062  -26.395  7.114  -29.028 0.8571428657
86678  -26.061  6.518  -29.083 0.8571428657
89503  -26.376  9.384  -28.759 0.8571428657
89519  -26.495  9.225  -29.943 0.8571428657
134970  -26.540  10.242  -29.909 0.8571428657
87627  -26.634  7.763  -29.890 0.8571428657
144059  -26.344  10.379  -27.540 1.0000000000
143594  -26.468  10.384  -28.512 1.0000000000
88578  -26.337  8.417  -29.089 0.8571428657
89502  -26.203  9.660  -27.454 1.0000000000
91237  -26.612  12.370  -27.511 1.0000000000
91996  -25.159  13.242  -26.622 0.7142857313
90396  -26.413  11.371  -27.226 1.0000000000
90395  -25.681  11.658  -26.692 1.0000000000
93581  -25.546  15.568  -26.885 1.0000000000
93580  -24.789  15.465  -26.710 0.8571428657
94413  -25.290  17.013  -27.257 0.8571428657
96993  -25.026  19.764  -27.962 0.8571428657
96985  -24.867  19.040  -27.624 0.8571428657
96155  -25.336  18.390  -27.601 1.0000000000
98532  -24.890  21.395  -28.675 0.8571428657
99324  -24.413  22.176  -28.736 0.7142857313
97753  -22.641  21.130  -28.133 0.5714285970
100051  -23.358  22.853  -28.667 0.7142857313
143801  -24.220  23.317  -29.503 0.5714285970
99321  -21.742  22.469  -28.616 0.5714285970
98530  -22.179  21.711  -28.381 0.5714285970
144618  -20.404  22.665  -28.761 0.4285714328
100058  -21.275  24.150  -29.362 0.4285714328
100763  -22.499  25.205  -30.040 0.4285714328
100047  -18.948  24.125  -28.156 0.2857142985
100039  -18.866  24.222  -27.939 0.2857142985
99320  -19.325  23.304  -28.518 0.2857142985
100022  -19.012  24.150  -27.739 0.2857142985
80330  -24.026  1.018  -26.864 0.5714285970
83820  -26.125  4.434  -26.462 0.5714285970
152344  -28.020  9.178  -28.142 0.5714285970
87628  -26.929  7.742  -29.635 0.8571428657
87643  -26.861  8.110  -30.587 0.8571428657
88621  -26.814  8.358  -30.786 0.8571428657
91997  -26.242  13.238  -27.004 0.8571428657
100025  -21.555  23.588  -26.379 0.1428571492
72979  -19.652  -7.798  -24.815 0.2857142985
72995  -20.160  -7.141  -25.212 0.2857142985
73961  -20.848  -6.835  -24.848 0.2857142985
73962  -21.512  -6.478  -24.452 0.4285714328
74939  -22.110  -5.065  -25.052 0.4285714328
74937  -20.794  -5.785  -25.863 0.2857142985
75911  -21.463  -4.444  -26.477 0.4285714328
75890  -22.698  -4.666  -24.591 0.4285714328
76803  -22.404  -3.275  -26.338 0.5714285970
77739  -21.581  -2.374  -27.325 0.2857142985
77740  -22.268  -2.270  -27.029 0.7142857313
78619  -22.776  -1.770  -26.914 0.7142857313
81146  -26.118  1.564  -25.276 0.4285714328
154432  -22.537  -0.130  -27.200 0.7142857313
80328  -22.900  0.429  -27.114 0.7142857313
80317  -25.026  1.145  -25.921 0.7142857313
81145  -25.464  1.776  -25.861 0.5714285970
82012  -25.985  2.342  -25.675 0.4285714328
141757  -25.065  3.234  -26.731 0.7142857313
82929  -25.282  3.970  -26.716 0.7142857313
81163  -22.628  1.751  -26.887 0.5714285970
81164  -23.512  1.651  -26.834 0.5714285970
85680  -28.110  6.551  -25.311 0.5714285970
138793  -23.918  2.875  -26.672 0.5714285970
84726  -27.363  4.934  -25.395 0.5714285970
83837  -25.433  4.802  -26.751 0.7142857313
83835  -24.602  4.156  -26.713 0.8571428657
85702  -25.980  6.113  -29.247 0.7142857313
88603  -27.174  8.259  -30.361 0.5714285970
87626  -26.124  7.678  -28.790 1.0000000000
90409  -26.617  11.424  -28.426 1.0000000000
89501  -25.109  10.060  -26.655 1.0000000000
91235  -24.922  12.308  -26.530 0.8571428657
137279  -24.687  14.145  -26.618 0.7142857313
141457  -25.682  14.058  -26.812 1.0000000000
142608  -26.452  14.059  -27.427 1.0000000000
92776  -25.180  14.820  -26.695 0.7142857313
92777  -26.032  14.844  -27.103 1.0000000000
92774  -23.703  14.266  -26.770 0.7142857313
94414  -25.821  16.388  -27.216 0.8571428657
142424  -24.275  19.609  -27.657 0.8571428657
95270  -25.698  17.688  -27.554 1.0000000000
150394  -25.986  17.074  -27.500 1.0000000000
98531  -24.057  21.611  -28.313 0.7142857313
100048  -20.434  23.532  -29.078 0.7142857313
99322  -22.818  22.353  -28.492 0.7142857313
100050  -22.561  23.076  -28.728 0.7142857313
98528  -19.710  21.785  -28.578 0.4285714328
142119  -19.462  24.364  -28.956 0.2857142985
130332  -20.507  24.776  -29.608 0.4285714328
100758  -23.118  24.196  -29.431 0.4285714328
100756  -21.520  24.957  -29.766 0.4285714328
146240  -18.884  25.009  -28.028 0.2857142985
100057  -19.755  24.601  -29.324 0.4285714328
78637  -22.190  -1.630  -27.160 0.4285714328
79512  -22.139  -0.716  -27.224 0.4285714328
100049  -21.438  23.305  -28.942 0.7142857313
100056  -19.731  23.822  -29.015 0.2857142985
100753  -19.162  24.535  -28.510 0.2857142985
72098  -19.834  -8.907  -23.697 0.4285714328
72099  -20.584  -8.611  -23.325 0.4285714328
72116  -19.515  -8.466  -24.278 0.2857142985
72100  -21.383  -8.249  -22.913 0.4285714328
74938  -21.466  -5.451  -25.479 0.4285714328
74951  -21.160  -5.156  -26.178 0.4285714328
78638  -22.735  -1.143  -27.083 0.5714285970
80329  -23.486  0.350  -26.908 0.5714285970
82013  -26.583  2.841  -25.357 0.5714285970
143240  -23.030  1.135  -27.009 0.7142857313
82938  -24.199  3.505  -26.637 0.7142857313
84756  -24.844  4.772  -26.793 0.8571428657
151711  -26.157  6.381  -28.309 0.7142857313
88602  -26.563  8.288  -30.178 0.8571428657
86677  -25.943  6.714  -28.804 0.8571428657
91236  -26.008  12.370  -26.780 1.0000000000
91995  -24.163  13.630  -26.614 0.8571428657
97745  -24.511  20.212  -27.959 0.8571428657
128575  -24.317  20.845  -28.154 0.8571428657
143200  -23.169  21.692  -28.265 0.7142857313
99323  -23.700  22.292  -28.500 0.7142857313
135817  -19.810  23.148  -28.823 0.4285714328
138150  -19.181  23.310  -27.472 0.2857142985
100722  -19.597  24.347  -27.402 0.2857142985
100723  -20.999  24.070  -26.802 0.1428571492
73975  -20.456  -6.446  -25.557 0.2857142985
100059  -22.376  23.830  -29.154 0.5714285970
102708  -22.793  27.904  -32.186 0.2857142985
104028  -21.709  29.513  -31.512 0.1428571492
102056  -21.759  26.898  -30.667 0.2857142985
103377  -21.468  28.799  -30.875 0.1428571492
104765  -20.526  29.984  -31.294 0.1428571492
102043  -19.837  26.178  -29.354 0.1428571492
145637  -21.100  26.003  -30.054 0.2857142985
102050  -20.663  26.750  -29.703 0.1428571492
102060  -23.365  26.296  -34.021 0.2857142985
140466  -22.560  27.293  -31.567 0.2857142985
99353  -23.722  21.796  -33.701 0.2857142985
100073  -23.680  23.510  -33.565 0.2857142985
104012  -19.698  29.271  -30.442 0.1428571492
101429  -22.562  25.823  -30.586 0.2857142985
99333  -24.555  22.725  -31.112 0.2857142985
101433  -23.203  25.836  -31.450 0.2857142985
102057  -22.578  26.520  -31.086 0.2857142985
97772  -24.770  20.199  -32.378 0.1428571492
100070  -24.267  23.348  -31.794 0.2857142985
100069  -23.906  23.954  -32.395 0.2857142985
102704  -20.387  28.366  -30.179 0.1428571492
100767  -23.626  24.933  -31.797 0.2857142985
96228  -25.228  18.359  -34.022 0.1428571492
131110  -24.573  19.491  -33.051 0.1428571492
98549  -24.643  21.811  -31.716 0.4285714328
100066  -24.330  23.510  -30.472 0.2857142985
96191  -26.652  18.284  -30.728 0.2857142985
97760  -25.660  20.754  -29.858 0.4285714328
150226  -24.611  22.913  -30.089 0.2857142985
100757  -22.378  24.538  -29.584 0.2857142985
144739  -26.388  16.773  -32.711 0.1428571492
97022  -25.493  19.176  -32.071 0.2857142985
99334  -24.959  22.180  -30.227 0.4285714328
96999  -25.906  20.068  -29.219 0.5714285970
98541  -25.299  21.459  -29.530 0.7142857313
93624  -26.750  16.065  -32.254 0.1428571492
95313  -26.807  17.037  -31.882 0.1428571492
97756  -25.503  20.754  -28.936 0.7142857313
99329  -24.589  22.610  -29.387 0.4285714328
96178  -26.609  18.587  -29.751 0.4285714328
92819  -26.959  14.128  -32.683 0.2857142985
93618  -27.188  15.516  -31.336 0.7142857313
96994  -25.549  19.939  -28.490 0.7142857313
94424  -26.410  16.647  -27.838 0.8571428657
141109  -26.953  17.111  -29.083 0.8571428657
96167  -26.456  18.710  -28.852 0.5714285970
145396  -27.499  13.433  -32.879 0.2857142985
146622  -26.411  18.113  -28.321 0.7142857313
148899  -23.311  18.562  -27.416 0.5714285970
96156  -26.014  18.293  -27.858 0.8571428657
92040  -27.928  12.342  -32.970 0.1428571492
92810  -27.324  14.727  -30.735 0.7142857313
92041  -28.953  11.676  -33.749 0.1428571492
142582  -21.947  10.002  -27.658 0.5714285970
90394  -24.624  11.326  -26.456 0.8571428657
90393  -23.220  11.429  -26.396 0.4285714328
91234  -23.729  12.173  -26.381 0.5714285970
92021  -27.120  13.223  -28.967 0.8571428657
93595  -26.774  15.770  -28.268 0.8571428657
91284  -27.954  10.989  -32.750 0.2857142985
92800  -27.244  14.171  -29.220 0.8571428657
93608  -27.213  15.751  -29.207 0.8571428657
91286  -29.442  10.910  -33.287 0.4285714328
152170  -27.234  13.473  -30.516 0.7142857313
88601  -21.700  9.220  -27.921 0.2857142985
139937  -23.972  9.889  -26.543 0.5714285970
89499  -22.870  10.156  -26.994 0.5714285970
142411  -25.884  10.792  -26.828 0.8571428657
92012  -26.804  13.238  -27.888 0.8571428657
142045  -26.990  14.034  -28.275 0.8571428657
152790  -27.068  14.540  -28.538 0.8571428657
91276  -27.504  10.824  -32.108 0.4285714328
91269  -26.898  12.100  -30.047 0.8571428657
90453  -28.617  10.518  -32.812 0.4285714328
84768  -21.782  5.136  -27.290 0.7142857313
150253  -21.236  6.610  -28.048 0.4285714328
135409  -23.563  5.624  -26.607 0.7142857313
86675  -24.408  7.062  -26.685 0.8571428657
86673  -22.244  7.302  -27.332 0.5714285970
87642  -22.110  8.616  -27.537 0.5714285970
87641  -21.412  8.373  -28.230 0.4285714328
134637  -23.627  7.870  -26.603 0.8571428657
151056  -22.939  8.666  -26.880 0.5714285970
88574  -22.472  9.352  -27.322 0.5714285970
151226  -25.719  8.376  -27.300 0.8571428657
88576  -24.896  9.050  -26.643 0.7142857313
88575  -23.450  9.328  -26.690 0.5714285970
89541  -26.746  9.155  -31.054 0.7142857313
89560  -26.820  9.537  -31.178 0.7142857313
90420  -26.674  11.434  -29.486 0.7142857313
90436  -29.438  11.247  -31.022 0.2857142985
90435  -28.539  10.278  -31.979 0.4285714328
89571  -27.781  9.941  -32.050 0.5714285970
82937  -22.975  3.297  -26.609 0.4285714328
83846  -22.265  4.248  -26.876 0.4285714328
84779  -20.962  5.289  -27.910 0.4285714328
86676  -25.558  6.470  -27.548 0.7142857313
138027  -24.389  6.288  -26.706 0.7142857313
87625  -25.511  7.954  -27.047 0.8571428657
88622  -27.050  8.468  -30.867 0.7142857313
90421  -28.572  10.463  -30.810 0.2857142985
89543  -27.484  9.436  -31.263 0.5714285970
89542  -26.983  8.912  -31.311 0.5714285970
82030  -22.171  2.554  -26.893 0.4285714328
150208  -20.733  3.281  -27.954 0.5714285970
84769  -22.900  4.956  -26.658 0.5714285970
89520  -28.531  10.149  -29.283 0.4285714328
89544  -29.193  10.810  -29.622 0.4285714328
141989  -28.216  9.968  -30.320 0.4285714328
140987  -21.858  0.233  -27.310 0.5714285970
136659  -28.311  5.239  -24.622 0.4285714328
84740  -27.755  5.784  -25.296 0.4285714328
88554  -29.037  9.270  -26.572 0.4285714328
86661  -27.626  7.710  -26.466 0.4285714328
88581  -29.580  9.781  -27.154 0.4285714328
130446  -28.636  9.546  -27.571 0.4285714328
76775  -22.971  -3.958  -24.827 0.1428571492
86644  -28.373  7.364  -25.505 0.4285714328
87581  -28.645  8.271  -25.823 0.4285714328
87602  -29.386  8.788  -25.963 0.4285714328
77709  -23.768  -2.464  -25.301 0.1428571492
151594  -24.298  -2.052  -25.126 0.1428571492
79487  -25.677  0.038  -25.056 0.2857142985
83796  -29.519  3.970  -23.566 0.2857142985
150880  -31.180  6.577  -25.541 0.2857142985
84728  -30.160  5.621  -24.031 0.2857142985
82014  -27.158  2.906  -24.822 0.4285714328
144043  -29.646  6.290  -24.344 0.2857142985
143870  -27.992  4.539  -24.625 0.2857142985
85682  -30.538  7.301  -25.289 0.2857142985
85681  -29.913  6.981  -24.656 0.4285714328
77696  -23.978  -3.102  -24.578 0.1428571492
77697  -24.465  -2.421  -24.713 0.1428571492
77710  -24.779  -1.656  -24.925 0.2857142985
78606  -25.273  -0.852  -25.028 0.2857142985
81132  -27.548  1.631  -24.119 0.2857142985
82885  -29.238  3.150  -23.473 0.2857142985
141475  -28.303  3.030  -23.922 0.2857142985
81131  -26.717  1.521  -24.678 0.2857142985
83795  -28.764  3.729  -23.782 0.2857142985
79475  -27.345  -0.187  -23.796 0.2857142985
78590  -25.656  -1.520  -24.481 0.2857142985
79474  -26.524  -0.048  -24.445 0.2857142985
79473  -26.045  -0.762  -24.523 0.2857142985
80298  -27.055  0.712  -24.280 0.2857142985
74928  -22.427  -5.385  -24.349 0.2857142985
75891  -23.347  -4.313  -24.203 0.1428571492
71303  -20.265  -9.386  -23.052 0.2857142985
71279  -19.992  -10.159  -22.837 0.2857142985
74914  -22.799  -5.718  -23.638 0.2857142985
71280  -20.739  -9.879  -22.551 0.1428571492
70499  -19.284  -10.488  -23.251 0.2857142985
69594  -19.142  -11.344  -23.244 0.1428571492
78591  -26.461  -1.413  -24.114 0.2857142985
80278  -27.859  0.715  -23.625 0.2857142985
83808  -29.813  4.828  -23.729 0.2857142985
83806  -27.460  4.081  -24.944 0.4285714328
84727  -28.707  6.074  -24.634 0.4285714328
86646  -30.790  8.023  -26.009 0.2857142985
85716  -21.837  6.618  -27.471 0.7142857313
87582  -29.619  8.331  -25.572 0.4285714328
87601  -27.832  8.431  -26.780 0.4285714328
88580  -27.936  9.373  -28.970 0.4285714328
90422  -29.828  11.438  -30.078 0.2857142985
89562  -27.767  9.779  -31.749 0.5714285970
95269  -24.877  17.729  -27.340 0.7142857313
152325  -26.886  11.104  -30.843 0.7142857313
97754  -23.455  20.995  -28.022 0.4285714328
97744  -23.765  20.261  -27.780 0.5714285970
96986  -25.630  19.104  -28.008 0.7142857313
90446  -29.019  10.501  -32.650 0.2857142985
92814  -27.036  14.405  -31.717 0.5714285970
100065  -23.804  24.014  -29.779 0.2857142985
133084  -26.520  17.852  -31.664 0.4285714328
97010  -26.245  19.197  -30.762 0.4285714328
103341  -19.949  28.793  -29.819 0.1428571492
98561  -24.654  20.914  -32.182 0.2857142985
101435  -23.462  25.555  -32.699 0.2857142985
140775  -21.005  -9.061  -22.677 0.1428571492
71317  -18.986  -9.097  -24.085 0.2857142985
72969  -22.223  -7.170  -23.035 0.1428571492
73963  -22.165  -6.110  -24.065 0.2857142985
76776  -23.534  -3.690  -24.496 0.1428571492
149516  -24.806  -3.051  -24.154 0.1428571492
77699  -26.079  -2.142  -24.000 0.1428571492
79486  -24.821  -0.150  -25.584 0.2857142985
82886  -30.181  3.324  -23.347 0.2857142985
80309  -25.624  0.949  -25.435 0.2857142985
83797  -30.410  4.158  -23.574 0.2857142985
82936  -21.584  3.489  -27.276 0.5714285970
140153  -26.491  2.110  -25.129 0.2857142985
81997  -27.627  2.552  -24.342 0.2857142985
83856  -20.600  4.588  -28.303 0.2857142985
132739  -31.188  7.257  -26.034 0.2857142985
87604  -31.346  8.456  -26.749 0.2857142985
133281  -22.288  5.818  -27.070 0.7142857313
85729  -20.819  6.896  -28.611 0.4285714328
137117  -30.684  8.675  -26.297 0.4285714328
141180  -21.426  9.800  -28.281 0.2857142985
87623  -22.579  7.974  -27.157 0.7142857313
88582  -30.631  9.863  -27.197 0.1428571492
89505  -30.075  10.443  -27.781 0.4285714328
89504  -29.028  10.174  -28.081 0.4285714328
89522  -30.589  11.008  -28.343 0.1428571492
91248  -26.836  12.345  -28.664 0.8571428657
90410  -30.498  11.532  -29.132 0.1428571492
144411  -29.376  10.982  -31.932 0.2857142985
90444  -27.941  10.262  -32.341 0.5714285970
92035  -27.136  12.130  -32.018 0.7142857313
94434  -26.885  16.531  -28.685 0.8571428657
91293  -30.817  12.153  -34.238 0.2857142985
91292  -29.898  11.519  -33.884 0.1428571492
100755  -19.780  25.465  -29.489 0.2857142985
129281  -27.126  13.359  -32.248 0.4285714328
91285  -28.879  10.895  -33.480 0.4285714328
92046  -28.216  12.995  -33.452 0.1428571492
94445  -27.251  16.573  -30.423 0.5714285970
92054  -28.291  13.401  -34.195 0.1428571492
93630  -26.768  15.035  -32.354 0.1428571492
102699  -20.884  27.665  -29.824 0.1428571492
143129  -26.907  17.897  -29.982 0.5714285970
93629  -26.431  15.438  -33.012 0.1428571492
95321  -26.167  17.488  -32.609 0.1428571492
97766  -25.419  20.570  -31.078 0.2857142985
96203  -26.081  18.596  -31.736 0.2857142985
153594  -25.854  18.130  -32.477 0.1428571492
95320  -25.382  17.999  -33.339 0.1428571492
96202  -25.100  18.688  -32.967 0.1428571492
98560  -23.837  21.211  -33.175 0.2857142985
144444  -23.757  20.831  -33.899 0.2857142985
97034  -24.159  19.690  -33.897 0.1428571492
72951  -22.531  -7.638  -22.615 0.1428571492
75892  -24.116  -3.838  -23.906 0.1428571492
83809  -30.581  4.901  -23.885 0.2857142985
90437  -30.451  12.063  -30.583 0.2857142985
97049  -24.826  19.041  -33.789 0.1428571492
136559  -23.752  21.363  -33.970 0.2857142985
72950  -21.941  -7.735  -22.803 0.1428571492
73951  -22.555  -6.468  -23.322 0.1428571492
76788  -23.308  -3.262  -25.075 0.1428571492
78604  -24.050  -1.676  -25.549 0.2857142985
78605  -24.472  -0.936  -25.559 0.2857142985
82914  -26.988  3.526  -25.189 0.4285714328
83847  -23.526  4.142  -26.587 0.4285714328
131296  -25.033  7.430  -26.830 0.7142857313
149947  -26.713  10.757  -30.530 0.7142857313
88577  -25.929  8.799  -27.483 0.8571428657
97755  -25.036  20.515  -28.343 0.7142857313
98540  -24.909  22.008  -29.249 0.5714285970
100060  -23.405  23.538  -29.054 0.2857142985
80310  -26.275  0.777  -24.832 0.2857142985
85661  -29.072  6.892  -24.751 0.4285714328
92791  -26.697  14.872  -27.923 0.8571428657
138056  -26.615  17.328  -28.422 0.8571428657
101424  -20.778  25.489  -29.830 0.2857142985
100764  -23.252  24.696  -29.941 0.2857142985
102052  -21.787  26.251  -30.447 0.2857142985
101428  -20.393  26.060  -29.734 0.2857142985
103378  -22.663  28.736  -31.835 0.1428571492
102706  -22.234  28.100  -31.090 0.2857142985
103376  -20.073  28.723  -30.612 0.1428571492
154625  -21.775  27.519  -30.704 0.2857142985
130948  -23.086  27.377  -33.309 0.2857142985
102700  -21.031  27.379  -30.166 0.1428571492
102051  -21.053  26.523  -30.089 0.1428571492
102058  -23.071  26.586  -32.347 0.2857142985
100074  -23.703  22.816  -33.165 0.2857142985
100770  -23.693  24.536  -33.045 0.2857142985
103360  -19.756  28.840  -30.150 0.1428571492
99342  -24.072  22.250  -32.622 0.2857142985
101430  -23.259  25.213  -30.691 0.2857142985
98550  -25.240  21.344  -30.695 0.2857142985
97784  -23.955  20.275  -33.531 0.1428571492
137680  -23.871  24.351  -30.907 0.2857142985
97035  -24.680  19.174  -33.681 0.1428571492
97009  -25.982  20.031  -30.261 0.4285714328
94458  -25.752  16.118  -34.158 0.1428571492
94451  -27.150  16.464  -31.244 0.1428571492
128063  -25.461  19.806  -31.600 0.2857142985
97000  -26.299  19.370  -29.520 0.5714285970
96166  -26.067  19.359  -28.661 0.7142857313
152758  -27.290  16.086  -30.813 0.4285714328
94444  -27.039  17.360  -30.810 0.5714285970
93609  -27.344  15.730  -30.272 0.7142857313
94435  -27.199  16.493  -29.579 0.7142857313
145603  -26.796  17.891  -29.097 0.7142857313
142606  -27.351  14.917  -29.758 0.8571428657
89500  -23.688  10.641  -26.423 0.5714285970
89518  -22.838  10.914  -26.946 0.4285714328
92022  -27.233  13.331  -29.942 0.8571428657
92030  -27.155  13.595  -31.160 0.8571428657
91270  -27.079  11.287  -31.347 0.7142857313
83845  -21.249  4.462  -27.545 0.5714285970
85730  -21.422  5.948  -27.672 0.4285714328
85717  -22.817  6.508  -26.767 0.7142857313
86674  -23.241  7.190  -26.667 0.7142857313
86689  -21.414  7.377  -27.996 0.4285714328
87622  -21.874  7.956  -27.610 0.5714285970
86688  -20.853  7.731  -28.697 0.2857142985
87624  -24.208  8.471  -26.580 0.7142857313
89561  -27.268  9.615  -31.492 0.5714285970
90433  -26.977  10.172  -31.404 0.7142857313
133292  -29.256  5.474  -24.122 0.2857142985
88555  -30.106  9.188  -26.358 0.4285714328
86645  -29.527  7.689  -25.114 0.4285714328
83807  -28.802  4.550  -24.016 0.2857142985
82898  -28.146  3.869  -24.320 0.2857142985
85662  -30.507  6.342  -24.641 0.2857142985
82897  -27.601  3.325  -24.579 0.2857142985
151879  -30.170  8.054  -25.487 0.4285714328
81998  -28.136  2.212  -23.793 0.2857142985
77698  -25.277  -2.291  -24.348 0.1428571492
147023  -26.758  -0.763  -24.167 0.2857142985
70475  -19.853  -10.953  -22.765 0.1428571492
71281  -21.652  -9.591  -22.395 0.1428571492
89521  -29.648  10.783  -28.669 0.2857142985
102684  -20.915  27.789  -29.591 0.1428571492
72084  -21.682  -8.813  -22.530 0.1428571492
102683  -20.262  26.923  -28.999 0.1428571492
95267  -22.875  17.908  -27.424 0.5714285970
137589  -23.401  16.406  -27.272 0.4285714328
94412  -23.243  17.145  -27.321 0.4285714328
93578  -23.012  15.707  -27.344 0.4285714328
136471  -24.238  16.905  -27.158 0.5714285970
95268  -23.897  17.934  -27.287 0.4285714328
139299  -23.343  15.014  -27.092 0.4285714328
139969  -22.631  15.069  -27.439 0.4285714328
93579  -23.971  15.808  -26.971 0.5714285970
140660  -24.979  16.228  -26.843 0.5714285970
143100  -24.027  12.968  -26.575 0.5714285970
84761  -32.372  5.864  -27.236 0.1428571492
85703  -31.872  6.789  -26.670 0.1428571492
86663  -32.410  7.580  -27.577 0.1428571492
75926  -21.138  -4.097  -27.186 0.2857142985
84729  -30.842  5.486  -24.344 0.1428571492
84782  -34.302  5.766  -28.788 0.1428571492
85732  -34.662  6.593  -28.401 0.1428571492
85720  -33.442  6.617  -28.675 0.1428571492
85705  -35.006  6.613  -27.166 0.1428571492
82899  -31.413  4.094  -24.263 0.1428571492
83823  -32.040  4.528  -25.654 0.1428571492
83810  -31.149  4.807  -24.239 0.1428571492
141441  -32.421  5.052  -27.213 0.1428571492
140544  -35.091  4.897  -27.445 0.1428571492
84772  -32.671  5.260  -28.309 0.1428571492
129815  -33.495  4.924  -23.770 0.1428571492
84743  -34.296  5.562  -25.427 0.1428571492
84731  -33.636  5.600  -24.410 0.1428571492
75910  -20.805  -4.874  -26.875 0.2857142985
74963  -20.020  -5.370  -27.119 0.2857142985
138011  -29.255  1.090  -23.048 0.1428571492
81119  -30.418  1.834  -23.101 0.1428571492
81984  -29.837  2.511  -23.158 0.1428571492
81117  -28.533  1.479  -23.439 0.1428571492
82887  -31.074  3.510  -23.665 0.1428571492
82931  -32.455  3.804  -27.110 0.1428571492
81999  -32.177  3.006  -25.296 0.1428571492
83858  -33.014  4.473  -29.194 0.1428571492
82916  -32.331  3.788  -25.981 0.1428571492
83849  -34.621  4.491  -28.219 0.1428571492
83812  -34.680  4.134  -25.705 0.1428571492
83799  -33.756  4.069  -24.120 0.1428571492
83811  -34.111  4.715  -24.882 0.1428571492
74950  -20.560  -5.465  -26.487 0.2857142985
74949  -19.330  -5.972  -26.834 0.2857142985
153850  -27.957  -0.676  -23.365 0.1428571492
80280  -29.539  0.491  -22.889 0.1428571492
137264  -30.052  1.110  -22.865 0.1428571492
81120  -31.205  1.880  -23.535 0.1428571492
137660  -32.415  3.181  -27.751 0.1428571492
146819  -31.808  2.599  -24.517 0.1428571492
82952  -34.103  3.511  -28.696 0.1428571492
137894  -35.058  4.008  -26.470 0.1428571492
82941  -34.860  3.737  -27.712 0.1428571492
83773  -33.387  4.484  -22.145 0.1428571492
142487  -33.412  4.297  -23.073 0.1428571492
78575  -27.290  -1.201  -23.614 0.1428571492
79452  -28.801  -0.667  -22.939 0.1428571492
131700  -28.178  -1.304  -23.139 0.1428571492
151363  -31.139  0.657  -23.469 0.1428571492
147739  -30.402  -0.656  -23.019 0.1428571492
81156  -32.310  1.706  -26.742 0.1428571492
140872  -30.860  1.142  -23.274 0.1428571492
82034  -32.378  2.618  -28.392 0.1428571492
81134  -32.119  2.132  -25.054 0.1428571492
82043  -32.706  2.893  -28.995 0.1428571492
82901  -34.547  3.307  -25.324 0.1428571492
137072  -34.955  3.046  -27.624 0.1428571492
82888  -33.606  3.413  -23.483 0.1428571492
82900  -34.070  3.289  -24.463 0.1428571492
139757  -28.503  -1.812  -22.832 0.1428571492
78579  -31.225  -1.419  -23.907 0.1428571492
154405  -30.908  -0.937  -23.480 0.1428571492
78577  -29.686  -1.175  -22.796 0.1428571492
80299  -31.837  0.497  -24.842 0.1428571492
79454  -30.951  -0.384  -23.426 0.1428571492
79453  -29.679  -0.269  -22.833 0.1428571492
81176  -32.335  1.979  -28.821 0.1428571492
80319  -31.860  1.188  -27.653 0.1428571492
81177  -32.666  2.110  -29.116 0.1428571492
82035  -35.259  2.232  -27.345 0.1428571492
82044  -33.316  2.797  -29.080 0.1428571492
144597  -31.446  -2.015  -24.656 0.1428571492
78578  -30.568  -1.508  -23.245 0.1428571492
78546  -30.020  -1.902  -22.880 0.1428571492
146399  -31.665  -0.262  -26.668 0.1428571492
140862  -31.568  -1.556  -25.487 0.1428571492
80332  -31.814  1.276  -28.718 0.1428571492
130898  -31.793  0.379  -27.053 0.1428571492
82025  -35.275  2.818  -26.609 0.1428571492
81178  -33.629  1.877  -28.902 0.1428571492
79476  -31.660  -0.355  -24.778 0.1428571492
80281  -30.526  0.279  -23.067 0.1428571492
143479  -32.144  0.917  -26.069 0.1428571492
82015  -32.394  2.305  -26.037 0.1428571492
81983  -28.904  2.352  -23.419 0.1428571492
82864  -33.406  3.653  -22.446 0.1428571492
84667  -33.795  5.266  -21.525 0.1428571492
142925  -34.258  3.895  -24.896 0.1428571492
148843  -34.268  5.105  -28.797 0.1428571492
83824  -34.646  4.923  -25.761 0.1428571492
85663  -31.222  5.825  -24.999 0.1428571492
85704  -32.645  6.768  -27.930 0.1428571492
73990  -20.058  -6.058  -26.326 0.2857142985
82016  -34.961  2.627  -25.752 0.1428571492
82001  -34.405  2.535  -24.908 0.1428571492
130167  -33.557  3.902  -21.675 0.1428571492
83756  -34.045  4.705  -21.208 0.1428571492
91994  -23.288  13.570  -26.851 0.4285714328
84693  -33.461  5.911  -21.958 0.1428571492
129549  -33.314  5.243  -22.657 0.1428571492
85684  -34.586  6.357  -26.208 0.1428571492
150451  -33.322  5.689  -23.457 0.1428571492
86679  -33.417  7.559  -28.419 0.1428571492
86662  -31.590  7.686  -26.714 0.1428571492
96984  -23.267  19.425  -27.551 0.4285714328
99368  -24.225  21.743  -34.178 0.1428571492
96154  -24.054  18.836  -27.431 0.4285714328
99367  -23.828  22.337  -34.103 0.1428571492
84760  -31.736  5.903  -25.997 0.1428571492
80279  -28.724  0.634  -23.208 0.1428571492
78574  -26.808  -2.007  -23.564 0.1428571492
79451  -28.268  -0.024  -23.324 0.1428571492
88556  -31.112  9.172  -26.849 0.1428571492
84741  -31.669  5.213  -25.385 0.1428571492
84780  -33.214  5.739  -28.879 0.1428571492
85731  -34.004  6.253  -29.025 0.1428571492
146344  -34.810  5.520  -28.140 0.1428571492
84781  -33.564  5.285  -29.109 0.1428571492
84742  -32.149  5.170  -26.307 0.1428571492
132002  -35.044  6.237  -27.682 0.1428571492
85721  -34.379  7.347  -28.623 0.1428571492
86648  -34.795  7.317  -26.980 0.1428571492
144468  -35.046  6.047  -26.896 0.1428571492
137407  -31.649  3.295  -24.376 0.1428571492
82915  -31.887  3.891  -25.032 0.1428571492
83822  -31.588  4.635  -24.836 0.1428571492
83848  -32.482  4.491  -27.745 0.1428571492
84744  -34.822  5.509  -26.319 0.1428571492
83825  -35.040  4.737  -26.570 0.1428571492
83857  -32.719  4.479  -28.753 0.1428571492
142279  -29.004  0.044  -22.956 0.1428571492
81118  -29.501  1.733  -23.076 0.1428571492
81986  -31.416  2.644  -23.840 0.1428571492
131063  -32.436  3.077  -26.514 0.1428571492
82940  -32.518  3.827  -28.305 0.1428571492
83859  -33.706  4.451  -29.051 0.1428571492
82951  -33.132  3.689  -29.183 0.1428571492
82932  -35.236  3.551  -26.893 0.1428571492
81133  -31.710  1.949  -24.214 0.1428571492
133007  -31.533  1.086  -23.919 0.1428571492
147926  -32.547  3.232  -28.622 0.1428571492
82024  -32.395  2.448  -27.228 0.1428571492
82045  -34.351  2.479  -28.426 0.1428571492
82917  -35.026  3.409  -26.107 0.1428571492
77687  -27.733  -2.046  -23.146 0.1428571492
78576  -28.889  -1.371  -22.790 0.1428571492
79455  -31.325  -0.694  -23.953 0.1428571492
81148  -32.266  1.645  -25.727 0.1428571492
81166  -32.088  1.901  -28.087 0.1428571492
81147  -32.013  1.346  -24.915 0.1428571492
78592  -31.518  -1.152  -24.726 0.1428571492
143908  -32.869  1.451  -29.159 0.1428571492
81157  -35.532  1.395  -26.981 0.1428571492
79488  -31.857  0.018  -25.840 0.1428571492
70497  -17.597  -11.219  -23.930 0.1428571492
70507  -17.579  -10.302  -24.035 0.1428571492
70498  -18.435  -10.841  -23.585 0.1428571492
71301  -18.642  -9.961  -23.718 0.1428571492
72135  -18.904  -8.338  -24.685 0.1428571492
72134  -18.144  -8.258  -25.055 0.1428571492
72994  -18.774  -7.622  -25.389 0.1428571492
73974  -19.772  -6.715  -25.821 0.1428571492
73011  -18.287  -7.040  -26.065 0.1428571492
73973  -19.076  -6.941  -25.967 0.1428571492
73989  -19.397  -6.449  -26.322 0.1428571492
146232  -18.247  -6.198  -26.891 0.1428571492
74948  -18.603  -5.920  -27.086 0.1428571492
75924  -19.520  -4.721  -27.717 0.1428571492
74962  -19.094  -5.423  -27.395 0.1428571492
75925  -20.368  -4.478  -27.480 0.1428571492
76820  -20.662  -3.640  -27.657 0.1428571492
76821  -21.372  -3.281  -27.303 0.1428571492
76819  -19.890  -3.932  -27.987 0.2857142985
80341  -20.480  1.136  -28.238 0.4285714328
81162  -21.686  1.839  -27.277 0.4285714328
82042  -21.202  2.629  -27.603 0.4285714328
91247  -22.821  12.071  -26.703 0.2857142985
91993  -22.413  13.380  -27.423 0.2857142985
134789  -21.263  16.177  -28.179 0.2857142985
94422  -21.669  16.855  -27.774 0.2857142985
144075  -22.459  17.243  -27.512 0.2857142985
95266  -21.873  17.850  -27.722 0.4285714328
75933  -19.037  -4.072  -28.180 0.1428571492
76831  -19.391  -3.310  -28.277 0.2857142985
77738  -20.817  -2.833  -27.656 0.1428571492
145987  -18.349  -8.792  -24.543 0.1428571492
144749  -17.841  -7.618  -25.605 0.1428571492
129683  -17.819  -6.479  -26.634 0.1428571492
74961  -18.363  -5.470  -27.449 0.1428571492
75923  -18.508  -4.802  -27.838 0.1428571492
76832  -20.143  -3.118  -28.020 0.2857142985
77754  -20.272  -2.439  -27.913 0.2857142985
78635  -20.752  -1.997  -27.627 0.2857142985
78636  -21.388  -1.406  -27.409 0.2857142985
79511  -21.162  -0.501  -27.544 0.4285714328
79523  -20.831  0.349  -27.789 0.4285714328
90408  -22.481  11.520  -27.214 0.2857142985
91246  -22.159  12.398  -27.459 0.2857142985
91233  -22.986  12.799  -26.768 0.2857142985
134399  -21.665  13.128  -28.137 0.2857142985
154823  -22.715  14.297  -27.333 0.2857142985
93593  -21.420  15.395  -28.220 0.2857142985
137817  -20.682  14.937  -28.813 0.2857142985
94423  -21.804  16.065  -27.785 0.2857142985
90406  -21.042  11.453  -28.579 0.2857142985
92010  -21.159  13.702  -28.575 0.2857142985
92789  -21.314  14.487  -28.441 0.2857142985
92011  -21.845  13.980  -27.957 0.2857142985
92790  -21.984  14.793  -27.792 0.2857142985
93594  -22.208  15.565  -27.630 0.2857142985
91244  -20.870  12.942  -28.696 0.2857142985
92009  -20.559  13.474  -29.066 0.2857142985
80342  -21.308  1.097  -27.575 0.4285714328
152718  -19.493  -7.247  -25.470 0.1428571492
73988  -18.689  -6.452  -26.567 0.1428571492
143728  -18.059  -9.424  -24.284 0.1428571492
72993  -17.434  -7.018  -26.073 0.1428571492
79522  -20.333  -0.346  -28.045 0.4285714328
92020  -19.888  13.703  -29.570 0.2857142985
82041  -20.356  2.719  -28.666 0.2857142985
82949  -20.757  3.927  -27.852 0.2857142985
102713  -24.331  27.556  -34.847 0.1428571492
101436  -24.654  25.760  -33.989 0.1428571492
101442  -24.039  25.716  -35.801 0.1428571492
100093  -23.961  24.395  -34.765 0.1428571492
99366  -23.783  23.034  -34.193 0.1428571492
102710  -24.618  27.582  -33.279 0.1428571492
101441  -23.836  25.288  -35.442 0.1428571492
102063  -23.390  27.142  -34.714 0.1428571492
147093  -23.683  29.612  -33.684 0.1428571492
82948  -20.314  3.736  -28.851 0.2857142985
100081  -24.180  23.379  -34.369 0.1428571492
99352  -23.656  22.718  -33.889 0.1428571492
100773  -24.163  24.993  -35.222 0.1428571492
141047  -24.293  24.255  -34.520 0.1428571492
100080  -23.787  23.571  -34.240 0.1428571492
102716  -23.989  27.361  -35.898 0.1428571492
103385  -23.745  28.763  -34.546 0.1428571492
102712  -23.452  27.951  -34.479 0.1428571492
102709  -23.088  28.113  -33.119 0.1428571492
140400  -23.657  24.114  -34.038 0.1428571492
132595  -23.571  25.058  -34.013 0.1428571492
81175  -20.814  1.902  -27.950 0.2857142985
102066  -24.133  26.334  -35.882 0.1428571492
103386  -24.090  28.554  -35.245 0.1428571492
101439  -24.339  25.636  -35.231 0.1428571492
130758  -23.808  25.960  -35.814 0.1428571492
102065  -23.892  26.685  -35.930 0.1428571492
104041  -24.441  28.990  -34.131 0.1428571492
149591  -23.571  26.496  -35.379 0.1428571492
101440  -24.632  24.743  -34.283 0.1428571492
91257  -20.613  12.151  -29.002 0.1428571492
91245  -21.384  12.274  -28.342 0.1428571492
92788  -20.603  14.138  -28.965 0.1428571492
92808  -17.662  15.063  -30.418 0.1428571492
93617  -18.592  14.995  -29.866 0.1428571492
90407  -21.751  11.519  -27.878 0.1428571492
92799  -20.040  14.586  -29.380 0.1428571492
93605  -18.730  15.776  -29.579 0.1428571492
94432  -18.848  16.733  -29.439 0.1428571492
88599  -20.493  9.201  -29.172 0.1428571492
89515  -20.773  9.996  -28.799 0.1428571492
89540  -20.760  10.781  -28.826 0.1428571492
91277  -29.831  11.305  -32.572 0.1428571492
135329  -19.837  12.003  -29.756 0.1428571492
93592  -20.521  15.874  -28.677 0.1428571492
133842  -20.721  16.793  -28.343 0.1428571492
94421  -19.750  16.773  -28.922 0.1428571492
95286  -18.818  17.586  -29.188 0.2857142985
95288  -20.887  18.326  -28.164 0.2857142985
139852  -18.844  20.468  -28.727 0.2857142985
97740  -18.259  20.294  -28.361 0.2857142985
101423  -19.363  25.642  -28.994 0.1428571492
99283  -19.854  22.783  -26.559 0.1428571492
95287  -19.943  17.727  -28.538 0.2857142985
96982  -21.443  19.131  -28.079 0.2857142985
97743  -22.691  20.343  -27.868 0.2857142985
96992  -20.630  19.781  -28.464 0.2857142985
96991  -19.515  19.646  -28.624 0.2857142985
140444  -21.627  20.919  -28.320 0.2857142985
138657  -19.815  20.419  -28.660 0.2857142985
98529  -20.983  21.758  -28.556 0.2857142985
99311  -19.079  22.634  -28.198 0.1428571492
97741  -18.494  20.892  -27.538 0.2857142985
101394  -19.060  25.221  -28.018 0.1428571492
130706  -20.326  24.549  -27.246 0.1428571492
96989  -18.005  19.746  -28.335 0.1428571492
96152  -18.127  19.117  -28.466 0.1428571492
139388  -18.107  17.448  -29.453 0.2857142985
98524  -18.806  21.586  -28.135 0.1428571492
99300  -19.035  22.454  -27.551 0.1428571492
98518  -18.973  21.541  -26.898 0.1428571492
94443  -17.785  16.725  -29.507 0.2857142985
97719  -18.515  20.801  -26.740 0.1428571492
99284  -20.133  22.194  -25.314 0.1428571492
136302  -18.692  21.083  -26.275 0.1428571492
92786  -16.589  15.397  -29.109 0.1428571492
91287  -30.464  11.864  -33.476 0.1428571492
88600  -21.104  9.173  -28.559 0.1428571492
89539  -20.262  10.508  -29.401 0.1428571492
91278  -30.584  12.321  -32.135 0.1428571492
90418  -19.713  11.029  -29.846 0.1428571492
91267  -19.263  12.199  -30.404 0.1428571492
129435  -19.020  12.965  -30.488 0.1428571492
92809  -18.388  14.503  -30.332 0.1428571492
93606  -19.428  15.120  -29.542 0.1428571492
149179  -17.755  15.920  -29.584 0.1428571492
143185  -17.802  17.275  -29.475 0.2857142985
96165  -19.717  18.726  -28.536 0.1428571492
141735  -20.470  19.105  -28.418 0.2857142985
139443  -18.848  19.184  -28.601 0.1428571492
96961  -19.196  19.568  -25.693 0.1428571492
97733  -18.113  20.429  -27.825 0.2857142985
99310  -18.956  23.597  -28.109 0.1428571492
91271  -30.110  11.797  -31.497 0.1428571492
97752  -20.306  21.072  -28.565 0.2857142985
99299  -18.895  23.483  -27.928 0.1428571492
100023  -19.751  23.586  -27.134 0.1428571492
97751  -19.168  21.061  -28.789 0.2857142985
98527  -19.093  21.610  -28.478 0.2857142985
128607  -19.457  22.513  -28.534 0.2857142985
101378  -19.526  25.055  -27.593 0.1428571492
96153  -22.404  18.702  -27.625 0.2857142985
87640  -20.729  8.494  -28.881 0.1428571492
135795  -20.415  7.958  -29.230 0.1428571492
96983  -22.306  19.537  -27.785 0.2857142985
89516  -21.455  10.627  -28.261 0.1428571492
90423  -30.938  12.236  -29.780 0.1428571492
131492  -21.029  17.477  -28.075 0.1428571492
90419  -20.412  11.326  -29.283 0.1428571492
91256  -20.239  12.877  -29.428 0.1428571492
92029  -19.101  13.690  -30.268 0.1428571492
148810  -19.362  11.493  -30.315 0.1428571492
92798  -19.213  14.373  -29.821 0.1428571492
94433  -19.625  15.932  -29.304 0.1428571492
94431  -18.048  16.536  -29.553 0.1428571492
150839  -20.191  9.809  -29.438 0.1428571492
151349  -21.665  18.493  -27.851 0.2857142985
96981  -17.989  19.907  -28.442 0.1428571492
97750  -18.753  20.918  -28.604 0.2857142985
100007  -20.612  22.881  -25.770 0.1428571492
97742  -21.605  20.015  -28.195 0.2857142985
150420  -20.807  20.431  -28.477 0.2857142985
96990  -18.523  19.804  -28.570 0.1428571492
102651  -19.898  26.209  -28.272 0.1428571492
96164  -18.648  18.427  -28.777 0.1428571492
137512  -19.441  22.110  -26.319 0.1428571492
129655  -17.784  -3.290  -28.413 0.1428571492
77753  -19.589  -2.455  -28.287 0.1428571492
78650  -19.369  -1.577  -28.529 0.1428571492
77751  -17.389  -2.468  -28.550 0.1428571492
78660  -17.838  -1.120  -29.226 0.1428571492
79533  -18.268  -0.297  -29.505 0.1428571492
78661  -18.663  -1.189  -29.067 0.1428571492
128538  -19.862  -0.997  -28.294 0.1428571492
80356  -18.683  0.499  -29.873 0.1428571492
80357  -19.494  0.450  -29.193 0.1428571492
80358  -19.808  1.167  -29.001 0.1428571492
80340  -20.058  0.425  -28.433 0.1428571492
80355  -17.878  0.661  -29.895 0.1428571492
80368  -19.080  1.221  -30.220 0.1428571492
81174  -20.129  1.874  -28.838 0.1428571492
139622  -19.864  2.409  -29.660 0.1428571492
83855  -20.099  4.567  -29.186 0.1428571492
84778  -20.447  5.370  -28.749 0.1428571492
95298  -16.785  17.588  -29.209 0.1428571492
79510  -20.568  -1.160  -27.774 0.1428571492
154125  -17.439  -3.863  -28.217 0.1428571492
78649  -18.073  -1.926  -28.904 0.1428571492
136175  -20.843  6.084  -28.377 0.1428571492
77752  -18.274  -2.676  -28.571 0.1428571492
76830  -18.610  -3.373  -28.390 0.1428571492
78651  -20.059  -1.769  -28.042 0.1428571492
128687  -18.815  -2.121  -28.642 0.1428571492
78648  -17.053  -1.101  -28.954 0.1428571492
79534  -19.039  -0.223  -29.394 0.1428571492
152953  -19.273  -0.870  -28.804 0.1428571492
153983  -19.152  0.573  -29.785 0.1428571492
80367  -18.529  1.212  -30.254 0.1428571492
79521  -19.638  -0.249  -28.647 0.1428571492
140155  -19.458  1.169  -29.865 0.1428571492
80354  -16.835  0.583  -29.391 0.1428571492
76829  -16.824  -3.283  -28.219 0.1428571492
78545  -29.277  -1.974  -22.722 0.1428571492
80282  -31.386  0.135  -23.838 0.1428571492
81155  -24.872  1.937  -26.476 0.5714285970
81985  -30.763  2.611  -23.364 0.1428571492
81996  -27.003  2.269  -24.710 0.2857142985
82939  -24.570  3.054  -26.663 0.5714285970
82950  -32.769  3.755  -28.995 0.1428571492
83755  -33.676  4.599  -21.579 0.1428571492
83798  -30.982  4.321  -23.830 0.1428571492
83839  -32.362  4.471  -26.626 0.1428571492
83840  -35.141  4.238  -27.184 0.1428571492
84730  -31.306  5.217  -24.697 0.1428571492
84762  -35.108  5.492  -27.198 0.1428571492
85701  -25.893  5.904  -28.407 0.7142857313
87603  -30.156  8.566  -25.843 0.4285714328
87605  -32.075  8.217  -27.358 0.1428571492
87644  -26.882  7.904  -30.276 0.5714285970
88604  -27.458  9.017  -30.550 0.7142857313
89517  -22.211  10.802  -27.527 0.1428571492
90434  -27.446  10.116  -31.863 0.5714285970
90445  -28.311  10.291  -32.402 0.5714285970
91258  -27.075  12.714  -30.820 0.8571428657
91268  -19.537  12.924  -30.085 0.1428571492
92028  -17.680  14.548  -30.512 0.1428571492
92775  -24.254  14.915  -26.713 0.4285714328
92801  -27.304  14.064  -30.226 0.8571428657
93582  -26.269  15.698  -27.460 0.8571428657
93607  -20.117  15.282  -29.210 0.1428571492
95271  -26.242  17.553  -27.853 1.0000000000
95300  -27.097  17.230  -29.822 0.8571428657
96221  -25.063  18.603  -33.741 0.1428571492
98505  -19.377  21.546  -25.541 0.1428571492
98506  -20.142  21.648  -24.695 0.1428571492
99319  -19.110  23.697  -28.319 0.2857142985
100055  -19.303  23.935  -28.579 0.2857142985
100061  -24.037  22.888  -28.827 0.5714285970
100721  -19.023  24.773  -27.793 0.1428571492
100738  -18.745  24.777  -27.985 0.2857142985
100749  -18.833  24.729  -27.945 0.2857142985
100754  -19.324  24.999  -29.065 0.2857142985
100762  -21.702  25.624  -30.133 0.2857142985
100772  -23.775  24.597  -34.700 0.1428571492
101379  -20.362  25.344  -27.551 0.1428571492
101413  -19.124  25.094  -28.436 0.2857142985
101438  -23.585  25.541  -35.124 0.1428571492
101443  -23.953  25.756  -35.819 0.1428571492
102042  -19.635  26.247  -28.882 0.1428571492
102049  -20.458  26.926  -29.338 0.1428571492
102064  -24.428  26.522  -35.053 0.1428571492
102067  -23.979  26.217  -36.000 0.1428571492
102705  -21.141  28.142  -30.438 0.1428571492
102714  -23.696  27.316  -35.476 0.1428571492
103383  -24.492  28.279  -33.778 0.1428571492
104027  -20.239  29.253  -31.004 0.1428571492
132123  -23.978  26.886  -35.995 0.1428571492
133879  -18.948  -2.796  -28.467 0.1428571492
134323  -22.550  16.433  -27.496 0.2857142985
136717  -24.624  18.389  -27.435 0.4285714328
140530  -24.471  1.346  -26.540 0.7142857313
141301  -20.212  28.477  -29.956 0.1428571492
142015  -27.134  15.015  -28.797 0.8571428657
142723  -28.601  8.799  -26.374 0.4285714328
142948  -32.795  6.055  -28.369 0.1428571492
143180  -33.466  5.116  -21.907 0.1428571492
143689  -23.972  25.313  -35.542 0.1428571492
147251  -32.952  5.042  -29.002 0.1428571492
150797  -20.296  24.157  -29.317 0.2857142985
153300  -23.922  23.494  -34.376 0.1428571492
154628  -26.149  18.731  -28.290 0.5714285970
