#!ascii label  , from subject sub-v1s3x0050797_ses-1 vox2ras=TkReg
653
79054  20.178  1.019  -28.177 0.0000000000
144799  28.603  8.690  -27.401 0.0000000000
137368  25.406  20.105  -26.784 0.0000000000
90709  19.129  14.925  -28.802 0.0000000000
75551  22.020  -2.687  -25.275 0.0000000000
147159  25.303  0.026  -26.205 0.0000000000
81735  23.149  4.513  -28.669 0.0000000000
87132  21.112  9.719  -29.716 0.0000000000
90679  26.083  14.505  -26.580 0.0000000000
94893  28.622  19.365  -31.321 0.0000000000
129066  23.680  26.109  -29.793 0.0000000000
77215  20.984  -0.891  -26.746 0.0000000000
76378  23.366  -1.787  -26.125 0.0000000000
77228  23.019  -0.141  -27.575 0.0000000000
84388  20.507  8.430  -29.121 0.0000000000
87113  17.996  10.223  -27.260 0.0000000000
92488  23.094  17.059  -28.731 0.0000000000
90720  22.988  14.880  -29.266 0.0000000000
132530  25.851  16.746  -26.605 0.0000000000
93305  29.150  17.420  -27.335 0.0000000000
95702  28.541  20.420  -27.193 0.0000000000
100412  20.021  25.859  -31.681 0.0000000000
98936  21.686  24.393  -29.976 0.0000000000
101185  21.389  26.884  -35.335 0.0000000000
84376  25.977  7.166  -26.930 0.0000000000
81724  26.507  3.990  -27.622 0.0000000000
83448  28.713  6.390  -29.189 0.0000000000
94878  22.682  19.199  -28.937 0.0000000000
87970  29.940  11.216  -28.582 0.0000000000
80840  19.257  3.276  -28.135 0.0000000000
152064  22.019  2.409  -29.019 0.0000000000
149854  21.437  5.095  -29.110 0.0000000000
84398  22.525  7.812  -29.440 0.0000000000
86189  24.538  9.890  -28.369 0.0000000000
88890  19.715  12.124  -29.479 0.0000000000
88887  23.780  12.120  -29.102 0.0000000000
87941  26.986  11.589  -26.456 0.0000000000
90692  29.644  14.219  -27.540 0.0000000000
142577  22.980  21.753  -28.693 0.0000000000
98118  25.619  23.595  -27.541 0.0000000000
101942  23.940  28.666  -33.522 0.0000000000
100370  26.195  26.684  -29.514 0.0000000000
98130  28.365  23.813  -28.321 0.0000000000
97383  28.558  22.263  -31.382 0.0000000000
79921  24.828  2.314  -27.795 0.0000000000
79056  18.136  1.613  -27.190 0.0000000000
78125  19.103  0.127  -26.570 0.0000000000
77231  20.577  -0.410  -27.007 0.0000000000
77229  22.120  -0.330  -27.468 0.0000000000
78139  21.518  0.228  -27.763 0.0000000000
94060  24.021  18.455  -27.609 0.0000000000
92476  24.294  16.791  -27.562 0.0000000000
94048  25.485  18.100  -26.629 0.0000000000
147859  27.862  18.751  -26.530 0.0000000000
141475  27.151  19.816  -26.536 0.0000000000
101957  19.007  28.143  -33.117 0.0000000000
129490  20.162  25.941  -33.868 0.0000000000
101967  19.831  28.009  -34.837 0.0000000000
85285  26.486  7.918  -26.793 0.0000000000
83435  27.621  6.184  -27.758 0.0000000000
84385  28.576  7.197  -29.163 0.0000000000
94080  20.622  18.114  -29.429 0.0000000000
144883  20.354  18.807  -29.229 0.0000000000
75552  21.157  -2.449  -25.223 0.0000000000
134449  21.120  -3.408  -24.432 0.0000000000
74691  22.518  -3.547  -24.421 0.0000000000
145268  23.285  -3.470  -24.288 0.0000000000
77202  24.539  -1.045  -25.889 0.0000000000
76365  24.607  -1.839  -24.616 0.0000000000
81736  20.614  4.413  -28.899 0.0000000000
137022  20.034  5.116  -28.439 0.0000000000
85316  20.653  9.002  -29.342 0.0000000000
84401  20.887  8.070  -29.366 0.0000000000
85313  21.721  8.656  -29.620 0.0000000000
85301  23.090  8.396  -29.245 0.0000000000
86205  23.095  9.560  -29.519 0.0000000000
88867  17.461  12.894  -27.176 0.0000000000
89821  19.293  13.917  -29.289 0.0000000000
90694  24.889  14.561  -27.637 0.0000000000
89807  23.441  13.485  -29.268 0.0000000000
89790  25.318  13.160  -27.619 0.0000000000
88864  25.526  12.308  -27.286 0.0000000000
89774  26.756  12.953  -26.432 0.0000000000
144492  28.741  13.134  -26.543 0.0000000000
90676  28.958  14.473  -26.648 0.0000000000
94078  29.396  18.646  -29.218 0.0000000000
93326  29.453  17.407  -29.288 0.0000000000
99653  22.308  24.576  -30.119 0.0000000000
136908  22.464  22.814  -28.999 0.0000000000
98915  23.934  23.972  -28.595 0.0000000000
97357  24.269  22.690  -28.080 0.0000000000
144481  24.495  24.550  -28.384 0.0000000000
99631  27.049  25.481  -28.685 0.0000000000
98933  28.317  24.616  -29.442 0.0000000000
136604  28.821  23.440  -29.499 0.0000000000
153439  22.579  3.388  -28.916 0.0000000000
79936  23.254  2.290  -28.484 0.0000000000
80854  24.335  3.206  -27.792 0.0000000000
81722  28.008  4.511  -27.811 0.0000000000
155570  26.655  2.851  -27.428 0.0000000000
149290  20.239  -1.495  -25.533 0.0000000000
76380  21.797  -2.090  -25.853 0.0000000000
76379  22.676  -2.266  -25.737 0.0000000000
76393  22.451  -1.571  -26.469 0.0000000000
76392  23.295  -1.273  -26.710 0.0000000000
147240  24.382  -0.084  -27.247 0.0000000000
84378  18.929  8.282  -27.586 0.0000000000
85288  19.396  8.868  -28.309 0.0000000000
143954  19.672  9.829  -28.760 0.0000000000
92513  21.036  16.296  -30.264 0.0000000000
90733  21.146  14.781  -30.461 0.0000000000
91635  22.871  15.617  -29.178 0.0000000000
145032  24.733  16.023  -27.394 0.0000000000
133629  26.266  16.024  -26.520 0.0000000000
92460  28.309  16.176  -26.511 0.0000000000
93295  27.483  17.421  -26.398 0.0000000000
94059  28.935  18.810  -27.192 0.0000000000
95725  29.243  20.123  -29.331 0.0000000000
98917  20.947  24.636  -28.869 0.0000000000
131289  21.179  25.157  -31.068 0.0000000000
100411  21.110  25.049  -32.484 0.0000000000
100410  22.116  25.783  -32.190 0.0000000000
82559  24.161  5.439  -27.689 0.0000000000
81726  24.813  4.695  -27.366 0.0000000000
82549  25.954  5.691  -27.147 0.0000000000
82547  27.570  5.227  -27.959 0.0000000000
92503  19.833  16.231  -29.342 0.0000000000
93327  21.453  17.654  -29.573 0.0000000000
94069  23.318  18.472  -28.379 0.0000000000
95695  24.633  20.025  -27.351 0.0000000000
75550  24.034  -2.232  -24.899 0.0000000000
87107  29.298  10.066  -27.399 0.0000000000
85298  29.279  8.705  -29.348 0.0000000000
79070  19.677  1.776  -28.280 0.0000000000
79069  21.068  1.291  -28.630 0.0000000000
79938  20.715  2.753  -28.896 0.0000000000
80869  21.734  3.702  -29.214 0.0000000000
141883  22.016  5.198  -29.195 0.0000000000
83461  20.795  6.548  -29.256 0.0000000000
83459  21.949  6.533  -29.580 0.0000000000
83451  22.983  6.183  -28.993 0.0000000000
84386  23.935  7.015  -28.095 0.0000000000
85287  24.629  8.196  -27.769 0.0000000000
86163  26.656  9.455  -26.680 0.0000000000
87974  18.633  11.457  -28.149 0.0000000000
87145  20.837  10.608  -29.871 0.0000000000
89830  21.971  13.378  -30.394 0.0000000000
88899  21.641  12.390  -30.397 0.0000000000
87986  22.760  10.926  -29.917 0.0000000000
87121  24.325  10.631  -28.718 0.0000000000
87110  25.559  10.797  -27.165 0.0000000000
137243  28.187  10.049  -26.696 0.0000000000
87938  29.488  11.349  -26.948 0.0000000000
140813  29.858  12.756  -28.395 0.0000000000
91603  29.391  15.577  -27.538 0.0000000000
95704  23.437  20.545  -28.493 0.0000000000
95703  24.211  20.660  -27.824 0.0000000000
96517  25.805  21.549  -26.802 0.0000000000
130411  22.706  27.516  -35.066 0.0000000000
101923  23.645  27.708  -32.512 0.0000000000
101909  24.432  28.317  -31.318 0.0000000000
100372  24.550  26.619  -29.557 0.0000000000
99633  25.563  25.536  -28.491 0.0000000000
98117  26.580  23.569  -27.450 0.0000000000
97344  27.382  22.046  -26.959 0.0000000000
97348  28.425  22.251  -27.573 0.0000000000
96540  29.071  21.819  -28.864 0.0000000000
96561  28.522  21.311  -31.338 0.0000000000
78151  22.501  1.134  -28.358 0.0000000000
79053  23.995  0.991  -27.966 0.0000000000
134530  25.290  0.944  -27.306 0.0000000000
80839  25.235  3.151  -27.572 0.0000000000
79051  26.271  2.021  -27.306 0.0000000000
79055  19.115  1.284  -27.729 0.0000000000
79041  18.557  0.744  -26.980 0.0000000000
78141  19.509  0.469  -27.384 0.0000000000
78124  19.877  -0.171  -26.891 0.0000000000
78140  20.563  0.197  -27.525 0.0000000000
78153  20.993  0.673  -28.194 0.0000000000
94853  25.021  19.400  -26.872 0.0000000000
94049  24.797  18.625  -26.969 0.0000000000
94852  25.702  19.535  -26.631 0.0000000000
94851  26.384  19.304  -26.523 0.0000000000
139547  26.286  20.034  -26.570 0.0000000000
101186  19.852  27.625  -34.036 0.0000000000
85269  28.104  8.322  -27.005 0.0000000000
84360  27.435  7.790  -26.855 0.0000000000
85284  28.569  7.937  -28.040 0.0000000000
75540  21.466  -3.015  -24.796 0.0000000000
74692  21.747  -3.558  -24.447 0.0000000000
147552  22.119  -3.133  -24.789 0.0000000000
75539  22.811  -2.839  -24.911 0.0000000000
77201  25.095  -0.569  -25.690 0.0000000000
76376  24.862  -1.164  -25.130 0.0000000000
78113  25.686  -0.061  -25.457 0.0000000000
81728  19.161  4.889  -27.818 0.0000000000
82551  19.639  5.831  -27.933 0.0000000000
86208  21.004  9.169  -29.554 0.0000000000
85314  21.327  8.853  -29.560 0.0000000000
86207  21.743  9.196  -29.685 0.0000000000
134900  22.210  8.996  -29.660 0.0000000000
86206  22.254  9.556  -29.749 0.0000000000
89809  18.011  13.742  -27.556 0.0000000000
155899  19.057  14.345  -28.884 0.0000000000
90693  25.441  14.572  -27.082 0.0000000000
89791  24.795  13.800  -28.007 0.0000000000
89775  25.690  13.808  -26.791 0.0000000000
89789  25.916  13.002  -26.633 0.0000000000
133591  26.377  13.713  -26.499 0.0000000000
89773  27.320  13.675  -26.420 0.0000000000
90678  27.122  14.451  -26.419 0.0000000000
94892  28.997  19.514  -30.366 0.0000000000
94087  29.267  18.683  -30.118 0.0000000000
148383  23.127  25.236  -29.804 0.0000000000
99652  23.091  24.598  -29.550 0.0000000000
99635  23.848  24.629  -28.924 0.0000000000
99651  23.925  25.410  -29.290 0.0000000000
99648  28.029  25.327  -29.879 0.0000000000
128780  28.549  25.027  -31.048 0.0000000000
130217  28.696  24.203  -30.795 0.0000000000
80856  22.870  3.875  -28.874 0.0000000000
136721  23.125  3.099  -28.644 0.0000000000
80855  23.588  3.640  -28.269 0.0000000000
81715  28.379  4.291  -26.845 0.0000000000
80835  27.766  3.819  -27.238 0.0000000000
77216  20.226  -0.717  -26.486 0.0000000000
77203  19.896  -0.999  -25.814 0.0000000000
76395  20.590  -1.256  -26.134 0.0000000000
76381  20.896  -1.812  -25.681 0.0000000000
76394  21.420  -1.454  -26.348 0.0000000000
145843  22.744  -0.883  -27.124 0.0000000000
135822  23.751  -0.663  -27.144 0.0000000000
77227  23.867  0.174  -27.659 0.0000000000
86182  17.736  9.352  -27.180 0.0000000000
85289  18.410  8.865  -27.387 0.0000000000
86181  18.938  9.557  -27.940 0.0000000000
87122  18.929  10.558  -28.202 0.0000000000
92489  22.299  17.007  -29.409 0.0000000000
91648  21.746  15.863  -30.146 0.0000000000
91623  22.801  16.371  -29.089 0.0000000000
92475  25.027  16.740  -26.992 0.0000000000
91606  24.001  16.023  -27.823 0.0000000000
92463  25.424  16.011  -26.891 0.0000000000
92462  26.805  16.762  -26.407 0.0000000000
148388  28.353  19.752  -26.853 0.0000000000
94045  28.459  18.941  -26.780 0.0000000000
94849  28.767  19.501  -27.203 0.0000000000
94877  29.339  19.428  -28.544 0.0000000000
95713  29.202  20.273  -28.353 0.0000000000
101163  19.122  26.906  -30.586 0.0000000000
100392  20.447  26.360  -30.625 0.0000000000
99670  20.778  25.656  -30.374 0.0000000000
98946  21.169  25.039  -30.077 0.0000000000
99685  20.660  25.315  -31.443 0.0000000000
130919  21.077  26.290  -34.421 0.0000000000
100425  20.823  25.530  -33.331 0.0000000000
154880  21.499  26.139  -34.095 0.0000000000
83438  24.536  6.352  -27.634 0.0000000000
82550  25.132  5.584  -27.293 0.0000000000
83437  25.496  6.423  -27.217 0.0000000000
83434  28.412  6.534  -28.841 0.0000000000
154245  27.137  5.715  -27.506 0.0000000000
83449  28.221  5.801  -28.598 0.0000000000
82546  28.442  5.313  -28.231 0.0000000000
92481  19.697  15.920  -28.554 0.0000000000
92502  20.307  16.608  -29.725 0.0000000000
93329  20.543  17.233  -29.567 0.0000000000
94070  22.443  18.519  -29.138 0.0000000000
94867  23.568  19.167  -28.096 0.0000000000
142557  23.448  -2.289  -25.369 0.0000000000
75536  25.040  -2.189  -23.756 0.0000000000
87119  29.670  10.409  -28.160 0.0000000000
136332  18.656  3.145  -27.380 0.0000000000
79939  19.871  2.583  -28.438 0.0000000000
80858  20.990  3.561  -29.144 0.0000000000
138374  21.351  4.213  -29.184 0.0000000000
81743  21.948  4.469  -29.180 0.0000000000
84389  19.658  7.664  -28.258 0.0000000000
83453  20.064  6.718  -28.423 0.0000000000
83452  20.561  7.571  -29.109 0.0000000000
84400  21.686  7.455  -29.595 0.0000000000
141242  22.157  7.212  -29.570 0.0000000000
83458  22.383  6.350  -29.390 0.0000000000
143319  22.750  6.985  -29.238 0.0000000000
143556  23.329  6.800  -28.693 0.0000000000
84387  23.352  7.596  -28.814 0.0000000000
86190  23.707  9.155  -28.986 0.0000000000
85300  23.898  8.351  -28.531 0.0000000000
137517  24.467  8.977  -28.086 0.0000000000
143575  25.893  8.852  -26.951 0.0000000000
86180  25.076  9.433  -27.541 0.0000000000
88880  18.447  12.958  -28.061 0.0000000000
143562  18.091  12.108  -27.632 0.0000000000
143718  19.027  12.118  -28.598 0.0000000000
87988  19.904  11.123  -29.394 0.0000000000
87987  20.358  11.231  -29.732 0.0000000000
90732  21.841  14.985  -30.291 0.0000000000
131452  21.732  14.251  -30.396 0.0000000000
89819  22.441  14.230  -30.162 0.0000000000
88878  23.889  12.814  -28.811 0.0000000000
88898  22.421  12.515  -30.255 0.0000000000
88897  22.991  12.412  -29.957 0.0000000000
88000  22.613  11.715  -30.120 0.0000000000
87985  23.309  11.745  -29.658 0.0000000000
138074  23.347  10.930  -29.563 0.0000000000
87984  23.931  11.340  -29.022 0.0000000000
88850  26.282  12.136  -26.539 0.0000000000
87957  25.692  11.618  -26.983 0.0000000000
87109  26.294  11.212  -26.598 0.0000000000
87091  26.395  10.342  -26.636 0.0000000000
87090  27.317  10.795  -26.535 0.0000000000
139751  28.293  10.878  -26.612 0.0000000000
87939  28.845  11.436  -26.638 0.0000000000
89788  29.661  13.558  -27.060 0.0000000000
88863  29.780  12.755  -27.433 0.0000000000
89804  29.770  13.497  -27.877 0.0000000000
148326  29.734  13.461  -28.769 0.0000000000
90706  29.653  14.235  -28.597 0.0000000000
93293  28.824  16.782  -26.857 0.0000000000
92459  29.030  15.896  -26.876 0.0000000000
92474  29.225  16.491  -27.381 0.0000000000
98147  21.449  23.907  -29.324 0.0000000000
98134  21.420  23.063  -28.838 0.0000000000
97358  23.393  22.600  -28.624 0.0000000000
97359  22.099  22.210  -28.853 0.0000000000
96532  21.839  21.342  -28.797 0.0000000000
96531  22.895  21.135  -28.810 0.0000000000
95715  22.259  20.620  -29.023 0.0000000000
98119  24.881  23.178  -27.655 0.0000000000
96524  24.465  21.466  -27.669 0.0000000000
144805  24.834  22.307  -27.521 0.0000000000
96523  25.125  21.677  -27.195 0.0000000000
143133  25.594  22.132  -27.083 0.0000000000
101955  22.925  28.691  -35.424 0.0000000000
132448  23.358  28.319  -34.705 0.0000000000
101943  23.260  27.518  -33.949 0.0000000000
101130  25.809  27.686  -30.607 0.0000000000
101142  25.207  28.104  -30.793 0.0000000000
101131  25.067  27.433  -30.040 0.0000000000
100371  25.372  26.734  -29.409 0.0000000000
100361  24.850  26.047  -28.977 0.0000000000
100360  25.814  26.202  -28.927 0.0000000000
98911  28.127  24.406  -28.628 0.0000000000
98894  27.069  24.249  -27.742 0.0000000000
98116  27.568  23.451  -27.536 0.0000000000
97350  27.031  22.816  -27.197 0.0000000000
97349  27.928  22.640  -27.300 0.0000000000
96522  28.085  21.792  -27.140 0.0000000000
98115  28.337  23.213  -27.785 0.0000000000
97370  28.873  22.739  -30.276 0.0000000000
97364  28.972  22.662  -29.173 0.0000000000
142202  28.770  21.854  -30.691 0.0000000000
96549  28.768  21.010  -30.559 0.0000000000
133712  21.283  2.105  -28.942 0.0000000000
79068  21.856  1.582  -28.764 0.0000000000
79066  24.032  1.831  -28.135 0.0000000000
78150  23.283  1.471  -28.291 0.0000000000
139325  24.751  1.377  -27.770 0.0000000000
78136  24.567  0.590  -27.528 0.0000000000
141245  25.546  3.952  -27.463 0.0000000000
149953  24.605  3.872  -27.537 0.0000000000
80838  26.181  3.287  -27.583 0.0000000000
79911  26.849  2.349  -26.817 0.0000000000
78122  25.977  1.271  -27.042 0.0000000000
77214  21.824  -0.994  -26.999 0.0000000000
77230  21.267  -0.382  -27.275 0.0000000000
78138  22.352  0.386  -27.906 0.0000000000
93307  23.661  17.578  -27.910 0.0000000000
92477  23.674  16.698  -28.100 0.0000000000
93298  24.655  17.659  -27.159 0.0000000000
93297  25.446  17.360  -26.699 0.0000000000
93296  26.355  17.587  -26.467 0.0000000000
94047  26.352  18.516  -26.483 0.0000000000
138429  27.177  19.020  -26.508 0.0000000000
140356  27.905  20.371  -26.712 0.0000000000
101164  18.841  27.644  -31.696 0.0000000000
100427  18.910  26.643  -32.673 0.0000000000
100426  19.922  25.596  -32.776 0.0000000000
101187  19.413  27.114  -33.292 0.0000000000
100449  19.917  27.245  -34.726 0.0000000000
101197  20.485  27.355  -35.135 0.0000000000
84375  27.107  7.038  -26.901 0.0000000000
84374  28.034  7.228  -27.638 0.0000000000
145736  28.775  6.833  -29.551 0.0000000000
94879  21.295  19.168  -29.412 0.0000000000
75553  20.249  -2.047  -24.978 0.0000000000
75542  19.866  -2.476  -24.320 0.0000000000
75541  20.622  -2.863  -24.567 0.0000000000
73828  22.955  -4.210  -24.038 0.0000000000
74678  23.745  -4.146  -23.767 0.0000000000
76391  24.015  -1.257  -26.426 0.0000000000
76377  24.152  -1.709  -25.564 0.0000000000
80841  18.837  3.969  -27.568 0.0000000000
81727  19.574  4.174  -28.344 0.0000000000
82561  20.787  5.501  -28.990 0.0000000000
85315  21.036  8.733  -29.499 0.0000000000
131874  21.404  8.313  -29.551 0.0000000000
84399  21.905  8.045  -29.647 0.0000000000
85312  22.294  8.490  -29.590 0.0000000000
140470  22.817  8.918  -29.500 0.0000000000
86204  23.892  9.925  -29.002 0.0000000000
89808  18.794  13.755  -28.520 0.0000000000
88879  19.204  13.063  -28.984 0.0000000000
90707  24.107  14.576  -28.186 0.0000000000
145788  23.437  14.309  -28.860 0.0000000000
89806  23.993  13.644  -28.516 0.0000000000
89805  24.679  12.972  -28.350 0.0000000000
88876  25.090  12.280  -28.107 0.0000000000
88849  27.351  12.257  -26.425 0.0000000000
88848  28.548  12.308  -26.523 0.0000000000
138937  27.817  13.023  -26.435 0.0000000000
89771  29.237  13.694  -26.708 0.0000000000
90675  29.462  14.302  -26.934 0.0000000000
93315  29.423  17.633  -28.293 0.0000000000
149491  29.387  16.945  -27.942 0.0000000000
132149  29.401  17.994  -29.763 0.0000000000
93338  29.177  17.946  -30.715 0.0000000000
98146  22.243  23.340  -29.393 0.0000000000
98916  23.121  23.932  -29.247 0.0000000000
98133  23.240  23.336  -28.851 0.0000000000
97352  23.955  22.003  -28.231 0.0000000000
98132  24.116  23.297  -28.327 0.0000000000
98896  24.853  24.017  -27.872 0.0000000000
100369  26.958  26.494  -29.882 0.0000000000
99650  26.640  26.100  -29.133 0.0000000000
99649  27.382  25.797  -29.487 0.0000000000
98934  27.760  25.101  -29.055 0.0000000000
98145  28.597  23.997  -28.998 0.0000000000
97356  28.695  23.326  -28.576 0.0000000000
98155  28.676  24.122  -29.862 0.0000000000
149914  28.788  23.591  -30.281 0.0000000000
79942  22.164  3.198  -29.080 0.0000000000
79937  22.601  2.739  -28.814 0.0000000000
79935  23.841  2.690  -28.174 0.0000000000
155620  27.113  4.093  -27.741 0.0000000000
80837  26.893  3.573  -27.634 0.0000000000
80836  27.220  3.384  -27.396 0.0000000000
80829  27.563  3.246  -26.766 0.0000000000
76382  19.734  -1.309  -25.086 0.0000000000
77213  24.603  -0.508  -26.540 0.0000000000
140896  19.746  8.418  -28.521 0.0000000000
85302  20.201  8.837  -28.924 0.0000000000
86191  19.937  9.181  -28.821 0.0000000000
86209  20.493  9.542  -29.349 0.0000000000
154586  20.873  9.533  -29.578 0.0000000000
132912  19.569  15.470  -29.409 0.0000000000
90735  19.994  15.105  -29.956 0.0000000000
91649  21.112  15.585  -30.394 0.0000000000
90721  22.505  15.143  -29.815 0.0000000000
91622  23.422  16.036  -28.556 0.0000000000
90708  23.419  15.123  -28.658 0.0000000000
91605  24.455  15.300  -27.722 0.0000000000
91588  25.795  15.282  -26.710 0.0000000000
91587  26.680  15.272  -26.460 0.0000000000
91586  27.750  15.311  -26.405 0.0000000000
133561  27.290  16.051  -26.376 0.0000000000
92461  27.690  16.716  -26.385 0.0000000000
151341  28.702  17.525  -26.805 0.0000000000
137364  28.200  18.040  -26.557 0.0000000000
93306  28.842  18.185  -26.967 0.0000000000
94058  29.234  18.289  -27.568 0.0000000000
94068  29.404  18.511  -28.360 0.0000000000
94885  29.302  19.280  -29.537 0.0000000000
99694  20.622  25.180  -32.341 0.0000000000
99684  20.952  24.931  -31.909 0.0000000000
99669  21.788  24.913  -30.753 0.0000000000
99683  21.487  25.136  -31.630 0.0000000000
100391  22.442  25.585  -31.260 0.0000000000
100390  23.388  26.460  -30.577 0.0000000000
82560  23.287  5.342  -28.523 0.0000000000
81734  23.883  4.466  -27.847 0.0000000000
81725  25.936  4.824  -27.319 0.0000000000
83436  26.568  6.221  -27.094 0.0000000000
82548  26.675  5.363  -27.438 0.0000000000
138332  26.962  4.606  -27.701 0.0000000000
150523  27.587  4.586  -27.804 0.0000000000
91637  19.994  15.976  -29.766 0.0000000000
92500  21.443  16.802  -29.935 0.0000000000
93328  20.973  17.399  -29.809 0.0000000000
93317  22.358  17.778  -29.237 0.0000000000
93316  23.043  17.892  -28.695 0.0000000000
94866  24.323  19.251  -27.475 0.0000000000
75538  23.638  -2.749  -24.594 0.0000000000
86178  28.945  9.313  -27.414 0.0000000000
85283  28.916  8.653  -28.285 0.0000000000
86177  29.326  9.468  -28.224 0.0000000000
132671  20.468  1.894  -28.628 0.0000000000
80857  21.500  2.952  -29.112 0.0000000000
80859  20.157  3.455  -28.664 0.0000000000
80868  22.332  3.895  -29.102 0.0000000000
81742  22.453  4.787  -29.005 0.0000000000
82562  20.332  5.949  -28.561 0.0000000000
82568  21.238  5.934  -29.385 0.0000000000
145774  21.142  7.510  -29.480 0.0000000000
83460  21.451  6.670  -29.533 0.0000000000
82566  22.185  5.729  -29.337 0.0000000000
82565  22.620  5.564  -29.092 0.0000000000
83450  23.664  6.202  -28.217 0.0000000000
84377  24.897  7.286  -27.543 0.0000000000
148601  24.140  7.701  -28.141 0.0000000000
85286  25.502  8.032  -27.236 0.0000000000
147140  27.084  8.571  -26.701 0.0000000000
86162  27.678  9.234  -26.709 0.0000000000
87961  17.941  11.197  -27.381 0.0000000000
87134  19.857  10.377  -29.103 0.0000000000
87133  20.574  10.177  -29.560 0.0000000000
89833  19.713  14.226  -29.732 0.0000000000
89820  19.801  13.267  -29.763 0.0000000000
142294  20.531  13.126  -30.250 0.0000000000
89818  22.911  13.297  -29.987 0.0000000000
139903  21.209  13.014  -30.431 0.0000000000
88900  20.897  12.269  -30.308 0.0000000000
88002  21.290  11.348  -30.227 0.0000000000
87144  21.291  10.343  -29.959 0.0000000000
86219  21.621  9.735  -29.807 0.0000000000
87130  22.911  10.225  -29.710 0.0000000000
87129  23.621  10.422  -29.283 0.0000000000
87972  24.728  11.462  -28.419 0.0000000000
87120  24.951  10.781  -28.075 0.0000000000
86188  25.128  10.176  -27.639 0.0000000000
86179  25.718  9.844  -27.012 0.0000000000
145791  27.250  9.969  -26.606 0.0000000000
86161  28.451  9.211  -26.937 0.0000000000
87108  28.832  9.825  -26.969 0.0000000000
143097  29.528  10.758  -27.305 0.0000000000
87956  29.771  11.310  -27.599 0.0000000000
139744  29.330  11.975  -26.752 0.0000000000
144752  29.716  12.019  -27.154 0.0000000000
88875  29.970  11.996  -27.951 0.0000000000
91585  28.664  15.270  -26.617 0.0000000000
91584  29.244  15.049  -26.908 0.0000000000
132884  29.439  16.276  -28.214 0.0000000000
130715  29.542  14.971  -28.853 0.0000000000
140310  21.595  19.957  -29.204 0.0000000000
143656  23.053  19.865  -28.723 0.0000000000
96525  23.704  21.244  -28.330 0.0000000000
136386  23.914  19.896  -28.007 0.0000000000
95694  25.030  20.894  -27.079 0.0000000000
95693  26.033  20.799  -26.618 0.0000000000
101966  20.785  28.292  -35.160 0.0000000000
101965  21.631  27.763  -35.566 0.0000000000
101184  22.253  27.548  -35.635 0.0000000000
101177  21.947  26.670  -35.096 0.0000000000
147348  22.319  26.675  -34.051 0.0000000000
100409  23.232  26.739  -31.672 0.0000000000
101922  24.257  28.589  -32.137 0.0000000000
101161  23.899  27.925  -31.505 0.0000000000
100389  24.166  27.106  -30.127 0.0000000000
156057  24.253  26.044  -29.389 0.0000000000
99634  24.643  25.223  -28.597 0.0000000000
98914  25.308  24.824  -28.086 0.0000000000
98895  25.993  24.276  -27.684 0.0000000000
98913  26.442  25.036  -28.128 0.0000000000
97351  25.845  22.846  -27.275 0.0000000000
97345  26.426  22.169  -26.923 0.0000000000
96515  27.638  21.249  -26.795 0.0000000000
95691  28.192  21.067  -26.986 0.0000000000
96521  28.472  21.357  -27.405 0.0000000000
151639  28.781  22.546  -28.201 0.0000000000
96530  28.818  21.662  -27.981 0.0000000000
96529  29.131  20.968  -28.621 0.0000000000
95726  29.111  21.024  -29.594 0.0000000000
95734  28.963  20.350  -30.182 0.0000000000
95741  28.676  20.126  -30.893 0.0000000000
143577  28.152  22.040  -32.471 0.0000000000
96573  28.301  21.483  -32.029 0.0000000000
141732  28.241  20.634  -32.133 0.0000000000
154868  28.442  19.977  -31.690 0.0000000000
78152  21.701  0.847  -28.347 0.0000000000
79067  22.586  1.929  -28.669 0.0000000000
78137  23.191  0.674  -27.957 0.0000000000
77212  24.973  0.258  -26.932 0.0000000000
152916  24.072  3.798  -27.798 0.0000000000
79920  25.867  2.485  -27.598 0.0000000000
79052  25.559  1.698  -27.550 0.0000000000
78123  25.603  0.638  -26.631 0.0000000000
155190  25.810  0.421  -25.945 0.0000000000
85299  28.845  7.868  -29.387 0.0000000000
84397  28.924  7.256  -29.728 0.0000000000
81723  27.424  3.984  -27.639 0.0000000000
81733  28.014  5.147  -28.406 0.0000000000
82558  28.335  5.773  -28.755 0.0000000000
82567  21.756  5.869  -29.459 0.0000000000
87089  29.020  10.608  -26.853 0.0000000000
87131  22.281  10.181  -29.899 0.0000000000
87940  27.886  11.545  -26.500 0.0000000000
87971  25.294  11.574  -27.784 0.0000000000
87973  19.362  11.241  -28.765 0.0000000000
87983  29.999  11.104  -29.631 0.0000000000
88001  21.961  10.807  -30.178 0.0000000000
88003  20.693  11.499  -30.054 0.0000000000
88847  29.438  12.782  -26.802 0.0000000000
88877  24.391  12.152  -28.639 0.0000000000
88888  23.408  12.651  -29.523 0.0000000000
88889  20.295  12.239  -29.980 0.0000000000
89772  28.321  13.824  -26.479 0.0000000000
89831  21.040  13.894  -30.445 0.0000000000
89832  20.220  14.056  -30.129 0.0000000000
90677  28.134  14.587  -26.448 0.0000000000
90722  19.416  14.690  -29.401 0.0000000000
90734  20.568  14.637  -30.319 0.0000000000
91604  25.142  15.292  -27.287 0.0000000000
91621  23.862  15.403  -28.151 0.0000000000
91636  22.317  16.158  -29.677 0.0000000000
92487  29.459  16.852  -28.766 0.0000000000
92501  20.701  16.819  -29.986 0.0000000000
92514  20.467  16.036  -30.121 0.0000000000
93294  28.282  17.124  -26.525 0.0000000000
93337  29.372  17.270  -30.273 0.0000000000
94046  27.275  18.232  -26.436 0.0000000000
94079  21.333  18.407  -29.490 0.0000000000
94850  27.885  19.459  -26.606 0.0000000000
94865  29.207  19.097  -27.690 0.0000000000
95692  27.005  20.639  -26.576 0.0000000000
95701  29.046  19.942  -27.726 0.0000000000
95714  28.881  20.792  -27.812 0.0000000000
95753  28.062  19.835  -32.416 0.0000000000
96516  26.749  21.438  -26.700 0.0000000000
98131  27.873  24.002  -27.979 0.0000000000
98912  27.447  24.758  -28.289 0.0000000000
98935  22.248  24.007  -29.710 0.0000000000
98945  28.466  24.777  -30.274 0.0000000000
99632  26.321  25.692  -28.621 0.0000000000
99666  28.267  25.424  -30.606 0.0000000000
99668  22.759  25.381  -30.418 0.0000000000
100388  26.444  27.122  -30.261 0.0000000000
100393  18.899  27.201  -30.866 0.0000000000
100413  19.168  26.247  -31.917 0.0000000000
100414  18.911  26.930  -31.955 0.0000000000
100424  21.637  25.806  -33.211 0.0000000000
100437  20.336  26.576  -34.798 0.0000000000
100438  19.833  26.750  -34.030 0.0000000000
100439  19.477  26.256  -33.150 0.0000000000
101143  24.639  27.943  -30.656 0.0000000000
101144  23.954  27.555  -30.831 0.0000000000
101162  22.740  26.688  -32.884 0.0000000000
101178  18.788  27.446  -32.547 0.0000000000
101944  18.740  28.162  -32.243 0.0000000000
133340  22.004  11.759  -30.349 0.0000000000
136887  27.153  2.871  -27.078 0.0000000000
137913  29.041  21.875  -29.870 0.0000000000
138691  20.613  15.267  -30.316 0.0000000000
138923  25.254  13.956  -27.495 0.0000000000
143665  22.994  14.230  -29.678 0.0000000000
144722  25.585  18.901  -26.623 0.0000000000
146224  21.271  9.191  -29.612 0.0000000000
148502  22.810  5.047  -28.902 0.0000000000
149038  25.083  8.712  -27.475 0.0000000000
149989  29.443  18.025  -28.981 0.0000000000
150072  27.699  14.127  -26.423 0.0000000000
154806  28.531  20.612  -31.312 0.0000000000
154819  19.529  11.684  -29.124 0.0000000000
155148  25.785  27.189  -29.864 0.0000000000
