#!ascii label  , from subject sub-v1s3x0050797_ses-1 vox2ras=TkReg
733
71071  20.759  -8.069  -26.225 0.1428571492
70066  20.008  -8.447  -25.331 0.1428571492
71041  20.542  -7.504  -24.157 0.1428571492
155730  22.088  -7.970  -27.001 0.1428571492
71070  21.828  -7.773  -26.077 0.2857142985
70079  19.880  -7.983  -25.929 0.1428571492
148454  21.885  -6.443  -23.623 0.5714285970
71059  23.349  -7.291  -24.376 0.1428571492
130371  24.022  -6.303  -23.569 0.2857142985
71961  24.144  -7.065  -24.053 0.2857142985
72872  24.626  -5.746  -23.336 0.1428571492
71943  24.862  -6.626  -23.689 0.2857142985
75526  24.793  -3.073  -23.450 0.2857142985
74677  24.560  -4.023  -23.367 0.2857142985
77191  25.989  -0.532  -24.037 0.2857142985
76355  25.773  -1.792  -23.282 0.2857142985
78105  26.046  -0.105  -24.743 0.2857142985
77192  25.506  -0.621  -24.871 0.2857142985
131983  27.223  1.631  -25.018 0.2857142985
80835  27.766  3.819  -27.238 0.8571428657
142147  27.352  2.691  -26.352 0.4285714328
78103  26.940  1.093  -24.560 0.2857142985
82545  29.112  5.569  -27.826 0.7142857313
82538  29.449  5.417  -26.674 0.7142857313
81715  28.379  4.291  -26.845 0.7142857313
80829  27.563  3.246  -26.766 0.7142857313
84373  30.535  7.385  -27.926 0.8571428657
83433  29.433  6.193  -28.314 0.5714285970
82557  28.816  5.904  -28.777 0.8571428657
82539  28.714  4.964  -27.317 0.7142857313
81722  28.008  4.511  -27.811 0.7142857313
86186  32.065  9.453  -28.864 0.4285714328
84384  29.863  7.536  -29.390 0.7142857313
83432  29.688  6.825  -28.798 0.8571428657
86216  31.421  10.076  -30.580 0.2857142985
150379  30.740  9.961  -30.560 0.5714285970
84395  29.644  8.212  -29.821 0.8571428657
85310  30.183  8.910  -30.093 0.7142857313
84396  29.173  7.383  -29.735 0.8571428657
87152  31.599  10.644  -32.123 0.1428571492
87140  32.022  10.374  -31.270 0.1428571492
87141  31.092  10.448  -31.216 0.4285714328
86217  30.237  9.440  -30.268 0.5714285970
85322  29.843  8.801  -30.066 0.8571428657
88905  30.631  12.956  -32.285 0.1428571492
87161  31.389  11.143  -32.723 0.1428571492
88013  30.747  11.419  -31.613 0.1428571492
143147  30.752  10.787  -31.287 0.4285714328
86203  29.725  8.938  -30.016 0.8571428657
90753  29.917  14.661  -33.106 0.1428571492
89845  30.379  13.881  -32.583 0.1428571492
89839  30.236  13.422  -31.956 0.1428571492
88896  30.736  12.173  -31.159 0.1428571492
140209  30.219  12.525  -30.315 0.4285714328
87999  30.305  11.510  -30.457 0.5714285970
87128  29.821  10.396  -29.405 0.7142857313
86177  29.326  9.468  -28.224 0.8571428657
141084  29.607  14.866  -31.612 0.1428571492
91658  29.305  15.615  -32.500 0.1428571492
90743  29.935  13.883  -31.358 0.1428571492
89829  29.953  13.441  -30.392 0.5714285970
87970  29.940  11.216  -28.582 0.8571428657
86187  29.574  9.593  -29.278 0.8571428657
87119  29.670  10.409  -28.160 0.8571428657
153237  29.015  16.031  -33.102 0.1428571492
92524  29.182  16.207  -32.039 0.2857142985
90719  29.606  14.682  -29.569 0.8571428657
145025  29.878  12.998  -29.426 0.8571428657
88886  30.065  12.005  -29.207 0.7142857313
140813  29.858  12.756  -28.395 0.8571428657
93345  29.143  17.110  -31.536 0.1428571492
140585  28.787  17.952  -31.679 0.1428571492
92512  29.331  16.472  -30.806 0.4285714328
91620  29.491  15.571  -28.560 0.8571428657
130715  29.542  14.971  -28.853 0.8571428657
89804  29.770  13.497  -27.877 0.8571428657
88863  29.780  12.755  -27.433 0.8571428657
93337  29.372  17.270  -30.273 0.4285714328
145212  29.491  14.810  -27.302 0.8571428657
90692  29.644  14.219  -27.540 0.8571428657
90675  29.462  14.302  -26.934 0.8571428657
93338  29.177  17.946  -30.715 0.1428571492
94088  28.860  18.687  -31.003 0.2857142985
132149  29.401  17.994  -29.763 0.8571428657
93326  29.453  17.407  -29.288 0.8571428657
132884  29.439  16.276  -28.214 0.8571428657
91603  29.391  15.577  -27.538 0.8571428657
92474  29.225  16.491  -27.381 0.8571428657
91584  29.244  15.049  -26.908 0.8571428657
94893  28.622  19.365  -31.321 0.2857142985
94892  28.997  19.514  -30.366 0.7142857313
94087  29.267  18.683  -30.118 0.5714285970
94078  29.396  18.646  -29.218 0.8571428657
93305  29.150  17.420  -27.335 0.8571428657
151341  28.702  17.525  -26.805 0.8571428657
92459  29.030  15.896  -26.876 0.8571428657
94885  29.302  19.280  -29.537 0.8571428657
94877  29.339  19.428  -28.544 0.8571428657
94058  29.234  18.289  -27.568 0.8571428657
94045  28.459  18.941  -26.780 0.7142857313
93306  28.842  18.185  -26.967 0.7142857313
95725  29.243  20.123  -29.331 0.8571428657
95713  29.202  20.273  -28.353 0.8571428657
94059  28.935  18.810  -27.192 0.8571428657
95702  28.541  20.420  -27.193 0.8571428657
96521  28.472  21.357  -27.405 0.8571428657
148388  28.353  19.752  -26.853 0.7142857313
97364  28.972  22.662  -29.173 0.7142857313
96530  28.818  21.662  -27.981 0.8571428657
151639  28.781  22.546  -28.201 0.8571428657
98115  28.337  23.213  -27.785 0.8571428657
98911  28.127  24.406  -28.628 0.7142857313
94849  28.767  19.501  -27.203 0.8571428657
97348  28.425  22.251  -27.573 0.8571428657
129223  28.553  25.262  -31.855 0.1428571492
97356  28.695  23.326  -28.576 0.8571428657
98145  28.597  23.997  -28.998 0.7142857313
98934  27.760  25.101  -29.055 0.7142857313
98130  28.365  23.813  -28.321 0.8571428657
100408  28.058  26.836  -32.251 0.1428571492
99648  28.029  25.327  -29.879 0.5714285970
99667  27.730  26.093  -30.441 0.5714285970
101130  25.809  27.686  -30.607 0.5714285970
141150  27.748  26.625  -31.295 0.1428571492
101175  27.993  28.568  -34.024 0.1428571492
101142  25.207  28.104  -30.793 0.5714285970
101941  26.583  30.223  -33.351 0.1428571492
102668  27.251  29.824  -33.345 0.1428571492
101160  25.857  28.557  -31.841 0.1428571492
103396  26.414  30.782  -32.728 0.1428571492
101141  26.575  27.664  -31.302 0.5714285970
144613  26.571  30.469  -33.155 0.1428571492
133192  25.770  30.800  -33.446 0.1428571492
103387  26.010  30.815  -31.642 0.1428571492
103407  25.633  31.380  -33.325 0.1428571492
69072  21.627  -8.613  -26.137 0.1428571492
69058  21.180  -8.784  -25.263 0.1428571492
71060  22.294  -7.503  -24.733 0.2857142985
132213  23.054  -7.623  -25.220 0.1428571492
134799  24.014  -7.483  -24.802 0.2857142985
74676  25.462  -3.714  -22.885 0.2857142985
149814  25.182  -4.909  -23.062 0.1428571492
79029  26.683  1.339  -25.543 0.2857142985
78104  26.289  0.532  -25.235 0.2857142985
80828  28.118  3.663  -26.331 0.4285714328
79028  27.109  2.067  -25.820 0.5714285970
85282  30.893  8.165  -28.277 0.2857142985
80836  27.220  3.384  -27.396 0.7142857313
86200  32.731  9.692  -29.436 0.1428571492
84397  28.924  7.256  -29.728 0.8571428657
148508  29.827  9.694  -30.059 0.7142857313
143619  29.549  15.127  -32.832 0.1428571492
90731  29.728  14.320  -30.485 0.8571428657
148326  29.734  13.461  -28.769 0.8571428657
144752  29.716  12.019  -27.154 0.8571428657
89788  29.661  13.558  -27.060 0.8571428657
96540  29.071  21.819  -28.864 0.8571428657
136604  28.821  23.440  -29.499 0.8571428657
98933  28.317  24.616  -29.442 0.7142857313
99666  28.267  25.424  -30.606 0.2857142985
101176  27.566  29.145  -33.707 0.1428571492
101907  27.735  29.110  -31.540 0.1428571492
146299  20.977  -8.923  -24.142 0.1428571492
71945  22.553  -6.568  -23.693 0.4285714328
129808  23.897  -5.550  -23.458 0.2857142985
71944  23.366  -6.785  -23.824 0.4285714328
72874  22.219  -5.736  -23.628 0.2857142985
73811  24.237  -4.893  -23.387 0.1428571492
75525  25.556  -2.657  -23.028 0.2857142985
76363  26.024  -1.093  -23.496 0.2857142985
75536  25.040  -2.189  -23.756 0.2857142985
76364  25.380  -1.308  -24.164 0.2857142985
79911  26.849  2.349  -26.817 0.7142857313
88925  31.080  12.395  -33.032 0.1428571492
138230  29.439  15.224  -33.600 0.1428571492
92525  28.896  16.615  -32.829 0.1428571492
93346  28.767  17.314  -32.466 0.1428571492
91634  29.509  15.433  -29.461 0.8571428657
87956  29.771  11.310  -27.599 0.8571428657
143097  29.528  10.758  -27.305 1.0000000000
94095  28.517  18.637  -31.925 0.1428571492
94900  28.285  19.283  -32.172 0.1428571492
95741  28.676  20.126  -30.893 0.2857142985
93295  27.483  17.421  -26.398 0.8571428657
95734  28.963  20.350  -30.182 0.5714285970
142202  28.770  21.854  -30.691 0.5714285970
97370  28.873  22.739  -30.276 0.5714285970
98155  28.676  24.122  -29.862 0.7142857313
128780  28.549  25.027  -31.048 0.4285714328
98165  28.635  23.923  -31.629 0.2857142985
98955  28.616  24.602  -31.473 0.2857142985
99682  28.289  25.895  -31.390 0.1428571492
101140  27.384  27.428  -31.869 0.1428571492
102655  24.676  29.358  -32.998 0.2857142985
101158  27.636  27.981  -33.202 0.1428571492
102669  26.111  30.523  -33.336 0.1428571492
102654  25.361  29.898  -33.255 0.1428571492
102670  25.058  30.459  -33.570 0.1428571492
101953  27.784  29.414  -33.729 0.1428571492
103398  25.271  31.726  -32.631 0.1428571492
103399  24.941  31.854  -33.418 0.1428571492
103389  25.511  31.430  -31.703 0.1428571492
96561  28.522  21.311  -31.338 0.4285714328
97383  28.558  22.263  -31.382 0.4285714328
137095  28.700  23.309  -31.038 0.4285714328
149914  28.788  23.591  -30.281 0.5714285970
130217  28.696  24.203  -30.795 0.5714285970
70088  21.621  -7.973  -26.677 0.1428571492
71061  20.605  -7.732  -25.513 0.1428571492
70078  20.299  -8.206  -26.045 0.1428571492
71040  21.782  -7.242  -24.023 0.4285714328
71039  22.750  -7.127  -24.080 0.5714285970
134595  23.663  -7.516  -26.041 0.1428571492
150523  27.587  4.586  -27.804 0.7142857313
131382  30.396  8.468  -29.494 0.8571428657
83457  28.934  6.838  -29.732 0.8571428657
86202  30.802  9.581  -30.206 0.5714285970
87143  30.095  10.413  -30.332 0.5714285970
145514  30.284  13.026  -31.177 0.2857142985
88024  30.880  11.606  -32.384 0.1428571492
152240  30.639  11.546  -31.071 0.1428571492
91647  29.385  15.697  -31.266 0.5714285970
88875  29.970  11.996  -27.951 0.8571428657
90706  29.653  14.235  -28.597 0.8571428657
130252  29.464  16.140  -29.151 0.8571428657
93315  29.423  17.633  -28.293 0.8571428657
149491  29.387  16.945  -27.942 0.8571428657
93293  28.824  16.782  -26.857 0.8571428657
94068  29.404  18.511  -28.360 0.8571428657
95726  29.111  21.024  -29.594 0.8571428657
96529  29.131  20.968  -28.621 0.8571428657
100407  28.463  26.136  -32.490 0.1428571492
100387  27.191  26.950  -30.759 0.5714285970
100369  26.958  26.494  -29.882 0.5714285970
101952  27.955  29.157  -33.978 0.1428571492
101908  25.021  28.580  -31.493 0.4285714328
101940  26.690  29.522  -33.294 0.1428571492
102652  27.553  29.787  -32.836 0.1428571492
102667  27.847  29.550  -33.447 0.1428571492
101159  26.902  28.450  -32.692 0.1428571492
101920  25.697  29.537  -32.887 0.1428571492
103397  25.950  31.286  -32.668 0.1428571492
74675  26.344  -3.868  -22.635 0.1428571492
96549  28.768  21.010  -30.559 0.5714285970
72873  23.154  -5.839  -23.572 0.4285714328
76376  24.862  -1.164  -25.130 0.5714285970
153275  24.358  29.723  -33.697 0.1428571492
76377  24.152  -1.709  -25.564 0.5714285970
142557  23.448  -2.289  -25.369 0.5714285970
76379  22.676  -2.266  -25.737 0.2857142985
77202  24.539  -1.045  -25.889 0.5714285970
76392  23.295  -1.273  -26.710 0.5714285970
75551  22.020  -2.687  -25.275 0.4285714328
76391  24.015  -1.257  -26.426 0.5714285970
76380  21.797  -2.090  -25.853 0.2857142985
76393  22.451  -1.571  -26.469 0.4285714328
155190  25.810  0.421  -25.945 0.4285714328
77213  24.603  -0.508  -26.540 0.5714285970
135822  23.751  -0.663  -27.144 0.5714285970
77228  23.019  -0.141  -27.575 0.4285714328
78123  25.603  0.638  -26.631 0.5714285970
134530  25.290  0.944  -27.306 0.5714285970
147240  24.382  -0.084  -27.247 0.4285714328
139325  24.751  1.377  -27.770 0.4285714328
79051  26.271  2.021  -27.306 0.4285714328
76394  21.420  -1.454  -26.348 0.2857142985
77227  23.867  0.174  -27.659 0.4285714328
78122  25.977  1.271  -27.042 0.7142857313
80838  26.181  3.287  -27.583 0.7142857313
80854  24.335  3.206  -27.792 0.4285714328
141245  25.546  3.952  -27.463 0.7142857313
81726  24.813  4.695  -27.366 0.5714285970
82559  24.161  5.439  -27.689 0.2857142985
155570  26.655  2.851  -27.428 0.5714285970
80837  26.893  3.573  -27.634 0.5714285970
82548  26.675  5.363  -27.438 0.7142857313
83437  25.496  6.423  -27.217 0.7142857313
84376  25.977  7.166  -26.930 0.7142857313
83438  24.536  6.352  -27.634 0.4285714328
85286  25.502  8.032  -27.236 0.4285714328
82546  28.442  5.313  -28.231 0.5714285970
138332  26.962  4.606  -27.701 0.5714285970
83449  28.221  5.801  -28.598 0.5714285970
83435  27.621  6.184  -27.758 0.5714285970
84375  27.107  7.038  -26.901 0.7142857313
85285  26.486  7.918  -26.793 0.7142857313
86162  27.678  9.234  -26.709 0.7142857313
143575  25.893  8.852  -26.951 0.5714285970
86179  25.718  9.844  -27.012 0.5714285970
85311  29.403  8.054  -29.769 0.7142857313
84385  28.576  7.197  -29.163 0.5714285970
84374  28.034  7.228  -27.638 0.5714285970
85284  28.569  7.937  -28.040 0.7142857313
84360  27.435  7.790  -26.855 0.7142857313
86161  28.451  9.211  -26.937 0.8571428657
85287  24.629  8.196  -27.769 0.4285714328
137243  28.187  10.049  -26.696 0.7142857313
87091  26.395  10.342  -26.636 0.7142857313
87090  27.317  10.795  -26.535 0.7142857313
87110  25.559  10.797  -27.165 0.5714285970
87109  26.294  11.212  -26.598 0.7142857313
85299  28.845  7.868  -29.387 0.5714285970
85269  28.104  8.322  -27.005 0.7142857313
87108  28.832  9.825  -26.969 0.8571428657
139751  28.293  10.878  -26.612 0.8571428657
87941  26.986  11.589  -26.456 0.7142857313
88850  26.282  12.136  -26.539 0.5714285970
89789  25.916  13.002  -26.633 0.2857142985
87107  29.298  10.066  -27.399 0.7142857313
87939  28.845  11.436  -26.638 0.7142857313
90679  26.083  14.505  -26.580 0.7142857313
87938  29.488  11.349  -26.948 0.7142857313
88848  28.548  12.308  -26.523 0.8571428657
88849  27.351  12.257  -26.425 0.8571428657
91585  28.664  15.270  -26.617 0.8571428657
138937  27.817  13.023  -26.435 0.8571428657
133591  26.377  13.713  -26.499 0.5714285970
90678  27.122  14.451  -26.419 0.8571428657
91586  27.750  15.311  -26.405 0.8571428657
91587  26.680  15.272  -26.460 0.7142857313
144492  28.741  13.134  -26.543 0.8571428657
90676  28.958  14.473  -26.648 0.8571428657
133561  27.290  16.051  -26.376 0.8571428657
92460  28.309  16.176  -26.511 0.8571428657
92461  27.690  16.716  -26.385 0.8571428657
92462  26.805  16.762  -26.407 0.7142857313
140356  27.905  20.371  -26.712 0.7142857313
141475  27.151  19.816  -26.536 0.7142857313
95691  28.192  21.067  -26.986 0.5714285970
139547  26.286  20.034  -26.570 0.7142857313
96515  27.638  21.249  -26.795 0.7142857313
96522  28.085  21.792  -27.140 0.7142857313
97349  27.928  22.640  -27.300 0.8571428657
98117  26.580  23.569  -27.450 0.7142857313
97345  26.426  22.169  -26.923 0.7142857313
98895  25.993  24.276  -27.684 0.7142857313
98914  25.308  24.824  -28.086 0.7142857313
98896  24.853  24.017  -27.872 0.5714285970
98894  27.069  24.249  -27.742 0.7142857313
99633  25.563  25.536  -28.491 0.7142857313
144481  24.495  24.550  -28.384 0.5714285970
100361  24.850  26.047  -28.977 0.4285714328
99634  24.643  25.223  -28.597 0.5714285970
99651  23.925  25.410  -29.290 0.5714285970
98913  26.442  25.036  -28.128 0.5714285970
98915  23.934  23.972  -28.595 0.5714285970
100372  24.550  26.619  -29.557 0.5714285970
156057  24.253  26.044  -29.389 0.5714285970
129066  23.680  26.109  -29.793 0.5714285970
99635  23.848  24.629  -28.924 0.4285714328
99652  23.091  24.598  -29.550 0.5714285970
100391  22.442  25.585  -31.260 0.5714285970
148383  23.127  25.236  -29.804 0.5714285970
100389  24.166  27.106  -30.127 0.5714285970
99653  22.308  24.576  -30.119 0.4285714328
97358  23.393  22.600  -28.624 0.4285714328
99683  21.487  25.136  -31.630 0.5714285970
99694  20.622  25.180  -32.341 0.4285714328
81704  28.730  4.144  -25.754 0.2857142985
145736  28.775  6.833  -29.551 0.5714285970
100425  20.823  25.530  -33.331 0.2857142985
99684  20.952  24.931  -31.909 0.4285714328
131289  21.179  25.157  -31.068 0.2857142985
75539  22.811  -2.839  -24.911 0.5714285970
77201  25.095  -0.569  -25.690 0.2857142985
78113  25.686  -0.061  -25.457 0.2857142985
147159  25.303  0.026  -26.205 0.5714285970
145843  22.744  -0.883  -27.124 0.4285714328
78136  24.567  0.590  -27.528 0.5714285970
77214  21.824  -0.994  -26.999 0.2857142985
77229  22.120  -0.330  -27.468 0.2857142985
79921  24.828  2.314  -27.795 0.5714285970
82537  30.248  5.782  -26.150 0.2857142985
80855  23.588  3.640  -28.269 0.2857142985
82550  25.132  5.584  -27.293 0.7142857313
139744  29.330  11.975  -26.752 0.8571428657
89774  26.756  12.953  -26.432 0.7142857313
147859  27.862  18.751  -26.530 0.7142857313
138429  27.177  19.020  -26.508 0.7142857313
94047  26.352  18.516  -26.483 0.7142857313
97351  25.845  22.846  -27.275 0.7142857313
98916  23.121  23.932  -29.247 0.2857142985
99631  27.049  25.481  -28.685 0.5714285970
100360  25.814  26.202  -28.927 0.5714285970
99650  26.640  26.100  -29.133 0.5714285970
100371  25.372  26.734  -29.409 0.5714285970
100390  23.388  26.460  -30.577 0.5714285970
100410  22.116  25.783  -32.190 0.2857142985
79053  23.995  0.991  -27.966 0.4285714328
83448  28.713  6.390  -29.189 0.7142857313
155620  27.113  4.093  -27.741 0.5714285970
85298  29.279  8.705  -29.348 0.7142857313
86178  28.945  9.313  -27.414 0.7142857313
85283  28.916  8.653  -28.285 0.7142857313
89771  29.237  13.694  -26.708 0.7142857313
98116  27.568  23.451  -27.536 0.8571428657
82547  27.570  5.227  -27.959 0.5714285970
76378  23.366  -1.787  -26.125 0.5714285970
75550  24.034  -2.232  -24.899 0.4285714328
147552  22.119  -3.133  -24.789 0.5714285970
77212  24.973  0.258  -26.932 0.5714285970
79052  25.559  1.698  -27.550 0.5714285970
79920  25.867  2.485  -27.598 0.5714285970
80839  25.235  3.151  -27.572 0.7142857313
149953  24.605  3.872  -27.537 0.5714285970
152916  24.072  3.798  -27.798 0.4285714328
79935  23.841  2.690  -28.174 0.4285714328
81724  26.507  3.990  -27.622 0.7142857313
81725  25.936  4.824  -27.319 0.7142857313
81734  23.883  4.466  -27.847 0.2857142985
82549  25.954  5.691  -27.147 0.7142857313
154245  27.137  5.715  -27.506 0.7142857313
83436  26.568  6.221  -27.094 0.7142857313
83434  28.412  6.534  -28.841 0.5714285970
147140  27.084  8.571  -26.701 0.7142857313
86163  26.656  9.455  -26.680 0.7142857313
144799  28.603  8.690  -27.401 0.5714285970
145791  27.250  9.969  -26.606 0.7142857313
86188  25.128  10.176  -27.639 0.2857142985
88864  25.526  12.308  -27.286 0.5714285970
88876  25.090  12.280  -28.107 0.2857142985
89773  27.320  13.675  -26.420 0.8571428657
97344  27.382  22.046  -26.959 0.7142857313
97350  27.031  22.816  -27.197 0.7142857313
99669  21.788  24.913  -30.753 0.4285714328
78138  22.352  0.386  -27.906 0.1428571492
78150  23.283  1.471  -28.291 0.4285714328
71946  21.162  -6.858  -23.523 0.4285714328
77181  26.692  -0.594  -23.306 0.1428571492
136651  26.618  0.287  -24.003 0.1428571492
79900  27.603  2.559  -25.592 0.1428571492
80821  27.827  3.093  -25.867 0.1428571492
78095  27.471  0.932  -23.735 0.1428571492
77180  27.706  -0.006  -23.126 0.1428571492
80808  28.903  3.035  -24.508 0.1428571492
79891  27.659  2.162  -24.927 0.1428571492
79020  27.613  1.594  -24.266 0.1428571492
80820  28.472  3.422  -25.355 0.1428571492
83423  30.635  6.401  -26.529 0.2857142985
84372  31.485  7.762  -27.123 0.1428571492
137364  28.200  18.040  -26.557 0.5714285970
104860  24.168  33.158  -32.262 0.1428571492
132530  25.851  16.746  -26.605 0.4285714328
104137  24.060  33.392  -32.132 0.1428571492
103418  24.541  31.531  -34.056 0.1428571492
94048  25.485  18.100  -26.629 0.4285714328
94851  26.384  19.304  -26.523 0.5714285970
137368  25.406  20.105  -26.784 0.4285714328
103427  21.807  30.739  -34.814 0.2857142985
130411  22.706  27.516  -35.066 0.2857142985
101923  23.645  27.708  -32.512 0.2857142985
132448  23.358  28.319  -34.705 0.2857142985
94867  23.568  19.167  -28.096 0.1428571492
95693  26.033  20.799  -26.618 0.5714285970
101965  21.631  27.763  -35.566 0.2857142985
101131  25.067  27.433  -30.040 0.4285714328
136386  23.914  19.896  -28.007 0.4285714328
144805  24.834  22.307  -27.521 0.5714285970
101177  21.947  26.670  -35.096 0.2857142985
95704  23.437  20.545  -28.493 0.4285714328
96525  23.704  21.244  -28.330 0.2857142985
130919  21.077  26.290  -34.421 0.1428571492
154880  21.499  26.139  -34.095 0.1428571492
101185  21.389  26.884  -35.335 0.1428571492
96531  22.895  21.135  -28.810 0.1428571492
129490  20.162  25.941  -33.868 0.1428571492
100449  19.917  27.245  -34.726 0.1428571492
101967  19.831  28.009  -34.837 0.1428571492
142577  22.980  21.753  -28.693 0.2857142985
100426  19.922  25.596  -32.776 0.2857142985
100392  20.447  26.360  -30.625 0.1428571492
101187  19.413  27.114  -33.292 0.1428571492
101186  19.852  27.625  -34.036 0.1428571492
100427  18.910  26.643  -32.673 0.1428571492
101164  18.841  27.644  -31.696 0.1428571492
101957  19.007  28.143  -33.117 0.1428571492
101927  18.816  28.444  -31.586 0.1428571492
72875  21.297  -5.891  -23.475 0.4285714328
73831  20.195  -3.977  -23.615 0.2857142985
79019  28.445  2.186  -24.044 0.1428571492
81703  29.518  4.482  -25.320 0.1428571492
93297  25.446  17.360  -26.699 0.2857142985
99649  27.382  25.797  -29.487 0.4285714328
101922  24.257  28.589  -32.137 0.2857142985
101966  20.785  28.292  -35.160 0.2857142985
101955  22.925  28.691  -35.424 0.2857142985
101956  19.784  28.609  -34.267 0.2857142985
73815  20.759  -4.878  -23.585 0.2857142985
72871  25.507  -5.998  -23.348 0.1428571492
75515  26.309  -2.212  -22.704 0.1428571492
76354  26.558  -1.427  -22.878 0.1428571492
84359  30.988  7.061  -26.859 0.1428571492
81714  29.043  4.819  -26.199 0.1428571492
98119  24.881  23.178  -27.655 0.5714285970
132455  20.055  30.105  -35.309 0.2857142985
101964  22.422  28.389  -35.567 0.2857142985
101942  23.940  28.666  -33.522 0.2857142985
101954  23.677  29.398  -34.600 0.2857142985
102691  22.784  29.726  -35.299 0.2857142985
103419  22.948  31.577  -35.183 0.1428571492
103409  22.185  32.445  -34.902 0.1428571492
104143  24.202  32.036  -34.023 0.1428571492
102683  19.366  29.180  -33.432 0.2857142985
102692  19.847  29.256  -35.176 0.2857142985
130966  23.370  32.143  -34.835 0.1428571492
104144  23.652  32.530  -33.692 0.1428571492
102680  24.234  30.664  -34.152 0.1428571492
132365  23.748  31.430  -34.536 0.1428571492
85281  31.848  8.479  -27.649 0.2857142985
153213  21.059  30.926  -34.656 0.2857142985
102681  23.274  30.269  -35.005 0.1428571492
83424  29.838  6.049  -27.092 0.4285714328
100370  26.195  26.684  -29.514 0.4285714328
101909  24.432  28.317  -31.318 0.2857142985
94852  25.702  19.535  -26.631 0.4285714328
96517  25.805  21.549  -26.802 0.5714285970
98118  25.619  23.595  -27.541 0.5714285970
101161  23.899  27.925  -31.505 0.2857142985
100411  21.110  25.049  -32.484 0.4285714328
99685  20.660  25.315  -31.443 0.2857142985
93296  26.355  17.587  -26.467 0.5714285970
143133  25.594  22.132  -27.083 0.5714285970
97357  24.269  22.690  -28.080 0.5714285970
100409  23.232  26.739  -31.672 0.2857142985
147348  22.319  26.675  -34.051 0.2857142985
79899  28.158  2.739  -25.033 0.1428571492
80819  29.196  3.790  -24.897 0.1428571492
94049  24.797  18.625  -26.969 0.2857142985
151697  21.448  29.148  -35.018 0.2857142985
101184  22.253  27.548  -35.635 0.2857142985
101943  23.260  27.518  -33.949 0.2857142985
95695  24.633  20.025  -27.351 0.2857142985
95694  25.030  20.894  -27.079 0.4285714328
101197  20.485  27.355  -35.135 0.1428571492
95703  24.211  20.660  -27.824 0.4285714328
96523  25.125  21.677  -27.195 0.5714285970
96524  24.465  21.466  -27.669 0.5714285970
97352  23.955  22.003  -28.231 0.4285714328
81702  30.401  4.751  -25.007 0.1428571492
92475  25.027  16.740  -26.992 0.2857142985
103408  22.896  32.404  -35.140 0.1428571492
86180  25.076  9.433  -27.541 0.4285714328
104154  18.802  31.457  -33.737 0.1428571492
102693  19.841  30.133  -35.103 0.1428571492
128304  18.785  32.681  -33.332 0.1428571492
146666  20.668  29.784  -31.439 0.1428571492
128394  18.598  32.788  -32.480 0.1428571492
103430  18.773  31.220  -34.078 0.1428571492
103429  19.585  30.914  -34.400 0.1428571492
146665  19.480  30.336  -31.591 0.1428571492
146416  20.511  30.935  -30.920 0.1428571492
103422  18.830  30.600  -33.476 0.1428571492
146364  19.867  31.753  -31.687 0.1428571492
128367  18.684  33.432  -32.176 0.1428571492
137038  18.955  29.943  -33.578 0.1428571492
146361  19.492  31.108  -32.216 0.1428571492
128497  19.023  32.495  -29.211 0.1428571492
128352  19.622  32.614  -31.216 0.1428571492
87957  25.692  11.618  -26.983 0.2857142985
128382  20.419  32.064  -30.838 0.1428571492
128308  18.594  33.225  -29.814 0.1428571492
128566  18.680  33.147  -32.911 0.1428571492
79040  26.518  1.653  -26.511 0.2857142985
103428  20.069  31.141  -34.928 0.1428571492
104879  18.815  32.010  -34.260 0.1428571492
104883  18.958  32.235  -34.478 0.1428571492
153744  20.395  32.501  -30.462 0.1428571492
146489  20.493  32.412  -29.723 0.1428571492
78112  26.183  0.943  -26.205 0.4285714328
145268  23.285  -3.470  -24.288 0.4285714328
74678  23.745  -4.146  -23.767 0.2857142985
75538  23.638  -2.749  -24.594 0.2857142985
74690  24.048  -3.348  -23.961 0.1428571492
73828  22.955  -4.210  -24.038 0.2857142985
98132  24.116  23.297  -28.327 0.4285714328
76365  24.607  -1.839  -24.616 0.2857142985
74691  22.518  -3.547  -24.421 0.4285714328
75537  24.355  -2.576  -24.227 0.1428571492
94866  24.323  19.251  -27.475 0.2857142985
73829  22.110  -4.193  -24.094 0.2857142985
73814  21.697  -4.937  -23.789 0.2857142985
74692  21.747  -3.558  -24.447 0.2857142985
79066  24.032  1.831  -28.135 0.2857142985
84386  23.935  7.015  -28.095 0.1428571492
84377  24.897  7.286  -27.543 0.2857142985
137517  24.467  8.977  -28.086 0.1428571492
89790  25.318  13.160  -27.619 0.1428571492
90693  25.441  14.572  -27.082 0.1428571492
89791  24.795  13.800  -28.007 0.1428571492
91588  25.795  15.282  -26.710 0.1428571492
91605  24.455  15.300  -27.722 0.1428571492
93307  23.661  17.578  -27.910 0.1428571492
94853  25.021  19.400  -26.872 0.1428571492
94069  23.318  18.472  -28.379 0.1428571492
94060  24.021  18.455  -27.609 0.1428571492
98133  23.240  23.336  -28.851 0.1428571492
98146  22.243  23.340  -29.393 0.1428571492
97359  22.099  22.210  -28.853 0.1428571492
98936  21.686  24.393  -29.976 0.1428571492
98147  21.449  23.907  -29.324 0.1428571492
73813  22.588  -4.937  -23.787 0.1428571492
133629  26.266  16.024  -26.520 0.2857142985
145032  24.733  16.023  -27.394 0.1428571492
147753  20.710  -6.320  -23.386 0.2857142985
78137  23.191  0.674  -27.957 0.2857142985
79936  23.254  2.290  -28.484 0.2857142985
86189  24.538  9.890  -28.369 0.1428571492
87120  24.951  10.781  -28.075 0.1428571492
88887  23.780  12.120  -29.102 0.1428571492
89805  24.679  12.972  -28.350 0.1428571492
89806  23.993  13.644  -28.516 0.1428571492
136908  22.464  22.814  -28.999 0.1428571492
79067  22.586  1.929  -28.669 0.2857142985
148601  24.140  7.701  -28.141 0.1428571492
89775  25.690  13.808  -26.791 0.1428571492
96532  21.839  21.342  -28.797 0.1428571492
92463  25.424  16.011  -26.891 0.1428571492
93298  24.655  17.659  -27.159 0.1428571492
73830  21.171  -4.078  -24.071 0.2857142985
79937  22.601  2.739  -28.814 0.1428571492
90694  24.889  14.561  -27.637 0.1428571492
88878  23.889  12.814  -28.811 0.1428571492
72876  20.236  -5.731  -23.253 0.1428571492
72877  19.654  -5.387  -22.931 0.1428571492
73816  19.909  -4.781  -23.228 0.1428571492
134449  21.120  -3.408  -24.432 0.1428571492
85296  32.443  8.947  -28.116 0.1428571492
154992  33.867  8.958  -28.686 0.1428571492
96573  28.301  21.483  -32.029 0.1428571492
71947  20.074  -6.987  -23.515 0.1428571492
74693  20.619  -3.499  -24.152 0.1428571492
75540  21.466  -3.015  -24.796 0.1428571492
75552  21.157  -2.449  -25.223 0.1428571492
141732  28.241  20.634  -32.133 0.1428571492
143577  28.152  22.040  -32.471 0.1428571492
76381  20.896  -1.812  -25.681 0.1428571492
154868  28.442  19.977  -31.690 0.1428571492
86185  33.063  9.270  -28.645 0.1428571492
71062  19.622  -7.887  -25.330 0.1428571492
81723  27.424  3.984  -27.639 0.5714285970
81733  28.014  5.147  -28.406 0.5714285970
82558  28.335  5.773  -28.755 0.5714285970
83446  29.221  6.927  -29.632 0.8571428657
83447  29.081  6.438  -29.338 0.8571428657
85280  32.751  8.479  -27.540 0.2857142985
85297  31.399  8.890  -28.577 0.1428571492
85309  31.059  9.263  -29.501 0.7142857313
86201  31.751  9.760  -29.761 0.1428571492
86218  30.038  9.457  -30.298 0.7142857313
87089  29.020  10.608  -26.853 0.8571428657
87142  30.525  10.209  -30.593 0.5714285970
87153  30.955  10.886  -32.008 0.1428571492
87940  27.886  11.545  -26.500 0.7142857313
87983  29.999  11.104  -29.631 0.8571428657
87998  30.441  10.927  -30.973 0.4285714328
88034  30.995  11.753  -32.915 0.1428571492
88847  29.438  12.782  -26.802 0.8571428657
88877  24.391  12.152  -28.639 0.1428571492
88888  23.408  12.651  -29.523 0.1428571492
88904  30.720  12.178  -32.054 0.1428571492
88916  30.825  12.302  -32.653 0.1428571492
88917  30.780  13.319  -32.774 0.1428571492
89772  28.321  13.824  -26.479 0.7142857313
89817  29.740  13.860  -29.537 0.8571428657
90677  28.134  14.587  -26.448 0.8571428657
90759  29.769  14.828  -33.836 0.1428571492
91604  25.142  15.292  -27.287 0.1428571492
92487  29.459  16.852  -28.766 0.8571428657
92499  29.450  16.687  -29.725 0.8571428657
93294  28.282  17.124  -26.525 0.8571428657
94046  27.275  18.232  -26.436 0.5714285970
94850  27.885  19.459  -26.606 0.7142857313
94865  29.207  19.097  -27.690 0.8571428657
95692  27.005  20.639  -26.576 0.7142857313
95701  29.046  19.942  -27.726 0.8571428657
95714  28.881  20.792  -27.812 0.8571428657
95753  28.062  19.835  -32.416 0.1428571492
96516  26.749  21.438  -26.700 0.7142857313
98131  27.873  24.002  -27.979 0.7142857313
98912  27.447  24.758  -28.289 0.5714285970
98935  22.248  24.007  -29.710 0.1428571492
98945  28.466  24.777  -30.274 0.7142857313
99632  26.321  25.692  -28.621 0.5714285970
99668  22.759  25.381  -30.418 0.5714285970
100388  26.444  27.122  -30.261 0.5714285970
100414  18.911  26.930  -31.955 0.1428571492
100424  21.637  25.806  -33.211 0.5714285970
100437  20.336  26.576  -34.798 0.1428571492
100438  19.833  26.750  -34.030 0.1428571492
100439  19.477  26.256  -33.150 0.2857142985
101143  24.639  27.943  -30.656 0.2857142985
101144  23.954  27.555  -30.831 0.5714285970
101162  22.740  26.688  -32.884 0.2857142985
101178  18.788  27.446  -32.547 0.1428571492
101913  19.501  28.519  -30.741 0.1428571492
101921  24.845  29.045  -32.221 0.2857142985
101944  18.740  28.162  -32.243 0.1428571492
102643  27.175  29.709  -31.697 0.1428571492
102653  27.041  30.388  -32.854 0.1428571492
102666  28.024  29.363  -33.800 0.1428571492
102679  25.040  31.280  -33.818 0.1428571492
102682  19.657  29.608  -34.249 0.1428571492
103406  26.141  31.007  -33.119 0.1428571492
103420  22.480  32.204  -35.149 0.1428571492
103421  18.981  30.440  -34.183 0.1428571492
104160  20.087  31.954  -34.444 0.1428571492
104161  19.253  31.608  -34.438 0.1428571492
104882  19.691  32.378  -34.247 0.1428571492
131989  29.580  14.909  -28.040 0.8571428657
132005  18.731  32.134  -33.713 0.1428571492
132126  30.513  12.749  -31.707 0.1428571492
133304  30.211  6.665  -27.533 0.1428571492
133461  28.401  17.868  -32.712 0.1428571492
134591  32.186  10.779  -32.894 0.1428571492
136887  27.153  2.871  -27.078 0.7142857313
137913  29.041  21.875  -29.870 0.5714285970
138098  18.814  30.275  -32.432 0.1428571492
138723  29.557  15.164  -30.416 0.5714285970
138923  25.254  13.956  -27.495 0.1428571492
139835  29.927  14.325  -32.255 0.1428571492
142627  29.438  15.944  -30.130 0.4285714328
144722  25.585  18.901  -26.623 0.4285714328
146415  19.044  32.557  -30.037 0.1428571492
146573  18.862  31.045  -32.726 0.1428571492
146574  21.058  31.983  -30.481 0.1428571492
147567  18.860  29.705  -32.116 0.1428571492
149038  25.083  8.712  -27.475 0.5714285970
149989  29.443  18.025  -28.981 0.8571428657
150072  27.699  14.127  -26.423 0.8571428657
150748  18.848  31.921  -32.884 0.1428571492
154806  28.531  20.612  -31.312 0.2857142985
155148  25.785  27.189  -29.864 0.4285714328
155425  23.853  32.928  -32.671 0.1428571492
