#!ascii label  , from subject sub-v1s3x0050812_ses-1 vox2ras=TkReg
698
14059  -32.232  -59.376  -29.188 0.5000000000
14064  -32.032  -58.799  -29.836 0.8000000119
125446  -31.774  -57.629  -29.543 0.8000000119
15635  -31.681  -57.992  -29.999 0.8000000119
14831  -31.897  -58.308  -30.041 0.8000000119
14050  -32.649  -59.874  -28.063 0.5000000000
14832  -32.740  -58.526  -30.051 0.6000000238
17190  -33.233  -55.736  -29.262 0.6999999881
16436  -32.930  -56.487  -29.444 0.6999999881
14836  -32.466  -57.955  -30.185 0.8000000119
14837  -33.582  -58.268  -30.248 0.6999999881
14051  -33.574  -59.893  -27.465 0.6000000238
14060  -33.352  -59.573  -28.471 0.5000000000
14061  -34.004  -59.371  -28.806 0.6000000238
132091  -32.455  -54.528  -27.490 0.6999999881
14065  -33.152  -59.102  -29.514 0.6000000238
112123  -35.055  -58.905  -29.625 0.6000000238
17183  -32.507  -55.399  -27.687 0.6999999881
16426  -32.353  -56.348  -28.013 0.6999999881
15631  -32.466  -57.368  -29.840 0.6999999881
128939  -34.424  -58.751  -30.018 0.6000000238
132745  -35.246  -58.692  -30.065 0.6000000238
15638  -33.162  -57.456  -30.162 0.8000000119
15639  -34.122  -57.632  -30.372 0.8000000119
14838  -34.777  -58.390  -30.273 0.6999999881
14828  -34.840  -59.123  -28.639 0.6000000238
17959  -32.568  -53.798  -28.002 0.6999999881
14830  -36.251  -58.563  -29.528 0.6000000238
17963  -33.105  -53.984  -28.737 0.6999999881
17187  -32.829  -55.847  -28.634 0.6999999881
16440  -33.083  -56.825  -29.931 0.6999999881
16442  -34.530  -56.806  -30.413 0.6000000238
15641  -36.351  -57.947  -30.485 0.6999999881
121865  -38.613  -56.840  -30.545 0.5000000000
17195  -34.009  -55.905  -30.147 0.6000000238
17196  -34.877  -55.869  -30.405 0.6000000238
16443  -35.582  -56.966  -30.543 0.6000000238
132147  -36.575  -56.240  -30.602 0.6000000238
17197  -36.524  -55.452  -30.603 0.6000000238
17198  -37.872  -55.862  -30.720 0.5000000000
14819  -34.731  -58.942  -27.422 0.4000000060
14052  -34.220  -59.495  -27.947 0.5000000000
18718  -32.106  -53.017  -28.052 0.6999999881
14820  -35.442  -58.588  -28.127 0.6000000238
15632  -36.136  -58.317  -28.723 0.6000000238
17964  -33.527  -54.208  -29.311 0.6999999881
14835  -36.599  -58.476  -30.075 0.6000000238
17968  -33.948  -54.312  -29.760 0.6999999881
15636  -37.417  -58.014  -30.162 0.5000000000
15643  -38.688  -57.035  -30.317 0.6000000238
17192  -34.344  -54.955  -30.080 0.6999999881
17972  -35.311  -54.846  -30.394 0.6000000238
17199  -38.967  -56.244  -30.847 0.5000000000
16446  -39.427  -56.647  -30.711 0.5000000000
17974  -37.087  -54.703  -30.644 0.5000000000
19540  -29.722  -52.385  -28.281 0.6000000238
129870  -30.542  -51.621  -28.238 0.6000000238
15612  -34.499  -58.049  -26.596 0.5000000000
15623  -35.095  -58.143  -27.394 0.5000000000
19547  -31.264  -51.883  -28.559 0.6999999881
128384  -31.265  -52.734  -27.863 0.6999999881
16428  -36.157  -56.723  -27.846 0.4000000060
18722  -32.604  -52.776  -28.728 0.6999999881
15625  -36.525  -57.580  -28.554 0.5000000000
18723  -33.254  -53.202  -29.228 0.6999999881
18728  -33.794  -53.503  -29.627 0.6999999881
119349  -37.179  -57.601  -29.187 0.5000000000
17969  -34.513  -53.844  -30.071 0.6999999881
18732  -35.433  -53.781  -30.312 0.6000000238
15637  -38.252  -57.395  -30.250 0.5000000000
17973  -36.084  -54.444  -30.486 0.6000000238
17193  -39.784  -56.564  -30.054 0.5000000000
113402  -36.397  -53.793  -30.426 0.5000000000
17976  -39.743  -55.785  -31.258 0.5000000000
17975  -38.493  -55.239  -30.755 0.5000000000
17978  -40.837  -54.334  -30.398 0.3000000119
17169  -35.154  -55.663  -26.669 0.3000000119
20386  -29.623  -51.941  -27.907 0.6000000238
20387  -30.255  -51.556  -27.768 0.6000000238
15613  -34.932  -57.333  -26.993 0.4000000060
16427  -35.392  -56.604  -27.212 0.4000000060
16433  -36.976  -56.803  -28.544 0.5000000000
114012  -32.818  -52.352  -29.024 0.6999999881
19549  -33.554  -52.686  -29.392 0.6999999881
16434  -37.817  -57.219  -29.488 0.5000000000
19554  -34.207  -52.963  -29.785 0.5000000000
17189  -39.177  -55.926  -29.554 0.5000000000
111442  -34.919  -53.117  -30.041 0.5000000000
125269  -40.059  -55.951  -29.912 0.4000000060
17201  -39.965  -56.128  -30.726 0.3000000119
17971  -41.047  -54.277  -30.187 0.4000000060
111679  -40.197  -54.047  -30.685 0.5000000000
18735  -40.806  -54.155  -30.490 0.4000000060
113095  -29.868  -51.663  -26.635 0.6000000238
20388  -30.950  -51.372  -27.598 0.6000000238
20389  -31.759  -51.402  -27.558 0.6000000238
127513  -32.553  -51.453  -27.581 0.6000000238
17185  -36.544  -55.886  -27.852 0.3000000119
17186  -37.726  -55.898  -28.693 0.4000000060
20404  -32.217  -51.960  -28.759 0.6000000238
17962  -37.510  -54.746  -28.039 0.3000000119
20405  -33.319  -52.029  -28.967 0.6000000238
18724  -38.716  -54.030  -28.378 0.3000000119
17965  -38.430  -54.922  -28.630 0.3000000119
116697  -34.132  -52.439  -29.330 0.6000000238
18725  -39.728  -53.868  -28.933 0.3000000119
17966  -39.675  -54.963  -29.430 0.3000000119
19550  -34.981  -52.368  -29.115 0.5000000000
130435  -34.663  -52.718  -29.641 0.5000000000
19555  -35.361  -52.711  -29.681 0.5000000000
19553  -40.813  -52.688  -29.410 0.3000000119
18729  -35.780  -53.163  -30.114 0.5000000000
19560  -37.643  -53.060  -30.343 0.5000000000
18731  -41.163  -53.687  -30.258 0.3000000119
115364  -36.248  -52.669  -29.713 0.5000000000
19562  -40.719  -53.380  -30.616 0.4000000060
18736  -41.023  -53.633  -30.465 0.3000000119
20359  -30.215  -51.333  -25.206 0.5000000000
20372  -30.840  -51.328  -26.236 0.6000000238
20373  -31.812  -51.238  -26.366 0.5000000000
20399  -32.812  -51.656  -28.321 0.6000000238
20390  -33.408  -51.328  -27.161 0.5000000000
19544  -39.059  -52.207  -27.915 0.3000000119
20400  -34.012  -51.574  -27.833 0.6000000238
20403  -39.209  -51.394  -27.864 0.3000000119
19552  -39.820  -52.913  -28.611 0.3000000119
20406  -34.471  -51.976  -28.609 0.6000000238
19551  -35.868  -52.269  -29.063 0.5000000000
20413  -37.565  -51.804  -29.539 0.5000000000
19561  -39.538  -52.869  -30.646 0.4000000060
20417  -39.134  -51.692  -30.426 0.4000000060
21242  -30.950  -51.017  -25.060 0.5000000000
21243  -31.628  -50.892  -25.314 0.5000000000
21244  -32.484  -50.704  -25.507 0.5000000000
20374  -32.801  -51.168  -26.495 0.5000000000
20393  -38.116  -51.072  -26.953 0.3000000119
21264  -38.665  -50.826  -27.394 0.3000000119
20401  -35.006  -51.447  -27.832 0.6000000238
20407  -35.445  -51.825  -28.461 0.5000000000
20412  -36.734  -52.050  -29.242 0.5000000000
19563  -41.089  -52.687  -30.528 0.4000000060
21275  -40.539  -50.695  -30.589 0.4000000060
21232  -32.069  -50.273  -24.642 0.5000000000
21245  -33.326  -50.422  -25.760 0.5000000000
21258  -37.510  -50.890  -26.455 0.4000000060
22053  -37.801  -49.525  -26.571 0.4000000060
21255  -33.712  -50.775  -26.431 0.5000000000
21256  -34.188  -50.999  -26.958 0.5000000000
115033  -38.763  -50.099  -27.449 0.4000000060
21265  -39.429  -50.541  -28.048 0.3000000119
22052  -34.625  -49.821  -26.565 0.4000000060
121995  -40.065  -50.004  -28.620 0.3000000119
21262  -35.335  -50.650  -27.414 0.5000000000
21266  -35.878  -51.129  -27.917 0.4000000060
21267  -36.592  -50.739  -28.332 0.4000000060
21274  -39.424  -50.754  -30.444 0.4000000060
115339  -32.255  -49.648  -24.324 0.5000000000
22042  -32.872  -49.899  -24.991 0.5000000000
22043  -33.615  -49.600  -25.599 0.5000000000
115486  -37.465  -50.083  -26.288 0.4000000060
22051  -34.014  -50.063  -26.116 0.5000000000
121536  -37.801  -48.649  -26.557 0.4000000060
22055  -38.421  -49.309  -27.148 0.4000000060
118998  -34.231  -49.302  -26.132 0.4000000060
22054  -35.357  -49.703  -27.182 0.4000000060
22056  -39.330  -49.509  -27.966 0.4000000060
21263  -36.064  -50.215  -27.740 0.4000000060
22058  -36.682  -49.781  -28.395 0.4000000060
21268  -37.300  -50.365  -28.898 0.4000000060
21271  -37.834  -50.982  -29.413 0.4000000060
118597  -38.868  -50.029  -30.330 0.4000000060
22066  -40.766  -49.850  -30.539 0.4000000060
117860  -39.774  -50.105  -30.511 0.4000000060
22020  -32.130  -49.073  -23.783 0.5000000000
22032  -32.690  -49.124  -24.495 0.4000000060
22851  -36.810  -48.531  -25.594 0.4000000060
22857  -37.266  -48.421  -26.036 0.4000000060
127216  -33.277  -49.033  -25.092 0.5000000000
22855  -33.816  -48.737  -25.684 0.4000000060
131011  -34.850  -49.037  -26.706 0.4000000060
22861  -38.961  -48.588  -27.643 0.4000000060
22057  -36.071  -49.244  -27.855 0.4000000060
22067  -41.344  -49.656  -30.325 0.3000000119
113856  -38.058  -49.961  -29.686 0.4000000060
22840  -32.542  -48.374  -24.125 0.4000000060
22841  -32.989  -48.461  -24.739 0.5000000000
23654  -33.830  -47.826  -25.930 0.4000000060
23656  -37.515  -47.789  -26.256 0.4000000060
22856  -34.329  -48.435  -26.316 0.4000000060
22858  -34.810  -48.120  -27.031 0.4000000060
22859  -35.417  -48.690  -27.420 0.4000000060
22862  -35.909  -48.305  -28.211 0.4000000060
22061  -37.300  -49.338  -29.157 0.4000000060
22872  -40.812  -48.803  -30.531 0.4000000060
22062  -38.557  -49.362  -30.222 0.4000000060
22065  -39.555  -49.310  -30.502 0.4000000060
23647  -32.913  -46.634  -25.089 0.4000000060
23648  -33.351  -47.213  -25.533 0.4000000060
111277  -33.702  -46.960  -26.285 0.4000000060
23655  -34.275  -47.501  -26.639 0.4000000060
23659  -35.279  -47.777  -27.781 0.4000000060
23674  -41.133  -47.989  -30.397 0.4000000060
23664  -36.364  -47.856  -28.969 0.4000000060
22866  -37.193  -48.268  -29.507 0.4000000060
23668  -38.064  -48.056  -30.135 0.4000000060
24499  -33.230  -46.321  -25.947 0.4000000060
126396  -33.575  -46.351  -26.619 0.4000000060
130198  -33.625  -46.084  -27.129 0.4000000060
24509  -34.405  -46.556  -27.931 0.4000000060
23658  -34.654  -47.248  -27.438 0.4000000060
24512  -34.649  -46.421  -28.768 0.4000000060
23662  -34.987  -47.050  -28.251 0.4000000060
23663  -35.632  -47.491  -28.583 0.4000000060
23667  -35.902  -47.018  -29.271 0.4000000060
121474  -40.424  -47.789  -30.544 0.3000000119
129436  -37.518  -47.521  -29.901 0.4000000060
23672  -39.164  -47.691  -30.481 0.4000000060
25317  -32.911  -45.435  -26.041 0.4000000060
25318  -33.298  -45.810  -26.703 0.4000000060
26186  -32.736  -44.644  -26.431 0.4000000060
25325  -33.361  -45.594  -27.507 0.4000000060
24508  -33.814  -46.077  -27.766 0.4000000060
24517  -35.215  -46.501  -29.191 0.4000000060
114424  -35.787  -46.090  -29.532 0.4000000060
23669  -41.169  -47.292  -30.215 0.4000000060
129982  -40.848  -47.228  -30.437 0.3000000119
24518  -36.559  -46.621  -29.647 0.4000000060
23671  -38.263  -47.201  -30.207 0.5000000000
121571  -39.124  -46.838  -30.461 0.4000000060
24519  -37.499  -46.660  -29.979 0.5000000000
27049  -32.565  -43.854  -26.643 0.4000000060
123091  -32.673  -44.441  -27.366 0.4000000060
25324  -32.999  -45.147  -27.013 0.4000000060
26193  -32.583  -44.214  -28.204 0.4000000060
26189  -32.933  -44.985  -27.936 0.4000000060
24521  -38.609  -46.336  -30.330 0.5000000000
27915  -32.415  -42.879  -26.817 0.4000000060
27055  -32.352  -43.632  -27.612 0.4000000060
27062  -32.255  -43.349  -28.374 0.4000000060
25337  -36.943  -45.863  -29.858 0.4000000060
25341  -38.189  -45.577  -30.295 0.5000000000
28816  -32.329  -41.984  -26.362 0.4000000060
27914  -31.912  -42.091  -27.387 0.4000000060
27922  -31.910  -42.794  -27.919 0.4000000060
25340  -37.472  -44.974  -30.216 0.5000000000
29723  -30.931  -40.422  -27.778 0.4000000060
28815  -31.874  -41.347  -26.770 0.4000000060
29729  -31.140  -40.690  -28.224 0.4000000060
28839  -31.642  -41.025  -28.676 0.5000000000
29714  -31.474  -40.701  -27.058 0.4000000060
19556  -37.187  -52.546  -29.854 0.5000000000
20414  -38.253  -51.548  -29.874 0.5000000000
117201  -40.390  -52.279  -30.665 0.4000000060
13273  -31.536  -59.789  -28.723 0.5000000000
15630  -31.213  -58.186  -29.638 0.8000000119
130850  -31.390  -57.799  -29.337 0.8000000119
119918  -31.507  -57.548  -27.978 0.6999999881
13264  -32.947  -60.426  -27.177 0.5000000000
17182  -32.215  -55.763  -27.175 0.6999999881
14040  -33.559  -60.274  -26.453 0.5000000000
17167  -32.170  -54.813  -26.846 0.6999999881
14041  -34.107  -59.607  -26.974 0.4000000060
17948  -32.004  -53.778  -27.134 0.6999999881
19541  -30.418  -51.956  -28.584 0.6999999881
14809  -34.178  -58.913  -26.333 0.4000000060
128732  -34.167  -57.685  -25.943 0.4000000060
18715  -28.980  -53.015  -28.253 0.6000000238
16412  -34.686  -56.506  -26.460 0.4000000060
20371  -29.158  -52.224  -26.638 0.6000000238
20358  -29.388  -51.727  -25.347 0.5000000000
21230  -30.491  -50.698  -24.389 0.5000000000
21231  -31.280  -50.476  -24.466 0.5000000000
21214  -31.549  -49.763  -23.870 0.4000000060
22832  -32.017  -48.300  -23.412 0.4000000060
124264  -32.218  -46.998  -23.577 0.4000000060
116724  -32.568  -46.830  -24.240 0.4000000060
24487  -32.596  -45.980  -24.585 0.4000000060
25308  -32.658  -45.376  -25.165 0.4000000060
26177  -32.651  -44.754  -25.581 0.4000000060
27039  -32.559  -43.329  -25.698 0.4000000060
27905  -32.501  -42.501  -25.847 0.4000000060
28805  -32.406  -41.862  -25.429 0.4000000060
30601  -31.181  -39.864  -26.740 0.4000000060
14063  -31.158  -58.544  -29.731 0.8000000119
16432  -32.411  -56.866  -29.012 0.6999999881
14829  -35.637  -58.778  -29.093 0.6000000238
14840  -36.826  -58.227  -30.227 0.6999999881
15633  -36.887  -58.193  -29.542 0.6000000238
15642  -37.309  -57.837  -30.337 0.6000000238
16444  -36.743  -57.120  -30.594 0.6000000238
19542  -31.569  -52.143  -28.598 0.6999999881
15634  -37.604  -57.885  -29.860 0.5000000000
20397  -31.035  -51.566  -28.293 0.6000000238
15624  -35.701  -57.651  -27.809 0.5000000000
110439  -38.737  -53.478  -30.608 0.5000000000
20408  -36.313  -51.578  -28.573 0.5000000000
19557  -38.241  -52.410  -30.204 0.5000000000
21272  -38.549  -50.808  -30.048 0.4000000060
20409  -37.109  -51.273  -28.898 0.4000000060
21276  -41.264  -50.567  -30.414 0.4000000060
22867  -37.964  -48.930  -29.849 0.4000000060
22863  -36.596  -48.790  -28.672 0.4000000060
24498  -32.830  -45.955  -25.395 0.4000000060
27921  -31.582  -42.120  -28.068 0.4000000060
8375  -28.409  -67.749  -23.195 0.4000000060
8376  -29.072  -67.314  -23.596 0.4000000060
119459  -29.693  -66.067  -24.192 0.4000000060
9669  -30.176  -65.846  -24.870 0.4000000060
9652  -29.070  -65.879  -23.631 0.4000000060
9668  -29.280  -65.386  -24.422 0.4000000060
10365  -28.520  -64.566  -25.001 0.4000000060
10374  -28.585  -64.463  -26.143 0.5000000000
115961  -28.526  -65.280  -23.155 0.4000000060
9667  -28.617  -64.969  -24.002 0.4000000060
10364  -28.319  -64.331  -24.381 0.5000000000
126215  -27.968  -64.136  -25.951 0.5000000000
11078  -27.714  -63.499  -26.539 0.6000000238
10342  -28.376  -64.669  -22.520 0.4000000060
10353  -28.366  -64.361  -23.522 0.4000000060
116327  -28.206  -63.940  -24.246 0.4000000060
10392  -27.847  -64.028  -27.041 0.5000000000
14808  -33.849  -59.583  -26.021 0.4000000060
15600  -33.874  -57.385  -25.232 0.3000000119
116067  -27.888  -63.823  -28.240 0.5000000000
13251  -32.119  -60.913  -26.896 0.5000000000
13252  -33.030  -60.830  -26.518 0.4000000060
111447  -28.483  -63.091  -21.712 0.4000000060
10373  -28.000  -63.884  -25.153 0.5000000000
11742  -28.497  -63.029  -22.707 0.4000000060
11045  -28.365  -63.467  -23.549 0.4000000060
11100  -27.538  -63.392  -27.823 0.6000000238
11113  -27.711  -63.201  -28.541 0.6000000238
11794  -27.772  -62.504  -28.569 0.6999999881
11124  -27.976  -63.195  -28.774 0.6999999881
11114  -28.939  -63.120  -28.678 0.6999999881
12518  -31.083  -61.427  -27.203 0.6999999881
12516  -28.689  -62.065  -28.463 0.6999999881
11061  -28.221  -63.358  -24.431 0.5000000000
11760  -27.938  -63.030  -25.455 0.6000000238
11769  -27.646  -62.888  -26.567 0.6000000238
11778  -27.659  -62.298  -27.125 0.6000000238
112806  -28.543  -62.664  -23.327 0.4000000060
11751  -28.449  -62.511  -24.268 0.5000000000
119071  -27.919  -62.469  -26.115 0.6000000238
11099  -27.448  -62.886  -27.553 0.6000000238
12515  -27.940  -61.561  -28.556 0.6000000238
12523  -28.001  -61.624  -28.621 0.6000000238
117803  -34.360  -57.229  -26.170 0.3000000119
12525  -29.078  -61.125  -28.664 0.6999999881
13262  -31.191  -60.495  -27.928 0.6000000238
13263  -32.092  -60.286  -27.678 0.5000000000
12472  -29.201  -60.932  -23.522 0.6000000238
132037  -29.235  -60.756  -24.488 0.6999999881
12482  -28.379  -62.089  -25.258 0.6000000238
12495  -28.189  -61.734  -26.336 0.6000000238
13260  -28.123  -60.974  -28.560 0.6000000238
12471  -28.832  -61.817  -23.340 0.5000000000
13269  -28.328  -60.932  -28.729 0.6000000238
12524  -28.351  -61.016  -28.894 0.6999999881
13272  -30.296  -59.719  -29.247 0.6999999881
13261  -30.048  -60.794  -28.358 0.6999999881
13224  -29.452  -60.155  -23.817 0.6000000238
130094  -29.520  -60.096  -24.662 0.6999999881
13239  -29.205  -60.513  -25.526 0.6999999881
12496  -28.756  -61.251  -25.369 0.6999999881
13249  -28.337  -60.630  -27.925 0.6000000238
13270  -28.751  -60.374  -28.839 0.6999999881
13271  -29.246  -60.087  -29.127 0.6999999881
14039  -30.121  -59.010  -27.161 0.6999999881
14817  -30.003  -58.850  -28.703 0.6999999881
14027  -29.678  -59.716  -25.536 0.6999999881
14049  -29.323  -59.573  -28.444 0.6000000238
116738  -29.064  -60.268  -26.834 0.6999999881
13250  -28.906  -59.849  -28.009 0.6000000238
14056  -29.461  -59.730  -29.074 0.6999999881
14058  -30.934  -59.118  -29.682 0.5000000000
125935  -28.567  -60.567  -28.712 0.6000000238
14057  -30.057  -59.279  -29.369 0.6999999881
15610  -30.970  -58.171  -28.133 0.6999999881
15622  -30.995  -58.005  -29.006 0.6999999881
14827  -30.681  -58.656  -29.531 0.6999999881
9002  -28.967  -66.646  -23.331 0.4000000060
11034  -28.392  -63.783  -22.644 0.4000000060
130633  -28.376  -63.010  -23.884 0.4000000060
12517  -30.012  -61.858  -27.636 0.6999999881
12507  -27.840  -61.414  -27.780 0.6000000238
12483  -28.839  -61.559  -24.341 0.6999999881
13238  -28.541  -60.942  -26.625 0.6000000238
14038  -29.519  -59.629  -27.047 0.6999999881
127738  -28.816  -60.071  -28.877 0.6000000238
12459  -29.039  -61.039  -22.452 0.4000000060
13214  -29.339  -60.214  -22.920 0.5000000000
14782  -30.068  -58.808  -24.872 0.6000000238
12458  -28.729  -61.312  -21.519 0.4000000060
13190  -28.783  -60.094  -21.495 0.5000000000
13202  -29.141  -60.155  -22.093 0.5000000000
133078  -29.504  -59.583  -23.304 0.5000000000
14771  -29.833  -58.400  -23.887 0.5000000000
14783  -30.246  -57.770  -24.416 0.5000000000
14014  -29.684  -59.336  -24.148 0.5000000000
14028  -30.075  -59.159  -26.009 0.6000000238
121197  -30.460  -58.377  -25.669 0.5000000000
15599  -31.221  -57.013  -25.955 0.6999999881
15598  -30.787  -57.218  -25.170 0.6000000238
16410  -31.532  -56.241  -26.104 0.6000000238
13963  -28.417  -59.641  -21.150 0.5000000000
14751  -29.077  -58.814  -21.914 0.5000000000
14761  -29.317  -58.445  -22.465 0.5000000000
120726  -29.887  -57.691  -23.634 0.5000000000
14004  -29.585  -58.846  -23.206 0.5000000000
15611  -31.434  -57.353  -26.982 0.6000000238
15586  -30.396  -56.880  -24.295 0.6000000238
16396  -31.113  -56.113  -25.189 0.5000000000
17166  -31.819  -55.430  -26.391 0.6000000238
14750  -28.494  -58.786  -21.454 0.5000000000
14760  -28.863  -58.142  -21.963 0.5000000000
15556  -28.644  -57.444  -22.225 0.5000000000
15569  -29.631  -57.246  -23.121 0.5000000000
15570  -30.049  -57.055  -23.736 0.5000000000
16425  -31.909  -56.628  -27.258 0.6000000238
16387  -30.590  -56.202  -24.515 0.5000000000
17153  -31.242  -55.087  -25.526 0.6000000238
14736  -27.437  -59.159  -20.850 0.5000000000
15541  -28.263  -57.968  -21.669 0.5000000000
15555  -27.955  -57.372  -22.005 0.5000000000
16372  -28.700  -56.234  -23.131 0.5000000000
17125  -28.261  -55.730  -23.750 0.6000000238
133167  -29.288  -56.277  -23.316 0.4000000060
123015  -27.922  -55.465  -24.658 0.4000000060
17126  -29.100  -55.763  -23.640 0.5000000000
17127  -29.665  -55.980  -23.743 0.5000000000
16373  -29.640  -56.589  -23.412 0.4000000060
17151  -28.321  -55.005  -25.495 0.4000000060
17915  -29.169  -54.767  -25.008 0.5000000000
17916  -29.992  -54.922  -24.750 0.5000000000
17945  -27.997  -54.309  -27.765 0.4000000060
17929  -30.531  -54.598  -25.399 0.6000000238
17152  -30.620  -55.365  -24.843 0.6000000238
17947  -31.502  -54.313  -26.260 0.6000000238
18706  -31.391  -53.597  -26.854 0.6000000238
17946  -28.864  -53.941  -27.454 0.5000000000
18704  -29.144  -53.358  -28.019 0.5000000000
17928  -29.647  -54.300  -25.766 0.5000000000
18703  -28.493  -53.579  -27.825 0.4000000060
18691  -30.292  -53.771  -26.369 0.6000000238
18692  -31.020  -53.781  -26.312 0.6000000238
115903  -28.729  -52.154  -25.552 0.3000000119
19522  -28.395  -52.770  -26.811 0.4000000060
126962  -28.635  -53.182  -27.927 0.4000000060
19534  -29.030  -52.602  -27.933 0.5000000000
18717  -29.958  -52.330  -28.397 0.5000000000
18705  -30.360  -53.109  -27.556 0.6000000238
22831  -31.334  -48.859  -23.194 0.3000000119
22019  -30.682  -49.564  -23.442 0.3000000119
21213  -30.831  -50.168  -23.893 0.4000000060
21229  -29.523  -50.954  -24.352 0.4000000060
24468  -31.762  -46.825  -23.104 0.3000000119
25283  -32.388  -45.533  -23.978 0.3000000119
24469  -32.243  -46.217  -23.663 0.3000000119
116922  -32.370  -44.091  -24.295 0.3000000119
26167  -32.515  -44.746  -24.765 0.3000000119
27028  -32.436  -43.339  -24.638 0.3000000119
27894  -32.480  -42.547  -24.998 0.3000000119
28793  -32.268  -41.810  -24.538 0.3000000119
118011  -32.212  -41.365  -25.896 0.3000000119
132822  -31.486  -48.102  -22.950 0.3000000119
114807  -30.871  -58.118  -26.790 0.5000000000
13991  -29.335  -59.364  -22.474 0.5000000000
17139  -30.097  -55.646  -24.273 0.5000000000
17930  -30.978  -54.242  -25.811 0.6000000238
12509  -32.830  -61.468  -26.213 0.3000000119
11788  -30.063  -62.530  -27.775 0.6000000238
11779  -31.248  -62.322  -26.985 0.6000000238
14005  -34.252  -60.292  -23.731 0.3000000119
14015  -33.771  -60.053  -24.295 0.3000000119
13225  -33.568  -60.802  -24.865 0.3000000119
14029  -33.639  -59.953  -25.185 0.3000000119
12484  -33.650  -61.575  -24.700 0.3000000119
13240  -33.384  -60.869  -25.795 0.3000000119
12508  -31.990  -61.769  -26.513 0.5000000000
14006  -34.967  -59.734  -23.472 0.3000000119
14784  -33.775  -59.129  -24.399 0.3000000119
14795  -33.734  -58.967  -25.249 0.3000000119
12498  -33.322  -61.495  -25.450 0.3000000119
130817  -32.504  -61.963  -26.182 0.4000000060
126738  -28.687  -62.145  -22.282 0.4000000060
127043  -34.058  -59.396  -23.787 0.3000000119
14785  -33.948  -58.512  -23.878 0.3000000119
9695  -30.491  -65.428  -26.669 0.5000000000
9704  -31.238  -65.695  -27.322 0.5000000000
8382  -29.775  -67.218  -24.226 0.4000000060
9012  -30.114  -66.610  -24.458 0.4000000060
9684  -30.814  -66.003  -25.621 0.4000000060
9696  -31.360  -66.169  -26.271 0.5000000000
124421  -29.390  -64.663  -29.060 0.5000000000
119370  -30.207  -65.198  -28.191 0.5000000000
127527  -30.181  -65.434  -25.705 0.5000000000
11126  -29.501  -63.904  -29.641 0.6000000238
10431  -29.580  -64.495  -29.868 0.6000000238
10419  -28.961  -64.219  -29.421 0.5000000000
9683  -29.436  -65.055  -25.330 0.3000000119
9694  -29.520  -64.902  -26.428 0.4000000060
10409  -29.465  -64.799  -27.740 0.5000000000
11115  -30.117  -63.204  -28.314 0.6000000238
11125  -28.644  -63.800  -29.134 0.6000000238
10407  -28.257  -63.669  -28.855 0.6000000238
10393  -28.578  -64.391  -27.402 0.4000000060
10408  -28.582  -64.252  -28.681 0.5000000000
11789  -31.010  -62.811  -27.468 0.6000000238
11770  -33.406  -62.252  -25.250 0.3000000119
11780  -32.370  -62.426  -26.331 0.4000000060
13226  -33.871  -60.921  -24.159 0.3000000119
12497  -32.914  -62.044  -25.851 0.3000000119
11079  -33.017  -62.548  -25.848 0.3000000119
11127  -30.538  -63.702  -29.408 0.5000000000
11128  -31.728  -63.623  -28.888 0.5000000000
11116  -31.235  -63.303  -27.889 0.5000000000
11117  -32.265  -63.547  -27.509 0.4000000060
11132  -31.280  -64.067  -30.491 0.5000000000
11129  -32.826  -63.862  -28.446 0.4000000060
11118  -33.143  -63.917  -27.169 0.4000000060
121836  -32.695  -63.412  -26.662 0.4000000060
11101  -31.928  -63.008  -26.827 0.5000000000
11131  -30.297  -64.551  -30.518 0.5000000000
11102  -32.787  -63.035  -26.184 0.4000000060
7114  -29.969  -69.549  -29.931 0.3000000119
7123  -29.323  -69.570  -30.795 0.3000000119
7124  -30.323  -69.710  -30.807 0.3000000119
7115  -30.961  -69.554  -30.008 0.3000000119
7116  -31.869  -69.502  -30.190 0.4000000060
7095  -30.631  -69.398  -28.814 0.3000000119
7117  -32.628  -69.504  -30.368 0.4000000060
7097  -31.811  -69.315  -28.954 0.4000000060
120139  -29.946  -69.391  -28.247 0.3000000119
119595  -34.116  -68.548  -29.075 0.4000000060
7785  -32.860  -68.681  -28.281 0.4000000060
7096  -31.551  -69.082  -27.996 0.4000000060
7075  -30.661  -69.139  -27.574 0.4000000060
9060  -35.523  -66.771  -30.275 0.3000000119
7802  -34.909  -68.167  -29.376 0.4000000060
7787  -34.409  -67.725  -28.722 0.4000000060
7786  -33.779  -68.229  -28.396 0.4000000060
8411  -33.356  -67.301  -27.731 0.4000000060
7771  -33.012  -67.930  -27.465 0.4000000060
7770  -31.664  -68.525  -27.140 0.4000000060
9723  -34.523  -65.099  -31.350 0.3000000119
9059  -35.051  -66.838  -29.594 0.4000000060
9714  -33.493  -66.201  -29.375 0.4000000060
9055  -34.358  -66.902  -28.902 0.4000000060
9054  -33.584  -66.801  -28.255 0.4000000060
9053  -32.764  -66.187  -28.462 0.4000000060
9047  -33.130  -66.825  -27.670 0.4000000060
9046  -32.581  -66.645  -27.306 0.4000000060
8410  -32.848  -67.272  -27.217 0.4000000060
7757  -31.773  -67.836  -26.402 0.4000000060
9718  -33.422  -65.317  -31.258 0.4000000060
111464  -32.889  -65.504  -30.936 0.4000000060
9709  -31.463  -65.521  -29.519 0.4000000060
9705  -31.944  -65.898  -27.881 0.4000000060
8403  -32.234  -67.153  -26.574 0.4000000060
7756  -31.017  -68.537  -26.597 0.4000000060
111979  -31.815  -65.162  -31.244 0.4000000060
9713  -32.229  -65.558  -30.210 0.4000000060
9037  -31.740  -66.786  -26.176 0.4000000060
9708  -30.247  -65.114  -30.366 0.4000000060
130996  -29.950  -65.058  -29.447 0.4000000060
10421  -32.386  -63.881  -30.047 0.4000000060
129330  -31.144  -65.003  -31.217 0.4000000060
9711  -30.494  -64.989  -31.024 0.4000000060
10410  -33.754  -64.213  -27.925 0.3000000119
10394  -33.989  -64.222  -26.780 0.3000000119
119147  -30.787  -65.411  -28.830 0.4000000060
11103  -33.400  -63.596  -26.171 0.3000000119
10432  -30.043  -64.869  -30.522 0.4000000060
7800  -32.688  -69.256  -29.384 0.4000000060
7772  -33.484  -67.905  -27.894 0.4000000060
121275  -32.317  -68.515  -27.605 0.4000000060
120799  -34.915  -66.140  -30.603 0.4000000060
9064  -35.214  -65.715  -31.134 0.3000000119
8422  -33.847  -67.406  -28.262 0.4000000060
10449  -34.333  -64.885  -31.288 0.3000000119
9063  -34.238  -65.414  -31.189 0.4000000060
9058  -34.192  -66.052  -30.244 0.4000000060
9717  -32.641  -65.088  -31.379 0.4000000060
9712  -31.009  -65.178  -30.929 0.4000000060
9045  -31.963  -66.407  -26.788 0.4000000060
10434  -32.044  -64.399  -31.084 0.4000000060
7813  -35.289  -69.109  -31.089 0.3000000119
130176  -33.140  -70.058  -31.719 0.3000000119
7137  -32.620  -70.178  -31.565 0.3000000119
7127  -33.089  -69.696  -31.133 0.3000000119
7128  -34.217  -69.344  -30.817 0.3000000119
7126  -32.154  -69.780  -30.991 0.3000000119
7801  -33.541  -69.225  -29.841 0.3000000119
7803  -35.492  -68.313  -30.154 0.3000000119
7808  -34.369  -68.857  -29.766 0.3000000119
8432  -35.371  -67.513  -29.684 0.3000000119
9722  -33.610  -65.022  -31.433 0.3000000119
10442  -32.792  -64.783  -31.322 0.3000000119
10435  -33.087  -64.257  -30.786 0.3000000119
10422  -33.444  -64.050  -29.418 0.3000000119
8435  -35.946  -67.577  -30.566 0.3000000119
10441  -31.836  -64.904  -31.369 0.3000000119
7138  -33.691  -69.925  -31.748 0.3000000119
7758  -32.419  -67.830  -26.962 0.4000000060
7809  -34.906  -68.801  -30.188 0.3000000119
8431  -34.832  -67.395  -29.188 0.4000000060
9011  -29.504  -66.644  -23.860 0.4000000060
9026  -31.284  -66.711  -25.664 0.5000000000
10420  -29.652  -64.674  -29.975 0.5000000000
10433  -31.110  -64.753  -31.131 0.4000000060
10443  -33.902  -64.638  -31.092 0.3000000119
11112  -27.492  -62.856  -28.298 0.6000000238
11787  -27.534  -62.257  -28.170 0.6000000238
11795  -28.006  -62.772  -28.778 0.6999999881
13201  -28.873  -60.643  -21.685 0.4000000060
13977  -28.008  -59.168  -20.980 0.5000000000
13978  -28.946  -59.474  -21.704 0.5000000000
14062  -30.490  -58.901  -29.561 0.8000000119
14749  -27.742  -58.500  -21.236 0.5000000000
14818  -30.457  -58.597  -29.210 0.6999999881
14826  -30.149  -59.020  -29.434 0.6999999881
14833  -34.197  -59.099  -29.495 0.6000000238
14834  -35.837  -58.713  -29.911 0.6000000238
14839  -35.924  -58.437  -30.233 0.6999999881
15557  -29.236  -57.636  -22.528 0.5000000000
15640  -35.226  -57.827  -30.487 0.6999999881
16356  -28.313  -56.792  -22.545 0.5000000000
16357  -29.134  -56.806  -22.772 0.5000000000
16374  -30.103  -56.351  -23.949 0.5000000000
16431  -31.825  -57.302  -28.593 0.6999999881
16435  -38.854  -56.865  -29.912 0.5000000000
16437  -33.430  -56.146  -29.763 0.6999999881
16438  -39.245  -56.805  -30.537 0.5000000000
16439  -39.750  -56.449  -30.880 0.5000000000
16441  -33.663  -56.758  -30.172 0.6000000238
16445  -37.915  -57.332  -30.450 0.5000000000
17137  -28.683  -55.288  -24.390 0.5000000000
17138  -29.478  -55.385  -24.239 0.5000000000
17188  -33.234  -54.997  -28.928 0.6999999881
17191  -33.669  -55.174  -29.595 0.6999999881
17194  -39.951  -56.164  -30.627 0.3000000119
17200  -39.776  -56.619  -30.864 0.5000000000
17927  -28.623  -54.496  -26.485 0.4000000060
17967  -40.629  -54.551  -29.779 0.3000000119
17970  -40.378  -55.241  -30.417 0.3000000119
17977  -40.401  -55.053  -30.426 0.5000000000
18716  -29.482  -52.780  -28.226 0.5000000000
18726  -40.624  -53.688  -29.478 0.3000000119
18727  -41.298  -53.589  -29.969 0.3000000119
18730  -36.752  -53.162  -30.206 0.5000000000
18733  -37.696  -53.945  -30.594 0.5000000000
18734  -39.401  -54.707  -30.732 0.5000000000
19545  -39.886  -51.997  -28.483 0.3000000119
19546  -30.573  -51.806  -28.442 0.6999999881
19548  -32.032  -52.062  -28.731 0.6999999881
19558  -41.405  -52.935  -30.105 0.3000000119
19559  -41.227  -52.924  -30.351 0.3000000119
20396  -30.112  -51.923  -28.477 0.6000000238
20398  -31.828  -51.639  -28.357 0.6000000238
20410  -39.871  -51.237  -28.459 0.3000000119
20418  -40.161  -51.384  -30.608 0.4000000060
20419  -41.090  -51.552  -30.567 0.4000000060
20420  -41.285  -51.977  -30.378 0.4000000060
21259  -38.118  -50.270  -26.858 0.4000000060
21261  -34.684  -51.068  -27.334 0.5000000000
22045  -37.231  -49.233  -26.015 0.4000000060
22064  -41.571  -49.494  -30.079 0.3000000119
22850  -33.388  -48.139  -25.276 0.5000000000
22868  -38.751  -48.637  -30.367 0.4000000060
22871  -39.712  -48.446  -30.541 0.4000000060
22873  -41.386  -48.797  -30.260 0.4000000060
23603  -31.301  -47.481  -22.761 0.3000000119
23621  -31.891  -47.560  -23.218 0.4000000060
23622  -32.401  -47.608  -23.833 0.4000000060
23637  -32.900  -47.600  -24.710 0.4000000060
24513  -35.251  -46.913  -28.886 0.4000000060
25298  -32.502  -45.299  -24.489 0.3000000119
26156  -32.320  -44.818  -23.933 0.3000000119
28804  -32.213  -41.135  -25.066 0.3000000119
28824  -31.390  -41.330  -27.792 0.4000000060
28833  -31.547  -41.605  -28.326 0.4000000060
29703  -31.827  -40.616  -25.946 0.3000000119
115365  -32.826  -54.819  -28.223 0.6999999881
115803  -29.632  -58.022  -23.091 0.5000000000
117159  -33.624  -58.777  -29.937 0.6000000238
119089  -35.876  -56.037  -30.564 0.6000000238
120278  -36.801  -47.346  -29.596 0.4000000060
121271  -37.389  -56.538  -30.640 0.6000000238
123182  -32.536  -44.075  -25.136 0.3000000119
124763  -34.799  -50.429  -26.940 0.4000000060
125911  -29.969  -52.086  -28.502 0.6000000238
126392  -32.607  -44.144  -25.894 0.4000000060
128169  -34.068  -46.638  -27.067 0.4000000060
128287  -37.977  -57.533  -30.269 0.5000000000
130627  -34.307  -50.406  -26.549 0.4000000060
131389  -32.124  -68.938  -28.196 0.4000000060
133143  -33.402  -68.811  -28.949 0.4000000060
