#!ascii label  , from subject sub-v1s3x0050812_ses-1 vox2ras=TkReg
1075
4137  -25.944  -75.062  -26.971 0.5000000000
112726  -25.685  -74.449  -26.193 0.6000000238
4684  -30.731  -74.557  -25.417 0.3000000119
4125  -25.418  -74.708  -25.311 0.5000000000
3643  -30.530  -74.928  -27.119 0.4000000060
3644  -31.009  -74.626  -27.034 0.4000000060
4138  -31.079  -74.498  -26.764 0.4000000060
4705  -30.793  -74.193  -26.181 0.3000000119
4147  -30.641  -74.462  -27.571 0.4000000060
5892  -25.037  -71.578  -27.129 0.5000000000
5301  -25.432  -72.419  -26.569 0.5000000000
123869  -25.871  -74.390  -26.930 0.5000000000
128078  -24.416  -71.473  -27.095 0.6000000238
5891  -24.597  -71.826  -26.493 0.5000000000
4682  -25.266  -73.553  -25.413 0.6000000238
4683  -29.069  -73.121  -24.462 0.3000000119
4696  -24.780  -73.018  -25.144 0.5000000000
4145  -28.236  -74.445  -27.851 0.5000000000
3642  -29.182  -74.896  -27.165 0.5000000000
4697  -29.765  -73.319  -25.389 0.3000000119
5877  -24.066  -72.072  -25.920 0.6000000238
4681  -24.701  -73.608  -24.588 0.5000000000
4156  -28.858  -74.119  -28.458 0.5000000000
4146  -29.629  -74.540  -27.736 0.4000000060
4148  -31.091  -74.106  -27.410 0.4000000060
126173  -30.888  -73.819  -26.721 0.3000000119
4721  -27.977  -73.779  -29.036 0.4000000060
4157  -30.125  -74.244  -28.213 0.4000000060
4158  -30.995  -74.148  -28.070 0.4000000060
4165  -29.734  -73.905  -28.806 0.4000000060
6532  -24.306  -69.435  -30.206 0.6999999881
6515  -24.654  -70.507  -28.848 0.6999999881
129179  -23.497  -68.681  -30.413 0.6999999881
6531  -23.881  -69.904  -29.590 0.6999999881
6502  -24.071  -70.665  -28.381 0.8000000119
5904  -24.553  -71.120  -27.764 0.5000000000
5903  -23.978  -71.197  -27.529 0.6999999881
3640  -26.298  -74.807  -27.285 0.5000000000
132382  -23.579  -70.423  -29.215 0.6999999881
115870  -26.949  -74.382  -27.958 0.4000000060
5268  -28.972  -72.316  -24.824 0.3000000119
5918  -23.501  -71.126  -28.361 0.6000000238
4154  -26.808  -74.013  -28.430 0.5000000000
4155  -27.521  -74.091  -28.503 0.5000000000
5284  -29.386  -72.181  -25.559 0.3000000119
5317  -23.452  -71.805  -27.456 0.5000000000
5341  -27.993  -73.006  -30.149 0.4000000060
4731  -28.460  -73.454  -29.552 0.4000000060
4166  -30.557  -73.962  -28.567 0.4000000060
4712  -31.133  -73.876  -27.244 0.4000000060
4743  -29.092  -73.114  -30.013 0.3000000119
4732  -29.475  -73.535  -29.384 0.4000000060
7766  -23.426  -67.846  -28.957 0.5000000000
7765  -22.754  -68.076  -29.373 0.6000000238
7782  -24.030  -67.548  -29.801 0.6000000238
7108  -23.529  -67.957  -30.280 0.6000000238
7109  -24.382  -68.247  -30.757 0.6000000238
7049  -22.927  -69.245  -26.643 0.5000000000
117047  -22.656  -68.916  -27.578 0.5000000000
7069  -22.256  -68.536  -28.802 0.6000000238
7796  -22.757  -68.036  -30.034 0.6000000238
122639  -22.599  -68.481  -30.225 0.6999999881
5318  -25.689  -71.976  -27.491 0.6000000238
5811  -27.570  -71.801  -20.945 0.3000000119
6473  -22.173  -70.563  -26.222 0.6999999881
6489  -22.447  -69.644  -26.902 0.6000000238
129635  -21.984  -69.443  -28.141 0.6000000238
7090  -22.036  -68.357  -29.807 0.6999999881
5331  -25.966  -71.761  -28.419 0.6000000238
5319  -26.264  -72.760  -28.136 0.6000000238
4143  -26.174  -74.473  -27.393 0.5000000000
6456  -22.272  -70.805  -25.188 0.6999999881
6488  -22.012  -70.319  -27.135 0.6000000238
7068  -21.668  -68.877  -29.509 0.6000000238
7089  -21.619  -68.841  -30.125 0.6999999881
5931  -22.108  -70.401  -31.019 0.6999999881
4144  -26.507  -74.164  -27.887 0.5000000000
5256  -28.454  -72.246  -23.932 0.3000000119
5876  -21.637  -71.523  -25.689 0.6000000238
5889  -21.510  -71.507  -26.680 0.6999999881
6514  -21.444  -69.826  -29.171 0.6000000238
6529  -21.498  -69.528  -30.359 0.6000000238
5329  -22.859  -71.001  -29.788 0.6999999881
5332  -26.495  -72.724  -29.106 0.5000000000
4729  -26.845  -73.240  -29.452 0.5000000000
5902  -21.598  -70.783  -27.886 0.6000000238
5917  -21.180  -71.245  -28.879 0.6000000238
5330  -23.015  -71.987  -28.419 0.6000000238
122385  -26.716  -72.458  -29.955 0.5000000000
5285  -30.127  -73.057  -26.231 0.3000000119
5297  -21.002  -72.254  -25.925 0.6999999881
110813  -21.222  -70.074  -30.090 0.6000000238
5930  -21.342  -70.629  -30.744 0.5000000000
5938  -21.523  -71.378  -31.338 0.5000000000
4718  -22.611  -72.321  -29.515 0.5000000000
5316  -22.888  -72.532  -27.402 0.5000000000
5340  -27.115  -72.865  -30.149 0.5000000000
5943  -29.255  -71.654  -31.022 0.3000000119
5351  -29.749  -72.476  -30.349 0.3000000119
4733  -30.411  -73.675  -29.090 0.4000000060
4722  -31.184  -73.581  -28.646 0.4000000060
113543  -22.538  -72.931  -28.332 0.5000000000
5942  -28.224  -71.473  -31.165 0.3000000119
5350  -28.651  -72.383  -30.591 0.3000000119
7737  -24.212  -68.964  -26.026 0.5000000000
7751  -23.467  -68.822  -26.885 0.5000000000
7752  -24.193  -68.666  -27.052 0.5000000000
7767  -24.305  -68.148  -28.344 0.5000000000
7020  -23.878  -69.176  -24.844 0.5000000000
7033  -23.354  -69.443  -25.302 0.5000000000
132568  -23.319  -69.282  -26.091 0.5000000000
116747  -23.628  -68.314  -27.888 0.5000000000
7797  -24.395  -67.601  -30.520 0.6000000238
7018  -22.836  -70.003  -24.862 0.5000000000
129616  -24.878  -69.118  -30.761 0.6000000238
5919  -25.508  -70.910  -28.964 0.8000000119
5803  -28.983  -71.822  -19.834 0.3000000119
6444  -22.540  -70.669  -23.365 0.6000000238
6457  -22.441  -70.724  -24.257 0.6000000238
7032  -22.758  -69.777  -25.868 0.6000000238
6533  -25.578  -69.581  -30.967 0.4000000060
5812  -28.707  -71.413  -20.407 0.3000000119
5864  -21.923  -71.328  -24.402 0.6999999881
5932  -25.870  -70.587  -30.008 0.5000000000
5255  -28.014  -71.824  -23.089 0.3000000119
124626  -28.518  -71.376  -23.645 0.3000000119
5254  -21.241  -71.959  -24.075 0.6999999881
6534  -26.313  -70.309  -31.042 0.4000000060
5865  -28.772  -71.647  -24.455 0.3000000119
5863  -21.549  -71.691  -24.896 0.6000000238
5280  -21.131  -72.163  -25.295 0.6999999881
5933  -26.540  -71.401  -30.401 0.4000000060
5303  -30.537  -72.852  -26.960 0.3000000119
5265  -20.071  -72.341  -24.500 0.6000000238
5279  -20.346  -72.434  -25.299 0.6999999881
5315  -21.094  -72.076  -27.599 0.6000000238
5916  -20.866  -71.616  -29.937 0.5000000000
5929  -21.000  -71.854  -30.956 0.5000000000
5339  -22.285  -71.868  -31.118 0.6000000238
123320  -26.881  -71.092  -31.075 0.4000000060
5940  -26.947  -72.068  -30.617 0.4000000060
6544  -29.253  -70.301  -31.387 0.3000000119
122173  -28.956  -70.953  -31.375 0.3000000119
5952  -29.755  -70.959  -31.340 0.3000000119
5944  -30.292  -71.694  -30.795 0.3000000119
4744  -30.314  -73.216  -29.735 0.4000000060
5314  -20.304  -72.612  -27.467 0.6000000238
5327  -20.074  -73.123  -29.699 0.5000000000
5347  -21.256  -72.435  -31.522 0.5000000000
4728  -22.111  -72.899  -31.512 0.5000000000
117984  -22.343  -73.050  -30.426 0.6000000238
128601  -22.320  -73.270  -29.240 0.5000000000
132807  -27.346  -71.606  -31.020 0.3000000119
5951  -28.350  -70.433  -31.403 0.3000000119
5328  -20.525  -72.463  -28.484 0.5000000000
5338  -20.526  -72.951  -31.091 0.5000000000
4749  -21.520  -73.280  -31.665 0.5000000000
4171  -20.301  -74.396  -31.581 0.5000000000
7724  -24.489  -69.076  -24.341 0.5000000000
112337  -24.253  -69.078  -25.226 0.5000000000
7753  -24.954  -68.761  -27.127 0.5000000000
6445  -23.246  -69.923  -23.355 0.5000000000
7783  -24.935  -67.786  -29.418 0.4000000060
6458  -22.890  -70.144  -24.080 0.5000000000
112193  -25.565  -67.699  -30.237 0.4000000060
5203  -28.762  -72.419  -19.453 0.3000000119
127425  -29.782  -71.463  -20.123 0.3000000119
6431  -22.638  -70.517  -22.371 0.6000000238
7798  -25.255  -67.609  -30.822 0.4000000060
7110  -25.283  -68.539  -31.117 0.4000000060
5836  -22.045  -71.125  -22.698 0.6000000238
5851  -21.784  -71.399  -23.476 0.6000000238
6420  -28.754  -70.767  -21.553 0.3000000119
6433  -28.810  -70.640  -22.300 0.3000000119
5835  -21.269  -71.482  -22.546 0.6000000238
5834  -20.358  -71.511  -22.513 0.6000000238
7131  -26.910  -69.073  -31.511 0.4000000060
112372  -26.860  -69.999  -31.439 0.4000000060
130035  -28.999  -71.867  -24.968 0.3000000119
5849  -20.017  -71.883  -23.299 0.6999999881
5941  -27.511  -70.740  -31.339 0.3000000119
111233  -24.826  -69.088  -25.157 0.5000000000
7738  -24.773  -69.015  -26.173 0.5000000000
7071  -25.897  -69.141  -27.043 0.4000000060
130317  -23.870  -69.253  -23.918 0.5000000000
7768  -25.366  -68.535  -28.088 0.4000000060
7784  -25.940  -68.394  -28.953 0.4000000060
125829  -23.821  -69.406  -23.058 0.6000000238
7091  -26.613  -68.404  -29.748 0.4000000060
7799  -26.249  -67.949  -30.889 0.4000000060
6407  -29.120  -70.875  -20.912 0.3000000119
5822  -20.965  -71.241  -21.838 0.6000000238
7805  -25.716  -68.066  -31.238 0.4000000060
6541  -26.130  -69.104  -31.416 0.4000000060
7812  -27.018  -68.638  -31.407 0.4000000060
7132  -27.587  -68.931  -31.301 0.4000000060
6543  -27.600  -69.733  -31.450 0.3000000119
7133  -28.569  -69.639  -31.245 0.3000000119
5848  -19.545  -71.534  -23.478 0.6000000238
112476  -25.434  -69.067  -24.040 0.5000000000
7034  -25.403  -69.199  -25.551 0.5000000000
7035  -26.252  -69.319  -25.520 0.4000000060
7050  -25.611  -69.203  -26.250 0.4000000060
7014  -24.477  -69.055  -23.284 0.5000000000
132255  -24.896  -68.970  -23.696 0.5000000000
128378  -26.685  -69.347  -26.945 0.4000000060
6432  -23.423  -69.830  -22.368 0.6000000238
7008  -24.097  -69.269  -22.333 0.6000000238
7701  -24.824  -68.816  -22.280 0.6000000238
7769  -26.327  -69.038  -27.783 0.4000000060
7000  -23.565  -69.586  -21.503 0.6000000238
7092  -27.692  -69.184  -29.148 0.4000000060
7111  -27.264  -68.551  -30.454 0.4000000060
6430  -21.780  -71.043  -21.966 0.6000000238
7112  -28.156  -69.118  -30.064 0.4000000060
7121  -27.669  -68.764  -30.868 0.4000000060
7113  -29.027  -69.429  -29.945 0.4000000060
6446  -28.952  -70.657  -23.265 0.3000000119
6434  -29.507  -70.407  -22.579 0.3000000119
6417  -21.485  -70.711  -21.325 0.6000000238
7122  -28.354  -69.241  -30.796 0.4000000060
5878  -29.757  -71.417  -25.848 0.3000000119
129349  -28.959  -70.944  -24.170 0.3000000119
5821  -20.314  -71.115  -21.875 0.6000000238
124729  -19.789  -71.492  -22.857 0.6000000238
6415  -19.803  -70.493  -21.633 0.6999999881
6987  -20.140  -69.131  -20.763 0.6999999881
5833  -19.761  -71.119  -22.295 0.6000000238
6998  -19.582  -69.572  -21.342 0.6999999881
7693  -19.432  -68.685  -21.282 0.6999999881
7006  -18.584  -69.548  -22.557 0.6000000238
7681  -20.078  -68.283  -20.801 0.6999999881
8348  -20.698  -67.879  -20.475 0.6000000238
6997  -18.863  -69.094  -21.778 0.6999999881
8357  -19.444  -67.814  -21.386 0.6999999881
7021  -25.876  -69.234  -24.834 0.5000000000
7022  -26.834  -69.239  -24.841 0.5000000000
7711  -25.393  -68.839  -23.042 0.5000000000
7712  -26.363  -68.850  -23.273 0.5000000000
119202  -27.389  -69.147  -24.930 0.5000000000
7036  -27.207  -69.306  -25.544 0.4000000060
7052  -27.351  -69.376  -26.448 0.4000000060
7001  -24.320  -69.028  -21.433 0.6000000238
7702  -25.683  -68.562  -22.081 0.6000000238
119598  -26.241  -68.630  -22.571 0.6000000238
122577  -27.231  -69.371  -27.384 0.4000000060
6419  -22.976  -70.129  -21.658 0.6000000238
7694  -25.127  -68.489  -21.306 0.6000000238
7695  -25.934  -68.222  -21.414 0.6000000238
115760  -26.918  -69.094  -28.473 0.4000000060
6406  -21.995  -70.204  -20.800 0.6000000238
6999  -22.834  -69.865  -20.934 0.6000000238
6991  -23.670  -69.170  -20.663 0.6000000238
7685  -24.921  -68.235  -20.393 0.6000000238
7686  -25.682  -68.002  -20.727 0.6000000238
120220  -29.581  -69.462  -29.031 0.4000000060
6990  -22.338  -69.614  -20.467 0.6000000238
119777  -22.895  -69.304  -20.366 0.6000000238
112064  -24.139  -68.503  -20.115 0.6000000238
129808  -24.854  -67.467  -19.625 0.6000000238
8957  -25.586  -66.474  -19.457 0.6000000238
7093  -28.696  -69.407  -29.114 0.4000000060
6405  -21.140  -70.195  -20.745 0.6000000238
6982  -22.240  -68.889  -19.955 0.5000000000
7672  -22.923  -68.137  -19.653 0.6000000238
8340  -24.376  -67.270  -19.477 0.6000000238
8956  -24.823  -66.509  -19.368 0.6000000238
9607  -26.214  -65.808  -19.441 0.6999999881
6416  -20.662  -70.710  -21.333 0.6999999881
6988  -20.873  -69.446  -20.477 0.6000000238
7671  -22.208  -68.184  -19.716 0.6000000238
122002  -23.437  -67.320  -19.497 0.6000000238
9606  -25.294  -65.780  -19.313 0.6000000238
113023  -25.714  -65.163  -19.298 0.6000000238
127784  -26.567  -64.063  -19.406 0.6000000238
113435  -23.431  -66.566  -19.526 0.6000000238
9605  -24.514  -65.826  -19.390 0.6000000238
10299  -24.992  -64.968  -19.331 0.6000000238
10997  -25.978  -63.886  -19.341 0.6000000238
130936  -21.075  -68.136  -20.183 0.6000000238
8953  -22.058  -67.185  -19.856 0.6000000238
9618  -23.338  -65.326  -20.009 0.5000000000
10313  -24.492  -64.468  -19.651 0.6000000238
10996  -25.183  -63.980  -19.472 0.6000000238
8969  -22.328  -66.394  -20.110 0.5000000000
7692  -18.768  -68.199  -21.769 0.6999999881
8978  -20.472  -66.671  -21.450 0.6999999881
8979  -21.215  -66.332  -21.140 0.5000000000
9616  -21.871  -65.962  -20.755 0.6000000238
9617  -22.589  -65.612  -20.420 0.5000000000
10312  -23.711  -64.443  -20.178 0.5000000000
9630  -22.116  -65.218  -21.238 0.6000000238
11040  -16.432  -63.865  -23.875 0.6000000238
11055  -16.592  -63.495  -25.294 0.6000000238
115924  -15.690  -63.424  -24.938 0.6000000238
7725  -26.582  -69.073  -24.089 0.5000000000
7713  -27.287  -68.646  -23.449 0.5000000000
7726  -27.557  -68.863  -24.310 0.5000000000
7037  -28.049  -69.240  -25.888 0.5000000000
7687  -26.414  -67.742  -21.074 0.5000000000
111059  -26.622  -68.177  -21.897 0.5000000000
8989  -27.888  -67.139  -22.121 0.5000000000
7053  -28.224  -69.353  -26.878 0.4000000060
7054  -29.215  -69.231  -26.883 0.4000000060
8359  -27.228  -67.380  -21.432 0.5000000000
8980  -27.748  -66.584  -21.442 0.5000000000
127926  -28.473  -69.436  -28.408 0.4000000060
7073  -28.801  -69.405  -27.648 0.4000000060
120139  -29.946  -69.391  -28.247 0.4000000060
8959  -26.859  -66.409  -20.081 0.5000000000
9619  -27.557  -66.020  -20.673 0.5000000000
8970  -27.272  -66.739  -20.820 0.5000000000
7094  -29.206  -69.441  -28.312 0.4000000060
9608  -27.170  -65.320  -19.836 0.6000000238
10301  -26.390  -64.803  -19.377 0.6000000238
10314  -27.599  -64.426  -20.104 0.5000000000
10998  -26.515  -63.332  -19.475 0.4000000060
118582  -27.698  -63.053  -20.048 0.4000000060
11719  -28.235  -62.854  -20.645 0.4000000060
11702  -24.953  -63.123  -19.789 0.6000000238
121356  -25.746  -63.215  -19.521 0.6000000238
12421  -26.812  -62.039  -19.784 0.5000000000
12422  -27.414  -61.889  -20.054 0.4000000060
12434  -28.102  -61.948  -20.488 0.4000000060
13189  -28.465  -60.550  -20.988 0.4000000060
7700  -18.309  -68.571  -22.355 0.6999999881
11008  -24.403  -63.779  -19.944 0.6000000238
12420  -26.187  -61.868  -19.882 0.5000000000
13174  -27.812  -61.030  -20.409 0.4000000060
10311  -22.861  -64.826  -20.703 0.5000000000
11007  -23.772  -63.579  -20.559 0.5000000000
124551  -25.390  -61.720  -20.258 0.5000000000
13172  -26.180  -60.623  -20.420 0.5000000000
12433  -26.830  -61.282  -20.093 0.4000000060
13962  -27.808  -59.915  -20.684 0.4000000060
9629  -21.530  -65.710  -21.405 0.6000000238
11716  -23.920  -62.817  -20.824 0.5000000000
11016  -16.808  -64.102  -22.156 0.6999999881
11029  -16.898  -63.875  -23.025 0.6000000238
11030  -17.333  -63.579  -22.388 0.6999999881
111924  -17.276  -63.633  -24.053 0.6000000238
11041  -17.512  -63.477  -23.162 0.6000000238
11042  -18.157  -63.365  -24.161 0.6000000238
11746  -17.981  -63.059  -23.069 0.6000000238
11748  -19.046  -62.524  -24.158 0.6000000238
11072  -16.322  -63.204  -27.057 0.5000000000
11073  -17.599  -63.661  -27.227 0.6000000238
11057  -18.580  -63.508  -25.647 0.6000000238
11757  -18.923  -63.189  -24.663 0.6000000238
7739  -27.914  -69.024  -25.062 0.5000000000
11093  -16.726  -63.722  -27.948 0.5000000000
11058  -19.322  -63.333  -25.907 0.5000000000
7703  -27.022  -68.440  -22.689 0.4000000060
8374  -27.772  -68.156  -22.940 0.5000000000
7740  -28.688  -68.822  -25.324 0.5000000000
7754  -28.883  -69.083  -26.130 0.4000000060
11094  -17.789  -63.985  -28.197 0.5000000000
11074  -19.605  -63.780  -27.421 0.5000000000
11075  -19.942  -63.144  -26.445 0.5000000000
113674  -28.043  -67.605  -22.650 0.5000000000
7055  -30.086  -68.974  -26.852 0.4000000060
7756  -31.017  -68.537  -26.597 0.4000000060
10388  -17.367  -64.003  -28.250 0.5000000000
11095  -18.830  -64.375  -27.980 0.5000000000
11110  -19.857  -64.371  -27.962 0.6000000238
7074  -29.650  -69.311  -27.585 0.4000000060
128205  -19.098  -65.049  -28.198 0.6000000238
9703  -19.495  -65.098  -28.206 0.6000000238
10405  -19.791  -64.917  -28.135 0.6999999881
9631  -28.076  -65.790  -21.458 0.4000000060
9620  -27.877  -65.151  -20.706 0.5000000000
9662  -16.716  -65.845  -24.456 0.6000000238
10315  -28.174  -64.328  -20.866 0.5000000000
11010  -28.344  -63.618  -21.012 0.4000000060
9647  -17.352  -66.085  -23.810 0.6000000238
11009  -27.936  -63.659  -20.360 0.4000000060
8986  -18.362  -66.902  -22.521 0.6000000238
11730  -28.568  -62.118  -21.157 0.4000000060
8988  -20.057  -66.316  -22.166 0.6000000238
8365  -18.908  -67.360  -21.983 0.6999999881
10325  -21.512  -65.268  -21.899 0.6000000238
10341  -22.159  -64.279  -22.213 0.6000000238
10326  -22.472  -64.483  -21.477 0.5000000000
11020  -23.318  -63.326  -21.302 0.5000000000
11725  -17.724  -62.947  -21.975 0.6000000238
11739  -17.961  -62.420  -22.326 0.6000000238
131397  -18.158  -62.337  -22.891 0.6000000238
113080  -18.499  -61.910  -23.296 0.6999999881
12479  -19.513  -61.776  -24.757 0.6000000238
7715  -28.757  -67.980  -23.725 0.5000000000
7727  -28.561  -68.478  -24.395 0.5000000000
11758  -19.482  -62.878  -25.176 0.6000000238
7728  -29.309  -67.849  -24.163 0.5000000000
7755  -29.692  -68.823  -26.230 0.5000000000
133169  -30.444  -68.538  -26.193 0.4000000060
11111  -20.715  -63.791  -27.672 0.6000000238
11096  -20.489  -63.503  -27.521 0.6000000238
12492  -20.038  -62.064  -26.012 0.5000000000
9663  -17.493  -65.632  -24.879 0.6000000238
132601  -17.963  -65.509  -25.722 0.4000000060
114319  -18.554  -65.443  -26.707 0.6000000238
10390  -20.369  -64.629  -27.756 0.6000000238
10406  -20.285  -64.459  -27.842 0.6000000238
11097  -20.947  -62.851  -27.611 0.6000000238
9001  -28.608  -66.164  -22.883 0.4000000060
9664  -18.451  -65.598  -24.974 0.5000000000
9681  -19.635  -65.368  -27.184 0.6000000238
10371  -20.776  -64.703  -26.805 0.6000000238
10372  -21.198  -64.105  -27.294 0.6000000238
11098  -21.358  -63.424  -27.356 0.6000000238
10328  -28.261  -64.937  -21.593 0.5000000000
9648  -18.174  -65.884  -23.862 0.6000000238
9665  -19.392  -65.503  -25.533 0.6000000238
9666  -20.264  -65.191  -26.015 0.6000000238
10363  -21.375  -64.117  -25.979 0.6000000238
11076  -21.625  -63.427  -26.639 0.6000000238
132549  -21.625  -63.120  -27.084 0.6000000238
11021  -28.352  -64.078  -21.733 0.4000000060
9649  -19.220  -65.689  -23.974 0.6000000238
127890  -20.641  -64.965  -24.453 0.6000000238
11059  -21.664  -63.749  -24.689 0.6000000238
115457  -21.705  -63.446  -25.513 0.6000000238
9000  -18.724  -66.244  -23.060 0.6000000238
127188  -19.618  -65.975  -22.905 0.6000000238
9651  -20.844  -65.126  -23.164 0.6000000238
115917  -21.263  -64.370  -24.679 0.6000000238
10340  -21.525  -64.790  -22.569 0.6000000238
9628  -20.894  -65.877  -21.877 0.6000000238
11019  -22.709  -63.805  -21.766 0.5000000000
11728  -23.537  -62.566  -21.555 0.5000000000
10324  -16.994  -64.351  -21.358 0.6999999881
11017  -17.426  -63.674  -21.736 0.6999999881
9602  -17.173  -65.375  -19.160 0.6999999881
10310  -18.069  -64.278  -20.257 0.6999999881
11004  -17.729  -63.953  -21.039 0.6999999881
11018  -18.052  -63.197  -21.406 0.6999999881
11726  -18.231  -62.221  -21.667 0.6000000238
12455  -18.239  -61.441  -22.326 0.6000000238
13197  -18.502  -60.632  -22.345 0.5000000000
12467  -18.518  -60.897  -23.007 0.5000000000
12468  -19.015  -61.338  -23.785 0.5000000000
13234  -19.917  -60.976  -25.367 0.5000000000
7729  -29.923  -67.723  -24.660 0.5000000000
7742  -30.472  -67.734  -25.170 0.5000000000
123979  -30.228  -68.325  -25.617 0.5000000000
7743  -31.049  -67.949  -25.786 0.4000000060
8367  -28.493  -67.042  -22.822 0.4000000060
8382  -29.775  -67.218  -24.226 0.4000000060
11775  -20.521  -62.538  -27.169 0.6000000238
119239  -21.167  -63.192  -27.556 0.6000000238
11786  -21.250  -62.352  -27.500 0.6000000238
11077  -21.910  -62.879  -25.657 0.6000000238
11776  -21.561  -62.749  -27.228 0.6000000238
11043  -21.632  -64.053  -23.881 0.6000000238
11060  -22.011  -63.077  -24.638 0.6000000238
11777  -21.869  -62.080  -26.665 0.6000000238
10352  -21.289  -64.578  -23.575 0.6000000238
11759  -22.257  -62.337  -24.750 0.5000000000
11032  -22.408  -63.614  -22.571 0.6000000238
11044  -22.101  -63.445  -23.613 0.5000000000
11033  -22.956  -63.083  -22.049 0.5000000000
9591  -17.497  -65.580  -18.256 0.6999999881
10281  -18.167  -65.106  -18.876 0.6999999881
10994  -18.759  -64.031  -19.854 0.6999999881
11005  -18.395  -63.596  -20.640 0.6999999881
11006  -19.065  -63.307  -20.227 0.6000000238
11713  -18.626  -62.810  -20.960 0.6999999881
11727  -18.896  -62.024  -21.010 0.4000000060
9582  -17.754  -65.617  -17.286 0.6999999881
9592  -18.193  -65.344  -17.999 0.6999999881
10297  -18.936  -64.535  -19.046 0.6000000238
10995  -19.546  -63.755  -19.293 0.6000000238
12445  -18.598  -61.295  -21.528 0.5000000000
8916  -15.936  -66.279  -15.798 0.6999999881
8927  -17.006  -66.062  -16.743 0.6999999881
13971  -18.684  -60.126  -21.994 0.5000000000
9559  -15.317  -66.005  -15.451 0.6999999881
13198  -18.813  -60.240  -22.678 0.5000000000
129744  -13.799  -65.709  -15.346 0.6000000238
9557  -13.367  -65.149  -15.449 0.6000000238
10253  -12.224  -64.548  -16.224 0.6000000238
11668  -11.696  -62.938  -17.543 0.5000000000
11685  -12.053  -62.177  -17.972 0.5000000000
8383  -30.405  -67.203  -24.772 0.4000000060
8392  -30.981  -67.269  -25.354 0.4000000060
11768  -22.072  -62.176  -25.754 0.6000000238
11700  -19.716  -62.899  -19.918 0.5000000000
128957  -19.188  -62.619  -20.530 0.5000000000
9583  -18.392  -65.175  -17.437 0.6000000238
10283  -19.456  -64.277  -18.345 0.6000000238
11714  -19.616  -62.100  -20.428 0.5000000000
12446  -19.288  -61.321  -20.896 0.5000000000
13186  -19.029  -60.528  -21.370 0.5000000000
9560  -16.052  -65.441  -15.490 0.6999999881
9574  -17.473  -65.478  -16.367 0.6000000238
9575  -18.206  -65.109  -16.730 0.6000000238
119033  -19.259  -64.465  -17.605 0.6000000238
10256  -19.282  -64.235  -16.921 0.6000000238
13972  -19.253  -59.732  -21.536 0.5000000000
116834  -15.169  -65.158  -15.232 0.6999999881
10235  -16.378  -64.661  -15.397 0.6000000238
10236  -17.308  -64.368  -15.566 0.6000000238
10237  -18.207  -64.079  -15.820 0.6000000238
10962  -19.063  -63.701  -16.284 0.6000000238
10233  -14.658  -64.463  -15.293 0.6000000238
10234  -15.592  -64.342  -15.272 0.6000000238
123408  -15.654  -63.544  -15.393 0.6000000238
10946  -17.645  -63.588  -15.584 0.6000000238
10232  -13.796  -64.440  -15.443 0.6000000238
11632  -14.320  -63.241  -15.731 0.6000000238
11633  -15.140  -63.002  -15.628 0.6000000238
11634  -16.079  -62.796  -15.588 0.6000000238
10960  -12.572  -63.814  -16.295 0.5000000000
11669  -12.443  -62.569  -17.272 0.5000000000
11653  -13.748  -62.754  -16.314 0.5000000000
11654  -14.585  -62.492  -16.131 0.6000000238
11655  -15.385  -62.267  -15.996 0.6000000238
9026  -31.284  -66.711  -25.664 0.4000000060
11699  -10.999  -62.193  -19.023 0.5000000000
11670  -13.244  -62.246  -17.005 0.5000000000
12376  -14.084  -61.963  -16.747 0.6000000238
12377  -14.894  -61.765  -16.550 0.6000000238
12417  -11.397  -61.451  -19.432 0.5000000000
12406  -12.485  -61.502  -18.458 0.5000000000
12392  -12.834  -61.841  -17.723 0.4000000060
12393  -13.686  -61.579  -17.538 0.5000000000
12394  -14.540  -61.290  -17.326 0.6000000238
11715  -20.301  -62.312  -19.715 0.6000000238
12431  -20.141  -61.389  -20.263 0.5000000000
13168  -19.606  -60.712  -20.766 0.5000000000
11701  -20.291  -63.087  -19.094 0.6000000238
12408  -20.848  -61.736  -19.444 0.5000000000
13957  -19.594  -59.987  -20.907 0.5000000000
10964  -20.261  -63.056  -16.863 0.6999999881
10973  -20.758  -62.588  -17.285 0.6999999881
10947  -18.491  -63.295  -15.844 0.6000000238
10948  -19.159  -62.973  -16.082 0.6999999881
11636  -17.966  -62.745  -15.727 0.6000000238
11637  -18.757  -62.470  -15.946 0.6999999881
12359  -16.723  -62.126  -15.850 0.6000000238
12360  -18.191  -61.784  -15.977 0.6999999881
12379  -16.383  -61.441  -16.275 0.6000000238
12380  -17.280  -61.365  -16.141 0.6999999881
13165  -10.727  -60.731  -20.872 0.5000000000
12418  -12.174  -61.156  -19.189 0.5000000000
12407  -13.314  -61.261  -18.288 0.4000000060
13132  -14.101  -61.054  -18.115 0.6000000238
13118  -15.899  -60.897  -16.749 0.6000000238
13155  -11.822  -60.764  -19.873 0.5000000000
13145  -12.932  -60.906  -18.958 0.4000000060
13146  -13.628  -60.670  -18.688 0.5000000000
13169  -20.191  -60.458  -20.394 0.5000000000
13158  -20.839  -60.924  -19.809 0.5000000000
11686  -21.125  -62.273  -18.052 0.6000000238
12409  -21.566  -61.511  -18.050 0.5000000000
13148  -21.886  -60.720  -18.544 0.5000000000
11657  -20.370  -62.393  -16.604 0.6999999881
11638  -19.615  -62.220  -16.211 0.6999999881
121344  -18.999  -61.778  -16.065 0.6000000238
13119  -16.658  -60.696  -16.509 0.6999999881
12361  -18.791  -61.117  -16.163 0.6000000238
130336  -14.986  -60.916  -17.411 0.6000000238
13135  -16.148  -60.046  -16.967 0.6000000238
13946  -12.895  -59.914  -19.983 0.5000000000
13938  -13.826  -59.986  -18.922 0.4000000060
13133  -14.717  -60.684  -17.806 0.6000000238
13956  -13.052  -59.370  -20.102 0.4000000060
13947  -13.406  -59.620  -19.533 0.4000000060
13948  -13.953  -59.132  -18.988 0.5000000000
13939  -14.349  -59.702  -18.533 0.5000000000
11671  -21.231  -61.940  -17.419 0.6000000238
12363  -20.447  -61.469  -16.406 0.6000000238
12396  -21.460  -61.321  -17.201 0.5000000000
13104  -19.306  -60.537  -16.190 0.6000000238
13121  -20.927  -60.539  -16.388 0.5000000000
128342  -18.661  -60.452  -16.237 0.6000000238
128711  -16.870  -59.998  -16.652 0.6999999881
13103  -18.156  -60.005  -16.335 0.5000000000
123341  -15.578  -59.718  -17.487 0.6000000238
13932  -15.385  -59.060  -17.793 0.5000000000
126434  -13.407  -58.947  -19.756 0.4000000060
13940  -14.712  -59.054  -18.353 0.5000000000
19479  -13.519  -52.689  -23.476 0.4000000060
20328  -14.211  -52.332  -24.153 0.3000000119
19495  -14.407  -53.334  -24.550 0.4000000060
13137  -22.180  -60.117  -17.392 0.5000000000
18650  -13.581  -53.664  -23.823 0.3000000119
13908  -19.748  -59.969  -16.153 0.5000000000
13921  -21.463  -59.832  -16.484 0.5000000000
122471  -14.036  -55.854  -24.201 0.3000000119
18665  -14.625  -54.341  -24.584 0.4000000060
131500  -19.556  -59.446  -16.110 0.5000000000
17111  -13.754  -56.146  -24.106 0.3000000119
13918  -17.441  -59.438  -16.545 0.6000000238
13933  -16.038  -59.170  -17.301 0.6999999881
133074  -17.036  -58.739  -16.741 0.6000000238
14717  -14.394  -58.310  -18.681 0.5000000000
14705  -15.826  -58.368  -17.506 0.5000000000
14718  -15.111  -58.178  -18.058 0.4000000060
15501  -16.331  -57.768  -17.238 0.4000000060
20315  -14.245  -51.262  -22.442 0.3000000119
20329  -14.269  -51.429  -23.740 0.3000000119
20341  -14.756  -51.822  -24.641 0.3000000119
19496  -15.014  -52.847  -24.976 0.4000000060
13920  -20.835  -59.814  -16.221 0.5000000000
17899  -14.346  -55.161  -24.214 0.4000000060
18666  -15.120  -53.771  -24.814 0.4000000060
13919  -20.187  -59.382  -16.064 0.5000000000
17883  -14.199  -55.716  -24.114 0.4000000060
17884  -14.554  -55.028  -24.035 0.4000000060
120694  -18.303  -59.090  -16.318 0.5000000000
14693  -20.341  -58.480  -15.984 0.5000000000
17101  -13.869  -55.955  -23.277 0.4000000060
14691  -18.307  -58.155  -16.332 0.5000000000
15488  -16.984  -58.056  -16.824 0.5000000000
15489  -17.590  -57.685  -16.593 0.5000000000
15518  -13.603  -57.572  -19.545 0.3000000119
15519  -13.995  -56.968  -19.103 0.4000000060
15500  -15.608  -57.571  -17.668 0.4000000060
16280  -16.891  -57.271  -16.922 0.4000000060
21182  -14.464  -50.424  -22.090 0.3000000119
21195  -14.341  -50.555  -23.222 0.3000000119
20351  -15.337  -51.427  -24.890 0.4000000060
19508  -16.183  -52.350  -25.165 0.4000000060
126107  -23.068  -58.982  -17.727 0.4000000060
19497  -16.056  -52.909  -24.781 0.4000000060
14707  -23.364  -58.279  -17.559 0.4000000060
17885  -14.849  -54.455  -24.514 0.4000000060
130056  -15.594  -53.666  -23.523 0.4000000060
13922  -21.871  -59.045  -16.492 0.4000000060
15491  -19.696  -57.874  -16.045 0.5000000000
17868  -14.342  -55.327  -23.046 0.4000000060
17084  -13.478  -55.689  -20.559 0.3000000119
15490  -18.914  -57.652  -16.202 0.5000000000
16309  -15.108  -55.862  -18.123 0.3000000119
118566  -14.364  -49.620  -22.737 0.3000000119
119234  -14.668  -49.854  -23.635 0.3000000119
21206  -14.855  -50.804  -24.299 0.3000000119
21207  -16.296  -50.374  -24.656 0.4000000060
20342  -16.350  -51.605  -24.963 0.4000000060
113214  -16.479  -51.070  -23.516 0.3000000119
19498  -16.319  -52.256  -24.790 0.4000000060
15520  -24.050  -57.480  -19.012 0.4000000060
16319  -24.185  -56.654  -19.710 0.4000000060
19480  -15.953  -53.148  -23.845 0.4000000060
132273  -22.978  -58.147  -16.903 0.4000000060
14694  -21.301  -58.206  -16.134 0.4000000060
17869  -14.782  -54.554  -22.700 0.3000000119
15492  -20.401  -57.612  -16.069 0.4000000060
17091  -13.689  -55.363  -21.491 0.3000000119
17870  -14.869  -54.146  -21.349 0.3000000119
17845  -14.797  -54.685  -19.249 0.3000000119
16297  -16.790  -56.491  -17.053 0.4000000060
126156  -14.318  -48.856  -22.347 0.3000000119
119772  -15.599  -50.060  -24.402 0.4000000060
22014  -16.450  -49.858  -24.335 0.4000000060
21196  -16.544  -50.252  -24.020 0.4000000060
17093  -24.533  -55.878  -20.181 0.4000000060
15521  -24.482  -56.936  -18.893 0.4000000060
111171  -16.432  -51.912  -23.123 0.4000000060
15502  -23.926  -57.496  -17.692 0.4000000060
19464  -15.884  -53.145  -22.585 0.4000000060
14695  -22.281  -58.241  -16.531 0.4000000060
14696  -23.421  -57.562  -17.055 0.4000000060
18635  -15.364  -53.772  -22.239 0.3000000119
15493  -21.810  -57.470  -16.318 0.4000000060
131289  -15.653  -53.590  -19.802 0.3000000119
16283  -19.529  -57.003  -16.219 0.5000000000
17857  -14.706  -54.319  -20.245 0.3000000119
17846  -15.296  -54.023  -19.566 0.3000000119
17069  -15.935  -55.413  -17.638 0.3000000119
16281  -17.611  -56.819  -16.641 0.4000000060
15512  -15.200  -56.799  -17.948 0.4000000060
22824  -14.875  -48.507  -23.364 0.3000000119
21183  -16.508  -50.408  -22.673 0.3000000119
132887  -16.699  -50.856  -21.733 0.3000000119
125439  -24.704  -56.129  -19.619 0.4000000060
126335  -16.518  -52.113  -22.156 0.3000000119
15514  -24.312  -57.275  -18.319 0.4000000060
16320  -24.827  -56.383  -19.094 0.3000000119
19465  -16.332  -52.566  -21.756 0.3000000119
15494  -22.692  -57.508  -16.575 0.4000000060
15503  -24.457  -56.826  -17.790 0.4000000060
18622  -16.113  -53.167  -20.068 0.3000000119
18600  -15.893  -53.635  -19.170 0.3000000119
16284  -20.438  -56.803  -16.244 0.4000000060
17835  -15.459  -54.348  -18.750 0.3000000119
17827  -16.394  -54.555  -17.702 0.3000000119
17070  -16.638  -55.842  -17.217 0.3000000119
128296  -18.518  -55.567  -16.615 0.3000000119
20316  -16.590  -51.377  -22.141 0.3000000119
20317  -17.017  -51.151  -21.166 0.3000000119
126543  -16.865  -51.934  -21.207 0.3000000119
16311  -25.206  -56.047  -18.501 0.3000000119
16299  -23.928  -56.875  -17.180 0.4000000060
16300  -25.007  -56.244  -17.894 0.4000000060
18610  -16.455  -53.130  -19.332 0.3000000119
16286  -22.142  -56.712  -16.388 0.4000000060
16287  -23.159  -56.691  -16.600 0.4000000060
17836  -16.069  -54.049  -18.330 0.3000000119
17826  -15.744  -54.663  -18.094 0.3000000119
120867  -19.805  -56.131  -16.351 0.3000000119
17052  -17.824  -55.381  -16.821 0.3000000119
19432  -17.519  -52.281  -19.413 0.3000000119
18601  -16.530  -53.439  -18.656 0.3000000119
17057  -23.296  -55.751  -16.533 0.3000000119
17058  -24.122  -55.622  -16.713 0.3000000119
18588  -16.747  -53.848  -17.932 0.3000000119
120866  -20.628  -56.044  -16.367 0.3000000119
17812  -17.673  -54.722  -17.071 0.3000000119
17053  -19.261  -55.386  -16.528 0.3000000119
19433  -18.374  -51.983  -19.024 0.3000000119
20292  -19.120  -51.369  -19.203 0.3000000119
18602  -17.195  -53.249  -18.236 0.3000000119
115059  -22.591  -55.040  -16.468 0.3000000119
19402  -18.528  -52.568  -18.160 0.3000000119
19419  -19.224  -51.978  -18.548 0.3000000119
111068  -16.228  -56.170  -17.381 0.4000000060
17076  -14.522  -55.485  -18.940 0.3000000119
17077  -15.206  -55.062  -18.399 0.3000000119
5905  -25.247  -71.280  -27.989 0.6000000238
121003  -26.004  -72.829  -27.372 0.5000000000
4704  -25.635  -73.415  -26.192 0.5000000000
5283  -25.125  -72.786  -25.688 0.5000000000
4710  -25.948  -73.640  -27.104 0.5000000000
6516  -25.134  -70.010  -29.856 0.6999999881
132861  -22.842  -69.533  -30.303 0.6999999881
3641  -27.509  -74.798  -27.285 0.4000000060
4720  -27.065  -73.765  -28.988 0.5000000000
5302  -29.877  -72.202  -26.289 0.3000000119
4730  -27.475  -73.393  -29.587 0.5000000000
5349  -27.632  -72.308  -30.658 0.3000000119
111937  -24.780  -67.473  -30.339 0.6000000238
112403  -23.572  -67.666  -30.138 0.6000000238
7107  -22.001  -68.494  -30.115 0.6999999881
5837  -27.822  -71.555  -22.275 0.3000000119
6530  -21.851  -69.247  -30.451 0.6999999881
5920  -26.267  -71.603  -29.447 0.5000000000
4719  -26.631  -73.619  -28.595 0.6000000238
4711  -26.286  -73.788  -27.855 0.5000000000
6540  -21.669  -70.392  -30.914 0.6000000238
5348  -22.057  -72.088  -31.677 0.5000000000
5296  -20.296  -72.507  -26.062 0.6000000238
5357  -21.683  -72.671  -31.733 0.5000000000
5352  -30.900  -72.603  -30.253 0.3000000119
5320  -30.716  -72.127  -27.425 0.3000000119
5356  -21.047  -73.150  -31.645 0.5000000000
6421  -29.489  -70.533  -21.703 0.3000000119
6404  -20.324  -69.977  -20.932 0.6999999881
121945  -21.404  -69.007  -20.152 0.6000000238
8968  -21.592  -66.766  -20.413 0.6000000238
6992  -24.448  -68.694  -20.739 0.6000000238
8366  -27.471  -67.844  -22.267 0.5000000000
7072  -27.892  -69.415  -27.966 0.4000000060
8350  -25.336  -67.638  -19.942 0.6000000238
8351  -26.106  -67.455  -20.333 0.5000000000
8955  -24.061  -66.588  -19.407 0.6000000238
10999  -27.260  -63.655  -19.686 0.4000000060
8364  -18.247  -67.698  -22.324 0.6000000238
8987  -19.197  -66.628  -22.356 0.6999999881
11056  -17.573  -63.584  -25.563 0.6000000238
7714  -28.106  -68.344  -23.622 0.4000000060
8990  -28.203  -66.396  -22.162 0.4000000060
111447  -28.483  -63.091  -21.712 0.4000000060
112312  -24.335  -63.125  -20.272 0.4000000060
8363  -17.670  -67.209  -22.782 0.6000000238
125408  -18.727  -63.823  -27.197 0.6000000238
127325  -29.926  -68.153  -25.115 0.5000000000
10389  -18.361  -64.473  -28.205 0.5000000000
9692  -17.994  -64.720  -27.942 0.4000000060
126818  -20.436  -65.667  -22.648 0.5000000000
9639  -28.362  -65.556  -22.294 0.5000000000
126919  -20.862  -64.669  -25.593 0.6000000238
9650  -20.148  -65.503  -23.590 0.5000000000
8912  -12.996  -66.045  -15.519 0.6000000238
12405  -11.704  -61.800  -18.694 0.5000000000
10270  -19.720  -63.965  -17.571 0.5000000000
10254  -17.847  -64.802  -15.996 0.6000000238
10255  -18.585  -64.457  -16.429 0.6000000238
10972  -20.264  -63.357  -17.459 0.6000000238
10944  -14.923  -63.749  -15.398 0.6000000238
12430  -11.078  -61.099  -20.144 0.5000000000
12419  -21.420  -61.258  -19.046 0.5000000000
13120  -17.420  -60.409  -16.417 0.6000000238
13156  -12.601  -60.513  -19.647 0.5000000000
129618  -16.675  -59.325  -16.852 0.6000000238
12381  -21.165  -61.181  -16.697 0.5000000000
132132  -14.082  -57.716  -18.997 0.3000000119
13123  -22.137  -59.697  -16.928 0.4000000060
15511  -14.619  -57.388  -18.470 0.4000000060
16282  -18.538  -56.856  -16.384 0.5000000000
15513  -23.798  -57.927  -18.276 0.4000000060
22003  -14.385  -49.074  -23.075 0.3000000119
18621  -15.402  -53.689  -20.584 0.3000000119
16285  -21.249  -56.716  -16.306 0.4000000060
16298  -17.302  -55.962  -16.871 0.3000000119
18636  -15.959  -53.125  -21.289 0.3000000119
119998  -18.954  -56.173  -16.429 0.4000000060
128204  -15.491  -48.010  -23.695 0.3000000119
19448  -16.795  -52.633  -19.771 0.3000000119
17055  -21.471  -55.960  -16.390 0.4000000060
19418  -17.725  -52.637  -18.561 0.3000000119
4724  -16.353  -73.357  -30.843 0.5000000000
119869  -17.046  -74.202  -31.300 0.5000000000
4738  -17.666  -74.186  -31.499 0.5000000000
113834  -18.784  -74.758  -31.624 0.4000000060
115982  -16.422  -72.444  -30.406 0.5000000000
5335  -16.355  -73.015  -31.010 0.5000000000
5346  -17.032  -73.333  -31.335 0.5000000000
4725  -19.027  -74.216  -31.516 0.5000000000
4740  -20.488  -73.601  -31.478 0.4000000060
5926  -16.593  -71.775  -30.201 0.4000000060
5937  -16.598  -72.498  -30.744 0.5000000000
4715  -18.035  -73.651  -31.318 0.5000000000
4726  -19.842  -73.554  -31.103 0.4000000060
5927  -16.851  -71.502  -30.198 0.5000000000
5928  -17.701  -72.200  -30.107 0.5000000000
5337  -17.489  -72.967  -30.981 0.5000000000
5325  -18.603  -73.089  -30.106 0.5000000000
5312  -18.857  -72.661  -28.726 0.5000000000
5326  -19.499  -72.977  -28.941 0.5000000000
5914  -17.259  -70.996  -29.693 0.5000000000
5313  -19.649  -72.612  -27.640 0.5000000000
126129  -20.045  -72.925  -28.273 0.5000000000
7067  -17.372  -69.142  -27.998 0.5000000000
6513  -17.487  -70.283  -29.092 0.5000000000
6501  -18.175  -70.737  -27.853 0.5000000000
5901  -18.850  -72.110  -27.644 0.5000000000
127508  -18.738  -71.447  -26.768 0.5000000000
7048  -17.891  -69.817  -27.339 0.5000000000
7047  -17.649  -69.332  -26.705 0.5000000000
7030  -17.561  -69.087  -25.029 0.5000000000
6487  -18.325  -70.492  -26.804 0.5000000000
130225  -17.815  -69.412  -25.760 0.5000000000
119179  -18.209  -69.739  -24.853 0.5000000000
5887  -18.610  -70.884  -26.001 0.5000000000
6472  -18.515  -70.441  -25.350 0.5000000000
5875  -19.215  -71.767  -25.893 0.5000000000
5874  -18.942  -71.279  -25.131 0.5000000000
5888  -19.448  -72.263  -26.709 0.5000000000
114876  -19.951  -72.608  -26.667 0.5000000000
124243  -20.685  -72.371  -26.677 0.5000000000
8373  -17.131  -67.523  -23.250 0.5000000000
7699  -17.686  -68.034  -22.785 0.6000000238
7012  -17.736  -69.027  -24.028 0.5000000000
130813  -18.569  -70.253  -23.973 0.5000000000
7013  -18.286  -69.601  -23.605 0.5000000000
6455  -18.991  -70.923  -23.704 0.5000000000
6428  -18.772  -70.331  -23.167 0.5000000000
5278  -19.632  -72.082  -24.936 0.5000000000
5252  -19.795  -72.047  -24.019 0.5000000000
5295  -19.810  -72.398  -25.910 0.5000000000
9646  -16.739  -66.345  -23.763 0.5000000000
8998  -17.157  -66.743  -23.310 0.5000000000
10337  -14.252  -64.661  -22.205 0.5000000000
10351  -15.527  -64.089  -23.646 0.6000000238
10322  -13.998  -64.985  -21.468 0.5000000000
10338  -15.280  -64.535  -22.520 0.5000000000
10339  -16.201  -64.270  -22.799 0.6000000238
10323  -16.048  -64.639  -21.721 0.6000000238
114451  -14.898  -64.896  -21.567 0.5000000000
10307  -15.381  -65.081  -20.834 0.6000000238
9615  -15.773  -65.309  -20.103 0.5000000000
10308  -16.406  -64.848  -20.775 0.6000000238
9601  -16.137  -65.545  -19.340 0.5000000000
10294  -16.770  -65.102  -19.978 0.6000000238
10309  -17.295  -64.570  -20.547 0.6000000238
8945  -16.072  -66.290  -18.011 0.5000000000
9590  -16.557  -65.807  -18.540 0.5000000000
8915  -15.556  -66.855  -16.110 0.5000000000
122781  -15.343  -66.633  -15.743 0.6000000238
9572  -12.106  -65.888  -15.989 0.6000000238
8304  -13.263  -67.054  -15.715 0.5000000000
8926  -16.238  -66.418  -16.374 0.6000000238
9581  -16.947  -66.034  -17.630 0.5000000000
8913  -13.902  -66.431  -15.427 0.5000000000
10268  -11.503  -64.666  -16.779 0.6000000238
120959  -11.949  -65.184  -16.244 0.6000000238
10959  -11.942  -64.004  -16.638 0.6000000238
119130  -31.368  -73.277  -28.173 0.3000000119
5334  -32.266  -72.628  -29.396 0.3000000119
4735  -33.383  -72.443  -30.602 0.3000000119
4745  -31.472  -73.074  -29.824 0.3000000119
4149  -31.246  -73.565  -27.996 0.3000000119
4713  -31.200  -73.658  -27.684 0.3000000119
4716  -19.183  -73.400  -30.532 0.4000000060
5862  -19.263  -71.466  -24.272 0.5000000000
6429  -19.204  -70.438  -22.377 0.5000000000
5915  -18.118  -71.505  -28.888 0.5000000000
130264  -17.202  -69.287  -28.707 0.5000000000
6500  -17.548  -69.695  -28.430 0.5000000000
7750  -17.126  -68.816  -27.038 0.5000000000
7031  -18.183  -69.926  -26.132 0.5000000000
5353  -32.035  -72.660  -30.464 0.3000000119
4723  -32.218  -72.705  -29.441 0.3000000119
111346  -31.656  -73.006  -28.700 0.3000000119
4734  -31.737  -73.175  -29.284 0.3000000119
4746  -32.419  -72.811  -30.086 0.3000000119
17072  -24.497  -56.173  -17.275 0.3000000119
3637  -31.098  -75.045  -26.535 0.4000000060
4159  -16.496  -73.726  -31.192 0.5000000000
4164  -28.882  -73.755  -29.041 0.4000000060
4172  -21.059  -74.018  -31.633 0.5000000000
4717  -21.905  -73.876  -29.729 0.5000000000
4736  -16.366  -73.407  -31.164 0.5000000000
4737  -16.651  -73.682  -31.310 0.5000000000
4739  -19.802  -74.446  -31.599 0.5000000000
4741  -21.684  -73.480  -31.539 0.5000000000
4742  -21.914  -72.729  -31.762 0.5000000000
4747  -33.026  -72.558  -30.532 0.3000000119
4748  -20.805  -73.859  -31.659 0.5000000000
5253  -20.331  -72.202  -23.911 0.6000000238
5266  -20.779  -72.274  -24.647 0.6000000238
5282  -24.483  -72.566  -25.444 0.6000000238
5300  -24.751  -72.270  -25.951 0.5000000000
5336  -16.859  -72.551  -30.944 0.5000000000
5345  -16.515  -73.074  -31.160 0.5000000000
5823  -27.807  -71.472  -21.569 0.3000000119
5824  -28.286  -71.194  -21.070 0.3000000119
5838  -28.233  -71.023  -21.915 0.3000000119
5850  -20.775  -71.881  -23.230 0.6000000238
5861  -18.718  -70.687  -24.538 0.5000000000
5890  -23.963  -71.642  -26.738 0.6000000238
5939  -21.798  -71.386  -31.502 0.5000000000
5950  -21.820  -72.070  -31.706 0.5000000000
6418  -22.299  -70.477  -21.452 0.6000000238
6443  -19.328  -71.036  -22.937 0.6000000238
6447  -29.796  -70.304  -23.288 0.3000000119
6989  -21.641  -69.578  -20.392 0.6000000238
7007  -19.148  -69.864  -21.877 0.6999999881
7019  -23.365  -69.601  -24.418 0.5000000000
7051  -26.520  -69.354  -26.259 0.4000000060
7070  -22.977  -68.300  -28.240 0.5000000000
7120  -25.015  -67.804  -30.993 0.6000000238
7673  -23.794  -68.007  -19.623 0.6000000238
7674  -24.581  -67.885  -19.776 0.6000000238
7682  -20.809  -68.624  -20.347 0.6999999881
7683  -21.541  -68.353  -19.952 0.6000000238
7684  -23.287  -68.713  -19.984 0.6000000238
7736  -23.811  -69.095  -25.730 0.5000000000
7741  -29.356  -68.316  -24.815 0.5000000000
7781  -23.286  -67.758  -29.775 0.6000000238
7806  -26.503  -68.454  -31.383 0.4000000060
7807  -27.061  -68.433  -31.138 0.4000000060
8306  -14.954  -67.183  -15.886 0.6000000238
8338  -21.913  -67.810  -19.766 0.6000000238
8339  -22.568  -67.608  -19.631 0.6000000238
8341  -25.142  -67.090  -19.497 0.6000000238
8342  -25.831  -67.072  -19.738 0.6000000238
8349  -21.366  -67.617  -20.149 0.6000000238
8352  -26.755  -67.150  -20.606 0.5000000000
8358  -20.201  -67.477  -21.071 0.6999999881
8393  -31.563  -67.272  -25.948 0.4000000060
8914  -14.730  -66.597  -15.545 0.6000000238
8924  -12.396  -66.768  -16.000 0.5000000000
8954  -22.801  -66.854  -19.619 0.6000000238
8958  -26.395  -66.971  -20.039 0.5000000000
8967  -20.891  -67.121  -20.738 0.6000000238
8977  -19.659  -67.008  -21.686 0.6999999881
8997  -16.136  -66.243  -24.166 0.5000000000
8999  -17.881  -66.491  -23.150 0.6000000238
9025  -30.701  -66.615  -25.078 0.4000000060
9556  -12.537  -65.205  -15.774 0.6000000238
9558  -14.530  -65.832  -15.319 0.6000000238
9561  -17.010  -65.142  -15.696 0.6000000238
9573  -16.701  -65.884  -16.008 0.6999999881
9603  -23.033  -66.097  -19.798 0.5000000000
9604  -23.752  -65.924  -19.547 0.6000000238
9638  -21.066  -65.356  -22.423 0.6000000238
9682  -20.230  -65.094  -27.393 0.6999999881
9693  -19.801  -65.031  -28.127 0.6000000238
10231  -12.947  -64.431  -15.724 0.6000000238
10269  -18.802  -64.766  -17.171 0.6000000238
10282  -18.806  -64.877  -18.087 0.6000000238
10295  -17.652  -64.827  -19.741 0.6999999881
10296  -18.343  -64.567  -19.563 0.6999999881
10298  -24.119  -65.148  -19.594 0.6000000238
10300  -25.727  -64.507  -19.326 0.6000000238
10302  -27.047  -64.454  -19.562 0.6000000238
10327  -23.116  -64.067  -21.001 0.5000000000
10391  -20.910  -63.987  -27.667 0.6000000238
10404  -19.242  -64.935  -28.189 0.6999999881
10943  -14.213  -63.892  -15.472 0.6000000238
10945  -16.548  -63.765  -15.368 0.6000000238
10961  -12.889  -63.026  -16.576 0.5000000000
10963  -19.777  -63.610  -16.877 0.6000000238
10970  -11.487  -63.760  -17.187 0.6000000238
10971  -12.140  -63.334  -16.904 0.6000000238
10983  -20.067  -63.641  -18.333 0.5000000000
10984  -20.632  -62.957  -18.173 0.6000000238
11031  -21.845  -64.129  -23.025 0.6000000238
11635  -17.100  -62.908  -15.564 0.6000000238
11656  -19.749  -63.030  -16.434 0.6999999881
11658  -21.003  -61.861  -16.845 0.6000000238
11703  -25.541  -62.456  -19.836 0.6000000238
11704  -26.343  -62.580  -19.632 0.6000000238
11705  -27.128  -62.677  -19.712 0.4000000060
11717  -24.682  -62.374  -20.364 0.4000000060
11718  -27.727  -62.467  -20.156 0.4000000060
11738  -17.712  -63.146  -22.525 0.6000000238
11740  -22.663  -62.840  -22.863 0.5000000000
11747  -18.518  -62.946  -23.676 0.6000000238
11767  -21.792  -62.785  -26.620 0.6000000238
11785  -20.860  -61.973  -27.478 0.6000000238
12358  -16.038  -62.028  -15.960 0.6000000238
12362  -19.563  -61.301  -16.178 0.6000000238
12378  -15.640  -61.588  -16.403 0.6000000238
12395  -15.230  -61.153  -16.958 0.6000000238
12449  -28.412  -61.383  -20.832 0.4000000060
13102  -18.073  -60.855  -16.196 0.6000000238
13105  -20.091  -60.661  -16.202 0.5000000000
13122  -21.656  -60.521  -16.903 0.5000000000
13134  -15.365  -60.472  -17.361 0.6000000238
13147  -14.276  -60.387  -18.375 0.5000000000
13157  -13.249  -60.293  -19.344 0.4000000060
13167  -12.303  -60.155  -20.376 0.5000000000
13173  -27.081  -60.375  -20.390 0.4000000060
13185  -18.497  -60.705  -21.908 0.5000000000
13907  -19.000  -59.739  -16.170 0.5000000000
13909  -20.364  -60.074  -16.201 0.5000000000
13931  -14.942  -59.883  -17.995 0.5000000000
14689  -16.496  -58.548  -17.081 0.5000000000
14690  -17.604  -58.499  -16.543 0.6000000238
14692  -19.288  -58.706  -16.092 0.5000000000
14706  -22.682  -58.882  -17.084 0.4000000060
14719  -23.352  -58.646  -18.243 0.4000000060
16288  -23.837  -56.258  -16.792 0.4000000060
16308  -14.503  -56.395  -18.645 0.3000000119
16310  -24.733  -56.634  -18.388 0.4000000060
16367  -13.693  -56.132  -24.121 0.3000000119
17056  -22.386  -55.889  -16.426 0.3000000119
17071  -16.967  -55.165  -17.205 0.3000000119
17085  -13.996  -55.058  -20.065 0.3000000119
17856  -14.282  -54.702  -21.357 0.3000000119
18589  -17.867  -53.166  -17.807 0.3000000119
18651  -15.167  -54.315  -23.885 0.4000000060
18667  -15.465  -53.686  -24.594 0.4000000060
18676  -15.645  -53.038  -24.972 0.4000000060
19417  -16.985  -52.829  -18.974 0.3000000119
19481  -16.285  -52.475  -24.002 0.4000000060
19507  -15.541  -52.231  -25.139 0.4000000060
20330  -16.446  -51.708  -24.301 0.4000000060
20352  -16.099  -51.568  -25.214 0.4000000060
21136  -19.840  -51.368  -18.835 0.3000000119
21208  -16.439  -50.813  -24.595 0.4000000060
21222  -15.817  -50.848  -24.907 0.4000000060
21223  -16.314  -51.033  -24.970 0.4000000060
22811  -14.287  -48.407  -22.434 0.3000000119
111559  -19.971  -65.415  -24.686 0.6000000238
114941  -20.819  -62.431  -18.884 0.5000000000
115116  -15.647  -62.982  -26.332 0.5000000000
115825  -25.977  -61.260  -20.191 0.5000000000
116309  -16.229  -52.581  -22.858 0.4000000060
117944  -21.052  -59.157  -16.107 0.5000000000
118174  -31.125  -73.172  -27.665 0.3000000119
118941  -17.469  -62.216  -15.818 0.6999999881
119197  -18.107  -56.118  -16.581 0.3000000119
119328  -28.343  -71.107  -22.762 0.3000000119
119670  -31.046  -73.405  -29.298 0.3000000119
122326  -13.457  -63.634  -15.846 0.6000000238
122839  -14.226  -65.129  -15.258 0.6000000238
125240  -18.181  -57.420  -16.406 0.5000000000
125822  -15.689  -56.211  -17.656 0.4000000060
126294  -21.226  -61.888  -18.699 0.5000000000
126912  -26.205  -66.571  -19.692 0.6000000238
128025  -21.936  -64.778  -21.869 0.6000000238
128177  -29.465  -68.600  -25.542 0.5000000000
128220  -21.052  -57.360  -16.174 0.4000000060
129161  -16.107  -56.894  -17.405 0.4000000060
130179  -26.163  -64.303  -19.340 0.6000000238
130259  -13.772  -58.331  -19.305 0.3000000119
130516  -15.780  -64.892  -15.310 0.6000000238
131275  -15.134  -57.478  -18.005 0.4000000060
131997  -28.119  -71.539  -20.607 0.3000000119
133268  -21.391  -69.196  -30.033 0.6000000238
