#!ascii label  , from subject sub-v1s3x0050822_ses-1 vox2ras=TkReg
1976
126709  -36.853  -68.585  -16.463 0.1000000015
6663  -37.057  -68.632  -17.212 0.1000000015
6698  -36.607  -69.811  -18.459 0.1000000015
6699  -36.928  -68.812  -18.076 0.1000000015
7362  -36.599  -69.296  -19.224 0.1000000015
120969  -37.616  -67.090  -17.902 0.1000000015
7380  -36.667  -68.294  -19.555 0.1000000015
8047  -36.943  -66.464  -19.425 0.1000000015
8723  -37.500  -65.690  -19.060 0.1000000015
8059  -36.655  -66.453  -20.341 0.1000000015
126046  -37.050  -65.614  -19.909 0.1000000015
9440  -37.604  -64.892  -19.594 0.1000000015
9457  -37.286  -64.852  -20.607 0.1000000015
8735  -36.788  -65.707  -20.710 0.1000000015
9458  -37.845  -64.226  -20.134 0.1000000015
118242  -39.210  -62.904  -20.952 0.1000000015
8751  -36.948  -65.479  -21.527 0.1000000015
9475  -38.058  -63.902  -22.000 0.1000000015
9474  -37.483  -64.596  -21.655 0.1000000015
8679  -36.474  -65.895  -15.610 0.1000000015
7329  -36.821  -67.727  -16.176 0.1000000015
7989  -36.652  -66.883  -15.893 0.1000000015
7346  -37.345  -67.829  -17.619 0.1000000015
8690  -37.957  -65.825  -16.674 0.1000000015
8006  -37.665  -66.651  -16.846 0.1000000015
8007  -38.176  -66.092  -17.121 0.1000000015
8034  -37.466  -66.610  -18.524 0.1000000015
8713  -38.547  -65.382  -18.011 0.1000000015
8724  -38.112  -65.061  -18.764 0.1000000015
9441  -38.304  -64.282  -19.346 0.1000000015
132290  -45.116  -60.340  -17.591 0.1000000015
117509  -43.628  -60.825  -18.212 0.1000000015
11828  -43.085  -61.020  -18.962 0.1000000015
11805  -42.086  -61.589  -18.331 0.1000000015
10984  -40.999  -61.937  -19.837 0.1000000015
10983  -40.211  -62.495  -19.594 0.1000000015
10171  -39.510  -62.775  -20.025 0.1000000015
10182  -38.546  -63.519  -20.254 0.1000000015
123310  -35.580  -65.974  -14.262 0.1000000015
132651  -36.228  -64.323  -15.110 0.2000000030
127954  -35.837  -66.129  -14.929 0.1000000015
10122  -36.868  -63.899  -15.461 0.1000000015
9394  -37.555  -64.453  -15.915 0.1000000015
8680  -37.330  -65.343  -16.142 0.1000000015
17550  -46.636  -54.366  -12.727 0.1000000015
136050  -47.300  -55.556  -12.446 0.1000000015
9395  -38.468  -64.183  -16.027 0.1000000015
8691  -38.614  -65.465  -16.875 0.1000000015
15908  -48.919  -56.588  -12.434 0.1000000015
15124  -48.352  -57.334  -12.438 0.1000000015
124746  -47.069  -57.068  -12.417 0.1000000015
13494  -46.556  -59.512  -13.085 0.1000000015
13509  -45.996  -60.139  -13.441 0.1000000015
11718  -45.396  -61.006  -13.938 0.1000000015
125252  -38.954  -64.966  -16.695 0.1000000015
9418  -39.058  -64.969  -17.510 0.1000000015
14323  -47.034  -58.847  -12.674 0.1000000015
13510  -46.974  -59.903  -13.348 0.1000000015
12620  -46.343  -60.480  -13.803 0.1000000015
118072  -44.516  -61.346  -14.748 0.1000000015
11759  -43.955  -61.358  -15.470 0.1000000015
10928  -42.318  -62.048  -16.195 0.1000000015
9429  -39.411  -64.448  -17.694 0.1000000015
9428  -38.868  -64.521  -18.369 0.1000000015
12645  -46.753  -60.340  -14.328 0.1000000015
11783  -44.997  -60.776  -15.714 0.1000000015
10943  -40.755  -62.672  -17.897 0.1000000015
10963  -40.488  -62.543  -18.839 0.1000000015
11807  -44.054  -60.778  -17.401 0.1000000015
127864  -42.968  -61.358  -17.205 0.1000000015
10945  -42.112  -61.815  -17.322 0.1000000015
10962  -39.760  -63.044  -18.957 0.1000000015
10170  -39.037  -63.623  -19.160 0.1000000015
10112  -36.198  -63.488  -14.723 0.1000000015
9378  -35.724  -64.366  -14.465 0.2000000030
8663  -35.505  -65.138  -14.029 0.1000000015
8651  -35.530  -65.017  -13.165 0.2000000030
120729  -35.618  -64.769  -12.220 0.2000000030
10113  -37.086  -63.001  -15.189 0.1000000015
10123  -37.790  -63.587  -15.654 0.1000000015
136548  -46.116  -53.410  -14.261 0.1000000015
18520  -47.637  -54.050  -13.470 0.1000000015
127107  -38.923  -64.572  -16.359 0.1000000015
9396  -39.333  -64.105  -16.063 0.1000000015
15906  -46.436  -55.945  -12.427 0.1000000015
15123  -46.346  -57.882  -12.539 0.1000000015
131027  -45.670  -58.651  -12.818 0.1000000015
9409  -39.439  -64.509  -16.609 0.1000000015
14322  -44.657  -58.902  -13.118 0.1000000015
12619  -45.117  -60.762  -13.684 0.1000000015
11736  -43.996  -61.457  -14.297 0.1000000015
10897  -42.333  -62.163  -14.896 0.1000000015
10136  -41.032  -63.208  -16.362 0.1000000015
10145  -40.505  -63.501  -17.059 0.1000000015
9419  -39.559  -64.634  -17.081 0.1000000015
10157  -40.134  -63.298  -18.050 0.1000000015
11714  -36.424  -61.386  -13.535 0.1000000015
132412  -35.909  -61.823  -13.224 0.1000000015
11730  -36.878  -61.692  -14.211 0.1000000015
10892  -36.180  -62.102  -13.797 0.1000000015
10879  -35.710  -62.483  -13.233 0.1000000015
10082  -35.576  -63.293  -13.188 0.2000000030
116811  -35.574  -63.762  -12.351 0.2000000030
10891  -35.842  -62.885  -13.945 0.2000000030
10893  -37.434  -62.194  -14.777 0.1000000015
115104  -38.340  -62.024  -14.941 0.1000000015
133661  -38.792  -62.580  -15.304 0.1000000015
122658  -46.250  -53.566  -13.634 0.1000000015
16694  -45.547  -55.036  -12.437 0.1000000015
15905  -45.082  -56.011  -12.453 0.1000000015
15904  -43.998  -56.096  -12.445 0.1000000015
10910  -38.012  -62.736  -15.355 0.1000000015
10911  -39.571  -62.819  -15.354 0.1000000015
18541  -46.840  -53.399  -14.629 0.1000000015
18557  -45.809  -53.265  -14.783 0.1000000015
16695  -46.522  -54.968  -12.465 0.1000000015
126846  -44.508  -58.038  -12.699 0.1000000015
14321  -43.538  -58.387  -12.917 0.1000000015
13508  -43.428  -60.079  -13.549 0.1000000015
12644  -41.981  -61.172  -14.246 0.1000000015
136465  -40.879  -62.398  -14.896 0.1000000015
10125  -39.869  -63.587  -15.712 0.1000000015
18572  -47.250  -53.251  -15.828 0.1000000015
12618  -44.023  -60.874  -13.702 0.1000000015
11735  -42.586  -61.689  -14.507 0.1000000015
10896  -41.439  -62.594  -15.250 0.1000000015
10126  -40.934  -63.235  -15.776 0.1000000015
10135  -40.487  -63.667  -16.255 0.1000000015
19485  -46.468  -52.944  -16.594 0.1000000015
19497  -46.739  -52.684  -17.675 0.1000000015
19498  -47.940  -52.783  -18.161 0.1000000015
19511  -47.028  -52.324  -18.803 0.1000000015
12605  -36.834  -59.907  -12.835 0.1000000015
12611  -36.605  -60.676  -13.222 0.1000000015
13503  -37.723  -59.631  -13.207 0.1000000015
12613  -38.177  -60.135  -13.693 0.1000000015
11700  -35.925  -61.212  -12.791 0.1000000015
11713  -35.619  -62.051  -12.630 0.1000000015
123185  -35.556  -62.879  -12.504 0.2000000030
13504  -38.645  -59.494  -13.401 0.1000000015
12639  -37.783  -60.661  -13.958 0.1000000015
11715  -37.131  -60.986  -13.824 0.1000000015
10073  -35.599  -63.278  -11.731 0.2000000030
13492  -39.125  -58.864  -13.079 0.1000000015
12640  -38.516  -60.696  -14.210 0.1000000015
20395  -43.105  -52.088  -16.596 0.1000000015
19470  -44.526  -52.787  -15.427 0.1000000015
19454  -44.921  -53.086  -14.630 0.1000000015
19435  -44.258  -53.013  -14.007 0.1000000015
18518  -45.331  -53.502  -13.158 0.1000000015
18500  -44.646  -53.620  -12.669 0.1000000015
17548  -44.857  -54.227  -12.431 0.1000000015
14338  -39.983  -58.749  -13.084 0.1000000015
13505  -39.646  -59.481  -13.492 0.1000000015
18540  -45.562  -53.360  -14.022 0.1000000015
15122  -43.455  -56.861  -12.499 0.1000000015
127300  -42.925  -57.554  -12.614 0.1000000015
12642  -40.465  -60.602  -14.167 0.1000000015
133446  -39.641  -61.633  -14.681 0.1000000015
10894  -39.220  -62.097  -14.996 0.1000000015
19494  -43.983  -52.269  -16.945 0.1000000015
126356  -44.488  -57.021  -12.520 0.1000000015
127299  -43.738  -57.574  -12.619 0.1000000015
14320  -42.380  -58.266  -12.837 0.1000000015
13507  -41.961  -59.723  -13.555 0.1000000015
12616  -41.333  -60.346  -13.890 0.1000000015
11733  -40.488  -61.560  -14.563 0.1000000015
10895  -40.079  -62.283  -14.951 0.1000000015
19483  -44.629  -52.636  -16.225 0.1000000015
19484  -45.513  -52.782  -16.385 0.1000000015
19495  -44.869  -52.429  -17.161 0.1000000015
19496  -45.761  -52.570  -17.346 0.1000000015
19509  -45.249  -52.174  -17.990 0.1000000015
20415  -46.649  -51.497  -19.314 0.1000000015
19518  -47.644  -51.554  -19.764 0.1000000015
134013  -36.224  -60.470  -12.627 0.1000000015
13491  -38.165  -58.927  -12.840 0.1000000015
14315  -37.386  -58.600  -12.178 0.1000000015
13489  -36.669  -59.280  -12.194 0.1000000015
11699  -35.552  -61.578  -12.012 0.1000000015
124304  -38.781  -58.473  -12.665 0.1000000015
15119  -38.847  -57.924  -12.287 0.1000000015
12603  -35.704  -60.663  -12.024 0.1000000015
10865  -35.535  -62.437  -11.879 0.1000000015
14318  -40.390  -58.075  -12.603 0.1000000015
14317  -39.483  -58.317  -12.668 0.1000000015
10856  -35.618  -62.823  -11.093 0.2000000030
19481  -42.961  -52.384  -15.812 0.1000000015
18517  -44.434  -53.230  -13.145 0.1000000015
18516  -43.734  -53.292  -12.480 0.1000000015
14319  -41.394  -58.150  -12.719 0.1000000015
127122  -40.398  -59.226  -13.374 0.1000000015
134462  -35.599  -62.337  -10.822 0.1000000015
10823  -35.773  -62.627  -10.360 0.2000000030
19453  -43.640  -52.763  -14.333 0.1000000015
119362  -43.892  -54.442  -12.243 0.1000000015
15903  -43.183  -56.165  -12.423 0.1000000015
13506  -41.106  -59.440  -13.473 0.1000000015
20405  -43.465  -51.578  -17.403 0.1000000015
20406  -44.482  -51.685  -17.962 0.1000000015
20414  -45.080  -50.549  -18.632 0.1000000015
119712  -45.688  -51.281  -18.801 0.1000000015
21376  -46.398  -49.808  -19.491 0.1000000015
20425  -47.356  -50.570  -20.176 0.1000000015
15891  -38.845  -56.731  -11.504 0.1000000015
15113  -38.485  -57.392  -11.716 0.1000000015
14311  -37.963  -57.937  -11.945 0.1000000015
15892  -39.702  -56.490  -11.657 0.1000000015
14316  -38.219  -58.361  -12.412 0.1000000015
12604  -36.169  -59.947  -12.193 0.1000000015
15114  -39.324  -57.293  -11.916 0.1000000015
14309  -36.469  -58.685  -11.440 0.1000000015
11696  -35.522  -61.206  -11.304 0.1000000015
15902  -41.683  -56.598  -12.289 0.1000000015
15115  -40.235  -57.231  -12.147 0.1000000015
13482  -35.670  -59.772  -11.128 0.1000000015
20381  -42.209  -51.991  -16.104 0.1000000015
19468  -42.533  -52.429  -15.170 0.1000000015
115489  -42.960  -52.635  -14.286 0.1000000015
126659  -43.554  -52.859  -13.379 0.1000000015
19416  -42.970  -52.858  -12.460 0.1000000015
17546  -42.951  -54.692  -12.092 0.1000000015
16691  -42.502  -55.747  -12.265 0.1000000015
129631  -41.674  -55.747  -12.025 0.1000000015
15901  -40.910  -56.811  -12.171 0.1000000015
12597  -35.584  -60.433  -11.250 0.1000000015
134073  -35.532  -62.025  -11.282 0.1000000015
20404  -42.473  -51.399  -17.083 0.1000000015
17547  -43.327  -53.762  -11.947 0.1000000015
16692  -43.489  -55.372  -12.349 0.1000000015
15121  -41.996  -57.470  -12.543 0.1000000015
134070  -35.933  -62.198  -9.545 0.1000000015
21363  -42.552  -50.375  -17.566 0.1000000015
20413  -43.931  -50.867  -18.146 0.1000000015
22323  -44.439  -49.156  -18.372 0.1000000015
23223  -45.244  -47.600  -18.469 0.1000000015
22324  -45.819  -48.792  -18.977 0.1000000015
24122  -45.877  -47.062  -19.299 0.1000000015
15887  -38.417  -56.166  -11.176 0.1000000015
15890  -38.040  -56.848  -11.278 0.1000000015
122424  -37.752  -57.441  -11.454 0.1000000015
16678  -38.839  -55.467  -11.156 0.1000000015
14310  -37.181  -57.947  -11.466 0.1000000015
16679  -39.583  -55.569  -11.404 0.1000000015
17533  -39.388  -54.738  -11.156 0.1000000015
15106  -36.464  -57.862  -10.797 0.1000000015
13483  -36.073  -59.466  -11.624 0.1000000015
16680  -41.105  -55.225  -11.688 0.1000000015
127967  -40.353  -55.805  -11.633 0.1000000015
14304  -35.895  -58.597  -10.604 0.1000000015
20394  -41.599  -51.321  -16.560 0.1000000015
17536  -42.448  -54.001  -11.684 0.1000000015
16681  -42.005  -54.897  -11.807 0.1000000015
13472  -35.576  -59.476  -10.400 0.1000000015
12590  -35.515  -60.865  -10.593 0.1000000015
21362  -41.741  -50.785  -17.139 0.1000000015
20380  -41.333  -51.644  -15.825 0.1000000015
19467  -41.723  -52.166  -15.213 0.1000000015
19434  -42.588  -52.639  -13.352 0.1000000015
19415  -42.173  -52.656  -12.436 0.1000000015
17537  -42.749  -53.506  -11.775 0.1000000015
114012  -35.496  -60.367  -10.005 0.1000000015
135919  -41.792  -50.150  -17.384 0.1000000015
23209  -42.912  -48.654  -17.699 0.1000000015
22312  -42.267  -49.506  -17.570 0.1000000015
24109  -43.527  -47.079  -17.625 0.1000000015
23210  -44.157  -48.381  -18.172 0.1000000015
129658  -44.412  -47.767  -18.137 0.1000000015
24121  -45.702  -46.822  -18.786 0.1000000015
24110  -44.675  -47.226  -18.123 0.1000000015
18485  -40.007  -53.068  -10.999 0.1000000015
17530  -39.356  -53.715  -10.900 0.1000000015
127724  -38.551  -54.652  -10.815 0.1000000015
15886  -37.657  -56.292  -10.832 0.1000000015
116745  -40.340  -52.734  -11.400 0.1000000015
15107  -37.196  -57.133  -10.887 0.1000000015
19414  -41.396  -52.556  -12.284 0.1000000015
19404  -41.115  -52.776  -11.617 0.1000000015
18486  -40.792  -53.150  -11.297 0.1000000015
117351  -40.250  -54.757  -11.398 0.1000000015
22310  -40.672  -49.692  -17.105 0.1000000015
20393  -40.862  -51.116  -16.241 0.1000000015
19451  -41.276  -52.200  -14.441 0.1000000015
135781  -42.483  -52.850  -11.935 0.1000000015
18488  -42.216  -53.257  -11.641 0.1000000015
14294  -35.550  -58.713  -9.658 0.1000000015
23207  -40.931  -48.936  -17.344 0.1000000015
122513  -35.532  -60.165  -10.689 0.1000000015
12576  -35.606  -61.240  -9.773 0.1000000015
120880  -41.414  -48.132  -17.459 0.1000000015
24108  -42.011  -47.263  -17.490 0.1000000015
123518  -42.789  -46.590  -17.495 0.1000000015
25035  -43.870  -46.132  -17.542 0.1000000015
119663  -43.931  -45.261  -17.455 0.1000000015
118792  -43.905  -44.513  -17.403 0.1000000015
25036  -44.789  -45.616  -17.892 0.1000000015
16676  -38.098  -55.550  -10.840 0.1000000015
16675  -37.320  -55.619  -10.543 0.1000000015
15885  -36.845  -56.345  -10.446 0.1000000015
21344  -39.750  -50.068  -16.200 0.1000000015
20365  -40.489  -51.741  -14.643 0.1000000015
20356  -40.152  -51.891  -13.893 0.1000000015
23206  -40.335  -48.171  -17.288 0.1000000015
23191  -40.123  -49.069  -17.043 0.1000000015
22293  -40.087  -49.700  -16.688 0.1000000015
20379  -40.615  -51.399  -15.528 0.1000000015
19433  -41.607  -52.458  -13.369 0.1000000015
15094  -35.863  -57.817  -10.079 0.1000000015
135488  -40.976  -47.551  -17.415 0.1000000015
25033  -41.270  -46.077  -17.440 0.1000000015
122133  -41.926  -46.547  -17.472 0.1000000015
26825  -41.837  -44.397  -17.347 0.1000000015
25915  -42.836  -44.911  -17.396 0.1000000015
27757  -42.075  -43.596  -17.184 0.1000000015
26826  -42.974  -44.150  -17.304 0.1000000015
118519  -43.768  -43.986  -17.340 0.1000000015
19403  -39.583  -52.678  -11.197 0.1000000015
116327  -38.507  -53.807  -10.678 0.1000000015
17529  -37.823  -54.256  -10.548 0.1000000015
128595  -37.778  -55.003  -10.620 0.1000000015
18476  -37.042  -53.826  -10.296 0.1000000015
19412  -39.749  -52.362  -11.858 0.1000000015
19413  -40.545  -52.438  -12.176 0.1000000015
24106  -40.196  -47.250  -17.334 0.1000000015
25022  -39.496  -46.837  -17.162 0.1000000015
25913  -40.456  -45.473  -17.390 0.1000000015
27756  -41.006  -43.781  -17.226 0.1000000015
27758  -43.196  -43.459  -17.186 0.1000000015
28696  -43.673  -42.019  -16.998 0.1000000015
18478  -38.751  -53.118  -10.719 0.1000000015
18477  -37.950  -53.398  -10.558 0.1000000015
20338  -39.180  -51.950  -12.507 0.1000000015
23190  -39.574  -48.490  -16.856 0.1000000015
22292  -39.398  -49.225  -16.440 0.1000000015
21329  -39.479  -50.473  -15.537 0.1000000015
20364  -39.904  -51.171  -15.195 0.1000000015
20355  -39.535  -51.767  -13.413 0.1000000015
25912  -39.463  -45.610  -17.241 0.1000000015
27741  -41.277  -42.945  -16.944 0.1000000015
27742  -42.367  -42.824  -16.949 0.1000000015
29601  -42.971  -41.463  -16.794 0.1000000015
29611  -43.729  -41.227  -17.124 0.1000000015
19402  -38.893  -52.203  -11.657 0.1000000015
20363  -38.906  -51.189  -14.043 0.1000000015
20354  -38.661  -51.442  -13.190 0.1000000015
20337  -38.414  -51.654  -12.368 0.1000000015
25021  -38.689  -46.631  -16.765 0.1000000015
23189  -38.714  -48.345  -16.360 0.1000000015
22281  -39.074  -49.732  -15.800 0.1000000015
21328  -38.751  -50.163  -15.186 0.1000000015
21317  -38.458  -50.517  -14.477 0.1000000015
25031  -39.243  -46.239  -17.138 0.1000000015
28694  -41.644  -42.147  -16.699 0.1000000015
29600  -42.094  -41.395  -16.627 0.1000000015
31447  -42.416  -39.830  -16.995 0.1000000015
30500  -42.589  -40.679  -16.790 0.1000000015
21316  -37.734  -50.190  -14.164 0.1000000015
22291  -38.705  -49.090  -15.994 0.1000000015
22280  -38.395  -49.432  -15.455 0.1000000015
22269  -38.059  -49.826  -14.838 0.1000000015
26822  -38.859  -45.006  -17.050 0.1000000015
27740  -40.312  -43.152  -16.895 0.1000000015
28693  -40.545  -42.243  -16.624 0.1000000015
30499  -41.616  -40.682  -16.552 0.1000000015
31446  -41.654  -39.360  -16.807 0.1000000015
25911  -38.703  -45.775  -16.914 0.1000000015
26823  -39.716  -44.820  -17.271 0.1000000015
28692  -39.710  -42.649  -16.612 0.1000000015
29599  -41.106  -41.412  -16.530 0.1000000015
132745  -41.217  -39.981  -16.513 0.1000000015
32334  -41.137  -38.586  -16.791 0.1000000015
31445  -40.841  -39.252  -16.509 0.1000000015
27738  -38.614  -43.632  -16.614 0.1000000015
124094  -39.775  -42.031  -16.472 0.1000000015
30498  -40.745  -40.657  -16.424 0.1000000015
30497  -40.023  -40.557  -16.308 0.1000000015
6678  -36.794  -69.379  -17.620 0.1000000015
7363  -37.058  -67.895  -18.510 0.1000000015
7381  -36.857  -67.304  -19.120 0.1000000015
8046  -36.623  -67.382  -19.944 0.1000000015
131836  -38.002  -65.783  -18.377 0.1000000015
7990  -37.194  -66.262  -16.308 0.1000000015
7330  -37.295  -67.642  -16.871 0.1000000015
8035  -38.119  -66.210  -17.757 0.1000000015
8702  -38.627  -65.540  -17.331 0.1000000015
11844  -42.470  -61.255  -20.198 0.1000000015
10964  -41.337  -61.937  -18.796 0.1000000015
10985  -41.768  -61.572  -19.778 0.1000000015
8664  -35.849  -65.216  -14.935 0.1000000015
9393  -36.688  -64.823  -15.579 0.1000000015
9408  -38.271  -64.980  -16.404 0.1000000015
17549  -45.812  -54.304  -12.573 0.1000000015
124680  -45.735  -56.916  -12.463 0.1000000015
11717  -44.568  -61.259  -13.928 0.1000000015
11738  -45.937  -60.798  -14.260 0.1000000015
10913  -42.949  -61.889  -15.253 0.1000000015
11781  -43.380  -61.352  -16.295 0.1000000015
10898  -43.154  -61.717  -14.657 0.1000000015
126273  -41.540  -62.744  -15.845 0.1000000015
10944  -41.447  -62.225  -17.680 0.1000000015
10927  -41.560  -62.519  -16.698 0.1000000015
10146  -41.030  -62.836  -17.096 0.1000000015
10156  -39.502  -63.832  -18.256 0.1000000015
117999  -36.570  -62.514  -14.488 0.1000000015
10097  -35.608  -63.735  -13.914 0.2000000030
9347  -35.538  -64.165  -13.087 0.2000000030
10124  -38.872  -63.399  -15.652 0.1000000015
9397  -39.980  -63.995  -16.158 0.1000000015
130073  -45.279  -57.699  -12.585 0.1000000015
14342  -43.906  -59.383  -13.355 0.1000000015
130532  -43.297  -61.526  -14.335 0.1000000015
11734  -41.603  -61.958  -14.636 0.1000000015
10144  -39.879  -64.050  -17.414 0.1000000015
11731  -37.811  -61.334  -14.414 0.1000000015
19472  -46.174  -53.140  -15.613 0.1000000015
14341  -42.783  -59.192  -13.337 0.1000000015
128509  -42.688  -60.062  -13.611 0.1000000015
119983  -42.310  -60.576  -13.851 0.1000000015
12643  -41.164  -61.104  -14.333 0.1000000015
131112  -40.396  -63.558  -15.848 0.1000000015
19486  -47.562  -53.096  -16.925 0.1000000015
13490  -37.335  -59.260  -12.656 0.1000000015
12612  -37.362  -60.313  -13.477 0.1000000015
12614  -39.060  -60.115  -13.846 0.1000000015
131260  -35.762  -63.545  -11.091 0.2000000030
12641  -39.541  -60.833  -14.344 0.1000000015
12615  -40.458  -59.869  -13.697 0.1000000015
128206  -39.830  -60.167  -13.894 0.1000000015
127347  -42.601  -56.739  -12.446 0.1000000015
14340  -41.727  -58.861  -13.201 0.1000000015
14339  -40.828  -58.721  -13.094 0.1000000015
11684  -35.566  -61.797  -10.519 0.1000000015
22325  -46.617  -48.701  -19.771 0.1000000015
15893  -40.468  -56.541  -11.890 0.1000000015
22313  -43.259  -49.359  -17.865 0.1000000015
127785  -46.258  -48.062  -19.573 0.1000000015
17535  -41.332  -53.974  -11.480 0.1000000015
17534  -40.264  -53.754  -11.209 0.1000000015
26827  -44.362  -44.109  -17.648 0.1000000015
118663  -39.684  -51.453  -14.374 0.1000000015
16594  -50.410  -55.153  -2.206 0.5000000000
11585  -45.464  -62.288  -3.071 0.5000000000
10750  -45.735  -62.815  -2.211 0.5000000000
17445  -50.816  -54.335  -1.742 0.5000000000
15803  -50.000  -55.773  -2.661 0.5000000000
136948  -49.834  -56.180  -2.742 0.5000000000
11586  -46.008  -61.976  -2.784 0.5000000000
18391  -51.281  -53.053  -1.902 0.5000000000
17464  -51.328  -53.439  -1.513 0.5000000000
11598  -46.315  -61.017  -3.604 0.5000000000
17463  -50.772  -54.291  -2.031 0.5000000000
17462  -50.224  -54.542  -2.481 0.5000000000
17470  -49.493  -55.092  -3.023 0.4000000060
119515  -44.723  -61.962  -6.641 0.5000000000
130193  -44.400  -62.643  -7.342 0.5000000000
11625  -45.306  -61.720  -7.438 0.5000000000
10801  -45.107  -62.129  -8.096 0.5000000000
115542  -44.018  -60.199  -7.722 0.5000000000
12564  -44.725  -61.077  -8.277 0.5000000000
13427  -43.036  -59.741  -7.305 0.4000000060
14259  -42.372  -58.480  -6.751 0.4000000060
10708  -44.820  -63.328  -0.255 0.1000000015
10728  -45.936  -63.316  -1.222 0.5000000000
15796  -50.108  -55.792  -2.372 0.5000000000
15795  -49.599  -56.657  -2.963 0.4000000060
11587  -46.656  -61.602  -2.418 0.5000000000
18392  -51.841  -52.603  -1.415 0.5000000000
19305  -52.292  -51.916  -1.522 0.5000000000
21138  -53.064  -50.738  -1.856 0.5000000000
20216  -52.620  -51.317  -1.735 0.5000000000
19304  -51.768  -52.309  -1.821 0.5000000000
21137  -52.864  -50.859  -2.149 0.4000000060
18390  -50.469  -53.692  -2.284 0.4000000060
16612  -49.112  -56.456  -4.035 0.6999999881
15812  -49.182  -56.951  -4.109 0.5000000000
20238  -52.154  -51.554  -2.144 0.3000000119
20215  -51.278  -51.800  -2.345 0.3000000119
19303  -50.613  -52.525  -2.287 0.3000000119
116782  -49.409  -53.978  -2.529 0.4000000060
16600  -48.791  -55.670  -3.709 0.5000000000
15811  -48.694  -56.796  -4.610 0.6000000238
15052  -48.660  -57.613  -4.590 0.6000000238
13392  -48.035  -58.834  -3.829 0.6000000238
11597  -45.525  -61.572  -3.827 0.5000000000
10782  -44.197  -61.922  -5.415 0.3000000119
19302  -49.238  -52.972  -2.380 0.3000000119
17469  -48.162  -54.808  -3.162 0.4000000060
16611  -48.269  -56.129  -4.327 0.5000000000
15051  -48.403  -57.583  -5.330 0.6000000238
13431  -47.403  -59.022  -6.849 0.6000000238
12525  -46.150  -60.586  -5.866 0.5000000000
12539  -45.951  -60.988  -6.998 0.5000000000
18389  -48.501  -53.501  -2.495 0.4000000060
16599  -47.462  -55.302  -3.670 0.5000000000
15810  -47.754  -56.499  -4.954 0.5000000000
14271  -47.372  -58.383  -6.838 0.5000000000
13430  -46.782  -59.707  -7.237 0.5000000000
132878  -45.847  -60.879  -7.734 0.5000000000
20213  -48.530  -52.361  -2.576 0.4000000060
126321  -47.676  -53.563  -2.583 0.4000000060
16598  -46.519  -54.604  -3.401 0.5000000000
15822  -46.557  -56.227  -5.043 0.5000000000
15060  -46.001  -57.478  -6.975 0.4000000060
14270  -46.681  -58.900  -7.380 0.5000000000
13428  -45.193  -59.393  -7.662 0.5000000000
18405  -46.798  -53.805  -2.812 0.4000000060
134461  -46.462  -55.271  -3.884 0.5000000000
125023  -46.058  -56.475  -5.764 0.5000000000
15832  -45.517  -56.746  -6.412 0.4000000060
14268  -44.569  -58.641  -7.454 0.4000000060
131846  -44.505  -59.514  -7.619 0.5000000000
16609  -45.019  -55.311  -4.656 0.5000000000
16624  -44.228  -55.884  -5.962 0.4000000060
15058  -43.361  -57.515  -6.998 0.4000000060
14266  -43.005  -58.816  -7.124 0.4000000060
123975  -44.634  -55.636  -5.387 0.3000000119
16631  -43.684  -56.270  -6.379 0.4000000060
15830  -43.092  -56.789  -6.659 0.3000000119
15829  -42.290  -56.643  -6.477 0.3000000119
15056  -41.646  -57.197  -6.424 0.3000000119
11564  -44.574  -61.558  -1.566 0.1000000015
11549  -44.219  -62.453  -1.086 0.1000000015
12450  -45.608  -61.440  -0.681 0.1000000015
11550  -45.181  -62.465  -0.419 0.1000000015
11535  -46.769  -62.342  0.586 0.4000000060
10695  -46.574  -62.235  0.382 0.4000000060
10709  -45.850  -63.269  -0.276 0.4000000060
10729  -46.468  -62.871  -0.709 0.5000000000
11551  -46.932  -62.392  -0.218 0.4000000060
11566  -46.919  -62.123  -1.342 0.5000000000
11565  -46.349  -62.544  -1.807 0.5000000000
17423  -51.330  -53.660  -1.293 0.5000000000
17422  -50.763  -54.526  -1.451 0.5000000000
16575  -50.484  -55.239  -1.948 0.5000000000
131703  -49.795  -56.365  -2.495 0.4000000060
133663  -47.616  -60.711  -1.780 0.5000000000
12470  -47.267  -61.196  -2.016 0.5000000000
19289  -52.251  -52.201  -1.181 0.5000000000
18373  -51.794  -52.875  -1.172 0.5000000000
20190  -52.789  -51.016  -0.967 0.5000000000
20198  -52.618  -51.424  -1.355 0.5000000000
117689  -48.549  -58.350  -3.028 0.6000000238
125976  -53.259  -50.365  -2.346 0.2000000030
120201  -53.476  -49.946  -2.640 0.2000000030
20214  -50.347  -51.687  -2.637 0.3000000119
21153  -53.014  -50.352  -2.833 0.3000000119
20237  -51.343  -51.203  -2.793 0.3000000119
113864  -51.909  -50.614  -3.431 0.3000000119
21151  -50.901  -50.785  -3.566 0.4000000060
132730  -49.487  -51.563  -2.932 0.4000000060
20236  -50.202  -51.141  -3.291 0.3000000119
20235  -48.506  -51.685  -2.985 0.4000000060
19300  -47.032  -52.841  -2.643 0.4000000060
114192  -45.814  -53.881  -3.267 0.4000000060
20211  -47.000  -52.107  -2.938 0.3000000119
18404  -45.234  -53.212  -3.262 0.3000000119
17481  -45.552  -54.782  -3.867 0.4000000060
123176  -44.530  -54.607  -4.310 0.3000000119
133037  -43.467  -55.659  -5.914 0.4000000060
16630  -42.859  -56.061  -6.311 0.3000000119
18403  -44.400  -53.271  -3.531 0.2000000030
18402  -43.414  -53.158  -3.769 0.2000000030
17488  -42.824  -54.674  -5.092 0.3000000119
16629  -42.032  -55.951  -6.224 0.3000000119
19317  -43.440  -52.382  -3.567 0.1000000015
17479  -42.313  -54.172  -4.794 0.2000000030
16622  -42.615  -55.352  -5.729 0.4000000060
22148  -42.128  -49.893  -5.055 0.1000000015
12451  -46.456  -60.774  -0.243 0.1000000015
12435  -46.506  -61.873  0.230 0.1000000015
13323  -47.178  -60.726  0.270 0.2000000030
116143  -47.256  -61.327  0.193 0.5000000000
11552  -47.147  -61.910  0.148 0.4000000060
11567  -47.448  -61.568  -0.903 0.4000000060
18353  -51.064  -54.007  -0.908 0.5000000000
16554  -50.313  -55.477  -1.525 0.4000000060
15767  -49.838  -56.313  -1.533 0.4000000060
15013  -49.320  -57.417  -1.891 0.4000000060
13344  -48.437  -59.371  -1.588 0.5000000000
12472  -48.151  -59.880  -1.626 0.5000000000
19273  -52.069  -52.498  -0.962 0.5000000000
18354  -51.649  -53.167  -0.977 0.4000000060
13363  -48.347  -59.169  -2.332 0.4000000060
22080  -53.348  -49.892  -1.472 0.4000000060
133007  -52.802  -50.728  -0.922 0.4000000060
19274  -52.465  -51.816  -0.963 0.5000000000
22102  -53.491  -49.356  -1.877 0.4000000060
21118  -53.338  -50.248  -1.656 0.5000000000
22103  -53.554  -49.698  -1.894 0.4000000060
22998  -53.577  -48.784  -2.325 0.3000000119
22124  -53.712  -49.256  -2.255 0.3000000119
22140  -53.733  -49.392  -2.621 0.3000000119
22154  -53.961  -49.096  -3.007 0.2000000030
129057  -53.848  -49.153  -3.575 0.1000000015
21179  -53.497  -49.682  -3.274 0.3000000119
21180  -53.483  -49.524  -3.996 0.1000000015
21178  -52.782  -50.195  -3.828 0.3000000119
21177  -51.022  -50.558  -4.183 0.3000000119
115423  -51.728  -50.422  -4.570 0.2000000030
21176  -50.000  -50.673  -4.307 0.2000000030
20263  -48.128  -51.134  -3.970 0.2000000030
20233  -46.624  -51.698  -3.410 0.2000000030
114719  -48.812  -50.714  -4.668 0.2000000030
20262  -47.108  -51.111  -4.219 0.2000000030
20232  -45.770  -51.824  -3.407 0.2000000030
21175  -47.847  -50.693  -4.892 0.2000000030
133892  -46.478  -50.812  -4.689 0.1000000015
20231  -44.810  -51.942  -3.398 0.2000000030
19318  -44.134  -52.532  -3.448 0.2000000030
21196  -46.273  -50.561  -5.468 0.1000000015
21172  -44.937  -50.800  -4.564 0.1000000015
20229  -43.062  -51.830  -3.629 0.1000000015
19316  -42.718  -52.547  -3.774 0.1000000015
124708  -44.715  -50.465  -5.198 0.1000000015
21171  -44.064  -50.663  -4.610 0.1000000015
20257  -42.673  -51.199  -3.961 0.1000000015
21193  -43.580  -50.278  -5.114 0.1000000015
21192  -42.926  -50.092  -5.118 0.1000000015
22167  -42.793  -49.462  -5.787 0.1000000015
137453  -42.616  -48.631  -6.575 0.1000000015
13343  -46.837  -59.784  -0.215 0.3000000119
13324  -47.640  -60.405  0.255 0.3000000119
14971  -47.370  -57.466  0.318 0.3000000119
14154  -48.154  -59.299  0.274 0.3000000119
12437  -47.863  -60.529  -0.039 0.3000000119
12452  -47.590  -61.108  -0.297 0.4000000060
125108  -48.171  -56.489  0.442 0.3000000119
14973  -48.528  -57.952  0.260 0.3000000119
14174  -48.735  -58.726  -0.749 0.5000000000
13325  -48.392  -59.645  -0.601 0.5000000000
18335  -49.450  -53.442  -0.185 0.4000000060
125000  -49.292  -55.323  -0.243 0.5000000000
15750  -49.408  -56.725  -0.688 0.4000000060
14996  -49.457  -57.114  -1.402 0.4000000060
14196  -48.707  -58.663  -1.559 0.5000000000
22078  -51.947  -49.979  -0.869 0.4000000060
20188  -51.397  -51.169  -0.502 0.4000000060
124155  -52.061  -52.047  -0.710 0.5000000000
19272  -51.649  -52.792  -0.764 0.5000000000
131152  -51.116  -49.266  -2.346 0.4000000060
22122  -52.028  -49.128  -1.901 0.4000000060
22079  -52.842  -50.073  -0.975 0.4000000060
21093  -52.145  -50.544  -0.693 0.5000000000
22123  -52.982  -48.980  -1.805 0.4000000060
22139  -50.681  -49.024  -3.169 0.4000000060
22997  -52.944  -48.458  -2.449 0.3000000119
23012  -52.682  -48.008  -3.201 0.3000000119
23013  -53.524  -48.148  -2.889 0.3000000119
23930  -53.165  -47.698  -3.554 0.3000000119
23931  -53.804  -47.989  -3.268 0.2000000030
23958  -53.684  -47.973  -4.204 0.1000000015
23050  -53.901  -48.581  -4.038 0.1000000015
125868  -53.170  -49.862  -4.385 0.1000000015
21200  -53.076  -50.068  -5.679 0.1000000015
129944  -52.569  -50.235  -5.070 0.1000000015
21199  -50.588  -50.465  -5.112 0.2000000030
21210  -51.429  -50.449  -5.890 0.2000000030
130698  -50.100  -50.505  -6.130 0.2000000030
21198  -48.448  -50.567  -5.569 0.1000000015
21208  -48.960  -50.550  -6.384 0.1000000015
135114  -46.958  -50.524  -5.860 0.1000000015
21207  -47.362  -50.461  -6.471 0.1000000015
21205  -45.752  -50.294  -6.073 0.1000000015
21194  -44.209  -50.190  -5.488 0.1000000015
22175  -46.057  -50.066  -6.725 0.1000000015
22174  -45.263  -49.866  -6.488 0.1000000015
23060  -43.941  -49.151  -6.747 0.1000000015
23070  -44.329  -48.773  -7.343 0.1000000015
23069  -43.546  -48.572  -7.142 0.1000000015
23997  -44.337  -47.588  -8.488 0.1000000015
120443  -43.534  -47.431  -8.218 0.1000000015
24911  -43.068  -46.753  -8.753 0.1000000015
129825  -43.557  -46.240  -10.773 0.1000000015
15766  -46.733  -56.787  -0.008 0.3000000119
15012  -46.547  -57.177  -0.983 0.2000000030
17405  -46.747  -55.236  0.439 0.3000000119
17407  -48.473  -54.744  0.241 0.4000000060
120289  -47.724  -54.201  0.498 0.3000000119
21092  -50.985  -50.347  -0.746 0.3000000119
130016  -49.944  -52.012  -0.293 0.4000000060
124226  -48.572  -53.032  0.248 0.3000000119
22099  -49.658  -49.983  -1.703 0.3000000119
21116  -50.126  -50.207  -1.061 0.3000000119
20168  -49.119  -51.546  0.052 0.4000000060
19256  -49.312  -52.497  -0.042 0.4000000060
119350  -47.732  -52.787  0.588 0.3000000119
22138  -49.399  -49.325  -3.564 0.3000000119
22121  -50.086  -49.541  -2.498 0.3000000119
22153  -49.334  -48.824  -4.382 0.3000000119
23010  -50.270  -48.663  -4.103 0.3000000119
23011  -51.485  -48.299  -3.664 0.3000000119
23029  -52.203  -47.589  -4.063 0.3000000119
23942  -52.534  -47.501  -4.336 0.2000000030
23943  -53.452  -47.705  -3.847 0.1000000015
23957  -52.930  -47.587  -4.548 0.1000000015
23972  -52.467  -47.664  -5.376 0.1000000015
136690  -53.694  -48.410  -4.507 0.1000000015
23062  -52.903  -48.504  -5.926 0.1000000015
126111  -53.681  -48.848  -4.934 0.1000000015
22176  -53.410  -49.415  -5.577 0.1000000015
21211  -51.801  -50.586  -6.975 0.2000000030
121447  -50.660  -50.628  -6.949 0.2000000030
21221  -50.001  -50.825  -7.652 0.1000000015
21220  -48.970  -50.615  -7.395 0.1000000015
21218  -46.820  -50.271  -6.946 0.1000000015
22185  -48.114  -50.367  -7.623 0.1000000015
21219  -47.509  -50.373  -7.105 0.1000000015
22183  -46.383  -49.771  -7.336 0.1000000015
22184  -47.211  -50.021  -7.520 0.1000000015
23071  -45.904  -49.158  -7.739 0.1000000015
120565  -45.117  -48.974  -7.539 0.1000000015
23986  -43.940  -48.103  -7.752 0.1000000015
24015  -44.682  -47.156  -9.299 0.1000000015
24016  -45.499  -47.349  -9.471 0.1000000015
24912  -43.888  -46.922  -9.036 0.1000000015
24929  -43.320  -46.485  -9.747 0.1000000015
24930  -44.155  -46.637  -9.976 0.1000000015
25822  -44.091  -46.064  -11.247 0.1000000015
26758  -43.614  -44.856  -11.418 0.1000000015
15779  -45.872  -56.678  -1.806 0.2000000030
17444  -45.352  -54.771  -0.927 0.2000000030
16536  -46.342  -55.273  0.213 0.3000000119
17419  -44.994  -54.149  -0.321 0.2000000030
135697  -50.504  -50.755  -0.534 0.3000000119
20187  -50.043  -51.192  -0.349 0.3000000119
18333  -47.171  -53.545  0.710 0.3000000119
21136  -48.602  -50.172  -1.806 0.3000000119
21115  -49.175  -50.319  -1.013 0.3000000119
21067  -48.919  -50.895  -0.052 0.3000000119
20167  -48.251  -51.248  0.382 0.3000000119
19255  -48.435  -52.120  0.378 0.3000000119
131353  -48.173  -49.551  -3.441 0.3000000119
135983  -47.642  -49.705  -3.087 0.3000000119
21066  -48.015  -50.790  0.187 0.3000000119
19254  -47.574  -51.862  0.707 0.2000000030
19253  -46.781  -52.638  1.002 0.2000000030
22151  -47.605  -49.248  -4.205 0.2000000030
23025  -47.943  -48.750  -4.840 0.3000000119
23026  -48.852  -48.490  -4.915 0.3000000119
23027  -49.887  -48.136  -4.849 0.3000000119
23028  -51.049  -47.734  -4.517 0.3000000119
23940  -50.550  -47.040  -5.315 0.2000000030
128966  -51.087  -46.857  -5.459 0.1000000015
23971  -51.528  -47.241  -5.773 0.1000000015
23988  -51.287  -48.071  -6.817 0.1000000015
23987  -50.419  -47.619  -7.290 0.1000000015
24000  -49.602  -47.308  -8.870 0.1000000015
23061  -52.204  -48.270  -6.338 0.1000000015
23073  -52.316  -48.887  -7.372 0.1000000015
23072  -51.197  -48.671  -7.945 0.1000000015
24019  -50.525  -48.000  -9.462 0.1000000015
24933  -49.997  -47.133  -9.834 0.1000000015
25825  -51.459  -46.100  -11.081 0.1000000015
133247  -53.226  -49.541  -7.166 0.1000000015
22186  -53.072  -49.509  -7.807 0.1000000015
22200  -52.639  -49.337  -8.568 0.1000000015
23087  -51.347  -48.784  -9.032 0.1000000015
24038  -52.117  -48.116  -10.707 0.1000000015
24953  -51.568  -47.262  -10.945 0.1000000015
21213  -53.239  -49.993  -6.271 0.1000000015
21225  -53.302  -50.093  -7.606 0.1000000015
21212  -52.914  -50.361  -7.043 0.1000000015
126505  -52.203  -50.710  -7.748 0.2000000030
21222  -51.144  -50.943  -7.833 0.1000000015
136344  -48.760  -50.548  -7.872 0.1000000015
22198  -48.684  -50.268  -8.301 0.1000000015
22197  -47.729  -49.797  -8.156 0.1000000015
122880  -46.171  -48.695  -8.301 0.1000000015
23083  -45.498  -48.504  -8.175 0.1000000015
23999  -46.039  -48.029  -8.855 0.1000000015
23998  -45.148  -47.780  -8.688 0.1000000015
24032  -45.770  -46.976  -10.267 0.1000000015
24948  -45.233  -46.541  -10.933 0.1000000015
24958  -44.789  -46.110  -11.312 0.1000000015
128227  -43.546  -52.203  1.352 0.2000000030
18351  -45.312  -53.922  0.449 0.2000000030
17404  -46.059  -54.379  0.564 0.3000000119
116025  -46.808  -54.396  0.636 0.3000000119
19231  -43.134  -51.654  1.853 0.2000000030
19252  -44.263  -52.559  1.248 0.2000000030
18331  -45.528  -53.483  0.940 0.2000000030
18332  -46.267  -53.617  0.914 0.3000000119
21135  -47.667  -50.261  -1.878 0.3000000119
21113  -47.282  -50.431  -1.053 0.3000000119
21089  -47.707  -50.553  -0.239 0.3000000119
21065  -47.210  -50.707  0.366 0.3000000119
22118  -47.163  -49.897  -2.729 0.3000000119
21134  -46.793  -50.280  -1.897 0.3000000119
21088  -46.762  -50.492  -0.224 0.3000000119
20166  -47.436  -51.030  0.663 0.3000000119
23009  -45.251  -48.841  -4.514 0.2000000030
22136  -46.512  -49.596  -3.385 0.3000000119
19236  -46.783  -51.520  1.060 0.2000000030
19235  -46.180  -52.048  1.330 0.2000000030
23023  -46.203  -48.879  -4.686 0.2000000030
23024  -47.081  -48.842  -4.765 0.2000000030
23045  -46.634  -48.299  -5.370 0.2000000030
133567  -47.480  -48.391  -5.251 0.3000000119
23048  -49.338  -47.562  -5.389 0.3000000119
23047  -48.291  -48.077  -5.397 0.3000000119
23953  -48.684  -46.978  -5.840 0.2000000030
23954  -49.829  -46.450  -5.750 0.2000000030
24879  -50.319  -46.247  -5.962 0.1000000015
22201  -53.250  -49.761  -8.807 0.1000000015
22216  -53.214  -49.506  -9.579 0.1000000015
23105  -53.124  -49.107  -9.895 0.1000000015
23123  -53.061  -48.798  -10.320 0.1000000015
21238  -53.394  -50.125  -8.795 0.1000000015
120971  -53.392  -49.759  -9.606 0.1000000015
23106  -53.414  -49.416  -10.236 0.1000000015
21224  -52.886  -50.560  -8.293 0.1000000015
21237  -53.080  -50.557  -9.193 0.1000000015
21259  -53.181  -50.465  -9.823 0.1000000015
21275  -53.453  -50.141  -10.240 0.1000000015
21223  -51.981  -50.914  -8.293 0.1000000015
21257  -51.678  -50.531  -9.993 0.1000000015
21256  -50.565  -50.369  -9.511 0.1000000015
21235  -51.300  -50.982  -8.553 0.1000000015
21234  -50.337  -50.901  -8.294 0.1000000015
22199  -49.730  -50.473  -8.764 0.1000000015
22215  -49.699  -49.886  -9.397 0.1000000015
23085  -47.490  -48.868  -8.779 0.1000000015
23084  -46.665  -48.578  -8.652 0.1000000015
115811  -40.882  -50.904  2.131 0.3000000119
21043  -43.166  -50.606  2.030 0.3000000119
20132  -43.479  -50.905  2.194 0.3000000119
20140  -44.137  -51.143  2.029 0.2000000030
19233  -44.636  -51.910  1.718 0.2000000030
18318  -45.837  -52.839  1.274 0.2000000030
21044  -43.885  -50.723  1.869 0.3000000119
115031  -44.662  -50.780  1.576 0.3000000119
20141  -45.046  -51.260  1.680 0.3000000119
22117  -46.265  -49.941  -2.616 0.3000000119
21111  -45.148  -50.278  -1.238 0.3000000119
21064  -45.128  -50.500  0.766 0.3000000119
21045  -45.389  -50.811  1.348 0.3000000119
23008  -44.393  -48.906  -4.113 0.2000000030
133136  -45.561  -49.884  -2.543 0.3000000119
22115  -44.152  -49.606  -2.403 0.3000000119
136074  -45.083  -48.479  -5.005 0.2000000030
23044  -45.656  -48.453  -5.156 0.2000000030
23951  -46.714  -47.494  -5.984 0.3000000119
23952  -47.664  -46.919  -6.185 0.2000000030
22228  -50.030  -49.520  -10.018 0.1000000015
23102  -49.206  -49.166  -9.701 0.1000000015
23101  -48.369  -48.931  -9.300 0.1000000015
21061  -39.273  -50.421  1.604 0.1000000015
21040  -39.717  -49.955  2.225 0.2000000030
21041  -40.488  -50.226  2.305 0.3000000119
20129  -41.209  -50.510  2.312 0.3000000119
22036  -40.991  -49.768  2.078 0.3000000119
21062  -42.777  -50.140  1.305 0.3000000119
22077  -44.076  -50.042  -0.900 0.3000000119
22076  -43.417  -49.860  -0.537 0.3000000119
22133  -43.634  -49.293  -3.036 0.3000000119
123623  -43.075  -49.379  -2.317 0.3000000119
22097  -43.692  -49.732  -1.517 0.3000000119
127531  -43.144  -48.629  -3.851 0.2000000030
23939  -43.853  -48.086  -4.994 0.2000000030
136890  -44.292  -47.951  -5.300 0.1000000015
23950  -45.830  -47.849  -5.720 0.2000000030
24863  -43.984  -47.044  -6.005 0.1000000015
121783  -45.181  -47.502  -5.937 0.2000000030
23969  -45.869  -47.046  -6.294 0.2000000030
23968  -44.769  -46.866  -6.297 0.2000000030
22058  -40.313  -49.460  1.522 0.3000000119
22059  -41.254  -49.560  1.040 0.3000000119
22074  -41.513  -49.424  -0.294 0.3000000119
22075  -42.457  -49.568  -0.689 0.3000000119
22994  -42.406  -48.927  -2.878 0.3000000119
22096  -42.501  -49.411  -1.661 0.3000000119
115710  -43.022  -49.584  -1.368 0.3000000119
23005  -41.824  -48.503  -3.305 0.2000000030
23929  -42.009  -48.119  -4.089 0.2000000030
23937  -41.499  -47.483  -4.467 0.1000000015
117094  -42.429  -46.903  -5.419 0.1000000015
24862  -43.214  -46.778  -5.809 0.1000000015
24872  -43.874  -46.310  -6.382 0.1000000015
22073  -39.751  -49.109  0.754 0.3000000119
22971  -39.070  -48.737  0.182 0.2000000030
114845  -40.618  -49.290  0.195 0.3000000119
22094  -40.841  -49.123  -1.046 0.3000000119
23004  -41.101  -48.495  -2.954 0.2000000030
22983  -41.012  -48.788  -2.064 0.3000000119
22095  -41.747  -49.248  -1.541 0.3000000119
120570  -40.394  -47.624  -3.768 0.2000000030
23922  -40.560  -48.136  -3.265 0.2000000030
24851  -39.599  -46.632  -4.374 0.1000000015
23935  -40.265  -47.061  -4.357 0.1000000015
25743  -38.535  -45.547  -4.556 0.1000000015
25745  -40.216  -46.390  -4.839 0.1000000015
24860  -41.208  -46.210  -5.453 0.1000000015
24861  -41.926  -46.424  -5.560 0.1000000015
25755  -40.370  -45.723  -5.402 0.1000000015
25757  -42.495  -46.281  -5.910 0.1000000015
25760  -42.563  -45.604  -6.342 0.1000000015
22981  -39.316  -48.554  -1.237 0.2000000030
22982  -40.195  -48.683  -1.652 0.2000000030
23921  -39.789  -47.873  -3.117 0.2000000030
23926  -38.927  -47.349  -3.268 0.1000000015
24850  -38.861  -46.297  -4.270 0.1000000015
25744  -39.450  -45.830  -4.867 0.1000000015
26680  -41.131  -45.379  -5.975 0.1000000015
25759  -41.897  -45.073  -6.393 0.1000000015
26672  -38.208  -44.730  -4.801 0.1000000015
25754  -39.561  -45.066  -5.469 0.1000000015
26678  -39.586  -44.265  -5.871 0.1000000015
26682  -40.270  -44.157  -6.255 0.1000000015
27583  -38.053  -43.925  -5.158 0.1000000015
27586  -38.804  -43.482  -5.761 0.1000000015
124383  -49.363  -56.919  -3.536 0.4000000060
15802  -49.658  -56.323  -3.132 0.5000000000
16593  -50.205  -55.085  -2.581 0.5000000000
16601  -49.528  -56.082  -3.475 0.5000000000
16613  -49.384  -56.612  -3.629 0.6000000238
14229  -48.917  -57.700  -3.114 0.5000000000
15026  -49.472  -57.070  -2.558 0.4000000060
14217  -49.110  -57.560  -2.740 0.4000000060
15042  -48.995  -57.287  -4.052 0.5000000000
12493  -47.062  -60.633  -2.972 0.5000000000
15035  -49.060  -57.394  -3.589 0.6000000238
12508  -46.385  -60.460  -4.699 0.5000000000
11611  -44.986  -61.453  -5.112 0.3000000119
113734  -44.014  -62.493  -6.538 0.5000000000
12510  -47.555  -59.677  -3.411 0.5000000000
9973  -43.770  -63.523  -2.792 0.5000000000
12509  -46.934  -60.100  -4.004 0.5000000000
11612  -45.469  -61.245  -6.236 0.4000000060
120943  -45.368  -61.093  -8.189 0.5000000000
118184  -43.765  -59.177  -7.415 0.4000000060
118696  -43.290  -60.557  -7.630 0.4000000060
14267  -43.614  -58.278  -7.260 0.4000000060
15057  -42.458  -57.538  -6.701 0.3000000119
11534  -46.170  -62.610  0.152 0.2000000030
15782  -50.047  -56.121  -1.962 0.5000000000
121339  -49.330  -57.195  -3.137 0.4000000060
17461  -48.428  -54.196  -2.679 0.3000000119
15824  -48.758  -57.261  -4.616 0.6000000238
21152  -52.431  -50.876  -2.535 0.3000000119
128260  -49.394  -52.077  -2.555 0.4000000060
15823  -48.248  -57.072  -5.287 0.6000000238
14262  -48.429  -57.991  -5.367 0.6000000238
126403  -48.008  -58.733  -4.551 0.6000000238
14237  -48.734  -57.736  -4.027 0.6000000238
13382  -48.481  -58.304  -3.612 0.6000000238
12527  -47.539  -59.348  -4.374 0.5000000000
125340  -45.741  -60.949  -4.853 0.5000000000
17460  -47.614  -54.190  -2.779 0.4000000060
16610  -47.062  -55.847  -4.387 0.5000000000
15062  -48.025  -57.950  -6.196 0.6000000238
15834  -47.734  -57.392  -6.019 0.5000000000
13417  -47.179  -59.465  -6.365 0.5000000000
13403  -47.620  -59.111  -5.319 0.5000000000
12540  -46.581  -60.216  -6.724 0.5000000000
12526  -46.898  -59.847  -5.347 0.5000000000
19301  -48.052  -52.890  -2.478 0.4000000060
15833  -46.634  -57.062  -6.329 0.5000000000
134046  -46.043  -58.182  -7.365 0.4000000060
15061  -47.160  -57.729  -6.696 0.5000000000
13429  -46.031  -59.807  -7.740 0.5000000000
20212  -47.722  -52.223  -2.724 0.3000000119
119509  -45.986  -55.576  -4.478 0.5000000000
16625  -45.515  -55.909  -5.201 0.5000000000
127119  -45.200  -57.911  -7.318 0.4000000060
14269  -45.645  -58.781  -7.532 0.5000000000
15821  -45.060  -56.163  -5.870 0.4000000060
15065  -44.234  -57.676  -7.210 0.4000000060
15831  -44.542  -56.485  -6.415 0.4000000060
16608  -44.173  -55.149  -4.967 0.4000000060
113860  -43.950  -56.933  -6.821 0.4000000060
17421  -50.355  -54.866  -0.813 0.5000000000
15781  -49.691  -56.692  -2.069 0.4000000060
12494  -47.597  -60.221  -2.547 0.5000000000
20189  -52.482  -51.308  -0.799 0.5000000000
14216  -48.688  -58.320  -2.411 0.5000000000
21139  -53.555  -49.956  -2.190 0.3000000119
20264  -49.155  -51.147  -3.712 0.3000000119
20234  -47.485  -51.635  -3.313 0.3000000119
18388  -46.065  -53.076  -2.852 0.3000000119
19320  -46.320  -52.332  -3.024 0.3000000119
19319  -45.511  -52.468  -3.195 0.3000000119
17468  -44.890  -53.961  -3.639 0.3000000119
17480  -43.974  -53.933  -4.031 0.3000000119
131832  -44.824  -52.660  -3.322 0.2000000030
16607  -43.642  -54.594  -4.700 0.3000000119
114870  -43.063  -53.987  -4.455 0.3000000119
17487  -42.001  -54.708  -5.331 0.2000000030
20230  -43.882  -51.840  -3.535 0.2000000030
18422  -42.326  -53.358  -4.319 0.2000000030
21169  -42.376  -50.538  -4.511 0.1000000015
22168  -43.582  -49.815  -5.672 0.1000000015
18352  -50.445  -53.910  -0.542 0.4000000060
16553  -49.819  -55.875  -0.829 0.5000000000
14175  -49.113  -57.891  -1.119 0.4000000060
14197  -49.018  -57.794  -2.173 0.5000000000
22101  -52.396  -49.559  -1.328 0.4000000060
23014  -53.907  -48.647  -2.716 0.3000000119
23030  -54.014  -48.538  -3.299 0.1000000015
125062  -49.461  -50.537  -5.391 0.2000000030
20261  -46.167  -51.244  -4.001 0.2000000030
21197  -47.615  -50.566  -5.715 0.1000000015
21174  -47.045  -50.665  -5.158 0.1000000015
21173  -45.763  -50.813  -4.632 0.1000000015
20260  -45.292  -51.313  -3.892 0.2000000030
21195  -45.403  -50.509  -5.331 0.1000000015
21206  -46.532  -50.375  -6.298 0.1000000015
20259  -44.400  -51.285  -3.877 0.1000000015
20258  -43.523  -51.220  -3.900 0.1000000015
19315  -42.227  -51.905  -3.806 0.1000000015
21170  -43.173  -50.627  -4.475 0.1000000015
22169  -44.342  -49.701  -6.215 0.1000000015
22173  -43.555  -49.417  -6.226 0.1000000015
23059  -43.100  -48.931  -6.528 0.1000000015
23985  -43.164  -47.940  -7.516 0.1000000015
127639  -47.327  -59.909  0.225 0.3000000119
15747  -46.882  -56.223  0.300 0.3000000119
14994  -47.014  -57.776  -0.058 0.3000000119
16537  -47.426  -55.927  0.465 0.3000000119
15748  -48.017  -57.263  0.530 0.3000000119
14172  -47.101  -58.886  -0.067 0.3000000119
14972  -47.881  -58.513  0.449 0.3000000119
14155  -48.505  -58.781  0.067 0.3000000119
15749  -48.817  -57.089  0.140 0.3000000119
16539  -49.058  -56.243  -0.044 0.3000000119
16538  -48.308  -55.643  0.337 0.3000000119
14974  -49.116  -57.564  -0.499 0.3000000119
19271  -50.498  -52.933  -0.428 0.4000000060
18334  -48.597  -53.879  0.205 0.4000000060
17408  -49.448  -54.369  -0.257 0.4000000060
22100  -51.018  -49.708  -1.459 0.4000000060
126424  -50.970  -52.044  -0.461 0.4000000060
22996  -51.901  -48.655  -2.667 0.3000000119
22170  -53.650  -49.232  -4.445 0.1000000015
21201  -53.332  -49.671  -5.013 0.1000000015
132434  -52.485  -50.361  -6.180 0.2000000030
129987  -48.089  -50.533  -6.230 0.1000000015
116068  -48.138  -50.515  -6.893 0.1000000015
22182  -45.569  -49.588  -7.134 0.1000000015
22181  -44.754  -49.390  -6.937 0.1000000015
23082  -44.718  -48.305  -7.988 0.1000000015
15780  -46.238  -56.182  -0.911 0.2000000030
16552  -46.455  -55.950  0.004 0.2000000030
15011  -46.170  -57.785  -1.817 0.2000000030
17406  -47.513  -55.053  0.503 0.3000000119
21091  -49.753  -50.611  -0.615 0.3000000119
22120  -48.950  -49.744  -2.596 0.3000000119
23941  -51.599  -47.155  -4.888 0.1000000015
23049  -53.350  -48.248  -5.044 0.1000000015
23956  -51.804  -47.105  -5.086 0.1000000015
23063  -53.380  -49.082  -6.089 0.1000000015
23074  -52.935  -48.937  -6.887 0.1000000015
120686  -53.303  -49.696  -6.839 0.1000000015
21209  -49.707  -50.610  -6.948 0.1000000015
22196  -46.776  -49.296  -8.057 0.1000000015
16574  -45.620  -55.544  -1.316 0.2000000030
17420  -45.669  -54.660  0.070 0.2000000030
16551  -45.967  -55.376  -0.348 0.3000000119
22119  -48.013  -49.902  -2.602 0.3000000119
21114  -48.190  -50.403  -1.017 0.3000000119
21090  -48.633  -50.627  -0.370 0.3000000119
22137  -47.294  -49.547  -3.518 0.3000000119
22150  -46.754  -49.284  -4.129 0.3000000119
24867  -50.479  -46.473  -5.791 0.1000000015
23955  -50.924  -46.707  -5.652 0.1000000015
23970  -50.790  -46.768  -6.220 0.1000000015
24001  -50.288  -48.087  -8.425 0.1000000015
24037  -50.956  -47.706  -10.321 0.1000000015
23103  -51.649  -48.521  -9.992 0.1000000015
24952  -50.566  -46.726  -10.556 0.1000000015
23104  -52.782  -49.151  -9.605 0.1000000015
24963  -52.305  -46.854  -11.355 0.1000000015
22187  -53.325  -49.869  -7.908 0.1000000015
21233  -49.369  -50.712  -8.076 0.1000000015
20164  -42.387  -51.580  1.729 0.2000000030
19232  -43.858  -51.764  1.834 0.2000000030
18329  -44.289  -53.076  0.519 0.2000000030
20138  -42.638  -51.179  2.290 0.3000000119
18317  -45.051  -52.761  1.363 0.2000000030
21112  -46.523  -50.411  -1.150 0.3000000119
133918  -46.536  -50.635  0.500 0.3000000119
21133  -45.868  -50.264  -1.784 0.3000000119
117397  -45.949  -50.496  0.221 0.3000000119
121835  -45.906  -50.417  -0.755 0.3000000119
20142  -45.964  -51.188  1.370 0.3000000119
22135  -45.078  -49.303  -3.715 0.3000000119
126693  -45.711  -49.608  -3.214 0.3000000119
23046  -47.552  -47.742  -5.691 0.3000000119
24866  -49.933  -46.049  -5.997 0.2000000030
24039  -53.377  -48.481  -10.858 0.1000000015
21260  -53.436  -50.150  -9.655 0.1000000015
21236  -52.291  -50.944  -8.860 0.1000000015
114876  -51.501  -50.860  -9.200 0.1000000015
129574  -50.664  -50.805  -8.836 0.1000000015
23086  -48.249  -49.504  -8.701 0.1000000015
20130  -42.008  -50.789  2.343 0.3000000119
116483  -41.995  -51.199  2.249 0.3000000119
21042  -42.351  -50.465  2.105 0.3000000119
117011  -43.517  -50.427  1.455 0.3000000119
21063  -44.194  -50.452  1.091 0.3000000119
123522  -44.999  -49.998  -2.094 0.3000000119
21087  -45.170  -50.386  -0.322 0.3000000119
22098  -44.432  -49.996  -1.507 0.3000000119
21086  -44.289  -50.269  -0.037 0.3000000119
22134  -44.302  -49.317  -3.347 0.3000000119
23007  -43.685  -48.939  -3.685 0.3000000119
23021  -43.650  -48.446  -4.388 0.2000000030
22116  -44.963  -49.616  -2.908 0.3000000119
23043  -44.988  -48.083  -5.422 0.2000000030
134221  -46.838  -46.768  -6.348 0.2000000030
24877  -48.630  -46.178  -6.287 0.2000000030
20161  -38.911  -51.085  0.462 0.1000000015
22034  -39.375  -49.562  2.002 0.2000000030
22035  -40.130  -49.751  2.160 0.3000000119
21085  -43.508  -50.183  0.593 0.3000000119
22060  -42.137  -49.689  0.564 0.3000000119
22995  -43.061  -48.984  -3.254 0.3000000119
23020  -42.805  -48.241  -4.296 0.2000000030
23938  -43.225  -47.874  -4.860 0.2000000030
24864  -44.482  -47.507  -5.730 0.1000000015
23949  -43.707  -47.530  -5.428 0.1000000015
22057  -39.371  -49.251  1.749 0.3000000119
22114  -42.274  -49.209  -2.208 0.3000000119
23928  -41.172  -47.998  -3.747 0.2000000030
24854  -42.372  -47.558  -4.780 0.2000000030
24853  -41.705  -46.923  -5.113 0.1000000015
24852  -40.925  -46.817  -4.806 0.1000000015
23936  -40.846  -47.419  -4.253 0.1000000015
24871  -43.086  -46.113  -6.266 0.1000000015
22972  -39.979  -48.933  -0.525 0.3000000119
22992  -40.372  -48.404  -2.584 0.2000000030
23927  -39.678  -47.262  -3.836 0.1000000015
24842  -39.112  -46.858  -3.898 0.1000000015
25753  -38.885  -45.161  -5.096 0.1000000015
25756  -41.863  -45.832  -5.964 0.1000000015
22990  -38.732  -48.187  -1.936 0.2000000030
22991  -39.547  -48.312  -2.239 0.2000000030
24841  -38.450  -46.693  -3.622 0.1000000015
26679  -40.348  -44.859  -5.927 0.1000000015
26677  -38.808  -44.444  -5.406 0.1000000015
9997  -42.425  -63.264  -5.804 0.3000000119
9275  -41.226  -64.553  -5.677 0.3000000119
6524  -37.125  -68.867  -6.504 0.2000000030
7233  -35.866  -67.828  -7.777 0.2000000030
9274  -40.442  -64.988  -4.637 0.4000000060
7885  -39.577  -67.131  -5.197 0.3000000119
9276  -41.991  -63.958  -6.146 0.4000000060
8567  -40.604  -65.530  -5.705 0.3000000119
120801  -38.900  -68.016  -4.931 0.3000000119
9998  -43.313  -63.031  -6.541 0.4000000060
134749  -41.266  -65.250  -6.517 0.4000000060
7223  -38.707  -68.067  -6.009 0.3000000119
119231  -37.574  -68.754  -6.266 0.2000000030
9288  -42.842  -63.986  -7.124 0.4000000060
9287  -42.058  -64.765  -7.017 0.4000000060
123312  -39.136  -67.591  -6.877 0.4000000060
10008  -43.571  -63.649  -7.622 0.4000000060
10799  -44.399  -62.991  -7.947 0.4000000060
7898  -40.227  -66.580  -7.010 0.4000000060
6533  -37.158  -69.164  -7.089 0.3000000119
10017  -43.280  -64.115  -8.240 0.4000000060
8575  -41.524  -65.456  -7.416 0.4000000060
7912  -39.672  -67.103  -7.259 0.3000000119
6534  -37.761  -68.802  -7.196 0.4000000060
10019  -44.203  -62.993  -8.306 0.4000000060
8574  -40.927  -66.041  -7.789 0.4000000060
7235  -38.440  -68.204  -8.017 0.3000000119
11653  -44.410  -61.890  -8.437 0.4000000060
8587  -42.586  -64.596  -8.448 0.4000000060
9292  -42.243  -65.095  -8.006 0.4000000060
7913  -40.161  -66.672  -8.130 0.4000000060
10810  -43.920  -62.695  -8.540 0.4000000060
7914  -40.884  -65.949  -8.640 0.4000000060
7237  -39.605  -66.954  -8.614 0.3000000119
118894  -43.712  -61.906  -8.453 0.4000000060
9306  -42.803  -64.148  -8.767 0.4000000060
134653  -42.096  -65.038  -8.596 0.4000000060
119114  -40.141  -66.418  -8.865 0.4000000060
10032  -42.900  -63.770  -8.836 0.4000000060
10031  -42.238  -64.159  -9.070 0.4000000060
9304  -41.659  -64.716  -9.102 0.4000000060
8604  -40.623  -65.765  -9.094 0.4000000060
7931  -39.461  -66.851  -8.917 0.3000000119
11652  -43.058  -62.305  -8.491 0.4000000060
9303  -40.921  -65.064  -9.220 0.4000000060
8603  -39.873  -66.271  -9.093 0.3000000119
7248  -38.017  -67.836  -8.941 0.2000000030
11638  -42.988  -61.282  -7.888 0.3000000119
10808  -42.384  -63.274  -8.744 0.4000000060
11651  -42.220  -62.391  -8.326 0.4000000060
10798  -41.338  -62.661  -8.213 0.4000000060
10029  -39.867  -64.415  -8.672 0.4000000060
124659  -40.014  -65.484  -9.097 0.4000000060
124100  -39.245  -66.757  -9.027 0.2000000030
135025  -38.832  -66.545  -8.969 0.2000000030
7261  -36.955  -68.118  -9.727 0.3000000119
12551  -42.587  -60.460  -7.345 0.3000000119
115676  -42.354  -61.715  -7.959 0.3000000119
11637  -41.512  -61.674  -7.586 0.3000000119
9302  -38.991  -64.824  -8.555 0.3000000119
8601  -38.009  -66.094  -8.707 0.2000000030
8602  -39.040  -65.925  -8.874 0.2000000030
7944  -37.657  -66.908  -9.087 0.2000000030
7275  -36.577  -69.047  -10.379 0.2000000030
13416  -42.402  -59.265  -6.846 0.3000000119
10807  -40.894  -63.304  -8.467 0.4000000060
13415  -41.783  -59.678  -6.607 0.3000000119
127281  -40.723  -61.151  -6.860 0.3000000119
128411  -40.299  -62.677  -7.879 0.2000000030
134438  -38.998  -64.146  -8.413 0.2000000030
7943  -36.916  -66.810  -9.569 0.1000000015
7283  -36.072  -67.891  -11.241 0.2000000030
11635  -39.034  -61.906  -7.203 0.2000000030
10797  -39.396  -62.661  -7.708 0.2000000030
10028  -38.325  -63.991  -8.379 0.1000000015
9318  -37.413  -65.130  -8.893 0.1000000015
130508  -36.732  -65.854  -9.687 0.1000000015
7949  -36.492  -67.347  -10.282 0.1000000015
14258  -41.853  -58.971  -6.531 0.2000000030
12537  -41.070  -60.276  -6.499 0.3000000119
11623  -39.698  -61.376  -6.797 0.3000000119
130304  -41.630  -56.519  -6.315 0.2000000030
14248  -40.637  -58.330  -5.954 0.1000000015
113738  -41.063  -59.211  -6.220 0.3000000119
10796  -38.557  -62.465  -7.607 0.1000000015
8629  -36.451  -65.302  -10.201 0.1000000015
7956  -36.124  -66.474  -11.028 0.1000000015
15055  -41.011  -57.586  -6.197 0.2000000030
13414  -40.407  -59.839  -6.092 0.2000000030
13413  -39.649  -59.921  -5.864 0.2000000030
11622  -38.730  -61.207  -6.676 0.1000000015
10027  -37.544  -63.643  -8.475 0.1000000015
10026  -36.794  -63.582  -8.965 0.1000000015
126057  -35.634  -67.495  -13.094 0.1000000015
11621  -37.949  -61.048  -6.716 0.1000000015
10806  -37.064  -62.889  -8.469 0.1000000015
120816  -36.438  -64.571  -10.034 0.1000000015
9338  -35.860  -64.944  -11.420 0.1000000015
7955  -35.721  -66.626  -11.885 0.1000000015
7298  -35.705  -67.838  -13.864 0.1000000015
11633  -37.593  -61.509  -7.321 0.1000000015
10841  -36.246  -63.071  -9.697 0.1000000015
9327  -36.094  -64.024  -10.658 0.1000000015
127650  -35.523  -65.868  -13.405 0.1000000015
9337  -35.763  -64.156  -11.468 0.1000000015
24875  -46.439  -46.161  -6.573 0.2000000030
15050  -40.979  -56.858  -6.165 0.1000000015
14247  -39.718  -58.336  -5.593 0.1000000015
12535  -38.355  -60.504  -6.232 0.1000000015
13401  -39.205  -59.198  -5.565 0.1000000015
11667  -36.485  -62.173  -8.659 0.1000000015
8645  -35.598  -65.740  -12.505 0.1000000015
8638  -35.790  -65.642  -11.656 0.1000000015
10824  -36.486  -62.791  -9.024 0.1000000015
6526  -37.958  -68.594  -5.373 0.3000000119
7224  -39.486  -67.273  -6.169 0.3000000119
7886  -40.122  -66.436  -5.931 0.3000000119
116582  -38.103  -68.618  -6.098 0.3000000119
130560  -42.717  -64.600  -7.856 0.4000000060
128159  -38.560  -68.149  -7.020 0.3000000119
10018  -43.901  -63.469  -8.136 0.4000000060
7236  -39.261  -67.469  -7.895 0.3000000119
10033  -43.445  -63.493  -8.497 0.4000000060
10030  -41.160  -64.209  -8.988 0.4000000060
116910  -37.423  -67.660  -9.366 0.2000000030
12538  -41.875  -60.381  -6.931 0.3000000119
11636  -40.529  -61.930  -7.425 0.3000000119
126102  -38.090  -64.918  -8.538 0.2000000030
8617  -37.261  -65.958  -9.203 0.1000000015
10016  -40.071  -63.451  -8.310 0.4000000060
128483  -39.742  -62.094  -7.376 0.2000000030
10015  -38.980  -63.434  -8.136 0.2000000030
136669  -37.829  -64.191  -8.491 0.1000000015
9301  -37.408  -64.297  -8.718 0.1000000015
8616  -36.810  -65.187  -9.484 0.1000000015
123786  -40.120  -60.548  -6.345 0.3000000119
130419  -37.929  -62.973  -8.034 0.1000000015
9317  -36.842  -64.431  -9.238 0.1000000015
8639  -36.159  -65.504  -10.916 0.1000000015
15049  -40.327  -57.487  -5.815 0.1000000015
12524  -38.767  -59.936  -5.769 0.1000000015
10795  -37.903  -62.165  -7.574 0.1000000015
10060  -36.391  -63.838  -9.824 0.1000000015
7963  -35.591  -66.651  -12.791 0.1000000015
7973  -35.736  -66.827  -14.455 0.1000000015
11632  -36.914  -61.250  -7.616 0.1000000015
12523  -37.944  -59.845  -5.840 0.1000000015
8522  -42.856  -65.293  -0.297 0.3000000119
8534  -42.449  -65.520  -0.890 0.2000000030
8533  -40.480  -66.514  -0.757 0.3000000119
9231  -41.378  -65.447  -1.820 0.2000000030
9958  -45.206  -64.049  -0.976 0.4000000060
9234  -44.316  -64.636  -1.197 0.2000000030
9957  -44.799  -64.167  -1.278 0.4000000060
9232  -43.027  -64.864  -1.497 0.3000000119
8532  -39.917  -66.918  -1.517 0.2000000030
9974  -44.637  -63.603  -2.229 0.4000000060
122678  -42.107  -64.973  -1.988 0.2000000030
8549  -40.025  -66.306  -2.561 0.2000000030
7157  -39.121  -67.303  -1.345 0.1000000015
8548  -39.461  -67.406  -2.368 0.2000000030
7165  -39.088  -67.771  -2.176 0.1000000015
9251  -42.374  -64.277  -2.700 0.3000000119
7852  -38.815  -67.332  -1.706 0.1000000015
7865  -38.362  -67.213  -3.111 0.1000000015
7876  -37.826  -67.620  -4.298 0.1000000015
7176  -38.540  -67.966  -3.669 0.1000000015
7190  -38.271  -68.181  -4.353 0.1000000015
8565  -35.816  -65.400  -5.950 0.1000000015
7875  -37.061  -66.380  -4.879 0.1000000015
7884  -37.147  -67.428  -5.290 0.1000000015
7896  -36.045  -66.222  -6.499 0.1000000015
8566  -36.502  -66.314  -5.693 0.1000000015
9972  -42.791  -63.548  -3.327 0.3000000119
9249  -40.555  -65.300  -2.840 0.2000000030
7867  -39.672  -66.917  -3.420 0.2000000030
7866  -39.145  -67.906  -3.071 0.2000000030
7192  -38.826  -68.095  -3.741 0.2000000030
7897  -36.583  -67.274  -6.138 0.1000000015
9286  -35.456  -65.376  -6.816 0.1000000015
9985  -43.254  -62.851  -3.945 0.2000000030
9971  -41.784  -63.703  -3.884 0.3000000119
8559  -40.144  -65.580  -3.686 0.2000000030
7191  -38.331  -68.254  -4.543 0.2000000030
8585  -35.410  -65.668  -7.590 0.1000000015
131193  -35.717  -66.166  -7.144 0.1000000015
9263  -41.012  -64.193  -4.387 0.3000000119
7878  -39.943  -66.285  -4.719 0.3000000119
10767  -43.759  -62.327  -4.574 0.2000000030
6509  -38.015  -68.466  -4.923 0.2000000030
7205  -37.138  -68.314  -5.765 0.1000000015
7911  -35.654  -66.621  -7.713 0.1000000015
7221  -36.144  -67.184  -7.058 0.1000000015
7222  -36.627  -68.278  -6.594 0.1000000015
8615  -35.144  -66.364  -8.985 0.1000000015
9984  -42.364  -63.089  -4.556 0.2000000030
7247  -35.577  -68.429  -8.426 0.1000000015
6540  -36.612  -69.002  -7.207 0.1000000015
7942  -35.143  -67.541  -9.187 0.1000000015
10781  -43.569  -62.379  -5.660 0.2000000030
5884  -36.567  -69.440  -7.874 0.1000000015
6539  -36.125  -69.089  -7.879 0.1000000015
5883  -36.201  -69.734  -8.382 0.1000000015
7948  -34.289  -66.769  -10.729 0.1000000015
6551  -35.801  -69.704  -8.563 0.1000000015
6542  -37.716  -68.877  -8.202 0.3000000119
6567  -35.025  -69.424  -9.721 0.1000000015
10748  -44.194  -62.819  -3.363 0.3000000119
9956  -44.224  -64.214  -1.707 0.3000000119
9955  -43.417  -64.250  -2.191 0.2000000030
7928  -35.470  -67.099  -8.407 0.1000000015
7877  -39.358  -67.570  -4.163 0.2000000030
9250  -41.279  -64.560  -3.119 0.2000000030
7206  -37.719  -68.283  -4.997 0.1000000015
116968  -34.438  -66.229  -10.186 0.1000000015
7941  -34.616  -67.316  -10.046 0.1000000015
7260  -35.293  -69.005  -9.076 0.1000000015
8637  -34.047  -65.879  -11.050 0.1000000015
7259  -34.906  -68.311  -9.640 0.1000000015
6541  -37.280  -69.328  -7.732 0.2000000030
5930  -35.502  -71.201  -10.499 0.1000000015
5945  -34.990  -71.080  -11.436 0.1000000015
5322  -35.759  -71.428  -10.707 0.2000000030
117750  -34.853  -71.092  -12.411 0.1000000015
5917  -36.569  -70.187  -9.028 0.2000000030
5916  -36.163  -70.812  -9.752 0.2000000030
5338  -35.618  -71.511  -11.682 0.2000000030
5931  -36.279  -71.052  -10.366 0.1000000015
5356  -35.606  -71.500  -12.799 0.1000000015
5339  -35.929  -71.615  -11.130 0.2000000030
6604  -36.404  -70.692  -10.644 0.1000000015
5899  -37.133  -69.613  -8.435 0.2000000030
130550  -36.725  -70.155  -9.474 0.1000000015
5946  -36.193  -71.286  -11.280 0.1000000015
6570  -37.206  -69.615  -9.108 0.2000000030
6588  -36.608  -70.332  -10.021 0.1000000015
7250  -38.949  -67.451  -8.626 0.2000000030
122204  -37.655  -68.825  -8.821 0.2000000030
7262  -37.505  -68.676  -9.269 0.2000000030
6569  -37.012  -69.424  -9.629 0.1000000015
7249  -38.247  -68.086  -8.685 0.2000000030
118505  -36.299  -69.778  -11.234 0.1000000015
5898  -36.508  -69.798  -8.470 0.1000000015
5915  -35.741  -70.996  -10.061 0.1000000015
9938  -44.454  -64.281  -0.510 0.2000000030
8521  -42.031  -65.597  -0.318 0.1000000015
135332  -46.694  -58.043  -0.831 0.2000000030
13342  -46.188  -59.525  -1.365 0.1000000015
19250  -42.103  -51.874  0.674 0.1000000015
16591  -44.425  -55.642  -2.476 0.1000000015
15793  -44.773  -56.546  -2.713 0.1000000015
18350  -44.645  -53.591  0.148 0.1000000015
16592  -45.310  -55.962  -2.109 0.1000000015
20186  -41.211  -51.706  0.323 0.2000000030
19269  -42.692  -52.375  -0.067 0.1000000015
17458  -43.095  -54.699  -2.445 0.1000000015
20163  -41.507  -51.409  1.673 0.2000000030
19270  -43.580  -52.639  0.421 0.1000000015
18348  -43.237  -52.906  -0.724 0.1000000015
18371  -43.783  -53.532  -1.179 0.1000000015
17443  -44.468  -54.256  -1.366 0.1000000015
17459  -44.037  -54.796  -2.237 0.1000000015
9914  -45.134  -63.597  -0.248 0.2000000030
16573  -44.902  -55.119  -1.804 0.1000000015
18372  -44.407  -53.711  -0.649 0.1000000015
120078  -40.608  -51.286  1.267 0.2000000030
122428  -46.528  -58.749  -1.124 0.1000000015
15792  -43.867  -56.221  -3.014 0.1000000015
16590  -43.478  -55.447  -2.684 0.1000000015
18349  -44.008  -53.225  -0.275 0.1000000015
19288  -42.348  -52.697  -1.066 0.1000000015
9194  -44.287  -64.114  -0.258 0.1000000015
8509  -43.375  -64.992  -0.119 0.1000000015
22970  -38.107  -48.570  0.491 0.1000000015
22962  -38.155  -48.862  1.415 0.1000000015
22033  -37.728  -48.961  1.430 0.1000000015
127177  -37.586  -50.432  0.686 0.1000000015
135167  -39.206  -48.911  1.210 0.1000000015
22056  -38.678  -49.182  1.705 0.1000000015
22968  -36.825  -48.339  0.672 0.1000000015
22950  -36.965  -48.733  1.167 0.1000000015
22031  -36.437  -48.893  1.148 0.1000000015
21057  -35.557  -50.431  0.465 0.1000000015
22969  -37.352  -48.349  0.262 0.1000000015
22961  -37.516  -48.646  1.058 0.1000000015
22055  -37.353  -49.170  1.367 0.1000000015
21059  -37.147  -49.773  0.990 0.1000000015
20181  -36.686  -51.501  -0.087 0.1000000015
22979  -37.608  -48.156  -0.638 0.1000000015
22051  -34.069  -49.984  0.629 0.1000000015
23900  -36.240  -47.910  0.413 0.1000000015
22960  -36.145  -48.338  0.924 0.1000000015
22959  -35.505  -48.758  0.978 0.1000000015
22052  -35.056  -49.744  0.638 0.1000000015
22053  -35.935  -49.514  0.784 0.1000000015
21056  -34.736  -50.657  0.491 0.1000000015
23915  -37.946  -47.858  -1.660 0.1000000015
23891  -34.209  -47.632  1.185 0.1000000015
22958  -34.626  -48.271  1.106 0.1000000015
118820  -34.613  -49.124  0.832 0.1000000015
23899  -35.503  -47.654  0.590 0.1000000015
23905  -35.922  -47.456  -0.315 0.1000000015
23914  -37.132  -47.563  -1.401 0.1000000015
116050  -39.070  -47.862  -2.636 0.1000000015
24876  -47.628  -45.962  -6.523 0.1000000015
126643  -48.527  -45.007  -6.927 0.1000000015
23913  -36.329  -47.276  -1.175 0.1000000015
23920  -38.362  -47.600  -2.504 0.1000000015
24874  -45.436  -46.222  -6.584 0.1000000015
119811  -49.428  -46.154  -6.063 0.1000000015
24865  -49.363  -45.930  -6.424 0.1000000015
25764  -45.963  -45.507  -6.885 0.1000000015
25772  -48.474  -44.886  -7.290 0.1000000015
25773  -49.063  -45.449  -6.797 0.1000000015
23898  -34.827  -47.629  0.969 0.1000000015
22949  -33.694  -48.156  1.321 0.1000000015
22957  -33.807  -49.031  0.930 0.1000000015
24878  -49.631  -46.067  -6.292 0.1000000015
21039  -38.955  -49.654  1.951 0.1000000015
21060  -38.422  -50.319  1.174 0.1000000015
22980  -38.443  -48.390  -0.867 0.1000000015
25766  -48.667  -45.484  -6.672 0.1000000015
22032  -37.061  -48.973  1.339 0.1000000015
21038  -38.042  -49.421  1.495 0.1000000015
133697  -37.280  -51.171  0.079 0.1000000015
20159  -36.833  -50.676  0.369 0.1000000015
23906  -36.767  -47.879  -0.316 0.1000000015
25765  -47.981  -45.051  -6.795 0.1000000015
24893  -49.419  -45.910  -7.047 0.1000000015
16621  -41.620  -55.380  -5.765 0.1000000015
17486  -41.131  -54.752  -5.408 0.1000000015
9954  -40.443  -63.752  -1.727 0.1000000015
9934  -39.870  -64.669  -0.821 0.1000000015
9215  -40.264  -65.453  -0.228 0.1000000015
9953  -39.382  -63.824  -1.712 0.1000000015
9933  -38.634  -64.628  -0.495 0.1000000015
9932  -37.725  -64.303  -0.308 0.1000000015
9935  -41.272  -64.734  -0.413 0.1000000015
10723  -38.967  -63.019  -2.477 0.1000000015
135138  -41.370  -63.627  -1.475 0.1000000015
10721  -37.204  -62.493  -0.935 0.1000000015
119864  -37.865  -62.124  -2.325 0.1000000015
10724  -39.920  -62.996  -2.668 0.1000000015
11560  -37.292  -61.437  -1.995 0.1000000015
10744  -39.558  -62.287  -3.195 0.1000000015
10618  -38.699  -62.707  5.449 0.1000000015
11477  -38.287  -61.881  5.207 0.1000000015
12367  -34.983  -60.845  5.230 0.1000000015
124228  -33.913  -60.227  4.699 0.1000000015
13259  -34.229  -59.657  4.378 0.1000000015
14112  -33.422  -58.324  3.129 0.1000000015
9191  -42.206  -65.175  0.008 0.1000000015
14111  -32.791  -58.921  3.427 0.1000000015
14921  -33.940  -57.770  2.705 0.1000000015
12449  -36.456  -60.931  -1.093 0.1000000015
7828  -39.815  -66.484  -0.175 0.1000000015
14929  -32.484  -57.811  2.162 0.1000000015
14963  -33.397  -57.422  0.631 0.1000000015
14168  -34.454  -58.080  -0.420 0.1000000015
13339  -35.685  -60.294  -0.870 0.1000000015
125848  -36.181  -60.301  -1.015 0.1000000015
12465  -37.260  -60.437  -2.205 0.1000000015
11561  -38.319  -61.421  -2.960 0.1000000015
7842  -39.500  -66.873  -0.694 0.1000000015
14134  -31.320  -58.185  1.640 0.1000000015
133820  -33.053  -57.873  -0.931 0.1000000015
136077  -35.622  -59.563  -0.891 0.1000000015
13340  -36.218  -59.313  -1.198 0.1000000015
11476  -37.359  -61.725  5.348 0.1000000015
12369  -36.950  -61.012  5.063 0.1000000015
12383  -35.536  -60.283  4.774 0.1000000015
122691  -41.975  -63.020  -1.888 0.1000000015
9936  -42.278  -64.003  -0.568 0.1000000015
135843  -42.252  -64.773  -0.081 0.1000000015
13260  -35.117  -59.642  4.411 0.1000000015
13277  -34.712  -59.026  3.932 0.1000000015
13278  -35.594  -59.139  3.974 0.1000000015
8507  -41.587  -65.634  -0.162 0.1000000015
14964  -34.363  -57.272  0.805 0.1000000015
13321  -34.860  -58.800  -0.669 0.1000000015
12466  -38.035  -60.548  -2.831 0.1000000015
14989  -34.844  -57.556  0.117 0.1000000015
14169  -35.418  -57.947  -0.423 0.1000000015
13322  -35.656  -58.775  -0.823 0.1000000015
13341  -36.928  -59.691  -1.851 0.1000000015
136005  -39.807  -61.604  4.487 0.1000000015
11489  -38.885  -61.378  4.633 0.1000000015
127468  -40.848  -61.381  4.055 0.1000000015
11490  -41.835  -61.896  4.249 0.1000000015
10706  -42.889  -63.228  -1.206 0.1000000015
11488  -37.907  -61.108  4.760 0.1000000015
130956  -38.033  -60.527  4.440 0.1000000015
114954  -40.966  -62.825  -2.626 0.1000000015
10707  -43.833  -63.331  -0.578 0.1000000015
13262  -37.036  -59.657  4.189 0.1000000015
10745  -40.338  -62.346  -3.228 0.1000000015
9937  -43.144  -63.909  -0.322 0.1000000015
13261  -36.019  -59.704  4.369 0.1000000015
14113  -35.310  -58.492  3.508 0.1000000015
14932  -35.060  -57.372  2.185 0.1000000015
14943  -34.381  -57.273  1.656 0.1000000015
14944  -35.127  -57.130  1.290 0.1000000015
14190  -36.621  -58.303  -1.136 0.1000000015
14191  -37.202  -58.715  -1.685 0.1000000015
123069  -35.709  -57.354  0.146 0.1000000015
14990  -36.317  -57.578  -0.342 0.1000000015
11503  -42.103  -61.026  3.549 0.1000000015
10725  -42.544  -62.497  -2.186 0.1000000015
12387  -39.752  -60.913  4.144 0.1000000015
12402  -40.987  -60.659  3.396 0.1000000015
12404  -42.735  -60.597  3.638 0.1000000015
12389  -42.824  -60.473  4.095 0.1000000015
11582  -41.279  -61.349  -3.598 0.1000000015
10747  -41.829  -62.148  -3.046 0.1000000015
10726  -43.309  -62.466  -1.697 0.1000000015
13263  -38.228  -59.980  4.049 0.1000000015
12401  -39.677  -60.182  3.515 0.1000000015
11581  -40.283  -61.534  -3.552 0.1000000015
9192  -43.136  -64.982  0.014 0.1000000015
13279  -36.923  -58.913  3.610 0.1000000015
14209  -37.697  -59.046  -2.239 0.1000000015
12486  -38.933  -60.632  -3.332 0.1000000015
123315  -36.105  -58.683  3.573 0.1000000015
15006  -36.898  -57.743  -0.816 0.1000000015
14933  -36.068  -57.609  2.492 0.1000000015
115400  -35.749  -57.237  1.687 0.1000000015
14966  -35.981  -57.089  0.897 0.1000000015
12403  -42.231  -60.208  2.970 0.1000000015
12488  -40.717  -60.610  -3.684 0.1000000015
10692  -44.168  -63.844  -0.056 0.1000000015
15007  -37.478  -58.052  -1.323 0.1000000015
13357  -38.783  -59.734  -3.059 0.1000000015
14945  -36.579  -57.357  1.614 0.1000000015
14114  -36.655  -58.207  3.083 0.1000000015
12490  -42.536  -60.363  -3.636 0.1000000015
13375  -40.221  -59.897  -3.500 0.1000000015
14192  -38.255  -58.460  -1.954 0.1000000015
14210  -38.505  -59.047  -2.551 0.1000000015
134136  -39.259  -59.039  -2.806 0.1000000015
13281  -39.011  -59.469  3.288 0.1000000015
133073  -37.314  -57.379  0.198 0.1000000015
14992  -37.713  -57.692  -0.870 0.1000000015
13280  -37.873  -59.254  3.551 0.1000000015
14946  -37.467  -57.554  1.418 0.1000000015
114167  -38.131  -57.653  0.632 0.1000000015
14123  -37.347  -57.828  2.307 0.1000000015
12489  -41.634  -60.498  -3.713 0.1000000015
13378  -42.807  -59.543  -3.666 0.1000000015
14193  -39.436  -58.509  -2.309 0.1000000015
13358  -39.694  -59.380  -3.169 0.1000000015
13282  -41.273  -59.911  2.635 0.1000000015
122884  -38.860  -57.869  -0.911 0.1000000015
123956  -39.453  -58.215  -1.700 0.1000000015
124185  -38.025  -57.589  -0.267 0.1000000015
15008  -38.296  -57.997  -1.386 0.1000000015
14115  -37.658  -58.527  3.055 0.1000000015
127152  -42.953  -58.878  -3.652 0.1000000015
14223  -41.507  -58.968  -3.473 0.1000000015
14211  -39.977  -58.724  -2.742 0.1000000015
13283  -42.085  -59.674  2.608 0.1000000015
14934  -38.458  -58.037  1.558 0.1000000015
14116  -38.562  -58.909  3.016 0.1000000015
14225  -42.634  -58.299  -3.534 0.1000000015
126188  -40.147  -59.629  2.794 0.1000000015
12405  -43.110  -61.061  3.956 0.1000000015
13245  -39.007  -59.427  5.380 0.1000000015
13246  -40.488  -59.686  4.919 0.1000000015
13265  -41.579  -59.242  4.069 0.1000000015
12370  -41.430  -60.398  4.990 0.1000000015
12368  -35.993  -60.932  5.200 0.1000000015
120259  -34.397  -58.276  3.290 0.1000000015
14930  -33.208  -57.802  2.476 0.1000000015
121221  -33.085  -57.488  1.789 0.1000000015
14941  -32.451  -57.559  1.441 0.1000000015
14942  -33.663  -57.339  1.341 0.1000000015
14988  -33.935  -57.607  0.027 0.1000000015
131163  -35.209  -59.629  -0.843 0.1000000015
12447  -35.749  -61.097  -0.787 0.1000000015
12384  -36.498  -60.363  4.683 0.1000000015
13356  -37.843  -59.718  -2.550 0.1000000015
12386  -38.703  -60.634  4.305 0.1000000015
125061  -36.549  -57.290  0.217 0.1000000015
13374  -39.478  -60.051  -3.390 0.1000000015
13376  -41.094  -59.762  -3.625 0.1000000015
14968  -39.386  -58.150  -0.058 0.1000000015
13377  -41.971  -59.669  -3.695 0.1000000015
120991  -39.323  -60.278  5.693 0.1000000015
4876  -28.456  -71.871  -18.880 0.1000000015
4869  -27.979  -71.793  -18.123 0.1000000015
4921  -30.520  -71.319  -22.703 0.1000000015
124716  -30.330  -71.653  -22.129 0.1000000015
5458  -29.842  -70.903  -21.227 0.1000000015
3926  -29.232  -73.143  -19.719 0.1000000015
5477  -30.984  -70.262  -24.155 0.1000000015
6108  -31.516  -69.687  -24.752 0.1000000015
120668  -28.552  -70.953  -18.804 0.1000000015
5413  -28.038  -70.761  -17.914 0.1000000015
4868  -27.657  -71.352  -17.276 0.1000000015
4903  -29.295  -71.455  -20.209 0.1000000015
4892  -28.840  -71.601  -19.500 0.1000000015
4377  -27.655  -72.257  -17.151 0.1000000015
137246  -30.335  -70.131  -21.975 0.1000000015
4401  -29.162  -72.295  -20.002 0.1000000015
4409  -29.565  -72.187  -20.673 0.1000000015
5466  -30.505  -70.481  -22.620 0.1000000015
6102  -31.327  -69.467  -23.803 0.1000000015
6791  -31.883  -68.987  -24.353 0.1000000015
9375  -29.259  -64.280  -14.485 0.1000000015
7984  -27.381  -66.833  -15.066 0.1000000015
119013  -30.066  -64.365  -14.737 0.1000000015
6013  -28.109  -69.922  -17.661 0.1000000015
5998  -28.176  -69.212  -17.384 0.1000000015
6012  -27.701  -69.668  -16.852 0.1000000015
7324  -27.656  -67.828  -16.117 0.1000000015
6651  -27.357  -68.466  -15.667 0.1000000015
7985  -27.902  -66.503  -15.671 0.1000000015
6032  -28.500  -70.150  -18.348 0.1000000015
5983  -27.380  -69.374  -15.994 0.1000000015
5425  -29.040  -69.891  -19.080 0.1000000015
4854  -27.498  -71.151  -16.450 0.1000000015
135104  -29.463  -70.051  -19.825 0.1000000015
5438  -29.123  -70.739  -19.652 0.1000000015
5476  -30.811  -69.981  -23.251 0.1000000015
9376  -30.724  -64.249  -14.480 0.1000000015
9389  -28.765  -64.911  -14.977 0.1000000015
10095  -30.738  -63.632  -13.874 0.1000000015
6660  -27.795  -68.699  -16.631 0.1000000015
118641  -28.187  -67.940  -16.810 0.1000000015
7325  -28.211  -67.135  -16.447 0.1000000015
6661  -28.555  -68.432  -17.511 0.1000000015
5449  -29.588  -70.610  -20.481 0.1000000015
5450  -30.047  -70.117  -21.219 0.1000000015
6079  -30.498  -69.510  -21.679 0.1000000015
137342  -30.861  -69.138  -22.126 0.1000000015
6094  -31.159  -69.143  -22.883 0.1000000015
6045  -29.634  -69.332  -19.638 0.1000000015
8659  -28.030  -65.311  -14.650 0.1000000015
8676  -28.421  -65.669  -15.473 0.1000000015
7970  -27.382  -66.415  -14.341 0.1000000015
125504  -29.168  -68.391  -18.280 0.1000000015
6695  -29.429  -68.826  -18.933 0.1000000015
9373  -27.768  -65.100  -13.805 0.1000000015
114224  -30.927  -67.419  -19.260 0.1000000015
7358  -31.473  -66.901  -18.682 0.1000000015
134213  -33.753  -67.494  -17.985 0.1000000015
8000  -28.680  -66.280  -16.242 0.1000000015
7341  -28.746  -67.544  -17.252 0.1000000015
131682  -29.115  -67.855  -17.843 0.1000000015
7357  -30.560  -67.229  -18.578 0.1000000015
7343  -30.187  -66.928  -17.941 0.1000000015
6696  -30.065  -68.000  -19.030 0.1000000015
8017  -29.838  -66.585  -17.303 0.1000000015
8001  -29.610  -66.106  -16.630 0.1000000015
8002  -30.310  -66.187  -16.925 0.1000000015
125839  -31.721  -66.260  -16.753 0.1000000015
115519  -29.720  -67.673  -18.328 0.1000000015
7376  -31.869  -67.081  -19.382 0.1000000015
8032  -31.041  -66.680  -18.044 0.1000000015
4389  -28.318  -72.610  -18.607 0.1000000015
4400  -28.721  -72.469  -19.311 0.1000000015
4911  -29.656  -71.457  -20.907 0.1000000015
5321  -35.563  -71.445  -10.959 0.1000000015
5323  -35.971  -71.398  -10.529 0.1000000015
5412  -27.663  -70.511  -17.094 0.1000000015
5872  -36.897  -69.270  -7.290 0.1000000015
5885  -36.892  -69.506  -7.803 0.2000000030
5947  -36.148  -71.383  -10.803 0.1000000015
6093  -30.650  -69.721  -22.429 0.1000000015
6525  -37.655  -68.546  -5.621 0.2000000030
6603  -36.192  -70.544  -12.117 0.1000000015
6694  -28.702  -69.267  -18.198 0.1000000015
7177  -38.877  -67.933  -2.845 0.1000000015
7178  -38.974  -67.977  -2.925 0.2000000030
7207  -38.310  -68.415  -5.295 0.3000000119
7234  -36.288  -68.319  -7.304 0.1000000015
7274  -34.643  -68.420  -10.233 0.1000000015
7315  -27.303  -67.637  -15.292 0.1000000015
7316  -27.615  -67.181  -15.721 0.1000000015
7326  -29.039  -66.771  -16.984 0.1000000015
7342  -29.439  -67.222  -17.639 0.1000000015
7359  -32.448  -66.865  -18.714 0.1000000015
7829  -40.447  -66.169  -0.031 0.1000000015
7843  -40.185  -66.546  -0.432 0.1000000015
7853  -39.369  -67.382  -1.614 0.1000000015
7854  -39.884  -66.929  -0.941 0.1000000015
7929  -38.610  -67.045  -8.994 0.2000000030
7930  -38.814  -67.334  -8.885 0.3000000119
7968  -35.580  -66.749  -13.650 0.1000000015
8005  -37.146  -67.051  -16.458 0.1000000015
8018  -30.628  -66.456  -17.432 0.1000000015
8019  -31.438  -66.422  -17.378 0.1000000015
8021  -37.710  -66.888  -17.335 0.1000000015
8520  -41.050  -66.143  -0.314 0.1000000015
8586  -41.595  -65.491  -8.313 0.4000000060
8599  -35.100  -65.189  -8.128 0.1000000015
8605  -41.517  -65.295  -8.990 0.4000000060
8658  -27.593  -65.736  -14.296 0.1000000015
8675  -27.635  -66.024  -14.961 0.1000000015
8692  -39.124  -65.085  -16.971 0.1000000015
9190  -41.001  -65.683  -0.011 0.1000000015
9193  -43.740  -64.569  -0.270 0.1000000015
9216  -43.367  -65.121  -0.649 0.3000000119
9217  -44.042  -64.834  -0.722 0.1000000015
9230  -40.569  -66.066  -1.658 0.2000000030
9233  -43.843  -64.733  -1.201 0.2000000030
9262  -40.546  -64.769  -3.784 0.3000000119
9305  -42.175  -64.664  -8.885 0.4000000060
9328  -36.140  -64.733  -10.808 0.1000000015
9359  -35.525  -64.464  -13.751 0.2000000030
9390  -29.627  -64.750  -15.159 0.1000000015
9420  -40.013  -64.149  -16.694 0.1000000015
9912  -42.863  -64.730  -0.049 0.1000000015
9913  -43.618  -64.606  -0.227 0.1000000015
9983  -41.628  -63.585  -5.095 0.3000000119
10059  -35.954  -63.345  -10.472 0.2000000030
10111  -30.008  -63.854  -14.236 0.1000000015
10181  -37.836  -63.942  -20.996 0.1000000015
10636  -39.297  -62.124  4.969 0.1000000015
10693  -45.117  -63.537  -0.239 0.1000000015
10710  -46.304  -62.682  0.122 0.4000000060
10722  -38.037  -62.872  -1.855 0.1000000015
10727  -45.313  -63.547  -1.693 0.5000000000
10743  -38.668  -62.214  -2.872 0.1000000015
10746  -40.958  -62.066  -3.367 0.1000000015
10749  -45.031  -62.838  -2.686 0.5000000000
10766  -42.961  -62.595  -5.216 0.2000000030
10768  -44.714  -62.077  -3.952 0.5000000000
10789  -44.004  -63.132  -7.463 0.4000000060
10800  -44.637  -62.635  -8.091 0.4000000060
10809  -43.204  -63.195  -8.722 0.4000000060
10811  -44.603  -62.390  -8.270 0.4000000060
10912  -40.512  -62.994  -15.388 0.1000000015
11491  -43.013  -61.360  4.139 0.1000000015
11504  -42.894  -61.325  3.941 0.1000000015
11533  -45.743  -62.940  0.153 0.1000000015
11536  -46.866  -61.992  0.375 0.4000000060
11580  -39.263  -61.456  -3.386 0.1000000015
11624  -41.439  -60.903  -7.033 0.3000000119
11634  -38.288  -61.701  -7.181 0.1000000015
11639  -43.875  -61.138  -8.161 0.4000000060
11640  -45.527  -61.338  -7.944 0.5000000000
11650  -37.201  -62.096  -7.943 0.1000000015
11654  -45.085  -61.730  -8.277 0.5000000000
11716  -43.674  -61.318  -13.983 0.1000000015
11732  -38.840  -61.412  -14.613 0.1000000015
11737  -45.000  -61.227  -14.210 0.1000000015
11760  -45.511  -60.867  -14.914 0.1000000015
11782  -44.505  -60.760  -16.548 0.1000000015
11806  -42.724  -61.351  -17.991 0.1000000015
11827  -42.249  -61.407  -19.311 0.1000000015
12382  -34.634  -60.227  4.768 0.1000000015
12385  -37.427  -60.446  4.538 0.1000000015
12388  -42.039  -59.917  4.375 0.1000000015
12390  -43.104  -61.033  4.074 0.1000000015
12425  -48.129  -59.930  0.148 0.3000000119
12436  -46.955  -61.652  0.394 0.4000000060
12453  -48.125  -60.268  -0.822 0.4000000060
12471  -47.824  -60.606  -1.217 0.5000000000
12487  -39.818  -60.680  -3.557 0.1000000015
12536  -39.204  -60.599  -6.239 0.2000000030
12550  -42.112  -61.042  -7.431 0.3000000119
12552  -44.951  -60.180  -7.910 0.5000000000
12553  -45.783  -60.722  -7.945 0.5000000000
12554  -46.171  -60.428  -7.505 0.5000000000
12598  -35.778  -60.041  -11.661 0.1000000015
12617  -42.866  -61.259  -14.107 0.1000000015
12695  -45.625  -60.204  -16.928 0.1000000015
13267  -42.818  -60.582  3.750 0.1000000015
13359  -40.599  -59.006  -3.257 0.1000000015
13362  -47.928  -59.938  -2.099 0.4000000060
13381  -48.073  -59.157  -2.978 0.6000000238
13402  -40.118  -59.170  -5.755 0.2000000030
13418  -47.676  -58.870  -6.030 0.5000000000
13473  -35.857  -59.175  -11.065 0.1000000015
13493  -45.546  -59.424  -13.203 0.1000000015
13495  -47.569  -59.383  -12.941 0.1000000015
14122  -32.618  -58.345  2.808 0.1000000015
14167  -33.666  -58.032  -0.646 0.1000000015
14170  -36.197  -57.997  -0.720 0.1000000015
14173  -47.638  -59.397  0.343 0.3000000119
14228  -48.761  -57.820  -3.500 0.6000000238
14236  -48.426  -58.274  -4.278 0.6000000238
14249  -48.178  -58.450  -5.188 0.6000000238
14250  -48.561  -57.964  -4.654 0.6000000238
14260  -42.943  -58.095  -7.020 0.4000000060
14261  -47.899  -58.414  -6.118 0.6000000238
14922  -34.584  -57.705  2.713 0.1000000015
14923  -35.213  -57.837  2.957 0.1000000015
14924  -35.868  -58.102  3.174 0.1000000015
14928  -31.932  -57.831  1.791 0.1000000015
14931  -34.340  -57.469  2.285 0.1000000015
14965  -35.204  -57.214  0.641 0.1000000015
14967  -36.970  -57.309  0.817 0.1000000015
14991  -37.102  -57.461  -0.339 0.1000000015
14995  -47.405  -58.437  0.256 0.3000000119
15059  -44.886  -57.136  -6.928 0.4000000060
15066  -46.679  -58.110  -7.186 0.5000000000
15120  -41.095  -57.416  -12.416 0.1000000015
15894  -41.048  -56.158  -11.922 0.1000000015
15907  -47.774  -56.351  -12.400 0.1000000015
16623  -43.435  -55.146  -5.344 0.4000000060
16693  -44.474  -55.168  -12.408 0.1000000015
16696  -48.282  -55.745  -12.463 0.1000000015
16697  -49.367  -56.009  -12.528 0.1000000015
18330  -44.853  -53.282  0.890 0.2000000030
18479  -39.375  -52.948  -10.866 0.1000000015
18487  -41.496  -53.101  -11.471 0.1000000015
18499  -42.977  -53.127  -11.939 0.1000000015
18501  -46.028  -53.799  -12.882 0.1000000015
18519  -46.809  -53.924  -13.175 0.1000000015
18539  -44.911  -53.271  -13.764 0.1000000015
19234  -45.455  -52.023  1.546 0.2000000030
19251  -42.909  -52.113  1.048 0.1000000015
19405  -41.844  -52.803  -11.787 0.1000000015
19431  -39.844  -52.202  -12.617 0.1000000015
19432  -40.284  -52.203  -13.154 0.1000000015
19450  -40.770  -52.216  -13.768 0.1000000015
19452  -42.110  -52.456  -14.328 0.1000000015
19469  -43.318  -52.600  -15.081 0.1000000015
19471  -45.265  -52.949  -15.507 0.1000000015
19482  -43.772  -52.546  -15.887 0.1000000015
19510  -46.066  -52.208  -18.371 0.1000000015
20131  -42.845  -50.879  2.302 0.3000000119
20137  -41.498  -51.016  2.305 0.3000000119
20139  -43.370  -51.159  2.230 0.2000000030
20165  -46.669  -50.858  0.879 0.3000000119
20366  -41.079  -51.824  -15.140 0.1000000015
21030  -40.866  -50.014  2.331 0.3000000119
21031  -41.518  -50.238  2.197 0.3000000119
21058  -36.363  -50.116  0.605 0.1000000015
21094  -53.051  -50.465  -1.206 0.4000000060
21110  -44.605  -50.234  -0.821 0.3000000119
21117  -52.965  -50.786  -1.408 0.5000000000
21204  -44.964  -50.177  -5.839 0.1000000015
21318  -39.196  -50.849  -14.832 0.1000000015
21330  -40.174  -50.794  -15.908 0.1000000015
21345  -40.533  -50.378  -16.597 0.1000000015
21346  -41.173  -50.795  -16.730 0.1000000015
21361  -41.184  -50.270  -17.113 0.1000000015
21364  -43.576  -50.114  -18.035 0.1000000015
21374  -44.690  -49.892  -18.510 0.1000000015
21375  -45.808  -49.508  -19.074 0.1000000015
22037  -41.845  -49.929  1.726 0.3000000119
22054  -36.732  -49.326  1.115 0.1000000015
22061  -42.871  -49.832  0.241 0.3000000119
22149  -45.907  -49.323  -3.992 0.3000000119
22152  -48.518  -49.136  -4.283 0.3000000119
22214  -48.983  -49.742  -9.030 0.1000000015
22311  -41.411  -49.589  -17.371 0.1000000015
22963  -38.745  -48.869  1.383 0.1000000015
22993  -41.726  -48.864  -2.503 0.3000000119
23006  -42.540  -48.561  -3.612 0.2000000030
23022  -44.491  -48.411  -4.832 0.2000000030
23180  -38.123  -48.675  -15.717 0.1000000015
23208  -41.875  -48.813  -17.512 0.1000000015
23224  -45.990  -47.415  -19.203 0.1000000015
23944  -53.911  -48.046  -3.664 0.1000000015
23948  -42.972  -47.358  -5.285 0.1000000015
24095  -38.320  -47.379  -16.414 0.1000000015
24096  -39.318  -47.601  -16.923 0.1000000015
24107  -41.056  -46.861  -17.424 0.1000000015
24931  -44.971  -46.808  -10.138 0.1000000015
24947  -44.439  -46.425  -10.839 0.1000000015
25032  -40.139  -46.354  -17.360 0.1000000015
25034  -42.613  -45.839  -17.457 0.1000000015
25914  -41.595  -45.240  -17.432 0.1000000015
26810  -39.126  -44.210  -16.970 0.1000000015
26824  -40.735  -44.627  -17.355 0.1000000015
27739  -39.447  -43.406  -16.784 0.1000000015
27755  -40.026  -43.986  -17.205 0.1000000015
27759  -44.089  -43.434  -17.406 0.1000000015
28695  -42.717  -42.087  -16.776 0.1000000015
28707  -43.500  -42.748  -17.086 0.1000000015
29598  -40.111  -41.350  -16.408 0.1000000015
114706  -44.101  -53.806  -12.313 0.1000000015
115606  -33.757  -57.432  2.075 0.1000000015
115914  -39.666  -57.774  -12.347 0.1000000015
116311  -40.916  -52.385  -12.928 0.1000000015
117198  -40.402  -39.935  -16.341 0.1000000015
117485  -35.372  -48.083  1.030 0.1000000015
118063  -41.573  -58.182  -6.415 0.2000000030
118112  -38.698  -68.008  -3.649 0.2000000030
119572  -27.482  -65.889  -13.682 0.1000000015
119589  -47.274  -54.541  -3.131 0.4000000060
120956  -29.270  -65.667  -16.039 0.1000000015
121027  -47.446  -54.993  -12.530 0.1000000015
121523  -40.802  -65.889  -6.730 0.4000000060
122294  -47.661  -58.095  -12.497 0.1000000015
122623  -43.147  -60.770  -13.772 0.1000000015
122626  -44.070  -52.794  -14.897 0.1000000015
123044  -48.405  -59.381  -0.089 0.5000000000
123187  -45.573  -48.165  -18.708 0.1000000015
123297  -33.006  -57.410  1.163 0.1000000015
123339  -42.535  -47.974  -17.586 0.1000000015
124102  -44.851  -46.450  -18.030 0.1000000015
124133  -47.074  -53.639  -13.773 0.1000000015
124302  -27.963  -72.864  -17.868 0.1000000015
124595  -41.387  -66.016  -0.724 0.3000000119
125547  -47.228  -56.767  -5.664 0.5000000000
125690  -45.983  -50.648  0.948 0.3000000119
126360  -36.462  -66.173  -10.231 0.1000000015
126567  -43.667  -47.853  -17.808 0.1000000015
126652  -39.076  -67.857  -2.397 0.1000000015
126972  -44.790  -62.420  -7.724 0.4000000060
127349  -48.947  -58.071  -1.563 0.5000000000
127600  -46.376  -62.556  0.204 0.4000000060
128117  -53.133  -49.584  -1.464 0.4000000060
128674  -45.352  -53.830  -12.689 0.1000000015
128710  -39.067  -56.092  -11.380 0.1000000015
128920  -36.323  -59.243  3.948 0.1000000015
129657  -42.340  -59.903  -6.963 0.3000000119
129663  -48.853  -58.252  -0.379 0.3000000119
129703  -40.665  -46.296  -5.165 0.1000000015
130441  -41.637  -63.548  -8.784 0.4000000060
130762  -51.305  -53.436  -0.770 0.4000000060
131735  -38.163  -51.837  -11.744 0.1000000015
131970  -42.098  -62.361  -15.387 0.1000000015
132113  -47.943  -53.483  0.470 0.3000000119
132288  -43.123  -50.935  -17.670 0.1000000015
132822  -52.495  -48.776  -2.175 0.3000000119
133104  -44.897  -59.830  -13.384 0.1000000015
133210  -44.242  -60.228  -13.518 0.1000000015
133415  -43.688  -61.595  -14.750 0.1000000015
133516  -34.789  -66.587  -9.586 0.1000000015
133700  -53.412  -50.118  -10.615 0.1000000015
133843  -49.882  -55.795  -2.980 0.5000000000
134216  -39.814  -54.236  -11.165 0.1000000015
134369  -29.585  -68.237  -18.664 0.1000000015
134437  -47.486  -56.698  0.442 0.3000000119
135046  -41.913  -40.087  -16.690 0.1000000015
135485  -47.901  -57.814  0.498 0.3000000119
135898  -43.971  -55.479  -5.538 0.4000000060
136108  -46.687  -50.536  -19.593 0.1000000015
136289  -45.758  -56.076  -1.570 0.2000000030
136323  -30.184  -70.878  -21.923 0.1000000015
136943  -43.488  -64.832  -0.180 0.1000000015
136974  -42.740  -62.811  -8.638 0.4000000060
