#!ascii label  , from subject sub-v1s3x0050802_ses-1 vox2ras=TkReg
2122
64567  47.082  -2.080  29.909 0.0000000000
41123  39.041  -23.536  44.102 0.0000000000
137598  25.187  -26.611  46.951 0.0000000000
43148  19.557  -21.537  51.600 0.0000000000
37340  32.714  -28.587  51.405 0.0000000000
41152  29.148  -23.057  42.786 0.0000000000
61451  39.251  -4.963  34.019 0.0000000000
68050  55.324  0.254  25.942 0.0000000000
61334  43.514  -5.582  44.588 0.0000000000
51208  35.905  -14.383  40.771 0.0000000000
44560  31.488  -20.609  33.705 0.0000000000
38177  25.759  -26.690  53.815 0.0000000000
41048  23.256  -23.700  49.616 0.0000000000
130017  21.975  -23.523  56.159 0.0000000000
34622  28.165  -30.899  50.062 0.0000000000
65504  45.235  -1.476  42.855 0.0000000000
44354  39.631  -20.439  48.171 0.0000000000
132510  43.905  -18.201  48.362 0.0000000000
126752  42.065  -13.834  45.862 0.0000000000
46589  37.856  -18.780  42.813 0.0000000000
47860  35.316  -18.303  37.112 0.0000000000
42256  34.957  -22.532  39.925 0.0000000000
40217  24.260  -24.427  39.713 0.0000000000
43365  25.350  -21.331  37.515 0.0000000000
66766  51.080  -0.136  27.997 0.0000000000
68098  49.816  0.207  22.253 0.0000000000
141924  23.363  -27.559  40.903 0.0000000000
39258  21.611  -25.733  43.448 0.0000000000
38236  37.680  -27.011  49.591 0.0000000000
42195  33.872  -22.421  45.294 0.0000000000
38267  31.495  -26.465  47.633 0.0000000000
38309  26.630  -27.787  43.902 0.0000000000
64542  42.823  -2.706  32.486 0.0000000000
43048  17.630  -20.616  59.661 0.0000000000
44267  15.063  -20.149  53.413 0.0000000000
66716  53.245  -0.421  33.325 0.0000000000
65584  49.158  -0.971  35.907 0.0000000000
135223  44.518  -2.421  38.049 0.0000000000
62420  41.102  -4.938  39.302 0.0000000000
55759  40.336  -10.520  39.040 0.0000000000
57927  46.675  -7.984  46.426 0.0000000000
139421  43.407  -12.263  40.814 0.0000000000
54700  37.133  -11.805  36.648 0.0000000000
51284  33.422  -13.971  33.828 0.0000000000
44481  30.500  -20.217  39.704 0.0000000000
38137  25.261  -26.950  57.908 0.0000000000
39082  23.773  -25.108  55.485 0.0000000000
39032  23.235  -25.022  59.176 0.0000000000
36341  27.276  -29.113  55.757 0.0000000000
41088  41.762  -23.491  47.924 0.0000000000
43232  41.264  -21.406  46.698 0.0000000000
46554  40.182  -18.109  46.144 0.0000000000
44396  38.813  -20.838  43.711 0.0000000000
44445  36.791  -20.574  41.017 0.0000000000
42211  36.521  -23.188  42.403 0.0000000000
39297  22.673  -25.630  38.174 0.0000000000
40240  22.961  -24.025  37.472 0.0000000000
65671  49.238  -1.092  29.073 0.0000000000
66830  48.444  -0.913  25.869 0.0000000000
65695  46.889  -1.931  27.391 0.0000000000
38310  24.485  -27.419  44.450 0.0000000000
38330  22.287  -26.966  42.091 0.0000000000
39222  23.473  -25.436  45.023 0.0000000000
126433  20.994  -22.446  51.186 0.0000000000
42189  20.906  -22.932  46.734 0.0000000000
42174  19.022  -22.513  47.455 0.0000000000
42153  17.550  -22.431  48.252 0.0000000000
40102  36.013  -24.294  49.119 0.0000000000
38195  35.517  -27.768  51.513 0.0000000000
37388  34.392  -27.316  48.963 0.0000000000
36415  32.924  -29.334  49.655 0.0000000000
36429  26.409  -29.380  48.305 0.0000000000
35566  27.615  -29.642  46.632 0.0000000000
36466  25.761  -28.918  44.600 0.0000000000
37447  25.184  -28.281  42.548 0.0000000000
136686  40.905  -3.558  33.277 0.0000000000
62516  40.269  -4.935  29.413 0.0000000000
60448  38.700  -6.524  30.866 0.0000000000
44238  12.447  -20.474  55.302 0.0000000000
125808  46.575  -1.663  37.052 0.0000000000
65540  47.652  -1.560  39.681 0.0000000000
64420  43.814  -2.752  44.370 0.0000000000
63458  43.271  -3.293  41.067 0.0000000000
62381  41.737  -4.951  42.224 0.0000000000
60338  39.715  -7.076  40.512 0.0000000000
57982  41.025  -7.862  42.390 0.0000000000
52257  39.282  -13.910  44.291 0.0000000000
53383  42.734  -12.964  43.895 0.0000000000
53421  39.993  -12.674  42.288 0.0000000000
121756  40.573  -12.560  39.844 0.0000000000
53463  36.557  -12.886  39.269 0.0000000000
53532  34.765  -12.375  35.451 0.0000000000
51247  34.459  -14.651  37.829 0.0000000000
46709  34.924  -18.446  33.420 0.0000000000
42207  30.883  -22.702  44.130 0.0000000000
43294  32.407  -21.022  42.717 0.0000000000
43314  29.608  -21.544  41.326 0.0000000000
45579  26.067  -19.836  35.713 0.0000000000
68103  57.865  0.530  21.849 0.0000000000
68092  54.891  0.521  22.581 0.0000000000
38221  25.848  -26.288  50.651 0.0000000000
39177  24.759  -25.093  48.874 0.0000000000
40040  24.321  -24.693  52.098 0.0000000000
40982  22.439  -23.557  53.456 0.0000000000
42071  20.796  -22.344  54.291 0.0000000000
37325  29.390  -28.364  52.292 0.0000000000
119400  30.629  -30.837  51.351 0.0000000000
34584  28.847  -30.371  53.943 0.0000000000
36371  26.786  -28.334  52.363 0.0000000000
65517  48.123  -0.320  43.020 0.0000000000
63406  45.272  -3.176  46.312 0.0000000000
49975  43.510  -15.852  47.524 0.0000000000
50001  39.429  -15.767  45.921 0.0000000000
48925  36.597  -16.391  42.742 0.0000000000
48963  35.170  -16.168  39.227 0.0000000000
133512  36.309  -17.823  40.023 0.0000000000
44505  35.404  -21.016  37.594 0.0000000000
43372  33.356  -21.880  36.539 0.0000000000
41166  26.737  -23.753  41.465 0.0000000000
42257  27.201  -22.114  39.934 0.0000000000
42260  24.835  -22.906  38.999 0.0000000000
127702  53.389  0.398  27.098 0.0000000000
120014  53.315  0.454  24.346 0.0000000000
68054  51.114  0.217  25.199 0.0000000000
40142  22.547  -23.981  45.792 0.0000000000
40100  39.090  -24.283  49.394 0.0000000000
40113  38.883  -25.268  47.222 0.0000000000
41109  36.913  -23.650  44.858 0.0000000000
40116  35.564  -24.893  47.458 0.0000000000
40137  32.409  -24.526  46.840 0.0000000000
40156  29.716  -24.852  45.311 0.0000000000
35540  30.244  -29.705  48.730 0.0000000000
38280  28.901  -26.961  46.229 0.0000000000
39253  27.988  -25.254  43.966 0.0000000000
40198  25.839  -25.452  42.003 0.0000000000
38344  24.306  -27.098  41.022 0.0000000000
119888  45.186  -2.419  30.866 0.0000000000
64584  44.818  -3.096  28.109 0.0000000000
63585  42.542  -3.919  28.500 0.0000000000
42014  20.058  -21.921  57.820 0.0000000000
124837  18.927  -21.149  55.166 0.0000000000
44222  16.039  -20.203  56.545 0.0000000000
44265  17.199  -20.335  53.127 0.0000000000
67968  54.546  0.423  29.559 0.0000000000
66741  52.575  -0.081  30.446 0.0000000000
133558  50.185  -0.903  31.256 0.0000000000
65641  48.389  -1.470  32.639 0.0000000000
65633  45.853  -1.763  33.732 0.0000000000
64513  43.697  -2.428  35.353 0.0000000000
63505  42.037  -3.325  36.416 0.0000000000
64454  45.435  -2.156  40.105 0.0000000000
143071  42.684  -3.550  39.068 0.0000000000
61428  40.150  -4.958  37.107 0.0000000000
60364  38.497  -6.880  37.530 0.0000000000
56903  39.277  -9.859  37.504 0.0000000000
60272  46.237  -6.684  44.963 0.0000000000
53365  47.395  -12.396  45.438 0.0000000000
55715  46.689  -10.927  43.759 0.0000000000
133813  43.805  -9.754  42.419 0.0000000000
55749  42.522  -11.441  39.917 0.0000000000
133477  41.674  -12.396  37.612 0.0000000000
49009  33.857  -16.080  35.541 0.0000000000
43292  34.470  -21.937  42.055 0.0000000000
44478  33.192  -20.982  39.955 0.0000000000
44523  30.607  -20.338  36.004 0.0000000000
44496  27.737  -20.535  38.484 0.0000000000
45577  28.473  -19.477  36.520 0.0000000000
38128  24.312  -26.076  58.360 0.0000000000
137577  24.119  -24.746  59.366 0.0000000000
40150  40.587  -24.301  45.999 0.0000000000
131328  41.430  -23.020  47.153 0.0000000000
42193  39.850  -22.483  44.897 0.0000000000
44386  39.581  -20.677  45.054 0.0000000000
42201  39.292  -22.523  44.097 0.0000000000
43290  37.974  -21.568  42.704 0.0000000000
42210  37.970  -23.118  43.175 0.0000000000
65672  48.426  -1.497  29.470 0.0000000000
65681  47.858  -1.622  28.303 0.0000000000
65682  47.118  -1.982  28.265 0.0000000000
121890  24.695  -26.664  45.757 0.0000000000
38295  24.027  -26.370  44.792 0.0000000000
38282  24.759  -26.148  46.414 0.0000000000
122096  20.186  -21.935  51.147 0.0000000000
125892  20.581  -22.185  49.019 0.0000000000
131120  19.340  -21.494  49.854 0.0000000000
42152  18.347  -22.327  47.919 0.0000000000
127467  18.649  -21.246  49.867 0.0000000000
38219  31.059  -26.080  50.849 0.0000000000
38217  32.733  -26.609  50.652 0.0000000000
135146  34.164  -26.307  50.602 0.0000000000
37339  33.867  -28.775  51.583 0.0000000000
35497  34.307  -29.673  51.009 0.0000000000
36383  33.177  -29.423  51.520 0.0000000000
124227  25.707  -27.478  47.927 0.0000000000
36451  25.872  -29.045  46.606 0.0000000000
37415  25.555  -28.395  46.361 0.0000000000
37437  25.138  -28.337  44.513 0.0000000000
133736  39.863  -4.378  34.006 0.0000000000
62495  40.044  -4.188  32.083 0.0000000000
61467  38.841  -5.410  31.974 0.0000000000
65538  50.405  -0.903  40.426 0.0000000000
65554  48.614  -1.426  38.762 0.0000000000
128299  48.747  -1.334  40.499 0.0000000000
143250  43.400  -4.143  44.644 0.0000000000
63428  42.734  -3.873  43.307 0.0000000000
130266  42.235  -5.112  43.382 0.0000000000
60306  41.163  -6.513  42.435 0.0000000000
59206  42.296  -7.069  43.500 0.0000000000
51190  36.997  -14.295  42.280 0.0000000000
52285  39.363  -13.051  42.977 0.0000000000
52297  37.389  -13.561  41.726 0.0000000000
53451  37.668  -12.771  40.315 0.0000000000
52315  36.154  -13.442  39.785 0.0000000000
52331  35.493  -13.235  38.337 0.0000000000
52316  35.453  -13.940  39.498 0.0000000000
41137  30.190  -23.030  43.837 0.0000000000
42225  30.219  -22.105  42.691 0.0000000000
42226  29.507  -22.429  42.392 0.0000000000
68075  56.834  0.286  23.973 0.0000000000
120016  55.002  0.395  24.267 0.0000000000
38186  26.037  -26.549  52.381 0.0000000000
142845  25.453  -25.707  51.652 0.0000000000
39092  25.233  -25.809  53.500 0.0000000000
39990  22.900  -24.508  56.486 0.0000000000
40028  23.135  -24.248  54.070 0.0000000000
125300  22.329  -23.655  54.888 0.0000000000
40983  21.818  -23.103  53.444 0.0000000000
42043  21.206  -22.724  55.612 0.0000000000
37298  28.864  -27.782  54.406 0.0000000000
126938  29.206  -29.078  53.340 0.0000000000
37299  28.677  -28.885  54.995 0.0000000000
37300  26.387  -28.067  55.005 0.0000000000
36361  27.072  -29.171  54.166 0.0000000000
36362  26.611  -28.116  53.364 0.0000000000
37343  26.520  -27.567  51.641 0.0000000000
45388  43.650  -19.515  49.111 0.0000000000
131974  44.162  -17.249  49.448 0.0000000000
48835  44.657  -16.622  48.729 0.0000000000
49973  44.816  -15.946  48.339 0.0000000000
47731  43.311  -17.475  47.748 0.0000000000
46571  38.777  -18.224  44.945 0.0000000000
46555  39.578  -17.324  45.896 0.0000000000
47769  38.290  -17.323  44.719 0.0000000000
50016  37.606  -15.727  44.244 0.0000000000
47780  37.334  -17.181  43.413 0.0000000000
128515  36.506  -17.125  41.512 0.0000000000
46600  37.038  -17.894  41.749 0.0000000000
43322  36.259  -21.522  40.560 0.0000000000
45510  36.084  -20.197  39.664 0.0000000000
43347  35.277  -21.943  38.774 0.0000000000
44506  34.881  -21.342  36.997 0.0000000000
43348  34.500  -22.293  38.499 0.0000000000
41167  25.864  -24.100  41.060 0.0000000000
41184  25.196  -23.300  39.670 0.0000000000
41185  24.393  -23.629  39.254 0.0000000000
123673  52.535  0.301  27.053 0.0000000000
68036  52.195  0.293  26.275 0.0000000000
131262  50.497  -0.241  26.556 0.0000000000
142806  48.140  -0.668  24.554 0.0000000000
37464  23.240  -27.445  40.474 0.0000000000
119679  22.624  -27.608  40.767 0.0000000000
126517  23.746  -24.126  49.264 0.0000000000
40140  23.623  -24.329  46.894 0.0000000000
41078  23.009  -23.648  47.733 0.0000000000
40161  20.109  -24.240  45.568 0.0000000000
40160  20.662  -24.326  45.155 0.0000000000
39130  37.670  -26.320  50.662 0.0000000000
138309  38.262  -24.492  49.454 0.0000000000
39150  38.983  -25.800  50.117 0.0000000000
39148  40.135  -25.637  49.105 0.0000000000
38250  39.024  -26.307  48.821 0.0000000000
40114  37.761  -25.061  47.298 0.0000000000
39171  36.926  -26.081  48.425 0.0000000000
38256  32.899  -26.836  48.406 0.0000000000
39174  33.838  -25.972  48.151 0.0000000000
39195  31.706  -25.689  47.302 0.0000000000
40138  31.543  -24.657  46.480 0.0000000000
39208  30.477  -25.610  46.474 0.0000000000
34621  28.969  -31.188  50.508 0.0000000000
130836  30.377  -31.049  50.270 0.0000000000
34647  28.913  -30.762  49.074 0.0000000000
36460  27.384  -28.898  45.414 0.0000000000
37414  28.002  -28.372  46.034 0.0000000000
38293  27.827  -27.227  45.333 0.0000000000
38307  28.055  -26.398  44.991 0.0000000000
39237  27.605  -26.085  44.319 0.0000000000
39268  26.869  -25.318  42.975 0.0000000000
39255  26.524  -26.306  43.209 0.0000000000
37448  24.837  -28.159  42.224 0.0000000000
38337  24.753  -27.187  41.506 0.0000000000
37455  23.837  -27.622  41.067 0.0000000000
64549  44.464  -2.412  31.615 0.0000000000
64559  43.767  -2.953  30.306 0.0000000000
64560  43.015  -3.032  30.718 0.0000000000
61495  40.917  -5.274  28.238 0.0000000000
43061  18.927  -21.283  59.100 0.0000000000
42030  19.758  -21.675  56.943 0.0000000000
44207  18.067  -20.786  57.344 0.0000000000
120072  14.107  -20.034  55.689 0.0000000000
120071  15.493  -20.057  54.988 0.0000000000
141759  16.736  -20.222  54.510 0.0000000000
44266  15.801  -20.100  53.554 0.0000000000
44312  16.198  -20.776  50.731 0.0000000000
44298  15.452  -20.411  51.996 0.0000000000
67988  56.048  0.399  28.827 0.0000000000
66728  53.798  0.170  31.071 0.0000000000
120805  53.240  -0.196  31.734 0.0000000000
122703  50.964  -0.612  30.997 0.0000000000
66718  51.498  -0.561  32.373 0.0000000000
66676  49.844  -0.761  35.377 0.0000000000
66707  49.798  -0.972  33.685 0.0000000000
65616  48.367  -1.339  34.273 0.0000000000
120584  47.056  -1.612  33.193 0.0000000000
65617  47.086  -1.521  34.562 0.0000000000
65573  45.819  -1.864  37.504 0.0000000000
64512  45.162  -1.990  36.004 0.0000000000
64499  44.434  -2.287  36.564 0.0000000000
126973  43.154  -2.629  35.850 0.0000000000
64500  43.540  -2.595  36.633 0.0000000000
138459  47.176  -0.730  42.601 0.0000000000
120125  47.412  -1.157  41.818 0.0000000000
65518  45.333  -1.711  41.814 0.0000000000
62405  42.211  -4.184  40.112 0.0000000000
63467  43.336  -3.285  40.210 0.0000000000
62419  42.115  -4.028  39.240 0.0000000000
127793  41.347  -4.285  37.931 0.0000000000
62433  41.055  -4.673  38.458 0.0000000000
60363  39.009  -6.053  37.109 0.0000000000
61413  39.824  -5.773  38.453 0.0000000000
58006  39.263  -8.861  39.962 0.0000000000
58007  38.779  -8.546  39.339 0.0000000000
56887  39.464  -9.993  38.728 0.0000000000
55780  40.552  -10.721  38.220 0.0000000000
59177  47.774  -7.516  45.814 0.0000000000
51126  46.080  -14.173  46.943 0.0000000000
53351  46.464  -13.383  46.394 0.0000000000
52238  45.322  -13.884  45.608 0.0000000000
53418  43.163  -12.582  41.843 0.0000000000
53399  45.102  -12.629  43.504 0.0000000000
54619  44.847  -11.656  42.457 0.0000000000
56833  45.446  -9.669  43.283 0.0000000000
55728  44.223  -10.645  42.015 0.0000000000
55741  43.337  -10.904  41.179 0.0000000000
54631  43.636  -11.767  40.640 0.0000000000
132333  39.370  -12.502  38.880 0.0000000000
53475  40.596  -12.504  38.170 0.0000000000
53516  39.777  -12.384  37.186 0.0000000000
54698  39.864  -12.162  36.416 0.0000000000
54699  38.254  -11.762  36.314 0.0000000000
54718  36.885  -11.344  35.243 0.0000000000
52385  33.746  -13.215  34.247 0.0000000000
53544  34.317  -12.395  34.188 0.0000000000
47849  35.227  -17.000  38.086 0.0000000000
48999  34.673  -16.326  37.575 0.0000000000
47886  34.392  -17.136  35.489 0.0000000000
47926  35.126  -18.134  32.176 0.0000000000
42194  35.250  -22.696  45.013 0.0000000000
119504  35.637  -22.876  43.409 0.0000000000
43258  34.101  -21.832  44.030 0.0000000000
44447  31.766  -20.483  41.193 0.0000000000
44446  32.642  -20.658  41.332 0.0000000000
133574  31.375  -20.154  39.417 0.0000000000
44493  31.716  -20.521  37.811 0.0000000000
45539  31.104  -20.056  38.014 0.0000000000
43341  26.804  -21.766  39.295 0.0000000000
43340  27.617  -21.510  39.564 0.0000000000
44497  26.949  -20.720  38.234 0.0000000000
45578  27.041  -19.507  36.070 0.0000000000
45595  29.123  -19.681  35.040 0.0000000000
68096  51.378  0.447  22.919 0.0000000000
138303  52.560  0.494  22.533 0.0000000000
141745  43.973  -3.375  26.774 0.0000000000
38159  25.289  -26.962  56.397 0.0000000000
38160  24.948  -26.296  55.396 0.0000000000
39070  24.209  -25.964  57.051 0.0000000000
124983  23.638  -25.507  57.486 0.0000000000
39984  22.683  -24.625  58.323 0.0000000000
37272  25.868  -27.714  56.960 0.0000000000
42136  41.115  -22.885  49.174 0.0000000000
45390  41.023  -19.981  48.904 0.0000000000
42134  42.342  -22.030  48.811 0.0000000000
43212  42.584  -21.498  48.351 0.0000000000
45404  42.588  -19.673  47.632 0.0000000000
142386  41.424  -18.651  46.867 0.0000000000
45436  40.321  -19.782  46.015 0.0000000000
45447  39.280  -19.894  44.727 0.0000000000
45459  38.213  -19.653  42.959 0.0000000000
45471  37.779  -19.564  42.317 0.0000000000
44407  37.955  -20.439  42.533 0.0000000000
43307  36.984  -21.883  41.725 0.0000000000
43309  35.905  -22.477  40.890 0.0000000000
40218  23.702  -25.069  39.536 0.0000000000
40226  23.681  -24.299  39.027 0.0000000000
40233  22.753  -24.780  37.859 0.0000000000
66767  50.263  -0.487  28.194 0.0000000000
120967  49.776  -0.552  26.987 0.0000000000
66790  49.131  -0.908  27.350 0.0000000000
65710  47.376  -1.519  26.632 0.0000000000
123915  23.924  -27.769  42.609 0.0000000000
37456  23.233  -27.567  41.320 0.0000000000
38322  23.255  -26.839  43.121 0.0000000000
39256  22.695  -25.827  43.712 0.0000000000
39257  22.105  -25.545  43.671 0.0000000000
41032  22.039  -23.062  50.790 0.0000000000
42148  22.352  -23.172  48.592 0.0000000000
42149  21.442  -22.644  48.530 0.0000000000
42173  20.305  -22.580  47.242 0.0000000000
40123  18.163  -23.801  47.267 0.0000000000
39132  36.008  -26.311  50.816 0.0000000000
37335  37.136  -27.419  50.984 0.0000000000
38253  36.145  -26.863  49.059 0.0000000000
36412  35.484  -28.653  50.458 0.0000000000
134668  34.025  -28.838  49.713 0.0000000000
36425  32.353  -28.514  49.038 0.0000000000
35533  26.794  -30.023  49.063 0.0000000000
34649  27.614  -30.502  48.325 0.0000000000
35558  26.691  -29.925  47.244 0.0000000000
35572  26.525  -29.493  45.952 0.0000000000
36465  26.268  -28.996  44.417 0.0000000000
38320  25.718  -27.962  42.686 0.0000000000
36471  25.803  -28.666  43.802 0.0000000000
135195  24.698  -28.219  42.728 0.0000000000
63531  42.110  -2.950  32.966 0.0000000000
63558  41.532  -3.592  30.590 0.0000000000
63549  40.745  -3.719  31.884 0.0000000000
62504  39.608  -5.336  29.955 0.0000000000
136915  13.390  -20.070  56.107 0.0000000000
120069  13.848  -20.137  54.742 0.0000000000
44283  14.232  -20.600  52.579 0.0000000000
43117  13.145  -20.890  53.187 0.0000000000
65569  49.328  -0.963  36.866 0.0000000000
122667  47.600  -1.449  35.982 0.0000000000
65570  48.118  -1.448  37.826 0.0000000000
65555  47.610  -1.565  38.576 0.0000000000
126466  46.130  -1.820  38.368 0.0000000000
64430  44.367  -2.096  43.123 0.0000000000
64438  44.474  -2.202  42.125 0.0000000000
64439  43.699  -2.701  42.509 0.0000000000
62380  42.193  -4.350  41.882 0.0000000000
61381  41.241  -5.294  40.934 0.0000000000
60347  40.112  -6.281  40.138 0.0000000000
61367  40.805  -5.908  41.358 0.0000000000
57990  40.454  -7.952  41.791 0.0000000000
56853  40.498  -8.923  41.392 0.0000000000
52242  40.973  -13.616  45.238 0.0000000000
52255  43.302  -13.294  44.786 0.0000000000
52270  40.908  -13.104  44.235 0.0000000000
52269  41.431  -12.725  43.176 0.0000000000
53434  41.680  -12.640  41.406 0.0000000000
53447  42.286  -12.504  40.438 0.0000000000
53449  39.560  -12.575  40.639 0.0000000000
53461  38.381  -12.536  39.618 0.0000000000
53496  36.590  -12.400  37.859 0.0000000000
142331  35.926  -11.977  36.424 0.0000000000
53497  35.705  -12.686  37.647 0.0000000000
52366  34.387  -13.595  36.602 0.0000000000
51268  33.652  -14.365  35.499 0.0000000000
46696  35.346  -19.039  35.028 0.0000000000
47885  34.911  -18.288  34.898 0.0000000000
46704  34.935  -19.167  33.835 0.0000000000
46725  34.525  -18.632  32.566 0.0000000000
47942  33.592  -18.077  31.259 0.0000000000
42196  32.136  -22.730  45.154 0.0000000000
43259  33.192  -21.618  44.143 0.0000000000
123869  31.359  -22.081  43.728 0.0000000000
43296  30.662  -21.460  42.267 0.0000000000
44466  29.800  -20.638  40.260 0.0000000000
44525  25.487  -20.451  36.202 0.0000000000
44550  24.954  -20.781  34.447 0.0000000000
120134  58.353  0.080  23.320 0.0000000000
120503  56.831  0.559  22.220 0.0000000000
68105  55.197  0.647  21.755 0.0000000000
38258  25.650  -26.654  48.716 0.0000000000
39176  25.187  -25.754  48.281 0.0000000000
39137  25.410  -25.695  50.217 0.0000000000
40069  24.377  -24.661  50.365 0.0000000000
40070  23.835  -24.243  50.840 0.0000000000
39104  24.356  -25.081  53.666 0.0000000000
40041  23.585  -24.261  52.567 0.0000000000
41013  22.705  -23.528  51.862 0.0000000000
40999  22.082  -23.205  52.570 0.0000000000
126645  20.784  -22.305  52.585 0.0000000000
43130  20.207  -21.904  53.009 0.0000000000
37342  30.422  -27.715  51.193 0.0000000000
122979  31.269  -29.692  51.526 0.0000000000
36386  29.689  -29.172  51.830 0.0000000000
122772  29.255  -30.418  53.042 0.0000000000
34609  28.564  -30.673  51.745 0.0000000000
35472  28.106  -30.055  54.811 0.0000000000
35491  27.842  -30.106  53.039 0.0000000000
35503  27.267  -29.454  51.146 0.0000000000
36399  26.734  -28.721  50.448 0.0000000000
37376  26.048  -27.286  49.353 0.0000000000
60397  38.134  -6.352  34.019 0.0000000000
60409  38.053  -6.562  33.095 0.0000000000
59333  37.866  -7.739  33.423 0.0000000000
65515  49.629  0.150  42.812 0.0000000000
65491  46.439  -0.150  44.926 0.0000000000
65478  45.330  -1.139  44.968 0.0000000000
64412  44.041  -2.886  45.067 0.0000000000
62351  44.004  -4.286  45.224 0.0000000000
138969  45.250  -14.983  47.392 0.0000000000
49986  42.915  -15.014  47.043 0.0000000000
47744  41.641  -17.337  47.142 0.0000000000
49988  40.749  -15.629  46.612 0.0000000000
51141  40.953  -14.692  46.332 0.0000000000
51154  38.608  -15.065  44.886 0.0000000000
51178  37.516  -15.110  43.785 0.0000000000
50056  36.060  -15.673  41.763 0.0000000000
50066  35.443  -15.583  40.407 0.0000000000
48949  35.698  -16.306  40.612 0.0000000000
47830  35.768  -17.480  39.252 0.0000000000
46665  35.711  -18.271  38.651 0.0000000000
45509  36.450  -19.424  40.064 0.0000000000
130026  35.953  -18.897  39.117 0.0000000000
46686  35.505  -19.161  36.981 0.0000000000
44519  34.855  -20.821  36.279 0.0000000000
44534  33.500  -21.165  35.388 0.0000000000
44535  32.041  -21.424  35.046 0.0000000000
41165  27.497  -23.784  42.133 0.0000000000
42239  27.879  -22.672  41.199 0.0000000000
42240  27.139  -23.008  40.963 0.0000000000
42258  26.377  -22.408  39.638 0.0000000000
43354  24.927  -21.936  37.920 0.0000000000
126860  23.455  -23.482  37.834 0.0000000000
42271  23.806  -22.755  37.492 0.0000000000
68033  54.700  0.360  26.603 0.0000000000
68051  54.593  0.368  25.179 0.0000000000
68052  53.313  0.440  25.258 0.0000000000
68068  51.782  0.398  24.643 0.0000000000
68078  50.746  0.341  23.515 0.0000000000
66829  49.610  -0.384  25.435 0.0000000000
131843  49.311  -0.173  23.743 0.0000000000
125806  24.252  -25.089  46.674 0.0000000000
40157  23.094  -24.548  45.561 0.0000000000
39240  21.600  -25.175  44.081 0.0000000000
41116  21.874  -23.730  45.688 0.0000000000
40174  20.979  -24.745  44.548 0.0000000000
43195  39.283  -22.042  48.258 0.0000000000
122081  40.717  -23.683  49.127 0.0000000000
39205  40.586  -25.352  47.485 0.0000000000
40152  39.186  -24.472  45.162 0.0000000000
124230  37.630  -23.827  44.197 0.0000000000
138911  37.708  -24.303  45.975 0.0000000000
41091  35.968  -23.623  46.169 0.0000000000
41092  34.969  -23.499  46.360 0.0000000000
39172  35.404  -26.247  48.437 0.0000000000
40117  33.983  -24.516  47.294 0.0000000000
41093  33.406  -23.415  46.372 0.0000000000
41114  31.598  -23.483  45.511 0.0000000000
41115  30.674  -23.761  45.092 0.0000000000
40182  29.129  -24.092  43.937 0.0000000000
34618  31.883  -30.755  50.949 0.0000000000
35539  31.137  -29.520  49.106 0.0000000000
36437  30.388  -27.788  47.691 0.0000000000
131226  28.254  -29.427  47.086 0.0000000000
37404  29.450  -27.871  47.180 0.0000000000
138833  29.926  -27.079  47.003 0.0000000000
39219  29.426  -25.552  45.611 0.0000000000
39235  29.074  -25.208  44.969 0.0000000000
40183  28.337  -24.507  43.607 0.0000000000
40196  27.195  -24.558  42.626 0.0000000000
40206  26.198  -24.582  41.707 0.0000000000
40207  25.374  -25.080  41.321 0.0000000000
38328  25.414  -27.606  42.251 0.0000000000
39279  24.739  -26.077  41.191 0.0000000000
130604  24.238  -25.167  40.165 0.0000000000
39291  23.335  -25.753  39.424 0.0000000000
64557  45.837  -2.450  30.215 0.0000000000
64569  45.676  -2.602  29.364 0.0000000000
120242  45.060  -2.691  30.014 0.0000000000
126181  41.384  -4.211  29.132 0.0000000000
62535  41.546  -5.022  27.758 0.0000000000
60432  38.472  -7.050  31.482 0.0000000000
40904  23.449  -23.049  59.872 0.0000000000
126177  22.465  -24.206  59.547 0.0000000000
40923  21.676  -23.619  59.041 0.0000000000
42000  20.543  -22.474  59.111 0.0000000000
124740  21.267  -22.956  57.548 0.0000000000
42044  20.685  -22.364  55.807 0.0000000000
130348  19.708  -21.576  55.136 0.0000000000
142188  19.224  -21.340  53.804 0.0000000000
120150  16.963  -20.457  58.083 0.0000000000
44220  17.403  -20.497  56.124 0.0000000000
123599  17.541  -20.452  54.126 0.0000000000
43132  18.511  -20.884  52.456 0.0000000000
44311  17.155  -20.800  50.472 0.0000000000
68010  56.322  0.133  27.327 0.0000000000
68011  55.121  0.370  27.398 0.0000000000
68012  53.692  0.412  27.820 0.0000000000
66765  52.581  0.274  28.476 0.0000000000
67947  55.203  0.414  30.432 0.0000000000
67969  53.651  0.351  29.589 0.0000000000
143107  51.627  -0.069  28.879 0.0000000000
66754  50.728  -0.477  29.498 0.0000000000
66744  49.622  -1.112  30.620 0.0000000000
133698  48.928  -1.386  30.741 0.0000000000
66719  50.678  -0.718  32.666 0.0000000000
65640  49.260  -1.294  32.369 0.0000000000
65652  47.698  -1.734  31.134 0.0000000000
64547  46.275  -1.990  31.763 0.0000000000
64539  45.816  -1.952  32.434 0.0000000000
120922  44.430  -2.205  33.250 0.0000000000
65603  46.222  -1.663  35.269 0.0000000000
65620  44.996  -1.991  34.697 0.0000000000
64530  43.584  -2.407  33.738 0.0000000000
63523  42.167  -2.911  33.823 0.0000000000
142944  41.731  -3.262  35.035 0.0000000000
62467  40.351  -4.204  35.190 0.0000000000
65529  47.857  -1.386  40.932 0.0000000000
65541  46.768  -1.696  39.829 0.0000000000
64466  45.326  -2.203  39.275 0.0000000000
64447  44.608  -2.354  41.222 0.0000000000
64468  43.970  -2.820  39.901 0.0000000000
124678  43.815  -2.728  38.307 0.0000000000
63492  42.442  -3.430  37.766 0.0000000000
62457  41.336  -3.756  36.497 0.0000000000
62468  39.825  -4.697  35.471 0.0000000000
61430  38.789  -5.905  36.192 0.0000000000
59283  38.136  -6.691  36.109 0.0000000000
60348  39.060  -7.289  39.381 0.0000000000
58035  38.056  -8.424  37.483 0.0000000000
61323  45.920  -5.448  45.603 0.0000000000
60273  44.991  -6.526  44.671 0.0000000000
55701  47.682  -10.741  45.502 0.0000000000
53380  45.783  -13.070  44.311 0.0000000000
138104  47.984  -11.989  44.898 0.0000000000
56813  48.167  -9.599  45.189 0.0000000000
138379  47.417  -9.110  44.448 0.0000000000
57971  45.079  -8.669  43.570 0.0000000000
59204  43.598  -7.671  43.768 0.0000000000
57980  42.529  -8.613  42.729 0.0000000000
56852  41.343  -9.432  41.617 0.0000000000
123650  41.356  -10.731  40.020 0.0000000000
53458  42.505  -12.156  39.097 0.0000000000
54646  42.505  -11.943  38.798 0.0000000000
55779  41.571  -11.443  38.397 0.0000000000
54678  42.062  -12.167  36.743 0.0000000000
53531  35.215  -11.788  34.934 0.0000000000
54762  34.948  -11.953  32.866 0.0000000000
50089  34.591  -15.491  38.141 0.0000000000
50121  34.034  -15.304  36.612 0.0000000000
50140  33.530  -15.546  34.522 0.0000000000
47901  34.155  -16.962  34.499 0.0000000000
49025  33.732  -16.313  34.075 0.0000000000
41135  36.712  -23.422  43.084 0.0000000000
42223  35.894  -23.139  42.029 0.0000000000
42236  34.926  -22.523  41.232 0.0000000000
124056  33.244  -21.162  42.786 0.0000000000
142310  34.054  -21.700  40.891 0.0000000000
139535  33.739  -21.784  39.604 0.0000000000
43350  33.040  -21.663  38.010 0.0000000000
44521  31.991  -21.244  36.645 0.0000000000
44536  31.246  -20.972  35.299 0.0000000000
43315  28.919  -21.866  41.085 0.0000000000
43338  29.047  -20.936  40.055 0.0000000000
44494  29.255  -20.161  39.033 0.0000000000
45559  27.184  -19.760  37.002 0.0000000000
45558  28.091  -19.647  37.256 0.0000000000
45557  29.625  -19.656  37.447 0.0000000000
45575  30.109  -19.829  36.657 0.0000000000
44548  29.903  -20.238  34.791 0.0000000000
120011  53.796  0.448  23.620 0.0000000000
68107  53.835  0.568  21.687 0.0000000000
68123  53.715  0.629  20.905 0.0000000000
64599  45.484  -2.643  27.583 0.0000000000
140113  40.082  -24.049  45.096 0.0000000000
41106  40.264  -23.408  45.302 0.0000000000
41122  39.695  -23.433  44.613 0.0000000000
42209  38.657  -22.905  43.554 0.0000000000
65673  47.681  -1.789  29.745 0.0000000000
120860  47.856  -1.706  28.999 0.0000000000
64581  47.169  -2.059  29.156 0.0000000000
43165  19.855  -21.740  50.244 0.0000000000
43166  19.225  -21.356  50.680 0.0000000000
37356  31.135  -27.065  50.814 0.0000000000
38218  31.759  -26.319  50.641 0.0000000000
37355  32.131  -27.423  50.864 0.0000000000
37354  33.282  -27.734  51.212 0.0000000000
38281  25.475  -27.429  47.087 0.0000000000
37416  25.155  -27.328  46.188 0.0000000000
62484  39.644  -4.529  33.324 0.0000000000
61460  39.002  -5.169  32.983 0.0000000000
65527  49.976  -0.777  41.202 0.0000000000
62359  43.221  -4.731  44.523 0.0000000000
62360  42.611  -4.581  43.708 0.0000000000
61335  42.621  -5.449  44.004 0.0000000000
60290  42.450  -6.312  43.751 0.0000000000
52287  37.726  -13.804  42.552 0.0000000000
52302  37.112  -13.311  40.886 0.0000000000
52303  36.380  -13.679  40.541 0.0000000000
41138  29.498  -23.375  43.541 0.0000000000
42215  29.824  -22.708  43.123 0.0000000000
68049  56.389  0.063  25.657 0.0000000000
68065  56.585  0.159  24.831 0.0000000000
68066  55.587  0.269  25.024 0.0000000000
123408  25.767  -26.327  53.030 0.0000000000
38168  25.339  -26.388  54.533 0.0000000000
40947  22.356  -23.944  56.723 0.0000000000
40961  22.483  -23.920  55.718 0.0000000000
40962  21.797  -23.302  55.348 0.0000000000
128985  21.536  -23.114  56.119 0.0000000000
38167  29.210  -26.635  54.808 0.0000000000
37301  25.865  -27.186  54.760 0.0000000000
37316  26.241  -27.529  54.044 0.0000000000
37315  26.190  -27.043  53.166 0.0000000000
46519  44.036  -18.872  48.918 0.0000000000
46505  43.981  -18.454  49.258 0.0000000000
46504  44.336  -17.936  48.875 0.0000000000
47713  44.566  -17.300  49.015 0.0000000000
47729  44.514  -17.179  48.709 0.0000000000
47730  44.221  -17.391  48.311 0.0000000000
131992  38.271  -18.159  44.175 0.0000000000
46581  37.794  -18.043  43.456 0.0000000000
47770  37.751  -17.287  44.080 0.0000000000
47788  37.345  -17.826  42.655 0.0000000000
46599  37.493  -18.720  42.021 0.0000000000
43323  35.569  -22.239  40.212 0.0000000000
44461  35.963  -21.282  39.893 0.0000000000
43334  35.387  -22.119  39.491 0.0000000000
43335  34.689  -22.388  39.235 0.0000000000
40216  25.175  -24.396  40.632 0.0000000000
41177  24.839  -23.949  40.027 0.0000000000
68014  52.036  0.198  27.848 0.0000000000
66787  51.451  0.055  27.007 0.0000000000
41068  23.200  -23.689  48.579 0.0000000000
39242  19.930  -25.741  44.883 0.0000000000
38212  37.779  -26.929  50.590 0.0000000000
39151  38.151  -25.753  50.400 0.0000000000
38211  38.300  -26.740  50.156 0.0000000000
38234  39.191  -26.326  49.387 0.0000000000
38251  37.914  -26.409  48.802 0.0000000000
38252  36.993  -26.691  48.984 0.0000000000
38257  32.072  -26.999  48.207 0.0000000000
38266  32.399  -26.125  47.881 0.0000000000
39196  30.930  -26.018  47.043 0.0000000000
34635  29.414  -31.166  49.987 0.0000000000
34636  28.545  -30.970  49.623 0.0000000000
37436  26.734  -28.364  44.341 0.0000000000
37435  27.311  -28.076  45.005 0.0000000000
38308  27.264  -27.196  44.570 0.0000000000
38318  26.870  -26.734  43.859 0.0000000000
37449  24.261  -27.924  41.870 0.0000000000
143452  24.312  -27.756  41.535 0.0000000000
64550  43.571  -2.546  32.035 0.0000000000
127983  43.676  -2.691  31.164 0.0000000000
64551  42.898  -2.828  31.610 0.0000000000
43047  18.408  -20.917  59.648 0.0000000000
43062  18.156  -20.853  59.023 0.0000000000
127591  18.645  -21.138  58.122 0.0000000000
120070  14.683  -20.043  54.880 0.0000000000
120073  15.016  -20.038  55.672 0.0000000000
44254  15.237  -20.061  54.195 0.0000000000
44253  16.013  -20.091  54.346 0.0000000000
120343  15.618  -20.198  52.761 0.0000000000
44282  14.913  -20.339  52.657 0.0000000000
67966  57.026  0.403  30.042 0.0000000000
67945  57.464  0.363  31.108 0.0000000000
138011  53.887  -0.198  32.595 0.0000000000
141444  52.953  -0.392  32.493 0.0000000000
136831  52.319  -0.434  32.029 0.0000000000
66717  52.263  -0.502  32.841 0.0000000000
65600  48.927  -1.096  34.934 0.0000000000
65601  47.834  -1.391  34.941 0.0000000000
64486  44.890  -2.207  37.438 0.0000000000
64498  45.226  -2.017  36.803 0.0000000000
64487  44.039  -2.506  37.408 0.0000000000
126321  46.299  -1.005  42.719 0.0000000000
130787  41.641  -4.569  39.710 0.0000000000
137673  41.539  -4.476  39.036 0.0000000000
61412  40.521  -5.338  38.854 0.0000000000
56869  39.564  -9.762  39.514 0.0000000000
57925  47.894  -8.034  45.914 0.0000000000
52224  44.296  -14.246  46.218 0.0000000000
52223  45.561  -14.285  46.365 0.0000000000
143225  44.855  -14.099  45.884 0.0000000000
53417  43.959  -12.412  42.201 0.0000000000
53431  44.311  -11.987  41.773 0.0000000000
54620  44.360  -11.497  41.798 0.0000000000
54630  43.957  -11.935  41.060 0.0000000000
53445  43.568  -12.011  40.461 0.0000000000
53494  38.523  -12.320  37.669 0.0000000000
132232  39.499  -12.461  37.995 0.0000000000
54680  37.807  -12.070  37.184 0.0000000000
54679  38.779  -12.164  36.982 0.0000000000
123069  37.270  -11.523  35.944 0.0000000000
52392  33.650  -13.339  33.359 0.0000000000
122397  33.443  -13.946  33.159 0.0000000000
47848  35.401  -17.872  37.924 0.0000000000
47861  35.001  -17.333  37.308 0.0000000000
47870  34.921  -17.759  36.408 0.0000000000
41111  34.562  -22.768  45.619 0.0000000000
121172  34.559  -22.339  44.693 0.0000000000
44464  31.393  -20.309  40.284 0.0000000000
45525  30.846  -19.924  38.859 0.0000000000
43353  25.682  -21.657  38.281 0.0000000000
43352  26.509  -21.395  38.597 0.0000000000
43364  26.154  -21.000  37.892 0.0000000000
68097  50.584  0.362  22.647 0.0000000000
68110  50.429  0.369  21.812 0.0000000000
37260  25.292  -27.104  57.409 0.0000000000
38150  24.770  -26.633  57.047 0.0000000000
38138  24.671  -26.581  57.857 0.0000000000
39045  23.808  -25.545  58.793 0.0000000000
39058  23.716  -25.636  58.318 0.0000000000
39046  23.206  -25.156  58.779 0.0000000000
39983  23.188  -25.091  57.939 0.0000000000
38126  25.358  -26.653  58.181 0.0000000000
37258  26.148  -27.461  57.519 0.0000000000
37259  25.801  -27.376  57.507 0.0000000000
41057  41.424  -23.453  48.680 0.0000000000
42135  41.810  -22.486  49.024 0.0000000000
42161  42.045  -22.803  48.469 0.0000000000
42183  41.009  -22.267  46.494 0.0000000000
42182  41.712  -22.230  47.268 0.0000000000
43213  42.027  -21.465  47.471 0.0000000000
44353  42.454  -20.608  47.681 0.0000000000
44371  41.521  -20.580  46.933 0.0000000000
45421  41.008  -19.780  46.548 0.0000000000
44372  40.751  -20.573  46.321 0.0000000000
44395  39.219  -20.741  44.350 0.0000000000
125290  38.960  -20.071  44.124 0.0000000000
45458  38.605  -19.844  43.614 0.0000000000
44406  38.376  -20.587  43.118 0.0000000000
43291  37.203  -22.493  42.239 0.0000000000
44423  37.516  -21.229  42.127 0.0000000000
43308  36.590  -21.740  41.216 0.0000000000
42234  36.306  -22.808  41.644 0.0000000000
39296  23.101  -25.078  38.760 0.0000000000
66768  49.658  -0.764  28.438 0.0000000000
66789  49.714  -0.650  27.751 0.0000000000
66769  49.126  -1.040  28.169 0.0000000000
65694  47.689  -1.568  27.503 0.0000000000
65712  46.035  -1.985  26.160 0.0000000000
38321  24.106  -27.498  43.514 0.0000000000
38311  23.492  -26.277  44.099 0.0000000000
39238  22.931  -25.437  44.365 0.0000000000
42111  21.413  -22.663  50.493 0.0000000000
42110  21.894  -22.900  50.056 0.0000000000
42126  21.337  -22.581  49.581 0.0000000000
43203  19.665  -21.924  48.530 0.0000000000
42150  20.486  -22.306  48.054 0.0000000000
135041  19.596  -22.656  47.132 0.0000000000
134152  19.486  -23.537  46.436 0.0000000000
41101  19.061  -23.068  46.881 0.0000000000
39212  19.184  -24.655  46.399 0.0000000000
40144  18.868  -23.816  46.671 0.0000000000
43205  17.937  -21.827  48.575 0.0000000000
41082  17.850  -23.023  47.590 0.0000000000
40104  18.006  -24.679  47.796 0.0000000000
134920  17.168  -23.007  48.174 0.0000000000
40085  33.601  -24.338  49.596 0.0000000000
132313  34.684  -27.048  51.169 0.0000000000
39133  34.967  -26.281  50.660 0.0000000000
38215  35.578  -27.067  51.354 0.0000000000
38214  36.488  -26.868  51.287 0.0000000000
37336  36.497  -27.886  51.232 0.0000000000
36411  36.151  -28.362  50.732 0.0000000000
36397  35.641  -28.762  50.933 0.0000000000
35527  33.527  -29.807  50.499 0.0000000000
36413  34.222  -29.355  50.333 0.0000000000
36414  33.629  -29.229  49.826 0.0000000000
37374  33.293  -28.418  49.315 0.0000000000
35544  26.918  -30.254  48.181 0.0000000000
36462  25.954  -29.229  45.634 0.0000000000
35569  26.319  -29.469  46.516 0.0000000000
36461  26.596  -29.316  45.225 0.0000000000
143595  26.078  -29.228  44.926 0.0000000000
37443  24.865  -28.297  43.676 0.0000000000
63540  41.349  -3.385  32.581 0.0000000000
61479  38.843  -5.713  31.088 0.0000000000
62496  39.404  -4.861  31.394 0.0000000000
132509  39.038  -5.978  30.344 0.0000000000
61489  39.374  -6.189  29.628 0.0000000000
60447  39.043  -6.697  30.180 0.0000000000
119891  12.705  -20.239  56.042 0.0000000000
44237  13.243  -20.175  55.403 0.0000000000
121179  12.978  -20.383  54.612 0.0000000000
121358  13.599  -20.366  53.827 0.0000000000
44269  12.670  -20.797  53.897 0.0000000000
137062  48.661  -1.267  37.290 0.0000000000
142971  48.877  -1.325  38.094 0.0000000000
137258  48.345  -1.474  39.458 0.0000000000
65556  46.798  -1.693  38.914 0.0000000000
64431  43.702  -2.690  43.440 0.0000000000
62368  42.255  -4.531  42.832 0.0000000000
63438  42.638  -3.815  42.404 0.0000000000
62393  41.695  -4.809  41.399 0.0000000000
61366  41.343  -5.449  41.739 0.0000000000
59221  40.786  -7.215  42.242 0.0000000000
57991  39.981  -8.263  41.195 0.0000000000
51164  40.019  -13.808  44.816 0.0000000000
52271  39.849  -13.252  43.789 0.0000000000
53422  39.044  -12.834  42.193 0.0000000000
53403  40.140  -12.752  42.992 0.0000000000
53420  40.950  -12.665  42.409 0.0000000000
53435  40.726  -12.628  41.537 0.0000000000
53436  39.743  -12.621  41.476 0.0000000000
53450  38.572  -12.615  40.510 0.0000000000
53462  37.410  -12.644  39.443 0.0000000000
53476  37.021  -12.521  38.628 0.0000000000
53477  36.167  -12.757  38.494 0.0000000000
52332  34.857  -13.886  38.273 0.0000000000
52349  35.118  -13.303  37.768 0.0000000000
52350  34.603  -13.785  37.466 0.0000000000
52367  33.986  -13.798  35.929 0.0000000000
51258  33.909  -14.486  36.277 0.0000000000
45592  34.921  -19.807  34.938 0.0000000000
45609  35.112  -19.262  34.430 0.0000000000
45610  34.137  -19.826  34.392 0.0000000000
46726  33.160  -18.756  32.530 0.0000000000
46744  34.097  -18.454  31.936 0.0000000000
46745  32.501  -18.394  31.826 0.0000000000
42206  31.715  -22.404  44.436 0.0000000000
43297  29.889  -21.809  41.999 0.0000000000
43313  30.379  -21.194  41.540 0.0000000000
43325  30.055  -20.902  40.905 0.0000000000
68091  56.230  0.416  23.286 0.0000000000
141018  56.477  0.469  22.756 0.0000000000
121012  55.848  0.537  22.481 0.0000000000
38239  25.779  -26.404  49.744 0.0000000000
39156  25.344  -25.736  49.281 0.0000000000
39120  25.000  -25.244  51.670 0.0000000000
39138  24.930  -25.166  50.726 0.0000000000
40055  24.397  -24.694  51.215 0.0000000000
39081  24.368  -25.653  55.365 0.0000000000
39093  24.718  -25.706  54.492 0.0000000000
39094  24.068  -25.125  54.644 0.0000000000
142699  22.798  -23.895  53.783 0.0000000000
40042  23.090  -23.999  53.343 0.0000000000
40997  23.273  -23.878  51.999 0.0000000000
40998  22.867  -23.709  52.631 0.0000000000
42070  21.361  -22.720  53.876 0.0000000000
42086  21.390  -22.692  52.988 0.0000000000
42087  20.806  -22.318  53.448 0.0000000000
43114  20.265  -21.897  53.881 0.0000000000
38185  29.455  -27.114  52.626 0.0000000000
38175  29.834  -26.065  53.188 0.0000000000
38196  30.468  -26.685  51.256 0.0000000000
38197  29.804  -27.368  51.684 0.0000000000
135985  29.804  -28.245  51.560 0.0000000000
135242  29.252  -30.002  53.938 0.0000000000
35490  29.340  -30.239  53.327 0.0000000000
134483  29.069  -30.699  52.503 0.0000000000
34595  28.924  -30.488  53.423 0.0000000000
36340  27.724  -29.251  55.754 0.0000000000
36339  28.098  -29.319  55.665 0.0000000000
35461  27.696  -29.552  55.315 0.0000000000
36370  27.197  -29.228  53.194 0.0000000000
35481  27.796  -30.066  54.080 0.0000000000
36387  27.320  -29.300  52.178 0.0000000000
35502  27.868  -30.177  51.956 0.0000000000
36388  26.837  -28.506  51.426 0.0000000000
38198  26.257  -26.895  51.104 0.0000000000
37357  26.506  -27.740  50.776 0.0000000000
38220  26.179  -27.051  50.241 0.0000000000
60410  37.773  -7.167  33.623 0.0000000000
64401  45.308  -2.089  46.379 0.0000000000
131119  44.611  -2.728  45.648 0.0000000000
63407  44.379  -3.439  45.493 0.0000000000
138723  45.266  -4.044  45.958 0.0000000000
44336  42.081  -20.490  49.450 0.0000000000
49974  44.646  -16.033  47.912 0.0000000000
123638  45.163  -15.349  47.856 0.0000000000
51128  44.459  -15.384  47.429 0.0000000000
51140  44.240  -14.809  46.858 0.0000000000
46553  40.940  -18.429  46.588 0.0000000000
127525  41.521  -18.163  46.970 0.0000000000
47745  40.822  -17.491  46.621 0.0000000000
48882  39.109  -16.520  45.696 0.0000000000
48868  40.405  -16.545  46.500 0.0000000000
49989  40.010  -15.865  46.349 0.0000000000
51142  40.008  -15.058  46.060 0.0000000000
138333  39.713  -14.539  45.375 0.0000000000
51153  39.212  -15.079  45.443 0.0000000000
48913  36.936  -16.414  43.350 0.0000000000
50030  36.702  -15.724  43.124 0.0000000000
51191  36.727  -15.031  42.791 0.0000000000
50045  36.392  -15.683  42.456 0.0000000000
48939  36.346  -16.406  42.034 0.0000000000
47797  36.716  -17.858  40.917 0.0000000000
48948  36.199  -17.067  40.722 0.0000000000
46649  36.041  -18.218  39.350 0.0000000000
45488  37.366  -19.688  41.537 0.0000000000
45489  36.888  -19.508  40.751 0.0000000000
44491  35.601  -20.979  38.443 0.0000000000
45524  35.803  -19.899  38.970 0.0000000000
45538  35.655  -19.942  38.133 0.0000000000
131957  35.737  -19.144  38.549 0.0000000000
45554  35.580  -19.905  37.306 0.0000000000
45573  35.498  -19.854  36.505 0.0000000000
44518  35.349  -20.602  36.911 0.0000000000
43371  34.163  -21.772  36.751 0.0000000000
44520  33.912  -21.455  36.008 0.0000000000
43382  33.212  -21.690  35.889 0.0000000000
43383  32.688  -21.520  35.467 0.0000000000
142648  27.491  -23.244  41.499 0.0000000000
41175  26.324  -23.376  40.689 0.0000000000
42250  25.925  -22.991  40.032 0.0000000000
42259  25.585  -22.657  39.340 0.0000000000
42264  25.259  -22.312  38.628 0.0000000000
125449  23.219  -24.183  38.257 0.0000000000
41192  23.782  -23.612  38.533 0.0000000000
42275  23.592  -22.714  36.615 0.0000000000
42270  24.029  -22.131  36.887 0.0000000000
68034  53.860  0.400  26.410 0.0000000000
121090  53.908  0.401  25.636 0.0000000000
141061  53.395  0.403  25.903 0.0000000000
68053  51.967  0.355  25.466 0.0000000000
68069  50.939  0.300  24.377 0.0000000000
66812  49.228  -0.755  26.659 0.0000000000
138407  49.744  -0.469  26.226 0.0000000000
136222  49.053  -0.724  26.012 0.0000000000
66838  48.658  -0.436  24.180 0.0000000000
38329  23.198  -27.363  42.206 0.0000000000
38338  22.054  -27.280  41.456 0.0000000000
39197  24.589  -25.042  47.814 0.0000000000
40141  23.087  -24.085  46.307 0.0000000000
143782  23.581  -24.601  46.246 0.0000000000
40172  22.219  -24.676  44.680 0.0000000000
40158  22.217  -24.299  45.142 0.0000000000
42171  21.989  -23.022  47.816 0.0000000000
41098  21.470  -23.365  46.261 0.0000000000
142267  20.495  -25.323  44.458 0.0000000000
134974  35.263  -23.526  48.654 0.0000000000
41062  36.255  -23.545  48.491 0.0000000000
41061  37.461  -23.689  48.603 0.0000000000
41060  38.573  -23.686  48.794 0.0000000000
42138  38.922  -22.897  48.393 0.0000000000
42137  40.039  -22.899  48.930 0.0000000000
41059  39.641  -23.722  49.133 0.0000000000
39190  39.486  -25.751  48.092 0.0000000000
39169  40.441  -25.564  48.330 0.0000000000
39206  39.906  -25.442  47.189 0.0000000000
40130  40.368  -25.032  46.466 0.0000000000
40131  39.331  -24.898  46.150 0.0000000000
40153  38.473  -24.472  45.520 0.0000000000
40132  38.227  -24.713  46.493 0.0000000000
40115  36.592  -24.797  47.289 0.0000000000
40133  36.462  -24.192  46.589 0.0000000000
40134  35.706  -24.230  46.840 0.0000000000
37387  35.278  -27.097  49.022 0.0000000000
38254  34.534  -26.506  48.494 0.0000000000
40118  33.170  -24.841  47.383 0.0000000000
135368  33.899  -25.271  47.717 0.0000000000
40136  33.287  -24.121  46.893 0.0000000000
125624  34.099  -23.772  46.742 0.0000000000
41094  32.724  -23.790  46.475 0.0000000000
41113  32.608  -23.194  45.882 0.0000000000
41095  31.964  -23.941  46.226 0.0000000000
40139  30.766  -24.903  46.201 0.0000000000
40154  31.151  -24.215  45.842 0.0000000000
40155  30.400  -24.511  45.557 0.0000000000
41127  29.913  -23.707  44.375 0.0000000000
40168  30.032  -24.237  44.996 0.0000000000
35500  30.897  -30.347  51.540 0.0000000000
35499  31.877  -30.279  51.442 0.0000000000
34606  31.448  -30.713  51.202 0.0000000000
35531  29.836  -30.606  49.297 0.0000000000
35530  30.772  -30.408  49.554 0.0000000000
36427  30.669  -28.723  48.411 0.0000000000
35557  27.139  -30.045  46.816 0.0000000000
35556  27.779  -30.127  47.433 0.0000000000
37428  28.292  -27.468  45.909 0.0000000000
37413  28.695  -27.867  46.583 0.0000000000
37412  29.319  -27.249  46.673 0.0000000000
38279  29.552  -26.602  46.458 0.0000000000
38291  29.167  -26.246  45.907 0.0000000000
39236  28.369  -25.586  44.654 0.0000000000
40170  28.696  -24.833  44.320 0.0000000000
40195  27.945  -24.169  42.890 0.0000000000
40184  27.583  -24.893  43.301 0.0000000000
39269  26.200  -25.831  42.603 0.0000000000
40197  26.512  -24.959  42.347 0.0000000000
37442  25.704  -28.375  43.135 0.0000000000
39285  24.251  -26.047  40.632 0.0000000000
39286  23.745  -25.914  40.049 0.0000000000
119699  46.009  -2.251  31.046 0.0000000000
63556  43.135  -3.295  29.830 0.0000000000
64571  43.905  -3.221  29.489 0.0000000000
63570  43.260  -3.493  29.028 0.0000000000
143336  41.225  -3.869  30.074 0.0000000000
63572  41.667  -3.790  29.694 0.0000000000
62515  40.898  -4.252  29.664 0.0000000000
61502  41.969  -5.185  27.035 0.0000000000
59350  38.365  -7.524  32.230 0.0000000000
60420  38.210  -6.811  32.267 0.0000000000
59363  38.783  -7.734  31.508 0.0000000000
141366  24.294  -22.657  59.643 0.0000000000
131442  22.255  -23.859  59.796 0.0000000000
40916  21.839  -23.641  59.580 0.0000000000
39963  22.178  -24.114  59.323 0.0000000000
121244  20.496  -22.371  58.366 0.0000000000
40933  21.101  -22.904  58.516 0.0000000000
42013  20.723  -22.496  57.627 0.0000000000
42028  21.006  -22.626  56.608 0.0000000000
42029  20.387  -22.142  57.039 0.0000000000
43089  18.742  -21.063  56.058 0.0000000000
121285  19.508  -21.505  56.001 0.0000000000
43101  19.548  -21.497  54.323 0.0000000000
44209  15.415  -20.122  57.155 0.0000000000
44199  15.219  -20.045  58.171 0.0000000000
142464  15.790  -20.182  57.825 0.0000000000
44198  16.294  -20.268  58.551 0.0000000000
121379  16.333  -20.301  57.455 0.0000000000
44208  17.222  -20.523  57.416 0.0000000000
121006  16.828  -20.376  56.703 0.0000000000
44252  16.597  -20.191  53.758 0.0000000000
44264  18.108  -20.679  53.263 0.0000000000
44279  17.694  -20.495  52.431 0.0000000000
43150  18.024  -20.611  51.660 0.0000000000
143919  17.359  -20.437  51.777 0.0000000000
43169  16.457  -21.297  49.951 0.0000000000
43152  14.470  -21.397  51.345 0.0000000000
66811  57.365  -0.271  26.994 0.0000000000
68032  55.511  0.243  26.720 0.0000000000
124032  55.852  0.335  27.954 0.0000000000
120018  54.919  0.453  28.794 0.0000000000
67989  53.939  0.422  28.693 0.0000000000
138902  53.265  0.385  28.319 0.0000000000
120218  55.992  0.414  31.335 0.0000000000
135781  53.061  -0.026  30.955 0.0000000000
66740  53.338  0.199  30.342 0.0000000000
66753  52.428  0.168  29.175 0.0000000000
120712  51.979  -0.137  29.798 0.0000000000
142246  51.366  -0.294  29.576 0.0000000000
121607  51.185  -0.428  30.157 0.0000000000
66743  50.402  -0.713  30.421 0.0000000000
65650  49.315  -1.292  31.457 0.0000000000
66705  51.413  -0.580  33.302 0.0000000000
66706  50.519  -0.736  33.454 0.0000000000
65629  49.146  -1.254  33.185 0.0000000000
133126  48.679  -1.463  31.912 0.0000000000
127176  47.948  -1.620  31.880 0.0000000000
65653  47.114  -1.812  31.736 0.0000000000
65642  47.482  -1.629  32.514 0.0000000000
65632  46.601  -1.607  33.964 0.0000000000
65644  46.242  -1.754  33.152 0.0000000000
64528  45.393  -1.943  33.147 0.0000000000
64540  44.934  -2.165  32.428 0.0000000000
64529  45.132  -1.945  33.917 0.0000000000
120329  47.168  -1.556  36.702 0.0000000000
65586  46.610  -1.623  36.085 0.0000000000
65605  44.871  -2.063  35.329 0.0000000000
65604  45.482  -1.847  35.272 0.0000000000
64520  44.319  -2.219  34.973 0.0000000000
119668  44.341  -2.190  34.192 0.0000000000
64521  43.613  -2.412  34.577 0.0000000000
64522  42.865  -2.607  34.191 0.0000000000
134625  42.324  -3.001  35.593 0.0000000000
63525  40.995  -3.613  34.926 0.0000000000
63514  41.529  -3.478  35.705 0.0000000000
65516  48.652  -0.575  42.327 0.0000000000
65528  49.326  -0.701  41.754 0.0000000000
65530  46.420  -1.661  40.677 0.0000000000
65542  45.981  -1.894  39.788 0.0000000000
64448  43.784  -2.738  41.585 0.0000000000
64456  43.916  -2.785  40.704 0.0000000000
64477  43.330  -3.211  39.343 0.0000000000
136603  43.962  -2.773  39.128 0.0000000000
143002  43.532  -2.985  38.825 0.0000000000
64488  43.152  -2.936  37.463 0.0000000000
63478  43.051  -3.241  38.474 0.0000000000
62447  40.807  -4.569  37.562 0.0000000000
62446  41.295  -4.068  37.271 0.0000000000
62458  40.664  -4.363  36.616 0.0000000000
126323  40.328  -4.420  35.860 0.0000000000
62459  39.950  -4.821  36.255 0.0000000000
61436  39.374  -5.260  35.809 0.0000000000
61429  39.500  -5.415  36.662 0.0000000000
60353  39.172  -6.315  38.015 0.0000000000
124765  38.492  -6.511  36.740 0.0000000000
59270  38.011  -7.254  36.801 0.0000000000
58036  37.732  -8.052  36.823 0.0000000000
135536  39.563  -6.728  39.730 0.0000000000
120356  39.380  -7.432  40.026 0.0000000000
56888  38.784  -9.462  38.249 0.0000000000
131047  38.299  -8.773  38.032 0.0000000000
56904  38.450  -9.182  37.484 0.0000000000
58045  38.113  -8.806  36.803 0.0000000000
60258  46.696  -6.104  45.596 0.0000000000
60259  45.730  -6.116  45.179 0.0000000000
139765  46.961  -12.835  45.906 0.0000000000
54570  45.656  -11.580  45.741 0.0000000000
54569  47.122  -11.889  45.618 0.0000000000
55702  46.313  -10.761  45.639 0.0000000000
54568  47.958  -11.551  45.291 0.0000000000
52254  44.419  -13.417  44.737 0.0000000000
53382  43.769  -13.066  43.868 0.0000000000
54608  45.443  -12.009  43.150 0.0000000000
53398  46.104  -12.465  43.940 0.0000000000
54591  47.424  -11.542  44.396 0.0000000000
55699  48.309  -10.542  45.067 0.0000000000
55709  47.724  -10.691  44.505 0.0000000000
56832  46.907  -9.912  43.920 0.0000000000
56834  44.364  -9.239  42.976 0.0000000000
59203  44.649  -7.861  43.934 0.0000000000
57972  43.976  -8.443  43.398 0.0000000000
57973  43.050  -8.210  43.295 0.0000000000
57979  43.428  -8.920  42.802 0.0000000000
120915  42.936  -11.179  40.633 0.0000000000
56851  42.447  -10.105  41.591 0.0000000000
55742  41.584  -10.353  40.908 0.0000000000
55757  42.396  -11.686  39.235 0.0000000000
53448  41.737  -12.507  39.901 0.0000000000
138144  42.652  -12.284  39.659 0.0000000000
53459  41.729  -12.403  38.973 0.0000000000
53474  41.667  -12.409  38.169 0.0000000000
53473  41.941  -12.304  37.641 0.0000000000
54664  42.216  -12.201  38.027 0.0000000000
141533  42.056  -12.156  37.397 0.0000000000
53492  41.934  -12.222  37.082 0.0000000000
54716  39.551  -11.669  35.498 0.0000000000
53518  35.492  -11.998  35.894 0.0000000000
140378  34.388  -12.362  33.024 0.0000000000
53550  34.627  -12.061  33.525 0.0000000000
50077  34.826  -15.473  38.941 0.0000000000
48983  34.938  -16.227  38.479 0.0000000000
130231  34.087  -16.092  36.196 0.0000000000
126721  34.307  -15.986  36.894 0.0000000000
50122  33.712  -15.275  35.790 0.0000000000
50131  33.626  -15.616  35.176 0.0000000000
47900  34.650  -17.879  34.339 0.0000000000
49048  34.841  -17.517  31.788 0.0000000000
49035  34.532  -17.325  32.598 0.0000000000
49036  33.769  -16.327  33.133 0.0000000000
41124  36.834  -23.559  43.903 0.0000000000
42213  35.445  -22.756  42.770 0.0000000000
42224  35.234  -22.640  41.980 0.0000000000
43275  32.781  -21.342  43.456 0.0000000000
43274  33.641  -21.498  43.413 0.0000000000
44462  33.145  -20.859  40.716 0.0000000000
43311  33.528  -21.167  41.285 0.0000000000
43324  33.805  -21.580  40.396 0.0000000000
43337  33.288  -21.478  38.965 0.0000000000
45555  31.368  -20.487  37.166 0.0000000000
44507  32.008  -20.965  37.335 0.0000000000
44522  31.342  -20.769  36.266 0.0000000000
42248  27.572  -22.406  40.582 0.0000000000
42238  28.547  -22.429  41.452 0.0000000000
42247  28.279  -22.142  40.835 0.0000000000
44484  28.047  -20.861  39.171 0.0000000000
43339  28.358  -21.257  39.802 0.0000000000
44483  28.776  -20.622  39.415 0.0000000000
44495  28.585  -20.244  38.647 0.0000000000
44524  26.337  -20.032  36.623 0.0000000000
120215  27.978  -19.388  35.926 0.0000000000
120460  27.743  -19.518  36.546 0.0000000000
45542  28.791  -19.725  37.845 0.0000000000
128820  28.859  -19.539  37.114 0.0000000000
45576  29.287  -19.583  36.550 0.0000000000
45612  29.350  -20.071  34.043 0.0000000000
44562  30.190  -20.537  34.037 0.0000000000
120015  54.170  0.431  24.328 0.0000000000
68094  53.172  0.514  22.205 0.0000000000
122896  53.131  0.552  21.392 0.0000000000
64583  45.563  -2.692  28.484 0.0000000000
141625  24.859  -26.357  58.408 0.0000000000
38127  24.809  -26.476  58.249 0.0000000000
39044  24.443  -25.936  58.608 0.0000000000
39031  23.826  -25.340  59.108 0.0000000000
39961  23.359  -24.721  59.459 0.0000000000
41089  41.170  -23.921  47.043 0.0000000000
41105  40.754  -23.205  46.292 0.0000000000
43233  40.537  -21.429  46.064 0.0000000000
43246  39.957  -21.501  45.370 0.0000000000
43247  39.489  -21.563  44.630 0.0000000000
43257  38.790  -21.905  43.596 0.0000000000
132436  38.461  -21.409  43.247 0.0000000000
43271  38.281  -22.280  43.141 0.0000000000
43272  37.743  -22.611  42.773 0.0000000000
42222  37.259  -23.233  42.788 0.0000000000
65680  48.504  -1.396  28.626 0.0000000000
143396  24.020  -26.865  44.222 0.0000000000
38294  24.460  -26.719  45.202 0.0000000000
39221  24.243  -25.838  45.661 0.0000000000
42112  20.607  -22.204  50.157 0.0000000000
42127  19.874  -21.792  49.466 0.0000000000
42151  19.101  -22.080  47.990 0.0000000000
43204  18.749  -21.774  48.533 0.0000000000
43183  18.296  -21.467  49.176 0.0000000000
39134  33.306  -25.897  50.403 0.0000000000
39155  34.103  -25.390  50.105 0.0000000000
38216  33.793  -26.965  50.884 0.0000000000
37353  34.370  -27.898  51.495 0.0000000000
36381  35.404  -28.752  51.235 0.0000000000
36382  34.645  -29.123  51.397 0.0000000000
35498  33.772  -29.723  51.311 0.0000000000
35513  33.099  -30.314  50.880 0.0000000000
36430  26.008  -28.386  48.061 0.0000000000
36439  26.114  -29.174  47.320 0.0000000000
37405  25.756  -28.347  47.245 0.0000000000
37430  25.397  -28.443  45.392 0.0000000000
37431  24.870  -27.549  45.268 0.0000000000
62483  40.301  -3.963  33.524 0.0000000000
63541  40.540  -3.786  32.718 0.0000000000
62489  39.994  -4.191  32.844 0.0000000000
62490  39.467  -4.684  32.446 0.0000000000
44239  11.733  -20.928  55.287 0.0000000000
126896  49.662  -1.183  38.983 0.0000000000
65539  49.298  -1.307  39.895 0.0000000000
63427  43.306  -3.356  43.773 0.0000000000
63416  43.040  -3.994  44.119 0.0000000000
62369  41.883  -5.204  42.892 0.0000000000
61355  41.501  -5.744  42.531 0.0000000000
61345  41.952  -5.811  43.322 0.0000000000
60291  41.902  -6.563  43.326 0.0000000000
59220  41.532  -7.230  42.893 0.0000000000
139485  38.104  -13.969  43.184 0.0000000000
52272  38.803  -13.743  43.617 0.0000000000
52286  38.525  -13.414  42.769 0.0000000000
52296  38.190  -13.154  41.994 0.0000000000
53437  38.786  -12.708  41.363 0.0000000000
53438  37.910  -12.941  41.165 0.0000000000
52314  36.864  -13.065  40.068 0.0000000000
52330  35.838  -13.264  39.054 0.0000000000
139646  35.324  -13.682  38.807 0.0000000000
51231  35.028  -14.164  38.906 0.0000000000
42214  30.554  -22.408  43.415 0.0000000000
42237  29.207  -22.156  41.712 0.0000000000
120017  55.895  0.363  24.144 0.0000000000
120013  55.381  0.436  23.346 0.0000000000
38199  25.848  -26.220  51.564 0.0000000000
125559  25.438  -25.685  51.072 0.0000000000
39111  25.492  -25.802  52.343 0.0000000000
39112  24.782  -25.198  52.679 0.0000000000
40001  23.176  -24.545  55.623 0.0000000000
40013  23.466  -24.619  54.779 0.0000000000
40014  22.836  -24.138  54.867 0.0000000000
40971  22.569  -23.781  54.223 0.0000000000
40972  21.922  -23.284  54.280 0.0000000000
42056  21.321  -22.762  54.754 0.0000000000
38176  29.274  -26.847  53.745 0.0000000000
37313  29.075  -27.990  53.342 0.0000000000
37314  28.955  -29.011  54.167 0.0000000000
36360  28.825  -29.774  54.532 0.0000000000
37285  26.688  -28.637  55.922 0.0000000000
36353  26.980  -29.080  55.127 0.0000000000
136204  26.611  -28.375  54.326 0.0000000000
37326  26.425  -27.356  52.434 0.0000000000
131319  26.272  -26.859  51.809 0.0000000000
44319  43.172  -20.068  49.313 0.0000000000
46506  43.334  -18.764  49.548 0.0000000000
47698  43.723  -17.951  49.550 0.0000000000
51103  44.786  -15.543  48.921 0.0000000000
51114  45.112  -15.333  48.270 0.0000000000
48852  43.986  -16.708  47.827 0.0000000000
48853  42.825  -16.512  47.520 0.0000000000
46570  39.450  -18.187  45.543 0.0000000000
47757  38.901  -17.363  45.385 0.0000000000
48896  38.428  -16.482  45.128 0.0000000000
50015  38.172  -15.721  44.774 0.0000000000
48897  37.863  -16.480  44.532 0.0000000000
48912  37.376  -16.466  43.928 0.0000000000
47781  36.947  -16.995  42.917 0.0000000000
47789  36.756  -17.123  42.291 0.0000000000
44460  36.417  -20.378  40.335 0.0000000000
44477  35.757  -21.089  39.192 0.0000000000
43360  35.129  -21.768  38.135 0.0000000000
43361  34.475  -22.022  37.613 0.0000000000
43362  33.559  -22.077  37.360 0.0000000000
41176  25.537  -23.666  40.367 0.0000000000
68035  53.049  0.379  26.412 0.0000000000
68037  51.282  0.105  26.035 0.0000000000
137152  50.402  -0.153  25.724 0.0000000000
66831  47.891  -0.956  25.293 0.0000000000
120966  48.761  -0.598  25.141 0.0000000000
40088  24.296  -24.594  49.497 0.0000000000
40121  24.043  -24.539  47.485 0.0000000000
40103  24.045  -24.414  48.453 0.0000000000
40122  23.524  -24.041  47.691 0.0000000000
41096  23.061  -23.797  47.049 0.0000000000
41099  20.748  -23.370  46.144 0.0000000000
41118  20.707  -23.820  45.588 0.0000000000
39223  20.184  -24.895  45.061 0.0000000000
40082  36.756  -25.068  49.787 0.0000000000
40101  37.103  -24.413  49.212 0.0000000000
40081  37.748  -25.151  49.960 0.0000000000
127601  38.504  -25.261  50.040 0.0000000000
40080  39.094  -24.964  49.833 0.0000000000
41038  39.702  -24.586  49.496 0.0000000000
39149  39.498  -26.002  49.535 0.0000000000
39170  39.839  -26.040  48.798 0.0000000000
39191  38.429  -25.697  48.086 0.0000000000
39192  37.310  -25.581  47.969 0.0000000000
39193  36.231  -25.548  47.935 0.0000000000
38255  33.716  -26.711  48.493 0.0000000000
39175  33.185  -26.210  48.186 0.0000000000
127686  33.133  -25.590  47.809 0.0000000000
40119  32.436  -25.287  47.385 0.0000000000
40120  31.853  -25.085  46.958 0.0000000000
39207  31.219  -25.323  46.736 0.0000000000
39218  30.080  -25.226  45.901 0.0000000000
34620  29.946  -31.189  50.980 0.0000000000
34619  30.989  -31.058  50.962 0.0000000000
35541  29.301  -30.016  48.464 0.0000000000
36450  27.649  -29.171  46.088 0.0000000000
37429  27.753  -27.960  45.565 0.0000000000
38292  28.502  -26.657  45.635 0.0000000000
39254  27.240  -25.711  43.626 0.0000000000
37454  24.823  -28.039  41.925 0.0000000000
38345  23.803  -26.933  40.520 0.0000000000
38346  22.828  -27.490  39.738 0.0000000000
64558  44.418  -2.647  30.655 0.0000000000
61488  39.854  -5.654  29.144 0.0000000000
62526  40.409  -5.266  28.821 0.0000000000
61496  40.260  -5.856  28.495 0.0000000000
126743  19.547  -21.684  59.168 0.0000000000
43060  19.415  -21.564  58.429 0.0000000000
43072  19.349  -21.485  57.640 0.0000000000
43081  18.904  -21.180  56.945 0.0000000000
44224  13.904  -20.010  56.642 0.0000000000
139997  15.382  -20.093  56.312 0.0000000000
120074  15.789  -20.116  55.753 0.0000000000
44221  16.592  -20.260  55.907 0.0000000000
44236  16.303  -20.162  55.117 0.0000000000
121620  16.364  -20.178  52.912 0.0000000000
44280  16.908  -20.290  52.275 0.0000000000
44281  16.162  -20.278  52.109 0.0000000000
44297  15.966  -20.488  51.453 0.0000000000
67987  56.782  0.180  28.260 0.0000000000
141192  57.180  0.237  29.155 0.0000000000
67967  55.626  0.436  29.690 0.0000000000
120711  54.850  0.319  31.183 0.0000000000
67931  54.397  0.089  31.904 0.0000000000
66729  52.429  -0.282  31.216 0.0000000000
66742  51.775  -0.355  30.683 0.0000000000
66730  51.624  -0.492  31.526 0.0000000000
66731  50.803  -0.688  31.835 0.0000000000
66694  50.587  -0.634  34.864 0.0000000000
136772  50.335  -0.742  34.102 0.0000000000
66695  49.757  -0.863  34.480 0.0000000000
65615  49.081  -1.174  34.014 0.0000000000
65630  48.395  -1.396  33.533 0.0000000000
123406  47.780  -1.520  33.161 0.0000000000
65631  47.586  -1.481  33.953 0.0000000000
65587  45.890  -1.791  36.544 0.0000000000
133843  44.388  -2.240  35.701 0.0000000000
135779  43.826  -2.421  36.016 0.0000000000
64501  42.752  -2.911  36.506 0.0000000000
121504  46.313  -1.440  41.682 0.0000000000
64446  45.447  -1.971  40.920 0.0000000000
63459  42.697  -3.709  40.585 0.0000000000
63468  42.708  -3.642  39.753 0.0000000000
63479  42.286  -3.683  38.503 0.0000000000
62432  41.690  -4.159  38.512 0.0000000000
61421  40.373  -5.146  37.992 0.0000000000
61422  39.662  -5.589  37.572 0.0000000000
59238  39.526  -8.015  40.564 0.0000000000
59244  39.046  -8.005  39.781 0.0000000000
56870  38.894  -9.268  39.120 0.0000000000
126637  39.580  -10.179  38.063 0.0000000000
55795  40.677  -10.734  37.387 0.0000000000
139420  47.536  -6.878  46.137 0.0000000000
60271  47.317  -6.906  45.515 0.0000000000
53352  45.808  -13.220  46.872 0.0000000000
52222  46.335  -13.654  46.503 0.0000000000
52237  46.638  -13.527  45.997 0.0000000000
53401  43.356  -12.786  42.955 0.0000000000
53400  44.218  -12.714  43.175 0.0000000000
53416  44.655  -12.244  42.655 0.0000000000
55716  45.608  -11.185  43.069 0.0000000000
127302  45.921  -10.436  43.342 0.0000000000
55727  44.858  -10.940  42.405 0.0000000000
56842  44.646  -10.104  42.631 0.0000000000
55729  43.438  -10.316  41.814 0.0000000000
54639  43.279  -12.002  39.860 0.0000000000
126441  40.560  -12.521  38.975 0.0000000000
53493  40.860  -12.468  37.423 0.0000000000
53515  41.269  -12.338  36.661 0.0000000000
54717  37.925  -11.380  35.422 0.0000000000
54734  36.513  -11.210  34.358 0.0000000000
52384  34.239  -12.790  34.947 0.0000000000
127413  34.670  -12.186  34.737 0.0000000000
53551  34.047  -12.656  33.514 0.0000000000
123013  34.535  -16.772  36.668 0.0000000000
46724  35.051  -18.363  32.602 0.0000000000
137698  35.046  -18.041  32.810 0.0000000000
41125  36.061  -23.175  44.664 0.0000000000
42202  35.449  -22.720  44.225 0.0000000000
42203  34.966  -22.378  43.712 0.0000000000
43273  34.570  -22.017  42.978 0.0000000000
44425  32.089  -20.668  41.976 0.0000000000
44463  32.438  -20.535  40.513 0.0000000000
44479  32.351  -20.532  39.477 0.0000000000
125906  32.581  -20.911  38.598 0.0000000000
44480  31.771  -20.348  38.598 0.0000000000
44508  30.796  -20.232  36.704 0.0000000000
43328  27.957  -21.824  40.226 0.0000000000
43351  27.298  -21.135  38.902 0.0000000000
45616  25.952  -19.773  34.870 0.0000000000
45596  28.324  -19.439  35.231 0.0000000000
120335  28.843  -19.500  35.833 0.0000000000
68095  52.155  0.466  23.124 0.0000000000
120010  53.053  0.461  23.212 0.0000000000
141434  44.293  -3.314  27.580 0.0000000000
64600  44.765  -2.969  27.181 0.0000000000
127368  25.496  -26.882  55.383 0.0000000000
124892  24.595  -26.189  56.228 0.0000000000
127455  24.100  -25.595  56.111 0.0000000000
38139  24.082  -26.066  57.926 0.0000000000
39071  23.554  -25.165  56.469 0.0000000000
143528  23.211  -24.940  57.141 0.0000000000
124010  22.736  -24.537  57.372 0.0000000000
40931  22.252  -23.989  57.707 0.0000000000
36330  27.104  -28.682  56.309 0.0000000000
37271  26.461  -27.950  57.013 0.0000000000
136754  26.474  -28.206  56.541 0.0000000000
37286  26.007  -27.749  55.951 0.0000000000
43194  40.372  -21.326  48.724 0.0000000000
128918  41.318  -21.059  49.193 0.0000000000
130940  42.164  -21.521  49.232 0.0000000000
144173  42.024  -22.844  47.827 0.0000000000
43192  42.736  -21.294  49.021 0.0000000000
44335  43.091  -20.703  49.111 0.0000000000
44352  42.995  -20.815  48.587 0.0000000000
45403  43.256  -19.594  48.214 0.0000000000
46536  42.860  -18.928  47.704 0.0000000000
139654  43.252  -18.342  47.841 0.0000000000
46537  41.958  -18.896  47.229 0.0000000000
132131  41.289  -19.079  46.746 0.0000000000
126819  40.573  -19.029  46.306 0.0000000000
44385  40.134  -20.606  45.693 0.0000000000
45437  39.733  -19.820  45.413 0.0000000000
46569  39.924  -18.991  45.756 0.0000000000
45438  39.298  -19.047  45.138 0.0000000000
45448  38.777  -19.155  44.338 0.0000000000
46588  38.295  -18.925  43.533 0.0000000000
138944  37.598  -20.305  42.026 0.0000000000
44444  37.186  -20.866  41.594 0.0000000000
42245  35.243  -22.562  40.654 0.0000000000
124466  22.568  -25.389  37.378 0.0000000000
66788  50.444  -0.345  27.404 0.0000000000
65709  48.441  -1.128  26.734 0.0000000000
65693  48.478  -1.303  27.773 0.0000000000
66813  47.926  -1.188  26.076 0.0000000000
65720  47.242  -1.344  25.786 0.0000000000
38323  22.328  -26.308  42.993 0.0000000000
41031  22.572  -23.323  50.116 0.0000000000
41049  22.704  -23.370  49.247 0.0000000000
42125  22.076  -22.960  49.345 0.0000000000
42172  21.157  -22.687  47.519 0.0000000000
42190  20.000  -23.012  46.569 0.0000000000
40143  19.533  -24.104  46.093 0.0000000000
41081  18.469  -23.309  47.159 0.0000000000
137333  18.621  -24.554  47.009 0.0000000000
39154  35.295  -25.535  50.168 0.0000000000
39153  36.396  -25.644  50.347 0.0000000000
39131  36.965  -26.307  50.888 0.0000000000
38213  37.230  -26.867  51.094 0.0000000000
37351  37.322  -27.398  50.511 0.0000000000
38237  36.893  -27.312  49.612 0.0000000000
37371  36.721  -27.805  50.277 0.0000000000
122997  35.998  -28.222  50.182 0.0000000000
37372  35.176  -28.038  49.619 0.0000000000
36398  34.920  -29.249  50.841 0.0000000000
121819  34.734  -28.825  50.046 0.0000000000
37373  34.171  -28.143  49.393 0.0000000000
37389  33.503  -27.493  48.855 0.0000000000
37390  32.644  -27.658  48.691 0.0000000000
37391  31.823  -27.832  48.475 0.0000000000
35532  27.424  -30.428  49.638 0.0000000000
34637  27.855  -30.783  49.197 0.0000000000
34650  27.186  -30.237  47.559 0.0000000000
35568  26.773  -29.766  46.478 0.0000000000
35567  27.108  -29.629  45.991 0.0000000000
139202  26.916  -28.881  44.770 0.0000000000
37441  26.192  -28.502  43.713 0.0000000000
134893  25.314  -28.416  43.250 0.0000000000
36467  25.437  -28.571  43.919 0.0000000000
63539  42.149  -3.063  32.072 0.0000000000
63547  42.241  -3.189  31.141 0.0000000000
63559  40.947  -3.716  31.135 0.0000000000
62503  40.825  -3.977  30.436 0.0000000000
126094  40.234  -4.190  31.112 0.0000000000
131013  40.219  -4.551  30.174 0.0000000000
44211  13.696  -19.957  57.484 0.0000000000
44255  14.467  -20.128  54.057 0.0000000000
44268  14.351  -20.310  53.275 0.0000000000
44284  13.781  -20.561  53.083 0.0000000000
43134  13.599  -21.001  52.579 0.0000000000
43118  12.503  -21.549  53.354 0.0000000000
134988  48.392  -1.264  35.625 0.0000000000
65585  48.481  -1.254  36.411 0.0000000000
121368  47.861  -1.440  36.932 0.0000000000
65571  47.308  -1.569  37.510 0.0000000000
65572  46.698  -1.690  37.987 0.0000000000
64475  45.318  -2.137  38.349 0.0000000000
63447  43.200  -3.299  41.970 0.0000000000
63437  43.192  -3.304  42.883 0.0000000000
63448  42.649  -3.765  41.487 0.0000000000
62392  42.213  -4.280  40.984 0.0000000000
62406  41.675  -4.696  40.541 0.0000000000
61397  41.194  -5.157  40.098 0.0000000000
61398  40.584  -5.579  39.705 0.0000000000
61382  40.646  -5.776  40.552 0.0000000000
60337  40.287  -6.604  41.050 0.0000000000
60321  40.700  -6.548  41.814 0.0000000000
134056  40.393  -7.179  41.646 0.0000000000
59232  39.989  -7.527  41.182 0.0000000000
57998  39.818  -8.895  40.755 0.0000000000
55750  40.334  -10.239  39.848 0.0000000000
57945  45.964  -8.801  45.991 0.0000000000
143300  41.537  -13.678  45.501 0.0000000000
52240  43.039  -13.718  45.664 0.0000000000
52256  41.980  -13.284  44.963 0.0000000000
142251  41.847  -12.870  43.870 0.0000000000
53402  40.638  -12.793  43.341 0.0000000000
122757  42.386  -12.786  42.970 0.0000000000
53419  42.030  -12.701  42.140 0.0000000000
53433  42.685  -12.534  41.071 0.0000000000
122623  41.401  -12.604  40.821 0.0000000000
122624  40.577  -12.594  40.717 0.0000000000
53460  39.435  -12.535  39.774 0.0000000000
140050  38.181  -12.447  38.615 0.0000000000
54681  37.024  -12.105  37.358 0.0000000000
53517  36.308  -12.129  36.981 0.0000000000
138695  35.538  -12.403  36.747 0.0000000000
52365  34.990  -13.003  37.134 0.0000000000
53519  34.861  -12.685  36.325 0.0000000000
52376  34.335  -13.118  35.791 0.0000000000
52377  33.830  -13.554  35.202 0.0000000000
51276  33.493  -14.118  34.664 0.0000000000
123208  35.387  -18.892  36.135 0.0000000000
137871  34.989  -18.209  35.607 0.0000000000
46703  35.111  -18.799  34.241 0.0000000000
46710  34.713  -18.860  33.180 0.0000000000
133049  33.070  -22.479  45.323 0.0000000000
42204  33.592  -22.075  44.727 0.0000000000
42205  32.660  -22.137  44.670 0.0000000000
43260  32.275  -21.751  44.014 0.0000000000
43276  31.892  -21.447  43.302 0.0000000000
43277  30.993  -21.743  43.016 0.0000000000
43295  31.521  -21.169  42.516 0.0000000000
43312  31.201  -20.838  41.771 0.0000000000
44465  30.512  -20.493  40.450 0.0000000000
43375  25.021  -21.077  36.702 0.0000000000
44512  25.763  -20.645  37.100 0.0000000000
44526  24.759  -20.991  35.835 0.0000000000
44538  25.276  -20.413  35.199 0.0000000000
44549  25.494  -20.262  34.357 0.0000000000
68090  57.761  0.390  22.592 0.0000000000
119911  57.132  0.374  23.126 0.0000000000
68104  56.060  0.699  21.563 0.0000000000
68121  55.431  0.777  20.938 0.0000000000
68111  49.668  0.204  21.427 0.0000000000
38269  25.394  -26.580  47.723 0.0000000000
39157  24.875  -25.142  49.838 0.0000000000
40089  23.813  -24.192  50.029 0.0000000000
41030  23.286  -23.748  50.502 0.0000000000
40026  24.164  -24.718  52.877 0.0000000000
132742  23.748  -24.692  54.103 0.0000000000
40027  23.671  -24.503  53.428 0.0000000000
40056  23.783  -24.277  51.655 0.0000000000
41012  23.293  -23.815  51.311 0.0000000000
130301  22.665  -23.442  51.048 0.0000000000
41014  22.077  -23.128  51.606 0.0000000000
141996  21.595  -22.800  51.249 0.0000000000
42099  21.400  -22.670  52.027 0.0000000000
143681  20.713  -22.281  51.845 0.0000000000
140086  20.177  -21.895  52.136 0.0000000000
43131  19.420  -21.466  52.521 0.0000000000
39119  30.614  -25.763  51.536 0.0000000000
37341  31.375  -28.372  51.155 0.0000000000
36385  30.283  -28.795  51.361 0.0000000000
129555  30.410  -29.885  51.751 0.0000000000
36369  29.513  -29.803  52.974 0.0000000000
35501  29.771  -30.224  52.265 0.0000000000
141705  30.322  -30.345  51.721 0.0000000000
34607  29.717  -30.671  51.921 0.0000000000
34608  29.175  -31.033  51.445 0.0000000000
134497  28.551  -30.911  50.875 0.0000000000
37284  28.312  -28.673  55.753 0.0000000000
36351  28.442  -29.501  55.143 0.0000000000
34573  28.517  -30.259  54.263 0.0000000000
36352  27.548  -29.663  54.754 0.0000000000
34585  28.471  -30.397  53.671 0.0000000000
34596  28.530  -30.505  52.809 0.0000000000
35514  27.788  -30.381  50.763 0.0000000000
35515  26.998  -29.731  50.074 0.0000000000
36417  26.560  -29.022  49.445 0.0000000000
37375  26.418  -27.962  49.858 0.0000000000
37393  26.249  -28.246  48.937 0.0000000000
37394  25.940  -27.589  48.606 0.0000000000
61445  38.693  -5.615  34.480 0.0000000000
61452  38.546  -5.723  33.526 0.0000000000
59351  37.974  -7.333  32.892 0.0000000000
59332  38.185  -7.976  32.944 0.0000000000
65503  47.646  0.087  43.841 0.0000000000
122369  46.306  -0.494  43.852 0.0000000000
65492  45.221  -1.279  43.920 0.0000000000
64419  44.391  -2.057  44.138 0.0000000000
64411  44.560  -2.107  45.201 0.0000000000
63415  43.601  -3.544  44.689 0.0000000000
61324  43.978  -5.070  45.065 0.0000000000
52207  45.840  -14.172  47.307 0.0000000000
51139  45.470  -14.649  46.962 0.0000000000
52225  42.981  -14.293  46.378 0.0000000000
47732  42.396  -18.043  47.423 0.0000000000
136328  42.365  -17.132  47.426 0.0000000000
48854  41.879  -16.481  47.286 0.0000000000
47746  40.116  -17.206  46.286 0.0000000000
48867  41.112  -16.554  46.870 0.0000000000
136704  41.469  -15.869  47.046 0.0000000000
49987  41.658  -15.158  46.823 0.0000000000
52226  41.914  -14.445  46.429 0.0000000000
52241  41.279  -14.065  45.870 0.0000000000
51152  40.462  -14.283  45.637 0.0000000000
52258  38.625  -14.456  44.326 0.0000000000
51166  38.046  -15.065  44.345 0.0000000000
51177  38.071  -14.492  43.752 0.0000000000
124768  37.422  -14.546  43.125 0.0000000000
51202  36.349  -14.921  42.071 0.0000000000
51203  35.910  -14.939  41.392 0.0000000000
133584  35.591  -15.062  40.809 0.0000000000
50057  35.710  -15.664  41.092 0.0000000000
48962  35.428  -16.209  39.912 0.0000000000
47811  35.819  -16.936  39.992 0.0000000000
137924  35.530  -16.728  39.432 0.0000000000
128400  35.516  -17.492  38.542 0.0000000000
46612  37.144  -18.683  41.197 0.0000000000
46630  36.704  -18.632  40.432 0.0000000000
137453  36.139  -19.381  39.497 0.0000000000
46648  36.321  -18.697  39.728 0.0000000000
46680  35.564  -18.914  37.823 0.0000000000
45574  35.309  -19.807  35.647 0.0000000000
44533  34.420  -20.599  35.499 0.0000000000
45593  33.964  -20.456  34.957 0.0000000000
138225  32.869  -20.872  34.681 0.0000000000
41153  28.397  -23.405  42.475 0.0000000000
41164  28.127  -23.028  41.800 0.0000000000
42249  26.727  -22.705  40.319 0.0000000000
43342  26.029  -22.045  38.974 0.0000000000
41191  24.280  -23.163  38.633 0.0000000000
42266  23.914  -23.091  38.157 0.0000000000
42265  24.457  -22.598  38.218 0.0000000000
142040  24.359  -22.218  37.534 0.0000000000
43366  24.631  -21.671  37.171 0.0000000000
127211  54.452  0.358  25.965 0.0000000000
141756  53.856  0.423  24.964 0.0000000000
135688  52.768  0.399  25.708 0.0000000000
68067  52.603  0.445  24.915 0.0000000000
68076  52.424  0.449  24.020 0.0000000000
68077  51.582  0.422  23.793 0.0000000000
66828  50.263  -0.036  24.906 0.0000000000
66837  49.464  -0.267  24.585 0.0000000000
68070  50.104  0.097  24.063 0.0000000000
38270  24.925  -25.797  47.290 0.0000000000
39210  23.745  -25.067  45.832 0.0000000000
40171  22.705  -24.857  44.812 0.0000000000
39239  22.265  -25.118  44.265 0.0000000000
142469  22.623  -23.388  48.022 0.0000000000
41079  22.470  -23.424  47.335 0.0000000000
41097  22.349  -23.582  46.454 0.0000000000
41117  21.236  -23.638  45.737 0.0000000000
40173  21.738  -24.630  44.605 0.0000000000
39259  20.940  -26.038  43.310 0.0000000000
43215  38.401  -21.256  47.581 0.0000000000
43214  39.369  -21.205  48.118 0.0000000000
122262  40.412  -22.189  48.903 0.0000000000
126745  41.012  -24.429  48.587 0.0000000000
40099  40.652  -25.144  48.734 0.0000000000
40112  41.004  -25.115  47.953 0.0000000000
41076  41.315  -24.307  47.870 0.0000000000
40129  41.017  -24.881  47.073 0.0000000000
40151  39.902  -24.537  45.470 0.0000000000
40167  39.488  -24.098  44.701 0.0000000000
41107  38.565  -24.130  44.533 0.0000000000
41108  37.704  -24.126  45.122 0.0000000000
41090  36.910  -23.886  45.900 0.0000000000
121736  37.256  -24.471  46.620 0.0000000000
124374  36.263  -23.448  45.447 0.0000000000
41110  35.510  -23.135  45.569 0.0000000000
143716  35.786  -25.849  48.216 0.0000000000
138882  35.366  -25.545  47.933 0.0000000000
39173  34.616  -25.734  48.073 0.0000000000
39194  34.705  -25.045  47.586 0.0000000000
40135  34.832  -24.311  47.089 0.0000000000
142008  34.135  -23.158  46.232 0.0000000000
41112  33.607  -22.813  45.847 0.0000000000
41126  31.236  -23.072  44.796 0.0000000000
133900  30.564  -23.266  44.447 0.0000000000
41139  28.739  -23.734  43.219 0.0000000000
36384  32.295  -29.540  51.505 0.0000000000
34617  32.640  -30.476  51.039 0.0000000000
34632  32.455  -30.516  50.795 0.0000000000
34634  31.296  -30.766  50.416 0.0000000000
35529  31.668  -30.266  49.804 0.0000000000
36416  32.029  -29.429  49.399 0.0000000000
36426  31.527  -28.658  48.742 0.0000000000
37392  31.121  -28.024  48.268 0.0000000000
37403  31.260  -27.295  47.942 0.0000000000
34648  28.197  -30.791  48.902 0.0000000000
35542  28.391  -30.407  48.286 0.0000000000
35555  28.713  -29.597  47.700 0.0000000000
36449  28.194  -28.914  46.575 0.0000000000
36438  28.812  -28.685  47.205 0.0000000000
36428  29.646  -28.869  47.899 0.0000000000
38268  30.670  -26.797  47.349 0.0000000000
38278  30.215  -26.326  46.739 0.0000000000
39209  29.789  -25.896  46.215 0.0000000000
39220  28.749  -25.897  45.327 0.0000000000
40169  29.431  -24.473  44.644 0.0000000000
41154  26.813  -24.316  42.066 0.0000000000
142049  24.650  -24.579  40.273 0.0000000000
38319  26.242  -27.698  43.218 0.0000000000
38327  25.931  -26.940  42.711 0.0000000000
39270  25.607  -26.462  42.214 0.0000000000
38336  25.175  -27.203  41.852 0.0000000000
39278  25.230  -26.187  41.698 0.0000000000
40208  24.729  -25.168  40.729 0.0000000000
39292  22.878  -26.088  38.953 0.0000000000
38350  23.261  -26.711  39.779 0.0000000000
38354  22.590  -26.613  38.312 0.0000000000
64556  46.656  -2.173  30.505 0.0000000000
64568  46.483  -2.331  29.651 0.0000000000
64570  44.762  -3.012  29.120 0.0000000000
119857  44.394  -2.913  29.930 0.0000000000
63583  44.130  -3.398  28.164 0.0000000000
63557  42.345  -3.409  30.203 0.0000000000
63586  41.919  -3.952  29.009 0.0000000000
120715  40.865  -4.683  28.911 0.0000000000
62525  41.613  -4.491  28.455 0.0000000000
62534  42.194  -4.509  27.734 0.0000000000
61461  38.416  -5.974  32.536 0.0000000000
61468  38.498  -6.270  31.650 0.0000000000
59377  38.803  -7.172  30.767 0.0000000000
40914  24.015  -23.794  59.613 0.0000000000
39962  22.864  -24.594  59.471 0.0000000000
40915  22.884  -24.111  59.861 0.0000000000
39973  22.670  -24.612  59.174 0.0000000000
39974  22.172  -24.127  58.714 0.0000000000
40932  21.681  -23.513  58.097 0.0000000000
40924  21.159  -23.019  59.386 0.0000000000
40948  21.717  -23.383  56.974 0.0000000000
42057  20.747  -22.360  55.106 0.0000000000
42045  20.294  -22.023  56.301 0.0000000000
43088  20.250  -21.923  55.506 0.0000000000
43100  20.274  -21.904  54.709 0.0000000000
43115  19.626  -21.568  53.473 0.0000000000
44197  17.310  -20.568  58.880 0.0000000000
43073  17.743  -20.730  58.167 0.0000000000
44219  18.161  -20.773  56.500 0.0000000000
44234  18.112  -20.710  55.649 0.0000000000
44235  17.257  -20.388  55.189 0.0000000000
44251  18.116  -20.685  54.859 0.0000000000
43102  18.665  -21.000  54.123 0.0000000000
43149  18.821  -21.065  51.580 0.0000000000
43167  18.179  -20.818  50.697 0.0000000000
43168  17.830  -21.130  49.837 0.0000000000
43184  17.533  -21.536  49.185 0.0000000000
44296  16.738  -20.464  51.407 0.0000000000
131723  17.145  -21.281  49.722 0.0000000000
44299  14.723  -20.688  51.926 0.0000000000
43171  14.848  -21.811  50.568 0.0000000000
68031  56.324  0.041  26.455 0.0000000000
127212  54.178  0.416  27.207 0.0000000000
121091  55.217  0.415  28.164 0.0000000000
135755  54.463  0.429  27.988 0.0000000000
68013  52.934  0.359  27.753 0.0000000000
67946  56.368  0.443  30.677 0.0000000000
67948  54.194  0.345  30.339 0.0000000000
67990  53.119  0.341  28.982 0.0000000000
121606  50.740  -0.373  28.697 0.0000000000
120182  50.056  -0.671  28.956 0.0000000000
66755  49.842  -0.859  29.796 0.0000000000
65660  49.055  -1.291  30.010 0.0000000000
65661  48.233  -1.599  30.399 0.0000000000
66704  52.282  -0.521  33.572 0.0000000000
66732  50.032  -0.998  32.093 0.0000000000
66720  49.916  -1.016  32.911 0.0000000000
65651  48.461  -1.528  31.248 0.0000000000
65662  47.399  -1.870  30.466 0.0000000000
65663  47.099  -1.923  31.025 0.0000000000
127459  46.633  -2.037  31.221 0.0000000000
65643  46.668  -1.771  32.466 0.0000000000
64548  45.432  -2.196  31.691 0.0000000000
142412  44.169  -2.353  32.444 0.0000000000
64541  43.545  -2.464  32.884 0.0000000000
65602  46.966  -1.537  35.252 0.0000000000
65618  46.539  -1.593  34.701 0.0000000000
119423  45.888  -1.766  35.834 0.0000000000
65619  45.841  -1.738  34.500 0.0000000000
64531  42.819  -2.632  33.345 0.0000000000
63532  41.509  -3.276  33.495 0.0000000000
64514  42.952  -2.627  35.031 0.0000000000
63524  41.591  -3.266  34.322 0.0000000000
130523  40.909  -3.562  33.999 0.0000000000
62476  40.356  -4.017  34.394 0.0000000000
62477  39.804  -4.537  34.690 0.0000000000
65557  46.038  -1.874  39.084 0.0000000000
64455  44.678  -2.460  40.390 0.0000000000
64467  44.660  -2.497  39.593 0.0000000000
64476  44.584  -2.473  38.779 0.0000000000
140485  42.454  -3.238  37.068 0.0000000000
63493  41.790  -3.819  37.872 0.0000000000
121562  41.858  -3.566  37.162 0.0000000000
63515  40.824  -3.920  35.801 0.0000000000
61444  39.284  -5.096  34.978 0.0000000000
61437  38.783  -5.663  35.334 0.0000000000
61399  39.963  -5.995  39.308 0.0000000000
126363  39.359  -6.520  38.907 0.0000000000
60354  38.678  -7.169  38.471 0.0000000000
59245  38.611  -7.935  39.025 0.0000000000
59256  38.250  -7.985  38.202 0.0000000000
144188  38.367  -7.411  37.929 0.0000000000
132670  44.997  -4.853  45.506 0.0000000000
61333  44.676  -5.730  45.034 0.0000000000
60274  43.864  -6.329  44.495 0.0000000000
130399  46.608  -9.279  45.954 0.0000000000
57944  47.311  -8.834  46.104 0.0000000000
52239  44.154  -13.730  45.491 0.0000000000
52253  45.445  -13.495  44.849 0.0000000000
52252  46.421  -13.384  45.159 0.0000000000
53381  44.751  -13.116  44.011 0.0000000000
53379  46.850  -12.876  44.766 0.0000000000
53378  47.600  -12.396  45.109 0.0000000000
54567  48.240  -11.267  45.064 0.0000000000
139073  48.231  -10.117  45.160 0.0000000000
57943  47.831  -8.571  45.857 0.0000000000
59188  47.942  -8.172  45.553 0.0000000000
59189  47.700  -7.824  45.233 0.0000000000
59190  46.733  -7.442  44.706 0.0000000000
57970  46.328  -8.926  43.918 0.0000000000
57960  45.877  -8.060  44.150 0.0000000000
59191  45.409  -7.270  44.425 0.0000000000
59192  44.213  -7.099  44.251 0.0000000000
60289  43.114  -6.891  44.014 0.0000000000
59205  42.827  -7.530  43.571 0.0000000000
59219  42.273  -7.832  43.161 0.0000000000
57981  41.689  -8.224  42.618 0.0000000000
133998  42.900  -9.452  42.292 0.0000000000
56843  41.949  -9.084  42.216 0.0000000000
141553  40.903  -9.650  41.215 0.0000000000
56861  40.493  -9.773  40.708 0.0000000000
53446  43.140  -12.144  40.043 0.0000000000
53457  43.077  -12.101  39.250 0.0000000000
54640  43.157  -12.169  39.195 0.0000000000
55758  41.347  -11.055  39.217 0.0000000000
55794  41.862  -11.735  37.473 0.0000000000
54701  36.399  -11.671  36.044 0.0000000000
54719  35.982  -11.469  35.121 0.0000000000
54735  35.659  -11.438  34.245 0.0000000000
53543  34.920  -11.801  34.179 0.0000000000
54750  35.339  -11.610  33.478 0.0000000000
51218  35.390  -14.725  40.153 0.0000000000
51219  34.999  -14.716  39.334 0.0000000000
51232  34.683  -14.741  38.593 0.0000000000
50106  34.334  -15.403  37.357 0.0000000000
51257  34.230  -14.522  37.042 0.0000000000
133620  33.463  -14.945  34.993 0.0000000000
128748  33.389  -14.756  34.182 0.0000000000
47912  34.375  -17.338  33.570 0.0000000000
49016  33.806  -16.274  34.904 0.0000000000
41133  38.243  -23.604  43.746 0.0000000000
41134  37.440  -23.522  43.441 0.0000000000
41136  36.164  -23.222  43.619 0.0000000000
42212  36.097  -23.235  42.773 0.0000000000
42235  35.606  -22.751  41.366 0.0000000000
133991  33.941  -21.520  42.695 0.0000000000
44424  32.943  -20.824  42.084 0.0000000000
43293  33.729  -21.347  42.067 0.0000000000
42246  34.587  -22.287  40.525 0.0000000000
129148  34.358  -22.237  39.729 0.0000000000
43336  33.985  -22.293  39.037 0.0000000000
43349  33.741  -22.198  38.253 0.0000000000
43363  32.672  -21.624  37.144 0.0000000000
44492  32.319  -20.946  37.914 0.0000000000
43373  32.621  -21.679  36.248 0.0000000000
43374  31.953  -21.422  35.807 0.0000000000
44546  31.618  -20.983  34.395 0.0000000000
42227  28.811  -22.716  42.112 0.0000000000
43327  28.642  -21.564  40.461 0.0000000000
43326  29.339  -21.284  40.675 0.0000000000
44482  29.558  -20.402  39.583 0.0000000000
45526  29.987  -19.901  38.995 0.0000000000
44511  26.634  -20.368  37.466 0.0000000000
44510  27.454  -20.172  37.766 0.0000000000
44509  28.137  -20.027  38.031 0.0000000000
45541  29.433  -19.810  38.382 0.0000000000
45540  30.283  -19.783  38.188 0.0000000000
45556  30.562  -19.911  37.369 0.0000000000
45594  29.759  -19.863  35.754 0.0000000000
44537  30.436  -20.435  35.283 0.0000000000
44547  30.700  -20.753  34.564 0.0000000000
44561  30.865  -20.718  33.793 0.0000000000
120012  54.527  0.446  23.457 0.0000000000
68093  53.959  0.488  22.652 0.0000000000
68106  54.478  0.583  21.942 0.0000000000
68122  54.533  0.667  21.126 0.0000000000
68139  54.188  0.768  20.452 0.0000000000
137347  50.220  0.358  21.062 0.0000000000
64582  46.381  -2.388  28.791 0.0000000000
64598  46.273  -2.364  27.933 0.0000000000
64607  46.128  -2.252  27.089 0.0000000000
64608  45.361  -2.493  26.674 0.0000000000
34583  28.856  -30.266  54.187 0.0000000000
34594  29.064  -30.330  53.826 0.0000000000
34603  33.279  -30.216  51.088 0.0000000000
34604  32.815  -30.155  51.358 0.0000000000
34605  32.155  -30.533  51.172 0.0000000000
34633  31.988  -30.552  50.490 0.0000000000
35460  28.137  -29.716  55.243 0.0000000000
35471  28.586  -30.033  54.618 0.0000000000
35512  33.774  -30.020  50.989 0.0000000000
35526  34.204  -29.717  50.886 0.0000000000
35528  32.567  -30.159  50.237 0.0000000000
35543  27.264  -30.452  48.852 0.0000000000
36380  36.075  -28.404  51.103 0.0000000000
37337  35.792  -28.150  51.437 0.0000000000
37338  35.070  -28.289  51.551 0.0000000000
37350  37.938  -27.123  50.143 0.0000000000
37352  36.688  -27.911  50.859 0.0000000000
37370  37.439  -27.433  50.076 0.0000000000
38193  36.729  -27.314  51.265 0.0000000000
38194  36.095  -27.527  51.435 0.0000000000
38210  38.843  -26.362  49.930 0.0000000000
38235  38.480  -26.664  49.634 0.0000000000
38238  36.065  -27.630  49.618 0.0000000000
39129  38.369  -26.365  50.372 0.0000000000
39152  37.355  -25.703  50.468 0.0000000000
39189  40.141  -25.695  47.996 0.0000000000
40078  40.248  -25.112  49.314 0.0000000000
40079  39.650  -25.393  49.612 0.0000000000
40124  17.520  -23.705  47.858 0.0000000000
40159  21.342  -24.122  45.176 0.0000000000
40906  21.860  -23.191  59.929 0.0000000000
41058  40.439  -24.429  49.213 0.0000000000
41080  21.727  -23.138  46.995 0.0000000000
41100  20.079  -23.645  46.024 0.0000000000
42175  18.499  -22.851  47.358 0.0000000000
42192  40.363  -22.374  45.732 0.0000000000
43046  19.338  -21.534  59.643 0.0000000000
43116  18.946  -21.192  53.286 0.0000000000
43176  42.697  -20.739  49.279 0.0000000000
43182  19.104  -21.548  49.196 0.0000000000
43185  16.749  -21.785  49.184 0.0000000000
43193  41.361  -22.037  49.225 0.0000000000
43256  39.148  -21.507  44.030 0.0000000000
43310  34.247  -21.808  41.339 0.0000000000
44295  17.497  -20.561  51.178 0.0000000000
44334  43.399  -20.136  48.840 0.0000000000
44448  30.856  -20.588  41.058 0.0000000000
45371  43.362  -19.394  49.387 0.0000000000
45402  43.657  -19.431  48.752 0.0000000000
45420  41.782  -19.751  47.140 0.0000000000
45613  28.511  -19.575  34.477 0.0000000000
46535  43.589  -18.946  48.335 0.0000000000
47697  44.221  -17.822  49.226 0.0000000000
48851  44.534  -16.640  48.349 0.0000000000
48881  39.736  -16.531  46.177 0.0000000000
48940  36.021  -16.379  41.322 0.0000000000
48982  35.393  -16.849  38.819 0.0000000000
49966  44.807  -16.023  48.751 0.0000000000
49976  42.286  -15.735  47.292 0.0000000000
50002  38.735  -15.721  45.364 0.0000000000
50029  37.148  -15.754  43.669 0.0000000000
50076  35.143  -15.486  39.694 0.0000000000
51127  45.432  -14.610  47.485 0.0000000000
51165  39.200  -14.487  44.861 0.0000000000
51201  36.534  -14.102  41.407 0.0000000000
52206  46.206  -13.852  46.937 0.0000000000
52221  46.891  -13.153  46.044 0.0000000000
52236  47.087  -12.982  45.514 0.0000000000
52304  35.801  -13.981  40.194 0.0000000000
53364  48.051  -11.863  45.108 0.0000000000
53366  46.395  -12.659  46.175 0.0000000000
53397  47.146  -12.245  44.472 0.0000000000
53432  43.835  -12.133  41.190 0.0000000000
53495  37.479  -12.316  37.910 0.0000000000
53561  34.529  -12.506  32.463 0.0000000000
53562  33.967  -12.865  32.826 0.0000000000
54590  48.243  -11.432  44.970 0.0000000000
54607  46.401  -11.749  43.724 0.0000000000
55700  48.184  -10.678  45.214 0.0000000000
55717  45.273  -10.459  42.890 0.0000000000
55740  43.903  -11.249  41.359 0.0000000000
56814  47.942  -9.601  45.514 0.0000000000
56815  47.139  -9.793  45.823 0.0000000000
56825  48.059  -9.746  44.795 0.0000000000
56862  39.791  -9.539  40.198 0.0000000000
57926  47.540  -7.952  46.236 0.0000000000
57942  47.948  -8.765  45.544 0.0000000000
57958  48.056  -8.755  45.094 0.0000000000
57959  47.153  -8.303  44.531 0.0000000000
57989  41.068  -8.590  42.075 0.0000000000
58021  38.496  -8.669  38.686 0.0000000000
59376  39.200  -7.699  30.731 0.0000000000
60257  47.257  -6.210  46.160 0.0000000000
60275  43.032  -6.118  44.242 0.0000000000
60305  41.563  -6.375  42.949 0.0000000000
60384  38.262  -6.253  34.885 0.0000000000
61356  41.080  -6.009  41.996 0.0000000000
63513  42.246  -2.919  34.659 0.0000000000
63548  41.496  -3.424  31.584 0.0000000000
63571  42.474  -3.616  29.361 0.0000000000
67970  52.839  0.189  29.725 0.0000000000
68125  50.960  0.451  21.235 0.0000000000
122729  17.522  -20.581  56.811 0.0000000000
125365  42.261  -12.154  38.297 0.0000000000
129295  43.007  -20.199  48.163 0.0000000000
129856  51.008  -0.606  34.099 0.0000000000
130255  36.232  -26.212  48.477 0.0000000000
130299  46.225  -13.963  46.302 0.0000000000
130551  25.717  -27.140  57.802 0.0000000000
131552  19.696  -22.297  47.707 0.0000000000
133071  43.723  -19.025  49.254 0.0000000000
135429  42.336  -22.263  48.064 0.0000000000
136832  35.068  -27.653  51.500 0.0000000000
137398  46.104  -13.738  45.620 0.0000000000
139126  38.077  -7.640  37.486 0.0000000000
139455  39.686  -4.808  30.627 0.0000000000
139539  46.652  -1.863  26.736 0.0000000000
139711  42.392  -11.865  38.606 0.0000000000
139929  39.838  -21.707  48.503 0.0000000000
140082  39.284  -5.343  30.653 0.0000000000
140371  17.292  -21.948  48.714 0.0000000000
140499  47.495  -1.833  28.689 0.0000000000
141026  44.444  -3.239  28.553 0.0000000000
142034  28.974  -30.186  54.252 0.0000000000
142293  34.534  -28.540  51.542 0.0000000000
142768  37.069  -15.220  43.328 0.0000000000
