#!ascii label  , from subject sub-v1s3x0050796_ses-1 vox2ras=TkReg
407
17348  -26.481  -53.489  -24.335 0.6999999881
118809  -27.457  -52.868  -24.864 0.6000000238
18102  -28.304  -53.603  -24.430 0.6000000238
17349  -30.733  -54.103  -24.039 0.4000000060
18072  -29.412  -53.369  -19.629 0.6999999881
19582  -30.297  -51.919  -19.512 0.6999999881
18833  -29.879  -52.566  -19.602 0.6000000238
18084  -28.686  -53.446  -20.327 0.6999999881
18843  -29.149  -52.675  -20.300 0.6000000238
18083  -27.835  -53.507  -20.940 0.6000000238
18842  -28.296  -52.764  -20.880 0.6000000238
18090  -26.379  -53.146  -22.108 0.6000000238
18847  -27.858  -52.197  -21.486 0.6000000238
19592  -28.218  -51.636  -21.584 0.5000000000
18846  -27.028  -52.414  -22.026 0.5000000000
19591  -27.457  -51.778  -22.305 0.5000000000
19596  -27.182  -51.667  -23.370 0.6000000238
18857  -26.633  -52.195  -24.280 0.6000000238
19601  -27.109  -51.876  -24.405 0.6000000238
19607  -27.841  -51.816  -25.117 0.6000000238
18863  -28.260  -52.011  -25.538 0.6000000238
18834  -30.376  -52.349  -18.869 0.6000000238
19588  -30.419  -51.198  -19.823 0.6000000238
19587  -29.623  -51.789  -20.304 0.6000000238
20382  -29.740  -50.867  -20.692 0.6000000238
19586  -28.640  -52.001  -20.897 0.6000000238
20387  -29.285  -50.696  -21.589 0.6000000238
20386  -28.655  -51.217  -21.798 0.6000000238
19597  -28.184  -51.483  -22.676 0.6999999881
19598  -28.919  -51.487  -23.527 0.6000000238
19602  -27.892  -51.608  -24.102 0.6000000238
18118  -28.840  -52.426  -25.848 0.5000000000
18109  -28.974  -53.206  -25.357 0.5000000000
119396  -30.579  -52.067  -18.214 0.6000000238
20378  -31.080  -50.595  -19.159 0.6000000238
20383  -30.474  -50.324  -20.193 0.6000000238
21191  -30.436  -49.499  -20.572 0.6000000238
21190  -29.887  -50.058  -21.106 0.6000000238
19593  -28.979  -51.331  -21.128 0.6000000238
109416  -28.522  -51.605  -24.920 0.6000000238
19608  -28.465  -51.844  -25.530 0.6000000238
18110  -30.019  -53.527  -25.142 0.4000000060
19569  -31.021  -50.816  -17.741 0.6000000238
20369  -31.094  -50.968  -18.351 0.6000000238
20379  -31.356  -49.837  -18.907 0.6000000238
21181  -31.041  -49.733  -19.681 0.6000000238
21999  -30.893  -48.912  -20.092 0.5000000000
119866  -30.380  -48.843  -20.926 0.6000000238
21196  -29.790  -49.885  -21.821 0.6999999881
20390  -30.127  -50.505  -22.633 0.6000000238
120188  -29.003  -51.166  -22.445 0.6000000238
20394  -29.669  -51.260  -23.013 0.6000000238
19603  -29.773  -51.534  -24.269 0.6000000238
19615  -29.634  -51.871  -26.078 0.6000000238
18867  -28.910  -51.944  -25.900 0.6000000238
18120  -30.371  -52.931  -26.124 0.4000000060
131036  -29.501  -52.889  -25.888 0.5000000000
20362  -31.162  -50.228  -17.553 0.5000000000
21980  -31.462  -48.800  -17.738 0.6000000238
21171  -31.475  -49.369  -18.337 0.6000000238
21182  -31.371  -49.104  -19.170 0.6000000238
22000  -31.268  -48.147  -19.533 0.5000000000
22819  -30.372  -47.458  -21.371 0.6000000238
22014  -30.267  -48.381  -21.657 0.6999999881
22013  -30.179  -49.047  -21.833 0.6999999881
22023  -30.386  -48.738  -22.228 0.6000000238
20389  -29.585  -50.551  -22.270 0.6999999881
21204  -30.498  -49.545  -22.462 0.6000000238
20395  -30.324  -51.177  -23.279 0.6000000238
130385  -30.370  -51.516  -24.752 0.6000000238
18868  -30.313  -52.114  -26.371 0.5000000000
18869  -31.104  -52.581  -26.397 0.4000000060
21965  -31.334  -48.296  -17.329 0.6000000238
22789  -31.525  -47.921  -17.827 0.6000000238
21988  -31.503  -48.502  -18.513 0.5000000000
22801  -31.518  -47.575  -18.646 0.6000000238
22809  -31.352  -47.311  -19.426 0.5000000000
22820  -30.938  -47.398  -20.284 0.6000000238
23685  -31.253  -46.691  -19.819 0.5000000000
22008  -30.629  -48.187  -20.653 0.6000000238
23684  -30.606  -46.568  -20.886 0.5000000000
22835  -30.210  -47.335  -22.264 0.5000000000
130900  -29.917  -46.553  -22.678 0.5000000000
127506  -30.303  -48.224  -22.127 0.6000000238
22862  -30.012  -46.716  -22.845 0.4000000060
22863  -30.291  -46.981  -23.051 0.4000000060
22036  -30.680  -48.564  -22.552 0.5000000000
21211  -31.099  -49.532  -22.718 0.5000000000
21205  -31.329  -48.763  -22.682 0.5000000000
19604  -30.852  -51.384  -23.998 0.6000000238
18872  -31.092  -51.967  -26.358 0.5000000000
20396  -31.646  -49.983  -22.877 0.6000000238
20402  -31.682  -50.808  -23.641 0.6000000238
19616  -30.443  -51.768  -26.090 0.6000000238
23668  -31.540  -46.714  -18.882 0.5000000000
24527  -30.711  -45.639  -20.772 0.4000000060
24541  -30.081  -45.887  -21.798 0.5000000000
23699  -30.034  -46.682  -22.046 0.5000000000
121751  -29.879  -45.058  -23.729 0.4000000060
24561  -29.748  -45.604  -23.374 0.4000000060
23723  -29.935  -46.286  -23.278 0.4000000060
23724  -30.542  -46.503  -23.321 0.5000000000
122014  -30.740  -47.758  -22.867 0.5000000000
22864  -30.804  -47.200  -23.164 0.5000000000
22848  -31.362  -47.807  -22.815 0.5000000000
20403  -32.386  -50.939  -24.323 0.5000000000
19612  -32.191  -51.427  -25.450 0.5000000000
19611  -31.571  -51.340  -24.689 0.5000000000
113263  -30.219  -45.049  -21.536 0.4000000060
25335  -29.696  -44.409  -22.213 0.5000000000
24540  -29.569  -45.233  -22.643 0.5000000000
25352  -29.582  -44.901  -23.360 0.5000000000
24562  -30.158  -45.765  -23.562 0.4000000060
23725  -31.391  -46.962  -23.008 0.5000000000
20414  -33.040  -51.092  -25.004 0.3000000119
22024  -32.226  -48.556  -22.568 0.5000000000
20397  -32.442  -50.243  -23.453 0.5000000000
25343  -29.337  -44.454  -22.991 0.4000000060
26183  -29.518  -43.899  -23.302 0.4000000060
26193  -30.075  -43.700  -23.795 0.4000000060
25344  -30.823  -44.750  -23.492 0.4000000060
26194  -30.824  -43.916  -23.455 0.4000000060
24553  -31.489  -45.466  -22.945 0.5000000000
21214  -34.057  -49.262  -23.648 0.4000000060
20398  -33.168  -50.410  -24.134 0.4000000060
22849  -32.356  -47.715  -22.464 0.5000000000
21213  -33.267  -49.631  -23.355 0.5000000000
23710  -31.766  -46.288  -22.715 0.5000000000
21212  -32.332  -49.438  -22.812 0.5000000000
26981  -30.472  -42.999  -23.613 0.4000000060
25345  -31.693  -44.586  -22.610 0.4000000060
22038  -33.715  -48.898  -22.995 0.4000000060
22025  -33.138  -48.344  -22.534 0.5000000000
26184  -31.293  -43.131  -22.964 0.4000000060
22865  -34.049  -48.175  -22.829 0.4000000060
22039  -34.404  -48.633  -23.581 0.3000000119
111598  -32.333  -45.150  -22.213 0.5000000000
23711  -32.635  -46.768  -22.263 0.5000000000
22850  -33.405  -47.542  -22.379 0.5000000000
26968  -31.217  -42.356  -23.036 0.4000000060
23712  -33.821  -46.703  -22.258 0.3000000119
22851  -34.333  -47.339  -22.827 0.3000000119
26185  -32.045  -43.689  -22.200 0.4000000060
23700  -33.330  -46.001  -21.980 0.5000000000
25336  -32.744  -44.435  -21.816 0.4000000060
24554  -32.486  -45.854  -22.245 0.5000000000
27721  -31.995  -41.855  -22.075 0.4000000060
24555  -34.235  -45.794  -22.288 0.3000000119
23713  -34.621  -46.471  -22.955 0.3000000119
26969  -32.045  -42.750  -22.098 0.4000000060
24543  -33.748  -45.371  -21.902 0.4000000060
24542  -33.063  -45.282  -21.821 0.4000000060
28445  -31.879  -40.919  -22.117 0.5000000000
110846  -34.872  -45.583  -23.158 0.4000000060
25355  -35.089  -44.615  -23.269 0.4000000060
26959  -32.893  -42.284  -21.442 0.4000000060
26176  -33.570  -43.876  -21.602 0.5000000000
120291  -34.159  -44.320  -21.827 0.4000000060
26175  -32.996  -43.171  -21.511 0.5000000000
130251  -32.860  -43.785  -21.669 0.5000000000
118939  -33.916  -43.192  -21.508 0.5000000000
26177  -34.434  -43.610  -21.900 0.4000000060
26970  -34.899  -42.912  -22.330 0.4000000060
26186  -34.980  -43.761  -22.777 0.4000000060
24565  -35.323  -45.237  -24.142 0.3000000119
27707  -32.959  -41.358  -21.280 0.5000000000
27723  -35.296  -41.560  -22.523 0.4000000060
26971  -35.273  -42.286  -22.819 0.3000000119
29235  -32.371  -39.512  -21.376 0.5000000000
124010  -34.655  -41.397  -21.544 0.4000000060
27722  -34.915  -41.985  -21.963 0.4000000060
26187  -35.284  -43.101  -23.236 0.4000000060
110097  -35.414  -43.241  -24.111 0.3000000119
28431  -32.628  -40.360  -21.365 0.5000000000
128836  -33.627  -41.920  -21.282 0.5000000000
109953  -34.315  -41.993  -21.479 0.5000000000
27709  -35.178  -41.011  -21.878 0.4000000060
108453  -35.476  -40.863  -22.816 0.4000000060
30058  -32.669  -38.256  -20.777 0.5000000000
27736  -35.454  -41.588  -23.565 0.3000000119
29236  -33.335  -39.749  -20.871 0.5000000000
28432  -33.680  -40.586  -20.966 0.5000000000
28433  -34.603  -40.635  -21.281 0.5000000000
27708  -34.048  -41.355  -21.138 0.5000000000
28446  -35.479  -40.186  -22.163 0.4000000060
30894  -32.189  -37.408  -20.797 0.5000000000
30060  -34.296  -38.354  -20.728 0.5000000000
113092  -35.695  -40.044  -23.175 0.3000000119
30895  -33.179  -37.576  -20.569 0.5000000000
30896  -33.951  -37.620  -20.614 0.5000000000
29226  -33.891  -39.075  -20.693 0.5000000000
18862  -27.342  -52.273  -24.831 0.6000000238
114620  -29.625  -53.980  -24.082 0.5000000000
21197  -30.131  -49.290  -21.430 0.6999999881
19609  -29.082  -51.735  -25.587 0.6000000238
111036  -30.759  -51.543  -25.237 0.6000000238
21203  -30.055  -49.707  -22.180 0.6999999881
22847  -30.425  -47.632  -22.510 0.5000000000
120117  -30.908  -50.519  -22.970 0.6000000238
23698  -29.733  -46.063  -22.684 0.5000000000
24552  -29.596  -45.624  -23.146 0.5000000000
25354  -30.178  -44.498  -23.775 0.4000000060
24563  -30.884  -46.068  -23.396 0.5000000000
25353  -29.838  -44.313  -23.674 0.4000000060
25346  -34.592  -44.424  -22.346 0.4000000060
26195  -35.316  -43.795  -23.683 0.3000000119
29225  -33.003  -38.983  -20.749 0.5000000000
29237  -34.714  -39.101  -21.010 0.5000000000
128149  -23.628  -59.451  -25.039 0.5000000000
12634  -24.223  -60.637  -25.249 0.5000000000
127503  -23.730  -59.981  -25.045 0.5000000000
12636  -26.366  -60.111  -25.935 0.5000000000
12635  -25.360  -60.501  -25.593 0.4000000060
13420  -23.572  -59.187  -24.869 0.5000000000
122743  -24.251  -58.885  -25.397 0.6000000238
113944  -23.558  -58.709  -25.103 0.6000000238
13432  -25.303  -59.513  -25.544 0.5000000000
13445  -27.728  -59.235  -26.641 0.4000000060
14992  -25.904  -57.873  -22.913 0.6999999881
15000  -24.811  -57.951  -23.592 0.6999999881
14224  -23.258  -58.041  -24.765 0.6999999881
14240  -24.019  -58.088  -25.459 0.5000000000
14239  -23.211  -57.734  -25.056 0.6999999881
14241  -26.283  -58.346  -25.652 0.5000000000
118849  -25.213  -58.630  -25.567 0.5000000000
124277  -25.029  -57.874  -25.559 0.5000000000
111644  -28.118  -58.402  -25.942 0.5000000000
13434  -27.182  -58.927  -26.008 0.5000000000
14208  -27.870  -58.754  -21.643 0.5000000000
14983  -27.406  -58.030  -22.040 0.6999999881
14993  -26.798  -58.226  -22.507 0.6999999881
14982  -26.586  -57.341  -22.280 0.6999999881
123380  -23.622  -57.860  -24.177 0.6000000238
15837  -22.979  -56.813  -24.933 0.6999999881
15008  -22.521  -56.882  -24.506 0.6000000238
123923  -26.724  -57.932  -25.525 0.5000000000
15022  -25.850  -57.585  -25.437 0.6000000238
15009  -24.612  -57.140  -25.496 0.6000000238
14242  -27.300  -58.421  -25.772 0.5000000000
118959  -28.597  -57.835  -25.100 0.5000000000
14977  -28.504  -57.720  -20.674 0.5000000000
14984  -28.017  -57.817  -21.410 0.6999999881
15801  -25.502  -56.775  -22.594 0.6999999881
15788  -24.856  -55.843  -22.524 0.6999999881
15789  -26.231  -56.252  -21.935 0.6999999881
14998  -22.816  -57.079  -24.375 0.8000000119
15799  -23.637  -55.663  -23.286 0.6999999881
15825  -24.288  -56.189  -25.128 0.6000000238
15824  -23.103  -56.057  -24.662 0.6999999881
15010  -26.735  -57.385  -24.952 0.6999999881
15826  -25.729  -56.679  -24.870 0.6000000238
15023  -27.510  -57.922  -25.377 0.6000000238
110367  -27.727  -57.329  -24.529 0.6000000238
15011  -29.475  -57.438  -24.326 0.6000000238
14968  -28.958  -57.860  -19.878 0.5000000000
15780  -28.581  -56.811  -20.111 0.6000000238
15791  -27.940  -56.880  -20.969 0.6000000238
127052  -27.193  -56.177  -21.253 0.6999999881
16579  -25.562  -55.331  -22.080 0.6999999881
16580  -26.573  -55.506  -21.505 0.6000000238
15800  -24.273  -56.422  -23.113 0.6999999881
16578  -24.328  -54.993  -22.825 0.6999999881
125068  -22.558  -55.966  -24.198 0.6999999881
15827  -26.994  -56.659  -24.303 0.6999999881
121191  -28.712  -57.206  -24.054 0.6999999881
127561  -28.003  -56.639  -23.835 0.6999999881
15769  -29.169  -57.187  -19.085 0.5000000000
16572  -28.434  -55.827  -19.951 0.6000000238
15779  -27.854  -56.060  -20.601 0.6000000238
128635  -27.305  -55.553  -21.017 0.6000000238
17331  -24.559  -54.071  -23.043 0.5000000000
116322  -26.126  -54.864  -21.733 0.6000000238
16607  -23.083  -55.153  -24.100 0.6999999881
18104  -24.158  -53.884  -24.045 0.6999999881
16595  -26.617  -55.019  -23.858 0.6999999881
16608  -25.320  -54.910  -24.439 0.6999999881
15001  -29.439  -56.943  -23.765 0.5000000000
15812  -28.954  -56.477  -23.587 0.6999999881
15813  -29.797  -56.338  -23.494 0.5000000000
16546  -29.172  -56.244  -18.657 0.5000000000
16561  -28.917  -55.606  -19.241 0.5000000000
17303  -29.128  -54.844  -19.037 0.6000000238
116068  -28.848  -56.316  -19.424 0.6000000238
17302  -28.563  -55.045  -19.793 0.6000000238
16571  -27.857  -55.181  -20.500 0.6000000238
17314  -28.273  -54.584  -20.272 0.6000000238
17313  -27.697  -54.346  -20.759 0.6000000238
125324  -28.276  -54.041  -20.410 0.6000000238
18095  -24.989  -53.364  -23.308 0.6000000238
18089  -25.462  -53.586  -22.553 0.5000000000
18105  -24.988  -53.399  -24.157 0.6000000238
18100  -24.862  -53.374  -23.858 0.6000000238
17337  -27.026  -54.344  -23.889 0.6000000238
17347  -25.737  -53.915  -24.328 0.6000000238
17339  -29.218  -54.721  -23.565 0.5000000000
16547  -29.239  -55.429  -18.450 0.5000000000
18071  -28.857  -54.218  -19.765 0.6000000238
17324  -26.205  -54.120  -21.838 0.5000000000
18091  -27.196  -53.161  -21.550 0.5000000000
18850  -25.489  -52.799  -23.538 0.4000000060
18096  -25.657  -52.797  -22.851 0.5000000000
18845  -26.291  -52.432  -22.621 0.5000000000
18101  -27.282  -53.634  -24.266 0.6000000238
129236  -29.313  -55.234  -17.738 0.5000000000
17287  -29.392  -54.711  -18.189 0.6000000238
110084  -29.512  -53.997  -18.778 0.6000000238
19595  -26.522  -51.976  -23.692 0.5000000000
18852  -26.630  -51.926  -22.855 0.4000000060
16537  -29.175  -55.456  -17.093 0.5000000000
126359  -29.338  -54.573  -17.312 0.5000000000
18054  -29.872  -53.430  -18.078 0.6000000238
18819  -29.964  -53.108  -18.862 0.6000000238
16524  -28.960  -54.843  -16.594 0.5000000000
17273  -29.169  -53.985  -16.708 0.5000000000
18042  -29.553  -53.560  -17.317 0.6000000238
18820  -30.251  -52.700  -18.164 0.6000000238
119012  -28.674  -54.216  -16.186 0.5000000000
18804  -29.691  -52.699  -17.071 0.5000000000
18805  -30.280  -52.155  -17.522 0.6000000238
18043  -29.921  -52.897  -17.615 0.6000000238
18032  -28.846  -53.366  -16.332 0.5000000000
18786  -29.158  -52.534  -16.537 0.5000000000
18785  -28.380  -52.781  -16.139 0.5000000000
19577  -30.813  -51.504  -17.926 0.5000000000
127228  -29.266  -51.802  -16.564 0.5000000000
18787  -29.818  -51.957  -16.873 0.5000000000
18784  -27.718  -52.207  -16.132 0.5000000000
111620  -28.624  -52.012  -16.350 0.5000000000
19549  -29.719  -51.237  -16.702 0.5000000000
19568  -30.439  -51.265  -17.238 0.4000000060
19548  -28.179  -51.415  -16.366 0.5000000000
20346  -30.271  -50.472  -16.817 0.4000000060
20361  -30.777  -50.535  -17.282 0.4000000060
20345  -29.381  -50.558  -16.549 0.4000000060
21147  -29.854  -49.800  -16.578 0.4000000060
117261  -30.534  -49.039  -16.696 0.4000000060
18855  -25.539  -52.863  -24.020 0.6000000238
17338  -28.049  -54.475  -23.659 0.5000000000
17340  -30.393  -54.738  -23.599 0.4000000060
17325  -27.052  -53.865  -21.374 0.6000000238
21161  -30.907  -49.824  -17.088 0.4000000060
21964  -31.089  -48.261  -16.912 0.4000000060
14999  -23.854  -57.164  -23.650 0.6999999881
120813  -23.221  -54.966  -23.891 0.6999999881
111779  -25.104  -55.766  -24.713 0.6999999881
126703  -23.944  -55.036  -24.683 0.6999999881
17323  -25.346  -54.482  -22.318 0.6000000238
113895  -26.993  -54.805  -21.242 0.6000000238
126414  -27.317  -55.910  -23.730 0.6999999881
18099  -24.208  -53.908  -23.765 0.6999999881
17346  -24.463  -54.083  -24.352 0.6999999881
16596  -27.712  -55.101  -23.531 0.6000000238
119426  -29.221  -55.641  -23.394 0.6000000238
13431  -24.014  -59.615  -25.266 0.5000000000
13433  -26.369  -59.207  -25.786 0.5000000000
14233  -22.842  -57.226  -24.706 0.6999999881
14250  -27.791  -58.790  -26.224 0.4000000060
14991  -24.956  -57.214  -23.169 0.6999999881
15020  -22.771  -57.131  -24.804 0.6999999881
15021  -23.539  -57.344  -25.368 0.6999999881
15761  -29.262  -55.952  -17.785 0.5000000000
15790  -27.252  -57.043  -21.632 0.6999999881
15808  -22.543  -56.397  -24.297 0.6999999881
15809  -23.031  -56.333  -23.745 0.6999999881
15810  -26.224  -55.883  -24.212 0.6999999881
15811  -28.333  -55.834  -23.481 0.6999999881
15823  -22.544  -56.624  -24.434 0.6000000238
15838  -23.647  -56.692  -25.302 0.6999999881
16588  -23.409  -55.151  -23.562 0.6999999881
16594  -22.847  -55.631  -23.928 0.6999999881
16597  -28.564  -55.110  -23.431 0.6000000238
16598  -30.124  -55.506  -23.400 0.5000000000
17330  -23.748  -54.551  -23.598 0.6999999881
17336  -23.526  -54.400  -23.993 0.6999999881
17345  -23.664  -54.381  -24.167 0.6999999881
18106  -25.901  -53.056  -24.271 0.6999999881
18107  -26.735  -52.856  -24.531 0.6999999881
18108  -28.116  -52.621  -25.364 0.6000000238
18119  -29.547  -52.282  -26.193 0.5000000000
18841  -27.640  -52.809  -21.366 0.5000000000
18851  -26.024  -52.286  -23.225 0.5000000000
18856  -26.059  -52.397  -23.851 0.4000000060
18861  -26.355  -52.561  -24.278 0.6000000238
19610  -29.960  -51.626  -25.502 0.6000000238
19617  -31.297  -51.633  -25.902 0.5000000000
20370  -31.351  -50.246  -18.217 0.6000000238
21148  -31.199  -48.980  -17.169 0.4000000060
21162  -31.344  -49.597  -17.628 0.5000000000
22037  -32.966  -49.021  -22.718 0.5000000000
23709  -29.728  -46.139  -23.076 0.4000000060
24544  -34.205  -44.982  -22.031 0.3000000119
25337  -33.630  -44.696  -21.746 0.4000000060
26960  -33.752  -42.550  -21.397 0.5000000000
26961  -34.426  -42.714  -21.719 0.5000000000
26982  -35.414  -42.488  -23.838 0.3000000119
28418  -34.241  -39.864  -20.883 0.5000000000
30059  -33.533  -38.312  -20.614 0.5000000000
30915  -34.599  -37.679  -20.890 0.5000000000
113110  -29.586  -54.083  -17.901 0.6000000238
115502  -28.970  -51.292  -16.462 0.5000000000
116048  -34.603  -45.112  -22.555 0.4000000060
116733  -30.427  -45.238  -23.614 0.4000000060
119726  -28.489  -55.031  -16.015 0.5000000000
121093  -30.757  -51.542  -18.836 0.6000000238
128122  -24.296  -57.601  -25.553 0.6000000238
130133  -29.307  -53.216  -16.755 0.5000000000
130613  -30.422  -49.816  -16.760 0.4000000060
