#!ascii label  , from subject sub-v1s3x0050796_ses-1 vox2ras=TkReg
854
91587  45.270  31.821  11.532 0.0000000000
94165  50.063  35.911  12.845 0.0000000000
88415  52.058  26.466  11.710 0.0000000000
90953  40.936  30.439  12.466 0.0000000000
89124  43.578  27.617  11.832 0.0000000000
93013  47.485  33.314  6.616 0.0000000000
93582  44.432  34.680  12.481 0.0000000000
108938  44.981  36.240  8.158 0.0000000000
85497  54.299  20.971  12.517 0.0000000000
110705  50.479  25.436  4.193 0.0000000000
92241  49.809  32.957  11.627 0.0000000000
89777  47.962  28.257  12.827 0.0000000000
90931  51.762  30.908  15.534 0.0000000000
87659  51.532  25.882  15.556 0.0000000000
132273  47.852  38.566  4.609 0.0000000000
94232  50.602  34.534  6.994 0.0000000000
88468  46.805  26.192  8.078 0.0000000000
91575  43.160  30.918  12.136 0.0000000000
89783  42.479  28.573  12.371 0.0000000000
90378  44.470  29.320  12.626 0.0000000000
114142  45.827  33.028  9.687 0.0000000000
112157  43.244  32.455  10.804 0.0000000000
94201  42.153  36.096  10.754 0.0000000000
85486  52.326  21.296  13.686 0.0000000000
84802  52.932  20.928  8.836 0.0000000000
85524  49.835  22.679  10.618 0.0000000000
119759  49.294  38.115  2.423 0.0000000000
92913  51.210  34.166  12.086 0.0000000000
92217  50.580  32.502  14.103 0.0000000000
126240  51.143  33.677  15.548 0.0000000000
89079  46.941  27.490  15.597 0.0000000000
89738  49.480  28.284  15.679 0.0000000000
87661  48.873  25.553  15.960 0.0000000000
86173  51.423  23.612  16.898 0.0000000000
94842  47.232  36.365  10.307 0.0000000000
94233  47.517  35.514  7.417 0.0000000000
109964  50.566  35.556  9.720 0.0000000000
92954  51.207  33.780  9.509 0.0000000000
89106  50.026  27.237  13.051 0.0000000000
88439  47.143  26.050  11.271 0.0000000000
87709  49.466  25.393  9.516 0.0000000000
88425  40.778  26.935  11.242 0.0000000000
88460  41.562  26.549  9.775 0.0000000000
112845  48.866  31.968  3.351 0.0000000000
125209  44.708  33.222  4.659 0.0000000000
93579  47.258  34.906  12.852 0.0000000000
92877  49.046  33.400  15.262 0.0000000000
96592  40.391  39.452  6.922 0.0000000000
95495  42.715  37.771  5.891 0.0000000000
128778  44.855  36.156  10.753 0.0000000000
86233  52.853  23.537  11.076 0.0000000000
87717  51.892  25.505  8.527 0.0000000000
86287  53.589  22.098  7.857 0.0000000000
85586  51.655  22.513  3.453 0.0000000000
92243  47.147  32.201  10.948 0.0000000000
120083  46.351  29.897  12.603 0.0000000000
91561  48.942  30.944  12.945 0.0000000000
131593  49.973  29.323  13.800 0.0000000000
89763  52.051  28.260  14.243 0.0000000000
90910  50.816  30.843  16.495 0.0000000000
89068  52.282  28.425  16.068 0.0000000000
88394  52.443  26.599  13.604 0.0000000000
86192  53.044  23.178  14.611 0.0000000000
85463  54.227  21.140  16.079 0.0000000000
97155  49.438  41.692  5.022 0.0000000000
95502  50.150  37.656  3.245 0.0000000000
94257  48.541  35.398  5.127 0.0000000000
93640  50.684  33.724  4.536 0.0000000000
92283  50.385  32.788  6.457 0.0000000000
112662  48.143  33.248  9.218 0.0000000000
88408  45.449  27.510  12.233 0.0000000000
88441  45.114  26.522  10.080 0.0000000000
88488  42.974  26.666  7.263 0.0000000000
88496  48.172  26.086  6.780 0.0000000000
91574  44.144  31.024  12.196 0.0000000000
90952  43.643  30.337  12.435 0.0000000000
123438  44.886  30.529  12.439 0.0000000000
92260  45.378  32.404  10.840 0.0000000000
92272  45.105  32.866  9.988 0.0000000000
92245  44.490  32.185  11.200 0.0000000000
92247  42.904  32.088  11.241 0.0000000000
85474  51.404  21.921  14.525 0.0000000000
85511  51.440  21.829  12.123 0.0000000000
85488  50.134  22.735  13.393 0.0000000000
88476  39.781  26.550  8.319 0.0000000000
93578  51.057  35.184  13.164 0.0000000000
93563  51.264  34.291  13.964 0.0000000000
93564  50.922  34.993  14.063 0.0000000000
88385  46.649  26.909  15.913 0.0000000000
89078  48.254  26.898  15.541 0.0000000000
94827  49.098  36.423  11.539 0.0000000000
94197  49.494  36.014  10.113 0.0000000000
94839  50.330  36.143  11.371 0.0000000000
94179  51.213  35.242  11.531 0.0000000000
88416  50.985  26.062  11.951 0.0000000000
88417  49.804  25.966  12.021 0.0000000000
87696  51.106  25.614  10.326 0.0000000000
132116  39.942  29.572  12.955 0.0000000000
90383  40.301  28.996  12.788 0.0000000000
89110  43.014  28.057  12.195 0.0000000000
129244  41.772  27.587  11.872 0.0000000000
88424  41.743  27.124  11.239 0.0000000000
88445  41.231  26.719  10.559 0.0000000000
88444  42.115  26.756  10.396 0.0000000000
92292  48.257  32.813  5.169 0.0000000000
92304  47.000  32.613  4.191 0.0000000000
93032  45.848  33.392  5.674 0.0000000000
91576  41.394  31.044  12.138 0.0000000000
90954  40.041  30.394  12.752 0.0000000000
93581  45.779  34.648  12.667 0.0000000000
92899  46.546  33.809  13.929 0.0000000000
92900  45.620  33.692  13.870 0.0000000000
116213  43.028  35.183  11.782 0.0000000000
94185  43.499  35.803  11.110 0.0000000000
94170  44.801  35.190  11.844 0.0000000000
110222  46.063  35.626  11.620 0.0000000000
85510  53.473  22.360  11.665 0.0000000000
86260  52.911  23.444  9.377 0.0000000000
85521  54.075  21.350  9.947 0.0000000000
85543  50.990  22.269  7.637 0.0000000000
84826  52.606  21.576  6.315 0.0000000000
86313  50.830  22.550  4.482 0.0000000000
113086  48.041  32.178  11.061 0.0000000000
91584  48.505  31.739  11.813 0.0000000000
92230  49.406  32.389  12.172 0.0000000000
91550  51.243  31.435  14.990 0.0000000000
90939  49.890  30.511  13.963 0.0000000000
90356  51.539  29.982  14.800 0.0000000000
89750  51.310  28.544  14.095 0.0000000000
89749  52.062  29.167  14.741 0.0000000000
92184  48.640  32.652  15.373 0.0000000000
92183  50.077  33.041  15.834 0.0000000000
109463  49.309  30.920  15.840 0.0000000000
88381  51.518  27.024  15.735 0.0000000000
89731  51.358  28.621  16.294 0.0000000000
89076  52.158  27.617  15.804 0.0000000000
88379  52.353  27.203  15.327 0.0000000000
87657  52.382  26.217  15.088 0.0000000000
123220  52.554  25.085  13.471 0.0000000000
112286  52.430  24.987  15.050 0.0000000000
85430  53.033  22.481  18.448 0.0000000000
86172  53.503  22.609  16.765 0.0000000000
97162  49.227  40.306  4.754 0.0000000000
96623  50.050  39.264  3.639 0.0000000000
96087  48.894  38.286  4.392 0.0000000000
111365  43.759  36.525  6.772 0.0000000000
94920  43.947  36.932  5.666 0.0000000000
94892  45.149  36.084  7.014 0.0000000000
109822  49.222  35.299  7.724 0.0000000000
94244  48.363  35.309  6.130 0.0000000000
94243  49.498  34.938  5.568 0.0000000000
94256  49.715  34.989  4.599 0.0000000000
93631  50.892  33.758  5.441 0.0000000000
92300  50.706  32.845  5.277 0.0000000000
93010  51.014  33.344  6.402 0.0000000000
121065  50.153  33.327  10.191 0.0000000000
92955  50.118  33.324  9.316 0.0000000000
92940  49.266  33.155  10.015 0.0000000000
92270  47.607  32.878  9.943 0.0000000000
89778  47.258  28.711  12.766 0.0000000000
89779  46.438  28.385  12.667 0.0000000000
89107  47.108  27.876  12.657 0.0000000000
87700  46.736  25.912  9.661 0.0000000000
88440  46.519  26.095  10.566 0.0000000000
88456  45.377  26.407  9.211 0.0000000000
88472  43.816  26.509  8.852 0.0000000000
110481  45.234  26.524  7.960 0.0000000000
87738  50.690  25.388  6.405 0.0000000000
125936  49.739  25.516  7.356 0.0000000000
87739  49.604  25.757  5.737 0.0000000000
123440  42.254  30.807  12.153 0.0000000000
90381  41.931  29.204  12.455 0.0000000000
90380  42.756  29.333  12.473 0.0000000000
89782  43.334  28.674  12.439 0.0000000000
89109  43.875  28.136  12.270 0.0000000000
92979  46.747  33.393  8.434 0.0000000000
91591  41.866  31.461  11.774 0.0000000000
84765  54.060  20.570  12.850 0.0000000000
83970  54.131  20.573  11.050 0.0000000000
84794  52.933  20.778  10.780 0.0000000000
113915  51.706  21.571  10.372 0.0000000000
92240  50.638  33.546  11.899 0.0000000000
92229  50.219  33.018  12.521 0.0000000000
92914  51.049  33.761  13.004 0.0000000000
92216  51.142  33.535  14.171 0.0000000000
109670  51.546  32.213  16.042 0.0000000000
90340  47.356  29.116  15.451 0.0000000000
128156  49.189  29.601  15.768 0.0000000000
89739  48.420  27.954  15.494 0.0000000000
109302  49.123  26.606  15.555 0.0000000000
86948  50.504  25.152  15.784 0.0000000000
86947  51.537  24.907  15.669 0.0000000000
113077  50.149  24.570  16.358 0.0000000000
86162  51.097  23.375  17.824 0.0000000000
86149  50.965  23.244  18.878 0.0000000000
96627  46.350  39.061  4.840 0.0000000000
94877  46.301  36.191  9.180 0.0000000000
94234  46.676  35.670  7.587 0.0000000000
110147  47.981  35.757  9.042 0.0000000000
94221  49.026  35.505  8.626 0.0000000000
94208  50.936  35.025  8.745 0.0000000000
93607  51.251  34.332  8.076 0.0000000000
94207  51.221  35.020  9.556 0.0000000000
92938  51.367  34.130  10.344 0.0000000000
115679  49.240  27.293  12.908 0.0000000000
88419  47.786  26.643  12.351 0.0000000000
88418  48.655  26.126  12.143 0.0000000000
87698  48.197  25.595  10.326 0.0000000000
125411  47.792  25.675  8.878 0.0000000000
87771  50.239  25.110  2.486 0.0000000000
88529  48.548  26.219  3.829 0.0000000000
89128  39.166  27.252  11.989 0.0000000000
89785  40.796  28.421  12.468 0.0000000000
89127  40.099  27.249  11.785 0.0000000000
88427  39.443  26.897  11.332 0.0000000000
122112  39.900  26.546  9.897 0.0000000000
88461  40.282  26.494  9.178 0.0000000000
88475  40.795  26.522  8.556 0.0000000000
91624  47.457  31.340  2.546 0.0000000000
92323  45.756  32.174  3.227 0.0000000000
94157  48.254  35.385  12.871 0.0000000000
93557  49.163  34.657  14.315 0.0000000000
93567  48.029  34.616  13.614 0.0000000000
92886  47.302  33.492  14.439 0.0000000000
111316  46.991  31.959  15.238 0.0000000000
90920  46.469  30.485  15.413 0.0000000000
90341  46.409  29.164  15.463 0.0000000000
96065  41.438  38.444  6.464 0.0000000000
94895  42.541  36.832  7.235 0.0000000000
94879  44.177  36.483  8.467 0.0000000000
94862  44.788  36.475  9.195 0.0000000000
94843  46.384  36.320  10.439 0.0000000000
94181  47.646  36.177  11.510 0.0000000000
87685  52.502  25.883  11.206 0.0000000000
87707  51.784  25.704  9.439 0.0000000000
86977  52.582  25.153  9.794 0.0000000000
86986  52.551  24.491  8.047 0.0000000000
86998  52.222  24.269  6.031 0.0000000000
84817  53.561  21.286  8.090 0.0000000000
86312  52.509  22.331  4.623 0.0000000000
87035  51.405  23.615  3.029 0.0000000000
114799  45.936  31.979  11.306 0.0000000000
90950  45.687  30.606  12.378 0.0000000000
121041  46.871  31.342  11.778 0.0000000000
90948  47.946  30.402  12.458 0.0000000000
90368  48.807  29.615  13.200 0.0000000000
91560  49.477  31.131  13.470 0.0000000000
90940  49.184  30.386  13.338 0.0000000000
89764  49.498  29.058  13.488 0.0000000000
89091  49.575  28.102  13.299 0.0000000000
89105  51.011  27.190  13.176 0.0000000000
89104  51.862  27.162  13.167 0.0000000000
92876  50.257  33.829  15.499 0.0000000000
92182  51.045  33.152  16.115 0.0000000000
91527  51.826  31.439  16.181 0.0000000000
90917  49.889  30.302  16.134 0.0000000000
122985  51.884  30.133  16.515 0.0000000000
90336  52.438  30.030  16.028 0.0000000000
89748  52.463  28.450  15.055 0.0000000000
119148  52.374  27.274  14.088 0.0000000000
111982  52.346  26.443  12.635 0.0000000000
117845  52.562  25.030  12.584 0.0000000000
86965  52.810  23.497  12.272 0.0000000000
86205  53.549  22.314  14.078 0.0000000000
86939  52.888  23.311  16.146 0.0000000000
86191  53.889  21.991  14.932 0.0000000000
84753  54.204  20.858  14.141 0.0000000000
84754  53.969  20.724  14.562 0.0000000000
97173  49.920  39.968  3.160 0.0000000000
95523  50.054  37.671  2.753 0.0000000000
120686  49.784  35.236  2.538 0.0000000000
124697  46.993  35.552  6.720 0.0000000000
117023  47.609  36.935  4.552 0.0000000000
94269  49.419  35.719  4.221 0.0000000000
109853  50.090  35.283  3.083 0.0000000000
93065  49.687  33.536  2.686 0.0000000000
92319  50.161  32.636  3.779 0.0000000000
92291  49.375  32.593  5.365 0.0000000000
93012  48.569  32.961  6.122 0.0000000000
110949  50.889  33.370  7.809 0.0000000000
111552  49.295  33.128  7.599 0.0000000000
131385  48.294  33.321  7.838 0.0000000000
92957  47.148  33.225  9.201 0.0000000000
116637  46.860  32.590  10.397 0.0000000000
120082  45.212  29.723  12.635 0.0000000000
110249  44.763  28.081  12.384 0.0000000000
89123  44.351  27.644  12.032 0.0000000000
88407  46.264  26.972  12.153 0.0000000000
111468  44.922  26.771  10.993 0.0000000000
88442  44.132  26.762  10.389 0.0000000000
132082  43.172  26.557  9.418 0.0000000000
88473  42.819  26.501  8.791 0.0000000000
87718  50.944  25.386  8.646 0.0000000000
111808  49.208  25.542  8.012 0.0000000000
88483  47.433  26.167  7.397 0.0000000000
88518  47.649  26.387  4.492 0.0000000000
109482  45.328  26.605  6.680 0.0000000000
86234  48.683  23.337  11.512 0.0000000000
86261  48.874  23.267  9.480 0.0000000000
91588  44.621  31.606  11.750 0.0000000000
91573  45.101  31.187  12.109 0.0000000000
131905  44.053  31.724  11.619 0.0000000000
125947  50.439  22.568  14.158 0.0000000000
94164  50.622  35.630  12.656 0.0000000000
94154  50.510  35.422  13.434 0.0000000000
94818  49.538  36.232  12.224 0.0000000000
94826  49.813  36.370  11.665 0.0000000000
94817  50.225  36.139  12.142 0.0000000000
94180  50.751  35.726  11.843 0.0000000000
87686  51.732  26.144  11.030 0.0000000000
113794  40.625  29.704  12.692 0.0000000000
89125  42.622  27.523  11.678 0.0000000000
88423  42.604  27.047  10.931 0.0000000000
93030  47.459  33.181  5.748 0.0000000000
93031  46.704  33.274  5.473 0.0000000000
122095  46.647  33.385  6.185 0.0000000000
91577  40.542  31.175  12.284 0.0000000000
128310  45.117  34.757  12.425 0.0000000000
93569  45.031  34.244  13.215 0.0000000000
93583  43.598  34.641  12.512 0.0000000000
94171  43.956  35.163  11.789 0.0000000000
85509  54.241  21.147  11.642 0.0000000000
132065  53.971  21.555  10.396 0.0000000000
117146  54.263  21.081  10.688 0.0000000000
130431  51.028  22.386  6.184 0.0000000000
92242  48.944  32.471  11.313 0.0000000000
90938  50.836  30.674  14.599 0.0000000000
90355  52.246  30.064  15.555 0.0000000000
91535  48.009  31.834  15.343 0.0000000000
117263  49.339  31.887  15.753 0.0000000000
111513  48.356  30.959  15.550 0.0000000000
88380  52.119  26.629  15.506 0.0000000000
87658  52.133  25.587  15.384 0.0000000000
85415  52.793  22.383  19.209 0.0000000000
96626  47.384  39.166  4.783 0.0000000000
96608  47.995  40.014  5.093 0.0000000000
96625  48.655  39.244  4.599 0.0000000000
94893  44.317  36.365  7.463 0.0000000000
116168  44.428  36.357  6.688 0.0000000000
131973  50.092  34.959  7.515 0.0000000000
109022  49.524  35.025  6.715 0.0000000000
93625  50.543  34.396  6.075 0.0000000000
130182  50.969  34.203  6.648 0.0000000000
93624  51.068  33.825  6.348 0.0000000000
93619  51.155  34.145  7.172 0.0000000000
92257  49.459  32.972  10.792 0.0000000000
92258  48.477  32.702  10.501 0.0000000000
90376  48.077  29.134  12.898 0.0000000000
87722  47.075  25.867  8.832 0.0000000000
88469  46.215  26.240  8.860 0.0000000000
88470  45.551  26.436  8.526 0.0000000000
110772  46.030  26.460  8.004 0.0000000000
87748  50.727  25.371  4.902 0.0000000000
110704  50.343  25.538  5.698 0.0000000000
87749  49.932  25.729  4.862 0.0000000000
120084  42.160  29.977  12.429 0.0000000000
120081  42.939  30.152  12.411 0.0000000000
90379  43.664  29.486  12.554 0.0000000000
89781  44.185  28.712  12.520 0.0000000000
92958  46.211  33.255  9.131 0.0000000000
92980  45.776  33.406  8.302 0.0000000000
92959  45.362  33.242  9.182 0.0000000000
92273  44.164  32.908  10.053 0.0000000000
92960  44.511  33.197  9.331 0.0000000000
91589  43.409  31.574  11.693 0.0000000000
91590  42.593  31.512  11.713 0.0000000000
84766  53.680  20.632  13.669 0.0000000000
84776  53.831  20.477  12.122 0.0000000000
84777  53.185  20.678  12.873 0.0000000000
85512  50.679  22.354  11.814 0.0000000000
85522  51.618  21.653  11.317 0.0000000000
85533  50.676  22.286  10.030 0.0000000000
113865  50.611  22.349  9.013 0.0000000000
85534  49.709  22.762  9.755 0.0000000000
96655  49.461  39.728  2.800 0.0000000000
96656  48.371  39.380  2.803 0.0000000000
92884  51.266  34.003  14.920 0.0000000000
92200  51.292  33.001  15.337 0.0000000000
115759  48.068  28.707  15.485 0.0000000000
89740  47.478  28.154  15.475 0.0000000000
88383  48.596  26.118  15.713 0.0000000000
87660  49.577  25.862  15.678 0.0000000000
86942  49.441  25.015  16.195 0.0000000000
86936  49.502  24.277  17.440 0.0000000000
86163  50.114  23.712  18.111 0.0000000000
94860  46.667  36.300  9.756 0.0000000000
94211  47.000  35.979  9.078 0.0000000000
131887  47.409  36.154  9.649 0.0000000000
94210  48.886  35.748  9.406 0.0000000000
94209  49.862  35.553  9.140 0.0000000000
94220  50.070  35.221  8.258 0.0000000000
93592  51.369  34.550  11.288 0.0000000000
92925  51.109  33.832  11.119 0.0000000000
88405  48.582  26.907  12.632 0.0000000000
88404  49.436  26.613  12.566 0.0000000000
87697  49.911  25.431  10.353 0.0000000000
87688  49.014  25.614  11.195 0.0000000000
112430  48.997  25.448  10.175 0.0000000000
87710  48.479  25.523  9.401 0.0000000000
89115  38.618  27.704  12.551 0.0000000000
89114  39.556  27.770  12.408 0.0000000000
90382  41.122  29.078  12.569 0.0000000000
89784  41.638  28.482  12.375 0.0000000000
89126  41.038  27.424  11.805 0.0000000000
88426  40.082  26.830  11.158 0.0000000000
88447  39.613  26.660  10.629 0.0000000000
88446  40.401  26.667  10.600 0.0000000000
124568  40.744  26.543  9.903 0.0000000000
129972  41.045  26.477  9.259 0.0000000000
92320  49.408  32.173  2.914 0.0000000000
127345  48.316  31.441  2.629 0.0000000000
92305  46.074  32.743  4.075 0.0000000000
92306  45.163  32.855  3.991 0.0000000000
93060  44.125  33.048  3.997 0.0000000000
92185  47.633  32.477  15.121 0.0000000000
91536  46.322  31.255  15.333 0.0000000000
126610  46.216  29.873  15.446 0.0000000000
96601  40.975  39.022  6.553 0.0000000000
95487  41.938  37.327  6.862 0.0000000000
94896  41.880  37.001  7.716 0.0000000000
94894  43.411  36.562  7.681 0.0000000000
94199  44.148  36.224  10.546 0.0000000000
114609  43.968  36.521  9.706 0.0000000000
111579  44.843  36.433  10.101 0.0000000000
94861  45.746  36.382  9.749 0.0000000000
94198  45.561  36.258  10.576 0.0000000000
94168  46.471  35.191  12.242 0.0000000000
94182  46.799  35.874  11.577 0.0000000000
94167  47.476  35.626  12.171 0.0000000000
86971  52.622  25.177  10.688 0.0000000000
86246  52.711  24.059  10.224 0.0000000000
86274  52.912  23.372  8.409 0.0000000000
86288  52.870  23.281  7.513 0.0000000000
115908  52.728  23.247  6.538 0.0000000000
84801  53.809  20.787  9.312 0.0000000000
84808  53.938  21.005  8.824 0.0000000000
84809  53.580  21.030  8.405 0.0000000000
85576  52.243  21.819  4.731 0.0000000000
84833  52.670  21.735  5.593 0.0000000000
85584  52.393  22.047  4.369 0.0000000000
87021  52.366  22.886  4.183 0.0000000000
86345  51.629  23.124  3.168 0.0000000000
87042  51.003  23.241  2.505 0.0000000000
85596  51.295  22.866  2.968 0.0000000000
91586  46.638  31.827  11.357 0.0000000000
91585  47.473  31.697  11.454 0.0000000000
91570  48.495  31.053  12.428 0.0000000000
91571  47.583  31.056  12.046 0.0000000000
128519  48.188  29.851  12.790 0.0000000000
90947  48.567  30.400  12.860 0.0000000000
92218  49.871  32.428  13.085 0.0000000000
127146  49.799  31.835  13.530 0.0000000000
90367  49.601  29.763  13.660 0.0000000000
124616  50.386  28.844  13.806 0.0000000000
89089  51.515  27.808  13.676 0.0000000000
92885  49.179  34.037  14.892 0.0000000000
93556  50.199  34.497  14.926 0.0000000000
91533  50.722  32.363  16.286 0.0000000000
91528  51.239  31.625  16.430 0.0000000000
92176  51.353  32.395  16.199 0.0000000000
115525  48.914  28.871  15.621 0.0000000000
90338  49.952  29.241  16.036 0.0000000000
89730  52.070  28.854  16.351 0.0000000000
90330  51.630  29.413  16.474 0.0000000000
90329  52.281  29.669  16.281 0.0000000000
90335  52.461  29.400  16.039 0.0000000000
90354  52.432  29.335  15.606 0.0000000000
89736  52.452  28.803  15.834 0.0000000000
88387  52.490  26.827  14.574 0.0000000000
89081  52.484  27.633  14.879 0.0000000000
89103  52.208  26.972  13.259 0.0000000000
87679  52.553  25.943  12.052 0.0000000000
87673  52.556  25.941  13.045 0.0000000000
86950  52.592  24.385  14.244 0.0000000000
86958  52.634  24.032  13.280 0.0000000000
115413  52.890  23.374  13.900 0.0000000000
86206  53.238  22.704  13.241 0.0000000000
86940  51.952  24.049  16.121 0.0000000000
86171  54.194  21.713  16.528 0.0000000000
112993  53.648  22.502  16.131 0.0000000000
86181  54.097  21.745  15.736 0.0000000000
122686  54.154  21.296  14.385 0.0000000000
85472  54.208  21.167  15.127 0.0000000000
84746  54.156  20.962  15.280 0.0000000000
97664  49.145  42.121  6.173 0.0000000000
131996  48.226  42.755  7.572 0.0000000000
98152  49.019  42.689  6.349 0.0000000000
97669  49.685  41.313  4.149 0.0000000000
96086  49.902  38.394  3.733 0.0000000000
96098  50.265  38.581  3.003 0.0000000000
94944  49.834  36.822  2.552 0.0000000000
94938  50.163  36.863  2.869 0.0000000000
94222  47.286  35.680  8.297 0.0000000000
129651  47.906  35.477  5.627 0.0000000000
94258  47.520  35.642  5.334 0.0000000000
94270  48.021  35.806  4.834 0.0000000000
94929  48.714  36.506  4.394 0.0000000000
93641  50.270  34.487  3.918 0.0000000000
94268  50.013  35.245  3.740 0.0000000000
93649  50.011  34.265  3.089 0.0000000000
93059  50.180  33.257  3.409 0.0000000000
93058  50.598  33.129  4.197 0.0000000000
92290  50.324  32.627  5.649 0.0000000000
92301  50.191  32.511  4.665 0.0000000000
92284  49.687  32.666  6.081 0.0000000000
93011  49.501  32.880  6.774 0.0000000000
92974  51.368  33.921  8.813 0.0000000000
92992  51.243  33.779  7.616 0.0000000000
92975  50.927  33.486  8.745 0.0000000000
92956  49.150  33.263  9.208 0.0000000000
92976  50.051  33.193  8.308 0.0000000000
92977  48.805  33.288  8.431 0.0000000000
92978  47.726  33.360  8.471 0.0000000000
126292  47.628  32.484  10.562 0.0000000000
92244  46.316  32.318  10.861 0.0000000000
90949  46.593  30.791  12.228 0.0000000000
111945  45.617  28.207  12.566 0.0000000000
128474  44.854  27.631  12.150 0.0000000000
128392  47.794  26.071  11.836 0.0000000000
118385  47.038  26.483  12.022 0.0000000000
113628  45.727  26.435  10.770 0.0000000000
88443  43.088  26.752  10.201 0.0000000000
88458  43.740  26.604  9.658 0.0000000000
110479  43.376  26.561  8.036 0.0000000000
110478  42.381  26.576  8.007 0.0000000000
88489  41.948  26.646  7.153 0.0000000000
87733  49.000  25.750  7.075 0.0000000000
87734  48.262  25.814  7.627 0.0000000000
88530  47.735  26.308  3.450 0.0000000000
127109  47.005  26.423  4.090 0.0000000000
90951  44.329  30.076  12.569 0.0000000000
92259  45.993  32.711  10.270 0.0000000000
92261  44.597  32.590  10.551 0.0000000000
92262  43.892  32.534  10.670 0.0000000000
92246  43.659  32.135  11.222 0.0000000000
85499  51.839  21.547  12.834 0.0000000000
85487  51.120  22.193  13.565 0.0000000000
85500  50.804  22.348  12.698 0.0000000000
85501  49.824  22.825  12.398 0.0000000000
93577  51.328  34.935  12.260 0.0000000000
109246  51.264  34.572  13.063 0.0000000000
93554  51.109  34.524  14.531 0.0000000000
92874  51.095  34.151  15.234 0.0000000000
109241  47.646  27.437  15.524 0.0000000000
115956  47.354  26.831  15.701 0.0000000000
87654  48.599  25.262  16.439 0.0000000000
94828  47.837  36.436  10.862 0.0000000000
119811  48.221  36.199  10.031 0.0000000000
94841  48.774  36.407  10.814 0.0000000000
94840  49.698  36.389  11.000 0.0000000000
115148  50.370  35.943  10.575 0.0000000000
128189  50.970  35.464  10.252 0.0000000000
113057  50.911  35.638  10.995 0.0000000000
94163  51.029  35.356  12.323 0.0000000000
88403  50.435  26.541  12.580 0.0000000000
87687  50.413  25.664  11.210 0.0000000000
89111  42.149  27.977  12.175 0.0000000000
92303  48.014  32.465  4.303 0.0000000000
92321  47.749  31.948  3.439 0.0000000000
92293  47.271  33.014  4.948 0.0000000000
93046  46.388  33.144  4.841 0.0000000000
93047  45.487  33.209  4.783 0.0000000000
91578  39.677  31.288  12.530 0.0000000000
90941  39.219  30.711  13.017 0.0000000000
90369  39.334  29.895  13.241 0.0000000000
93580  46.476  34.612  12.902 0.0000000000
110962  46.926  34.335  13.458 0.0000000000
93568  46.043  34.199  13.356 0.0000000000
129745  42.892  35.677  11.253 0.0000000000
94200  42.769  36.032  10.825 0.0000000000
94184  44.425  35.751  11.220 0.0000000000
94183  45.342  35.794  11.303 0.0000000000
94169  45.585  35.170  11.993 0.0000000000
86245  53.392  22.580  10.184 0.0000000000
86259  53.785  21.989  9.387 0.0000000000
86273  53.701  22.098  8.680 0.0000000000
85542  51.787  21.671  7.728 0.0000000000
84819  52.720  21.410  7.134 0.0000000000
85555  51.655  21.874  6.836 0.0000000000
115456  51.396  22.186  5.111 0.0000000000
85577  51.684  22.054  4.242 0.0000000000
91569  49.184  31.667  12.733 0.0000000000
92201  51.143  32.111  14.900 0.0000000000
91559  50.336  31.447  14.246 0.0000000000
90366  50.451  29.721  14.196 0.0000000000
132124  51.157  29.228  14.347 0.0000000000
91534  50.258  31.355  16.267 0.0000000000
131062  50.024  27.756  15.717 0.0000000000
89737  50.434  28.475  16.026 0.0000000000
89070  50.956  27.812  15.956 0.0000000000
89069  51.868  28.070  16.157 0.0000000000
89075  52.383  28.046  15.586 0.0000000000
87665  52.519  25.787  14.197 0.0000000000
111554  52.655  23.932  14.994 0.0000000000
86161  52.142  23.003  17.659 0.0000000000
116694  52.487  23.211  16.845 0.0000000000
86160  53.277  22.593  17.572 0.0000000000
85448  54.128  21.756  17.357 0.0000000000
97666  47.631  41.774  6.884 0.0000000000
97157  48.371  41.085  5.637 0.0000000000
113747  49.974  40.048  4.024 0.0000000000
96624  49.643  39.543  4.283 0.0000000000
116460  49.572  38.934  4.216 0.0000000000
95503  49.523  37.528  4.029 0.0000000000
94908  43.322  36.949  6.064 0.0000000000
94907  44.100  36.576  6.097 0.0000000000
94906  44.823  36.281  6.177 0.0000000000
109412  48.381  35.367  7.128 0.0000000000
130531  47.709  35.442  6.697 0.0000000000
93632  50.433  34.407  4.988 0.0000000000
93045  50.861  33.176  4.966 0.0000000000
92289  50.787  32.948  6.075 0.0000000000
92279  50.898  33.222  6.906 0.0000000000
126674  50.747  33.509  9.588 0.0000000000
92269  48.502  33.072  9.824 0.0000000000
90377  47.406  29.650  12.674 0.0000000000
110854  46.643  29.105  12.726 0.0000000000
89108  46.296  27.652  12.477 0.0000000000
87699  47.319  25.784  10.423 0.0000000000
88455  45.945  26.252  9.837 0.0000000000
88457  44.519  26.530  9.452 0.0000000000
88471  44.825  26.488  8.650 0.0000000000
110480  44.356  26.544  8.004 0.0000000000
88487  43.957  26.670  7.305 0.0000000000
109142  51.529  25.146  6.851 0.0000000000
87731  51.191  25.336  7.811 0.0000000000
115588  49.819  25.593  6.533 0.0000000000
87740  48.956  25.889  6.227 0.0000000000
126005  41.632  30.436  12.343 0.0000000000
120396  41.403  29.816  12.518 0.0000000000
113149  46.586  33.453  7.025 0.0000000000
110451  45.122  33.444  7.674 0.0000000000
92248  41.982  32.112  11.250 0.0000000000
94186  42.307  35.624  11.346 0.0000000000
94172  42.279  35.074  12.026 0.0000000000
83956  54.163  20.589  12.323 0.0000000000
84784  54.250  20.693  11.280 0.0000000000
83963  54.155  20.549  11.759 0.0000000000
84785  53.868  20.470  11.316 0.0000000000
114850  52.995  20.785  9.771 0.0000000000
126867  51.715  21.579  9.433 0.0000000000
127492  51.004  22.175  8.229 0.0000000000
85544  50.181  22.686  8.072 0.0000000000
119049  50.592  33.055  13.373 0.0000000000
91549  51.546  31.875  15.699 0.0000000000
91532  51.920  31.450  16.054 0.0000000000
90919  47.806  30.091  15.462 0.0000000000
90918  48.794  30.198  15.688 0.0000000000
90339  48.352  29.434  15.543 0.0000000000
89077  49.215  27.389  15.546 0.0000000000
88382  50.147  26.899  15.608 0.0000000000
113064  50.669  26.112  15.598 0.0000000000
86941  50.946  24.358  16.273 0.0000000000
86935  50.356  23.993  17.015 0.0000000000
111998  51.961  22.841  18.585 0.0000000000
86148  52.006  22.746  19.572 0.0000000000
94878  45.678  36.228  8.791 0.0000000000
94224  45.824  35.925  7.825 0.0000000000
94223  46.444  35.909  8.478 0.0000000000
109728  48.216  35.509  8.059 0.0000000000
94219  50.825  34.675  7.820 0.0000000000
93606  51.303  34.455  8.798 0.0000000000
92953  51.378  34.371  9.551 0.0000000000
94196  51.348  34.979  10.470 0.0000000000
92939  50.946  33.633  10.274 0.0000000000
92926  50.367  33.376  11.011 0.0000000000
89092  48.652  27.762  12.920 0.0000000000
120268  47.825  27.385  12.639 0.0000000000
132389  48.334  25.842  11.627 0.0000000000
87689  47.944  25.748  11.149 0.0000000000
87711  47.568  25.687  9.571 0.0000000000
87770  50.670  25.073  3.319 0.0000000000
87759  50.038  25.619  3.706 0.0000000000
109006  49.455  25.809  3.085 0.0000000000
89129  38.300  27.243  11.988 0.0000000000
89112  41.318  27.919  12.191 0.0000000000
89113  40.473  27.833  12.267 0.0000000000
88448  38.783  26.715  10.741 0.0000000000
92322  46.719  32.050  3.369 0.0000000000
92332  46.448  31.364  2.358 0.0000000000
93014  45.886  33.458  6.615 0.0000000000
93015  45.118  33.477  6.380 0.0000000000
94156  49.250  35.811  12.870 0.0000000000
94155  49.873  35.584  13.434 0.0000000000
93566  49.145  35.268  13.597 0.0000000000
93558  48.191  34.066  14.344 0.0000000000
126244  47.359  34.056  13.987 0.0000000000
114414  48.305  33.585  14.744 0.0000000000
92878  47.931  33.044  14.920 0.0000000000
111626  47.237  30.931  15.400 0.0000000000
116140  46.904  29.947  15.441 0.0000000000
115926  46.648  28.297  15.504 0.0000000000
96064  42.005  38.197  6.212 0.0000000000
128729  41.554  37.877  6.579 0.0000000000
114461  42.152  37.677  6.372 0.0000000000
95486  42.599  37.203  6.475 0.0000000000
94909  43.078  36.727  6.789 0.0000000000
94845  42.454  36.437  10.205 0.0000000000
94880  43.458  36.613  8.890 0.0000000000
130069  44.107  36.571  9.109 0.0000000000
94829  46.991  36.334  10.997 0.0000000000
94830  46.183  36.112  11.077 0.0000000000
94166  48.515  36.100  12.112 0.0000000000
88438  52.291  26.134  11.041 0.0000000000
87695  52.134  26.025  10.307 0.0000000000
87694  52.394  25.778  10.492 0.0000000000
113377  52.302  25.724  9.849 0.0000000000
87706  52.309  25.482  9.146 0.0000000000
86982  52.591  24.717  8.860 0.0000000000
87730  52.064  25.264  7.779 0.0000000000
86999  51.267  25.093  5.683 0.0000000000
87747  51.260  24.924  4.775 0.0000000000
84792  54.146  20.816  10.063 0.0000000000
85541  53.771  21.390  8.363 0.0000000000
85553  53.548  21.543  7.733 0.0000000000
84825  53.046  21.502  6.654 0.0000000000
85565  53.033  21.721  6.179 0.0000000000
85554  53.385  22.028  6.893 0.0000000000
87011  52.449  23.305  5.079 0.0000000000
113750  52.095  23.599  4.346 0.0000000000
87758  51.005  25.062  4.092 0.0000000000
87781  50.793  24.136  2.360 0.0000000000
91572  46.028  31.384  11.839 0.0000000000
128788  47.160  30.381  12.420 0.0000000000
89765  48.743  28.666  13.155 0.0000000000
89090  50.631  27.961  13.526 0.0000000000
88402  51.518  26.645  12.531 0.0000000000
88401  52.158  26.659  12.480 0.0000000000
93565  50.203  35.109  14.172 0.0000000000
93546  50.861  34.202  15.319 0.0000000000
130150  50.786  33.480  15.872 0.0000000000
92181  51.235  33.109  15.953 0.0000000000
90916  52.230  30.784  16.039 0.0000000000
90337  50.856  29.146  16.353 0.0000000000
90331  50.973  29.995  16.520 0.0000000000
90909  51.597  30.808  16.471 0.0000000000
90908  52.174  30.526  16.243 0.0000000000
89762  52.337  27.863  14.411 0.0000000000
89088  52.109  27.597  13.781 0.0000000000
88414  52.327  26.237  11.786 0.0000000000
122353  52.601  25.021  11.585 0.0000000000
85498  53.775  21.775  12.453 0.0000000000
85485  54.141  21.271  13.395 0.0000000000
114542  52.133  24.709  15.512 0.0000000000
86946  52.456  24.001  15.515 0.0000000000
86182  53.230  22.966  15.436 0.0000000000
84764  54.191  20.698  12.911 0.0000000000
121927  54.134  20.714  13.544 0.0000000000
123693  52.949  20.854  14.501 0.0000000000
96654  50.003  39.150  2.815 0.0000000000
126411  50.063  39.801  3.500 0.0000000000
96639  50.192  39.357  3.128 0.0000000000
96106  49.884  38.329  2.638 0.0000000000
94284  49.480  35.916  2.232 0.0000000000
130671  49.318  35.069  2.090 0.0000000000
96088  46.817  38.291  4.667 0.0000000000
117691  46.120  35.741  6.804 0.0000000000
94245  47.472  35.482  6.047 0.0000000000
95505  46.777  37.347  4.625 0.0000000000
121082  47.715  37.822  4.560 0.0000000000
95504  48.521  37.426  4.421 0.0000000000
94928  49.890  36.709  3.591 0.0000000000
119000  50.176  36.013  3.168 0.0000000000
93654  49.459  34.309  2.323 0.0000000000
92330  49.602  32.720  2.770 0.0000000000
92302  49.662  32.333  3.799 0.0000000000
92318  50.585  32.838  4.597 0.0000000000
122467  49.108  32.416  4.451 0.0000000000
92993  50.315  32.989  7.287 0.0000000000
92994  48.412  33.204  7.078 0.0000000000
92995  47.356  33.410  7.604 0.0000000000
92271  46.581  32.955  9.785 0.0000000000
110474  45.855  28.985  12.717 0.0000000000
89780  45.002  28.791  12.636 0.0000000000
88406  47.022  27.129  12.427 0.0000000000
88420  46.363  26.445  11.445 0.0000000000
88421  45.569  26.852  11.631 0.0000000000
127723  44.872  27.260  11.746 0.0000000000
88422  44.197  27.190  11.350 0.0000000000
125913  43.381  27.125  11.082 0.0000000000
88459  42.429  26.556  9.575 0.0000000000
88474  41.782  26.476  8.850 0.0000000000
87708  50.526  25.410  9.508 0.0000000000
87719  49.897  25.362  8.750 0.0000000000
87732  50.236  25.387  7.959 0.0000000000
131438  49.066  25.447  8.839 0.0000000000
87720  48.378  25.618  8.485 0.0000000000
87721  47.588  25.857  8.184 0.0000000000
87760  49.239  25.997  4.319 0.0000000000
88517  48.369  26.256  4.926 0.0000000000
88507  48.205  26.196  5.891 0.0000000000
88519  46.787  26.466  4.918 0.0000000000
88508  47.471  26.395  5.457 0.0000000000
88497  47.237  26.373  6.486 0.0000000000
88484  46.574  26.426  7.317 0.0000000000
88485  45.714  26.576  7.320 0.0000000000
88486  44.856  26.625  7.318 0.0000000000
129486  49.341  23.030  11.142 0.0000000000
86247  48.952  23.218  10.470 0.0000000000
84775  54.230  20.632  12.087 0.0000000000
84793  53.887  20.589  10.349 0.0000000000
84810  52.830  21.146  7.981 0.0000000000
84818  53.289  21.309  7.601 0.0000000000
84824  53.289  21.503  7.264 0.0000000000
84839  52.454  21.938  4.693 0.0000000000
85513  49.904  22.678  11.432 0.0000000000
85523  50.704  22.292  10.929 0.0000000000
85531  54.051  21.255  9.129 0.0000000000
85532  51.765  21.601  8.540 0.0000000000
85566  52.044  21.669  5.698 0.0000000000
85567  50.458  22.784  5.636 0.0000000000
85575  52.645  21.936  5.122 0.0000000000
85585  52.177  22.076  3.971 0.0000000000
85595  51.811  22.482  3.481 0.0000000000
86232  53.761  21.912  10.896 0.0000000000
86301  52.861  22.341  5.676 0.0000000000
86323  52.176  22.389  3.823 0.0000000000
86324  52.008  23.184  3.623 0.0000000000
87012  51.831  24.337  5.015 0.0000000000
87022  51.144  24.516  3.308 0.0000000000
87662  48.305  25.718  16.061 0.0000000000
87716  52.331  25.207  8.383 0.0000000000
87729  52.350  25.018  7.878 0.0000000000
87750  49.045  26.005  5.346 0.0000000000
87757  51.576  24.273  4.016 0.0000000000
87783  49.581  25.244  1.774 0.0000000000
89729  52.377  29.046  16.144 0.0000000000
92875  51.036  33.695  15.724 0.0000000000
92996  46.436  33.456  7.753 0.0000000000
93009  51.144  33.663  6.875 0.0000000000
93029  50.937  33.267  5.758 0.0000000000
93555  50.847  34.581  14.778 0.0000000000
93648  50.431  33.735  3.807 0.0000000000
94278  50.030  36.114  2.716 0.0000000000
94919  44.570  36.637  5.643 0.0000000000
96107  49.383  38.864  2.573 0.0000000000
96640  48.403  40.350  3.079 0.0000000000
97156  49.172  41.389  5.416 0.0000000000
97161  49.712  40.862  4.430 0.0000000000
97165  49.917  40.454  3.754 0.0000000000
97656  48.555  42.587  7.087 0.0000000000
98140  48.467  42.756  7.206 0.0000000000
123532  52.689  20.949  11.905 0.0000000000
124454  48.341  36.373  11.381 0.0000000000
125174  51.411  34.018  8.284 0.0000000000
125224  52.382  24.496  7.229 0.0000000000
125783  49.345  23.092  11.763 0.0000000000
126843  50.510  25.395  7.172 0.0000000000
126856  51.254  33.716  8.229 0.0000000000
129230  52.598  23.305  5.832 0.0000000000
130195  50.968  22.492  3.959 0.0000000000
130305  45.668  38.972  4.883 0.0000000000
131657  51.168  34.810  13.830 0.0000000000
131677  50.721  23.405  2.399 0.0000000000
