#!ascii label  , from subject sub-v1s3x0050796_ses-1 vox2ras=TkReg
977
12906  31.505  -62.336  -26.629 0.3000000119
16167  21.320  -58.886  -26.984 0.6000000238
127504  18.553  -55.598  -24.726 0.6999999881
110035  18.235  -56.222  -24.848 0.6999999881
12907  31.012  -62.890  -27.088 0.4000000060
14587  26.740  -60.697  -28.377 0.4000000060
13730  31.817  -61.396  -27.320 0.5000000000
13729  32.332  -61.107  -27.137 0.5000000000
109751  22.015  -58.544  -26.546 0.6999999881
16168  20.468  -58.634  -26.500 0.6999999881
126199  20.610  -58.092  -25.838 0.5000000000
17850  19.757  -56.047  -25.092 0.6000000238
17855  19.464  -56.682  -25.289 0.6000000238
18666  19.249  -55.415  -24.856 0.6999999881
19472  18.310  -54.483  -23.707 0.6999999881
12913  30.474  -62.706  -27.817 0.5000000000
15352  27.173  -59.814  -28.202 0.4000000060
13731  31.067  -61.959  -27.653 0.6000000238
15354  25.344  -60.190  -28.499 0.4000000060
16181  24.222  -58.742  -27.308 0.5000000000
118660  30.803  -60.188  -27.706 0.6000000238
15344  23.984  -59.661  -28.167 0.6000000238
16182  23.428  -59.055  -27.542 0.6000000238
14578  31.613  -60.823  -27.563 0.6000000238
16166  22.782  -58.678  -27.030 0.6000000238
121652  20.403  -57.459  -25.465 0.6000000238
17854  20.143  -56.710  -25.252 0.6000000238
19475  20.385  -54.645  -24.702 0.6999999881
113381  19.833  -53.930  -24.558 0.6999999881
19476  19.501  -54.662  -24.682 0.6999999881
20330  18.793  -53.940  -23.421 0.6999999881
20333  20.218  -53.300  -24.424 0.6999999881
20334  19.351  -53.420  -24.035 0.6999999881
21195  19.854  -52.907  -23.769 0.6999999881
21200  20.589  -52.623  -24.281 0.6999999881
12914  30.003  -63.043  -28.147 0.5000000000
124571  28.764  -61.705  -28.302 0.5000000000
131125  28.037  -61.316  -28.306 0.5000000000
15342  25.860  -59.185  -27.946 0.4000000060
14579  29.972  -60.585  -27.871 0.5000000000
16180  24.974  -58.538  -27.074 0.5000000000
126779  31.325  -58.660  -27.558 0.6000000238
15338  30.709  -59.091  -27.670 0.5000000000
17011  29.818  -57.989  -27.440 0.5000000000
16997  21.920  -58.165  -25.464 0.6999999881
116218  21.099  -57.788  -25.443 0.6000000238
16151  21.227  -58.334  -26.135 0.6999999881
18664  20.662  -55.446  -24.543 0.6000000238
16981  20.850  -56.999  -24.962 0.6000000238
19474  20.984  -54.555  -24.430 0.6000000238
18665  20.074  -55.371  -24.936 0.6000000238
20332  21.295  -53.756  -24.493 0.6000000238
126155  21.162  -53.347  -24.589 0.6999999881
21188  19.919  -52.976  -22.582 0.6999999881
122577  22.223  -52.684  -24.587 0.6000000238
22035  21.013  -51.906  -24.034 0.6999999881
22023  20.933  -51.847  -22.821 0.6999999881
21199  21.501  -52.678  -24.536 0.6999999881
15341  26.732  -59.025  -27.879 0.4000000060
14585  29.278  -61.061  -28.107 0.5000000000
15351  28.066  -59.796  -28.124 0.4000000060
128456  25.533  -58.650  -27.379 0.5000000000
16164  24.547  -58.491  -26.372 0.6000000238
119601  29.051  -59.956  -28.002 0.4000000060
16165  23.595  -58.527  -26.521 0.6000000238
131193  29.305  -59.097  -27.752 0.4000000060
16177  28.374  -58.186  -27.512 0.4000000060
127280  29.164  -58.366  -27.582 0.4000000060
17008  27.865  -57.712  -26.811 0.4000000060
16134  22.697  -58.233  -25.187 0.6999999881
16980  21.543  -57.482  -24.791 0.6000000238
130693  21.318  -56.972  -24.529 0.6000000238
17848  21.119  -56.356  -24.356 0.6000000238
20331  21.834  -53.181  -24.504 0.6000000238
21187  20.459  -52.463  -22.032 0.6999999881
22034  21.437  -51.409  -23.423 0.6999999881
22043  22.531  -51.665  -24.613 0.6000000238
22033  21.870  -51.258  -24.040 0.6000000238
15340  27.660  -58.819  -27.776 0.4000000060
16179  26.349  -58.371  -27.286 0.4000000060
110404  24.062  -58.456  -25.727 0.6999999881
16161  27.134  -57.918  -26.986 0.4000000060
16149  23.393  -58.379  -25.490 0.8000000119
17007  28.658  -57.646  -26.795 0.5000000000
16979  22.361  -57.748  -24.488 0.6999999881
16969  21.749  -57.033  -24.001 0.6000000238
116619  21.185  -54.835  -23.749 0.5000000000
18660  21.135  -55.573  -23.910 0.6000000238
22009  20.873  -51.837  -21.500 0.6999999881
21196  23.921  -52.123  -24.861 0.6000000238
21193  22.594  -52.550  -24.531 0.6000000238
22022  21.433  -51.311  -22.245 0.8000000119
22042  23.687  -52.016  -25.008 0.6000000238
126557  23.156  -52.088  -24.915 0.6000000238
109145  25.970  -58.237  -25.819 0.5000000000
130611  25.096  -58.459  -26.536 0.6000000238
16162  26.549  -58.080  -26.473 0.5000000000
16129  27.045  -58.186  -24.716 0.6999999881
16996  27.336  -57.829  -26.240 0.4000000060
19469  21.490  -54.520  -22.863 0.6000000238
17839  21.543  -56.270  -23.442 0.6000000238
20324  21.833  -53.725  -23.392 0.6000000238
22008  21.265  -51.187  -20.949 0.6000000238
22886  21.998  -50.790  -22.998 0.6999999881
114824  22.487  -50.223  -22.075 0.6999999881
22907  23.930  -51.290  -24.890 0.6999999881
22908  23.174  -51.415  -24.738 0.6999999881
22885  22.760  -50.246  -23.178 0.6999999881
16147  25.418  -58.340  -25.191 0.5000000000
16132  24.858  -58.345  -24.665 0.6000000238
16148  24.697  -58.439  -25.456 0.6000000238
16115  26.466  -58.361  -23.873 0.6999999881
16130  26.198  -58.191  -24.929 0.6000000238
109612  24.063  -58.365  -24.888 0.6999999881
109389  26.244  -58.602  -22.801 0.6999999881
122841  27.868  -58.315  -24.600 0.6999999881
16978  23.022  -57.757  -24.006 0.6999999881
16968  22.540  -57.328  -23.593 0.6999999881
18656  21.478  -55.514  -22.861 0.5000000000
127717  21.925  -56.252  -22.661 0.6000000238
21994  20.966  -50.801  -19.935 0.5000000000
20323  22.422  -53.200  -22.980 0.6000000238
22873  22.116  -50.051  -20.864 0.6000000238
23705  21.795  -49.612  -20.061 0.5000000000
21192  23.379  -52.366  -24.489 0.6000000238
21186  22.795  -52.768  -24.049 0.6000000238
23734  23.156  -49.729  -22.360 0.6000000238
23719  22.786  -49.546  -21.436 0.5000000000
24498  22.978  -48.817  -21.026 0.5000000000
22040  25.340  -51.379  -24.977 0.6999999881
22041  24.348  -51.772  -24.890 0.6999999881
118954  24.678  -50.417  -24.737 0.6999999881
23744  23.931  -49.720  -23.826 0.6999999881
23733  23.913  -49.252  -22.667 0.5000000000
22905  26.015  -50.900  -25.273 0.6999999881
23743  24.617  -49.784  -24.325 0.6000000238
123093  24.397  -58.225  -24.229 0.6000000238
16116  25.580  -58.325  -23.470 0.6999999881
109947  24.938  -58.230  -23.920 0.6000000238
121993  25.158  -58.407  -21.766 0.6999999881
16967  23.385  -57.646  -23.303 0.6999999881
130650  22.307  -56.648  -22.685 0.6999999881
16960  22.728  -57.074  -22.739 0.6999999881
18646  21.609  -55.099  -22.039 0.6000000238
23690  21.421  -49.278  -19.684 0.4000000060
19468  21.881  -53.905  -22.452 0.5000000000
24483  22.510  -48.474  -20.310 0.4000000060
131897  26.051  -51.481  -24.763 0.6000000238
21191  24.128  -52.291  -24.107 0.6000000238
24512  23.995  -48.658  -21.990 0.5000000000
23718  23.474  -49.101  -21.759 0.5000000000
23732  24.612  -49.053  -23.469 0.5000000000
24511  24.499  -48.448  -22.586 0.4000000060
22046  27.070  -50.988  -25.542 0.6000000238
23753  26.232  -49.646  -24.771 0.6999999881
23754  25.259  -50.238  -24.776 0.6000000238
24531  26.322  -48.521  -24.330 0.5000000000
16099  25.413  -58.395  -22.548 0.6000000238
111308  24.837  -58.141  -23.145 0.6999999881
16117  24.249  -58.052  -23.594 0.6999999881
16082  25.331  -58.568  -21.000 0.6999999881
16083  24.414  -58.101  -21.216 0.6999999881
16959  23.464  -57.467  -22.389 0.6000000238
127579  22.416  -56.561  -22.211 0.6000000238
20322  22.972  -52.981  -22.076 0.6000000238
20315  22.388  -53.745  -21.658 0.5000000000
21185  23.329  -52.547  -23.132 0.6000000238
22031  25.451  -51.716  -24.333 0.6000000238
22021  24.867  -51.991  -23.515 0.6000000238
24496  24.229  -48.060  -21.931 0.4000000060
24497  23.600  -48.269  -21.376 0.5000000000
25306  23.302  -47.495  -20.908 0.4000000060
22039  26.444  -51.136  -25.276 0.6000000238
22904  26.881  -50.357  -25.296 0.6000000238
24530  27.065  -48.763  -24.714 0.5000000000
127086  24.058  -57.787  -22.051 0.6999999881
16934  23.743  -57.546  -19.841 0.6999999881
17820  23.091  -57.048  -21.057 0.6000000238
16948  22.957  -57.044  -21.893 0.6000000238
16068  24.866  -58.366  -20.387 0.6999999881
18642  22.390  -55.921  -20.966 0.5000000000
22007  24.992  -51.943  -22.198 0.6000000238
21175  23.744  -52.658  -21.820 0.6000000238
21184  24.256  -52.245  -22.662 0.6000000238
114353  26.294  -51.602  -23.869 0.5000000000
122192  26.862  -51.453  -24.694 0.6000000238
22045  27.969  -51.005  -25.673 0.6000000238
23752  27.627  -49.786  -25.279 0.5000000000
17810  23.197  -56.985  -20.109 0.6999999881
17799  22.771  -56.172  -20.153 0.6999999881
20307  22.798  -53.994  -20.668 0.6000000238
20314  23.295  -53.308  -21.148 0.5000000000
22005  26.094  -51.335  -22.098 0.6000000238
21174  24.472  -52.344  -21.493 0.6000000238
22018  27.184  -51.452  -23.663 0.6000000238
22894  28.966  -51.189  -24.693 0.6000000238
23751  28.719  -49.757  -25.432 0.5000000000
16992  31.192  -57.739  -26.505 0.5000000000
16127  29.545  -58.584  -24.613 0.5000000000
16126  30.578  -58.666  -24.545 0.5000000000
16113  28.343  -58.731  -23.869 0.6999999881
15293  29.306  -59.245  -22.574 0.6999999881
16112  29.206  -58.923  -23.907 0.5000000000
15292  29.838  -59.190  -23.167 0.5000000000
16097  27.130  -58.815  -23.014 0.6999999881
15295  27.744  -59.216  -22.320 0.6999999881
16098  25.970  -58.785  -21.747 0.6999999881
13706  31.958  -61.863  -26.165 0.3000000119
19477  18.519  -54.853  -24.419 0.6999999881
16152  19.862  -58.005  -25.825 0.6000000238
20335  18.925  -54.056  -24.241 0.6999999881
20325  19.420  -53.586  -21.778 0.6999999881
16145  27.563  -57.994  -25.400 0.6000000238
20328  21.516  -53.944  -24.207 0.6000000238
22897  23.307  -50.423  -24.206 0.6999999881
22874  21.846  -50.704  -21.640 0.6000000238
22884  23.390  -49.839  -23.225 0.6999999881
22896  24.166  -50.445  -24.584 0.6999999881
23704  22.390  -49.246  -20.531 0.5000000000
23689  21.952  -48.893  -19.867 0.5000000000
23742  25.471  -49.035  -24.128 0.5000000000
112180  21.995  -55.859  -21.881 0.5000000000
119969  23.675  -57.568  -20.635 0.6999999881
19451  22.322  -54.553  -20.993 0.5000000000
22037  28.457  -51.144  -25.420 0.6000000238
17811  22.771  -56.537  -20.742 0.6000000238
22020  25.669  -51.654  -22.895 0.6000000238
122325  22.681  -54.610  -20.284 0.5000000000
16064  28.553  -58.582  -20.695 0.6000000238
18622  28.663  -54.610  -19.129 0.6000000238
20292  28.568  -53.243  -18.205 0.4000000060
16932  28.832  -57.063  -20.131 0.5000000000
15267  28.111  -59.162  -20.984 0.6000000238
14581  22.377  -60.340  -28.278 0.5000000000
20282  29.015  -52.496  -17.794 0.4000000060
16183  22.783  -59.408  -27.742 0.5000000000
15346  21.356  -59.951  -27.789 0.5000000000
17796  28.641  -56.204  -19.670 0.5000000000
21119  28.481  -51.606  -16.494 0.4000000060
15331  19.986  -59.409  -27.027 0.5000000000
114754  28.835  -55.248  -19.526 0.6000000238
15330  20.722  -59.335  -27.201 0.5000000000
16054  28.279  -58.069  -20.123 0.5000000000
15281  27.531  -59.247  -21.495 0.6000000238
21934  28.239  -50.638  -15.296 0.4000000060
21094  28.378  -51.162  -14.994 0.4000000060
19440  28.090  -54.296  -18.484 0.4000000060
111589  17.889  -59.899  -26.951 0.5000000000
17784  28.144  -55.762  -19.129 0.5000000000
122044  19.244  -59.536  -26.877 0.5000000000
16171  17.680  -59.333  -26.441 0.5000000000
16055  27.391  -58.338  -19.676 0.6000000238
15254  26.987  -59.028  -20.062 0.6000000238
15282  26.735  -59.156  -21.214 0.6000000238
16998  19.216  -57.410  -25.503 0.5000000000
17000  17.498  -57.814  -25.279 0.5000000000
123629  17.039  -58.462  -25.655 0.4000000060
16911  26.929  -57.255  -18.795 0.5000000000
17797  27.747  -56.733  -19.197 0.5000000000
16912  26.703  -58.047  -19.119 0.6000000238
16050  25.414  -58.156  -18.943 0.6000000238
15269  26.677  -59.101  -20.532 0.6000000238
121604  24.924  -58.273  -19.548 0.6000000238
16081  26.075  -58.949  -20.758 0.6000000238
20269  27.798  -52.192  -16.978 0.4000000060
21947  28.115  -50.934  -15.875 0.4000000060
17852  17.447  -56.473  -24.580 0.5000000000
16982  17.058  -57.260  -24.858 0.5000000000
17002  15.599  -58.333  -25.341 0.4000000060
17857  17.908  -56.999  -25.012 0.6000000238
17001  16.605  -58.054  -25.234 0.4000000060
18624  26.829  -55.856  -18.195 0.6000000238
17787  25.493  -57.135  -18.063 0.6000000238
131324  25.247  -57.673  -18.465 0.6000000238
16914  24.754  -57.799  -18.760 0.6000000238
21906  27.775  -50.178  -14.419 0.4000000060
17840  17.040  -56.122  -24.079 0.5000000000
17853  15.850  -57.118  -24.233 0.4000000060
17842  14.980  -57.227  -24.082 0.4000000060
20284  26.896  -53.331  -17.158 0.6000000238
19416  25.112  -54.699  -16.695 0.6000000238
129619  27.264  -54.991  -18.179 0.6000000238
17786  26.384  -56.804  -18.312 0.5000000000
117434  24.237  -55.818  -17.277 0.6000000238
18612  25.278  -55.555  -17.186 0.5000000000
17788  23.613  -56.596  -18.519 0.6000000238
21907  27.472  -50.440  -13.835 0.4000000060
21120  27.504  -51.609  -16.370 0.4000000060
18662  17.368  -55.517  -23.610 0.6000000238
18663  16.715  -56.038  -23.281 0.5000000000
17830  15.417  -56.365  -22.712 0.5000000000
109709  14.670  -56.751  -23.332 0.5000000000
20270  26.537  -52.729  -16.567 0.4000000060
20271  25.354  -53.239  -16.258 0.5000000000
19417  24.245  -54.519  -16.589 0.5000000000
121462  23.734  -53.970  -16.575 0.5000000000
17776  24.201  -56.663  -17.889 0.6000000238
17777  23.590  -55.976  -17.865 0.6000000238
16922  23.620  -57.172  -19.223 0.6000000238
130745  26.341  -48.969  -13.599 0.4000000060
22782  27.472  -49.838  -14.366 0.4000000060
23596  26.426  -48.898  -13.246 0.4000000060
22748  26.831  -49.482  -13.336 0.4000000060
20326  18.859  -54.100  -22.209 0.6000000238
121318  25.903  -49.123  -13.949 0.4000000060
22796  27.166  -49.988  -14.869 0.4000000060
18657  17.147  -55.560  -22.610 0.6000000238
18648  16.040  -55.526  -21.239 0.5000000000
18659  15.302  -55.903  -21.748 0.4000000060
21107  25.537  -51.728  -15.557 0.4000000060
122554  24.931  -54.061  -16.403 0.5000000000
19418  23.576  -54.581  -16.989 0.5000000000
19430  23.206  -54.638  -17.854 0.6000000238
18634  23.222  -55.877  -18.604 0.6000000238
18635  22.900  -55.662  -19.456 0.6000000238
24379  25.684  -48.183  -13.081 0.4000000060
19471  17.699  -55.140  -21.978 0.6000000238
18647  16.948  -55.488  -21.536 0.5000000000
18650  14.250  -55.641  -21.504 0.5000000000
22784  25.095  -49.851  -14.409 0.4000000060
21937  24.972  -51.220  -15.202 0.4000000060
21108  24.481  -52.153  -15.636 0.5000000000
20273  23.669  -53.158  -16.404 0.5000000000
20293  23.162  -53.744  -18.344 0.5000000000
24360  25.775  -47.733  -12.462 0.4000000060
20317  18.793  -54.064  -21.072 0.6000000238
19452  18.038  -54.386  -20.541 0.5000000000
19453  17.162  -54.518  -20.321 0.5000000000
20258  23.843  -52.392  -15.970 0.5000000000
21132  23.287  -52.768  -17.019 0.4000000060
116988  23.262  -52.853  -17.910 0.4000000060
19441  23.055  -54.427  -18.909 0.4000000060
20300  23.263  -53.623  -19.431 0.6000000238
20306  23.400  -53.488  -20.303 0.4000000060
25195  25.700  -47.019  -12.056 0.4000000060
24361  25.057  -47.600  -13.190 0.4000000060
21177  19.924  -53.022  -21.315 0.6000000238
121493  24.616  -48.049  -13.869 0.4000000060
21995  20.624  -51.677  -20.334 0.5000000000
20308  18.540  -53.646  -20.223 0.5000000000
20309  17.619  -53.637  -19.974 0.5000000000
20310  16.645  -53.736  -20.124 0.4000000060
20303  18.394  -53.004  -19.737 0.4000000060
21948  23.507  -51.651  -16.321 0.5000000000
22820  23.414  -50.858  -16.966 0.5000000000
22836  23.600  -51.129  -17.886 0.6000000238
111986  23.557  -52.286  -18.722 0.4000000060
21156  23.910  -52.268  -19.575 0.4000000060
21167  24.398  -52.271  -20.548 0.4000000060
21972  23.901  -51.502  -18.928 0.5000000000
21157  20.010  -52.208  -19.928 0.5000000000
21158  19.452  -52.530  -19.797 0.6000000238
108968  20.169  -51.423  -19.665 0.4000000060
111150  24.831  -51.521  -20.473 0.5000000000
112844  24.996  -51.889  -21.228 0.5000000000
23676  24.875  -49.164  -18.887 0.5000000000
22835  24.146  -50.523  -18.613 0.5000000000
22846  24.590  -50.883  -19.646 0.5000000000
21981  24.364  -51.720  -19.880 0.5000000000
26058  24.940  -46.196  -13.082 0.4000000060
22895  28.196  -51.168  -23.633 0.5000000000
22006  25.567  -51.548  -21.752 0.4000000060
21993  25.409  -51.287  -20.969 0.5000000000
22845  25.182  -50.235  -20.012 0.5000000000
23688  24.691  -49.938  -19.208 0.5000000000
109835  20.553  -50.236  -19.548 0.4000000060
23731  28.259  -50.354  -22.566 0.4000000060
22883  27.312  -50.982  -22.701 0.5000000000
22871  26.588  -50.917  -22.036 0.5000000000
22857  26.225  -50.178  -20.942 0.5000000000
131988  26.538  -50.431  -21.512 0.5000000000
23703  25.802  -49.798  -20.320 0.5000000000
129677  26.472  -49.430  -20.592 0.5000000000
23717  26.837  -49.812  -21.263 0.4000000060
17856  18.715  -56.811  -25.204 0.5000000000
18667  17.806  -55.583  -24.367 0.6000000238
16169  19.529  -58.786  -26.398 0.6000000238
18661  17.873  -54.968  -23.922 0.6000000238
15345  23.210  -60.036  -28.378 0.5000000000
19448  22.836  -54.930  -19.583 0.6000000238
20301  23.008  -54.196  -19.828 0.4000000060
16170  18.560  -59.192  -26.443 0.5000000000
16153  18.924  -58.261  -25.855 0.5000000000
16154  17.889  -58.524  -25.855 0.5000000000
109998  16.675  -56.845  -24.385 0.4000000060
16984  15.105  -57.811  -24.840 0.4000000060
19429  26.086  -54.499  -17.182 0.6000000238
112926  15.590  -56.713  -23.577 0.4000000060
21936  26.397  -50.690  -15.251 0.4000000060
19470  18.274  -54.552  -22.661 0.6000000238
18658  16.272  -55.978  -22.290 0.5000000000
17831  14.435  -56.293  -22.346 0.5000000000
16970  13.971  -57.309  -24.009 0.5000000000
18649  15.204  -55.406  -21.060 0.5000000000
19459  18.248  -54.637  -21.484 0.5000000000
19461  16.649  -55.135  -20.712 0.5000000000
132017  23.326  -52.400  -17.455 0.5000000000
19462  15.658  -55.048  -20.658 0.5000000000
22808  23.553  -50.557  -16.010 0.5000000000
21169  19.705  -52.819  -20.308 0.6000000238
112421  23.801  -52.931  -20.037 0.3000000119
23716  27.684  -49.648  -21.606 0.4000000060
6757  28.889  -70.210  -24.145 0.3000000119
6773  30.568  -70.321  -24.634 0.3000000119
7493  30.490  -69.965  -23.820 0.3000000119
7512  31.807  -69.593  -25.360 0.3000000119
6772  31.202  -70.141  -24.983 0.3000000119
7491  31.604  -69.735  -24.265 0.3000000119
8234  31.953  -68.542  -26.115 0.3000000119
7527  32.250  -68.720  -25.677 0.3000000119
7445  32.023  -69.297  -21.447 0.3000000119
112736  31.961  -69.499  -23.643 0.3000000119
8204  32.597  -68.943  -24.034 0.3000000119
8218  32.844  -68.164  -25.197 0.3000000119
7465  32.190  -69.283  -23.018 0.3000000119
8883  32.949  -68.151  -21.666 0.3000000119
8184  32.436  -68.996  -22.206 0.3000000119
8194  32.853  -68.631  -23.346 0.4000000060
125942  33.176  -68.152  -24.432 0.4000000060
9696  33.844  -66.277  -24.822 0.4000000060
9697  33.794  -65.835  -24.925 0.3000000119
9643  33.863  -66.596  -20.868 0.3000000119
9657  33.771  -66.789  -21.995 0.4000000060
9678  34.028  -66.639  -23.636 0.4000000060
9628  33.773  -66.780  -19.903 0.3000000119
9695  34.161  -65.166  -24.592 0.4000000060
113992  34.977  -65.777  -18.627 0.4000000060
9642  34.422  -66.105  -20.216 0.4000000060
10496  33.948  -65.167  -24.599 0.4000000060
11248  33.651  -64.588  -23.589 0.3000000119
10447  34.921  -65.425  -20.821 0.4000000060
119930  34.300  -66.000  -21.528 0.3000000119
9656  34.342  -65.913  -23.054 0.4000000060
10440  35.151  -65.545  -19.447 0.4000000060
11246  34.498  -64.505  -23.770 0.5000000000
10480  34.540  -65.048  -23.935 0.4000000060
120274  32.556  -59.714  -27.452 0.5000000000
10432  35.244  -65.218  -18.774 0.4000000060
11267  34.514  -64.854  -24.470 0.4000000060
13705  32.361  -61.322  -25.645 0.3000000119
14561  32.991  -60.737  -26.217 0.4000000060
12874  33.194  -61.987  -22.177 0.3000000119
15356  23.683  -60.777  -28.732 0.4000000060
13751  23.300  -61.050  -28.689 0.4000000060
16994  29.211  -57.697  -26.174 0.4000000060
16993  30.185  -57.716  -26.365 0.4000000060
16175  30.641  -58.261  -27.503 0.4000000060
10446  35.583  -64.915  -20.153 0.4000000060
10461  34.726  -65.217  -22.358 0.3000000119
11220  34.954  -64.452  -22.986 0.5000000000
17010  31.468  -58.100  -27.373 0.4000000060
16174  32.235  -58.716  -27.499 0.4000000060
129186  35.550  -64.932  -19.309 0.4000000060
14569  32.877  -60.591  -26.998 0.4000000060
11247  34.647  -64.528  -23.977 0.4000000060
15329  33.947  -59.268  -26.838 0.5000000000
12048  34.670  -63.667  -23.080 0.5000000000
14560  33.600  -60.138  -25.690 0.4000000060
123852  32.126  -61.240  -24.659 0.4000000060
12022  33.558  -62.918  -22.341 0.3000000119
13695  32.290  -60.948  -23.748 0.4000000060
14582  21.603  -61.001  -28.414 0.4000000060
16144  28.943  -58.079  -25.303 0.4000000060
11194  35.891  -64.382  -19.656 0.4000000060
10460  35.304  -64.680  -21.508 0.4000000060
17005  31.713  -57.816  -27.086 0.4000000060
16173  32.989  -58.343  -27.343 0.5000000000
11206  35.931  -64.210  -20.691 0.4000000060
12021  35.564  -63.832  -22.093 0.4000000060
16172  33.666  -58.465  -27.174 0.5000000000
11985  36.244  -63.076  -19.719 0.4000000060
12003  36.472  -62.882  -20.369 0.4000000060
127342  35.982  -63.127  -21.983 0.4000000060
12045  36.054  -62.468  -22.273 0.5000000000
12871  35.705  -62.352  -22.531 0.5000000000
17004  32.589  -57.833  -26.999 0.4000000060
15336  34.200  -58.601  -26.867 0.5000000000
12827  36.097  -62.429  -19.710 0.4000000060
13675  35.317  -61.991  -22.658 0.5000000000
15322  34.194  -59.407  -26.297 0.4000000060
13676  33.996  -61.247  -22.463 0.4000000060
14526  33.377  -60.692  -22.757 0.4000000060
14537  33.056  -60.514  -23.524 0.4000000060
15317  34.279  -59.521  -25.078 0.4000000060
16141  31.708  -58.034  -25.759 0.4000000060
16110  31.455  -58.535  -23.869 0.3000000119
12020  36.419  -62.664  -21.346 0.4000000060
12870  36.188  -61.827  -22.328 0.4000000060
16991  33.379  -57.658  -26.380 0.4000000060
123262  14.332  -57.694  -24.595 0.4000000060
13637  35.092  -61.674  -19.793 0.4000000060
13635  36.366  -61.858  -20.162 0.4000000060
13674  36.057  -61.341  -22.558 0.5000000000
131851  35.096  -60.988  -22.639 0.5000000000
16990  34.481  -57.202  -25.935 0.5000000000
16139  35.189  -57.542  -26.167 0.4000000060
14502  36.232  -60.580  -20.577 0.4000000060
14525  34.423  -60.524  -22.775 0.4000000060
15321  34.839  -58.742  -25.880 0.4000000060
15306  34.620  -59.452  -23.968 0.4000000060
15316  35.012  -58.834  -24.798 0.4000000060
16111  30.624  -58.866  -23.570 0.4000000060
16124  32.636  -57.914  -25.323 0.3000000119
13658  36.641  -61.298  -21.257 0.4000000060
14522  36.620  -60.609  -21.608 0.4000000060
127468  33.636  -57.409  -25.473 0.3000000119
15262  36.529  -60.070  -21.140 0.4000000060
113051  36.659  -59.918  -21.958 0.4000000060
14523  36.441  -60.399  -22.352 0.4000000060
14534  36.183  -59.714  -22.927 0.5000000000
14503  35.488  -60.406  -20.409 0.4000000060
15278  36.089  -59.258  -21.145 0.4000000060
128312  36.288  -59.064  -23.192 0.4000000060
15305  35.588  -58.999  -23.705 0.4000000060
115445  35.465  -57.534  -25.690 0.4000000060
16096  29.928  -58.947  -22.270 0.4000000060
15291  36.445  -59.534  -22.589 0.4000000060
9682  28.592  -66.451  -22.264 0.3000000119
7424  32.103  -69.211  -20.416 0.3000000119
8874  32.810  -68.121  -20.666 0.3000000119
9627  34.616  -66.353  -18.988 0.4000000060
11965  35.267  -64.054  -18.965 0.4000000060
123575  35.873  -63.833  -19.394 0.4000000060
11988  33.811  -63.306  -19.329 0.4000000060
12829  34.212  -62.361  -19.538 0.4000000060
16109  32.381  -58.072  -24.169 0.3000000119
14487  34.734  -60.945  -20.107 0.4000000060
16094  31.239  -58.468  -23.134 0.4000000060
16964  33.070  -57.060  -23.637 0.4000000060
16976  34.369  -56.934  -25.010 0.4000000060
15265  34.022  -59.316  -20.587 0.4000000060
16075  36.313  -58.713  -21.861 0.4000000060
16093  36.302  -58.300  -22.672 0.4000000060
129460  36.224  -58.116  -23.560 0.4000000060
17846  35.268  -56.666  -24.865 0.3000000119
16975  35.079  -56.793  -25.471 0.4000000060
16076  34.820  -58.771  -21.077 0.4000000060
14577  33.254  -59.791  -27.167 0.4000000060
16079  29.700  -58.542  -21.591 0.4000000060
114766  30.643  -70.601  -25.692 0.3000000119
7492  31.056  -69.937  -24.015 0.3000000119
7528  31.762  -69.189  -26.301 0.3000000119
8898  28.115  -66.950  -22.894 0.3000000119
9701  29.026  -66.853  -23.182 0.3000000119
7490  32.294  -69.232  -24.699 0.3000000119
8172  32.419  -68.808  -21.078 0.3000000119
8909  33.325  -67.270  -25.025 0.4000000060
8897  33.082  -68.276  -22.703 0.3000000119
8873  33.346  -67.364  -20.897 0.3000000119
8896  33.564  -67.563  -23.940 0.4000000060
9677  34.296  -65.754  -24.259 0.4000000060
8864  33.906  -67.082  -18.943 0.3000000119
11172  34.539  -65.337  -18.131 0.4000000060
11245  34.948  -63.868  -23.196 0.4000000060
13677  32.668  -61.359  -22.440 0.3000000119
12047  34.817  -63.988  -23.255 0.5000000000
11987  34.901  -63.223  -19.253 0.4000000060
14535  35.155  -59.802  -23.175 0.4000000060
16122  35.685  -57.760  -24.844 0.4000000060
17808  30.029  -54.985  -20.380 0.4000000060
16930  30.448  -56.216  -21.169 0.4000000060
19446  30.247  -53.928  -19.477 0.4000000060
19439  29.041  -53.598  -18.827 0.3000000119
17795  29.417  -55.202  -19.937 0.5000000000
16931  29.627  -56.953  -20.708 0.4000000060
16063  29.335  -58.149  -20.963 0.4000000060
15233  27.321  -59.349  -16.559 0.3000000119
16043  28.051  -58.873  -17.171 0.3000000119
118213  27.024  -54.790  -15.286 0.3000000119
19401  28.762  -53.181  -16.107 0.3000000119
20255  28.407  -52.767  -15.582 0.3000000119
21118  29.051  -51.943  -16.669 0.3000000119
16038  27.156  -57.831  -16.181 0.3000000119
16885  27.165  -57.101  -16.042 0.3000000119
18588  26.805  -55.786  -15.387 0.3000000119
15234  26.678  -59.472  -16.030 0.3000000119
16030  26.135  -58.395  -15.365 0.3000000119
20243  28.028  -52.333  -15.036 0.3000000119
21095  27.549  -51.925  -14.451 0.3000000119
17751  26.583  -56.765  -15.428 0.3000000119
18576  25.773  -55.066  -14.295 0.3000000119
19403  27.418  -53.632  -15.156 0.3000000119
17742  25.222  -56.825  -14.140 0.3000000119
114343  25.631  -55.994  -14.385 0.3000000119
130247  24.862  -53.497  -13.029 0.3000000119
17731  25.049  -55.417  -13.705 0.3000000119
19381  24.532  -54.180  -12.751 0.3000000119
16874  25.417  -57.523  -14.508 0.3000000119
20231  26.413  -52.644  -13.998 0.3000000119
21908  26.414  -51.128  -13.315 0.3000000119
23578  26.409  -49.118  -12.644 0.3000000119
17718  24.314  -56.006  -13.082 0.3000000119
20232  25.510  -53.148  -13.511 0.3000000119
22750  25.233  -50.488  -11.873 0.3000000119
19373  23.981  -54.685  -12.160 0.3000000119
20219  24.491  -53.316  -12.357 0.3000000119
21082  24.979  -52.749  -12.899 0.3000000119
21869  24.612  -51.285  -11.183 0.3000000119
125983  26.145  -48.141  -12.056 0.3000000119
22749  26.278  -49.786  -12.641 0.3000000119
24355  26.109  -48.481  -11.558 0.3000000119
25188  26.119  -47.091  -11.235 0.3000000119
26057  25.351  -46.233  -12.413 0.3000000119
26945  26.147  -45.513  -11.153 0.3000000119
27849  25.868  -44.915  -11.658 0.3000000119
27865  25.573  -44.817  -12.286 0.3000000119
19438  29.851  -53.445  -18.902 0.3000000119
18632  30.201  -54.382  -20.036 0.4000000060
20254  28.967  -52.096  -16.081 0.3000000119
21080  27.046  -51.521  -13.870 0.3000000119
18641  30.903  -54.487  -20.417 0.5000000000
16886  26.672  -57.700  -15.685 0.3000000119
19390  26.500  -54.440  -14.728 0.3000000119
19402  27.895  -54.030  -15.680 0.3000000119
19414  29.148  -53.556  -16.622 0.3000000119
20267  29.325  -52.384  -17.075 0.3000000119
129312  26.242  -56.165  -14.984 0.3000000119
16887  26.053  -57.550  -15.123 0.3000000119
130855  25.366  -54.730  -13.836 0.3000000119
116868  24.190  -53.068  -11.568 0.3000000119
21859  24.649  -51.165  -10.495 0.3000000119
21068  25.288  -51.816  -12.745 0.3000000119
19362  23.755  -54.401  -11.347 0.3000000119
22730  25.027  -50.342  -11.024 0.3000000119
17847  34.797  -56.440  -24.437 0.3000000119
17835  34.939  -56.206  -23.913 0.4000000060
16927  33.444  -56.967  -21.187 0.4000000060
16943  33.895  -56.358  -21.904 0.4000000060
17837  33.548  -55.873  -23.062 0.3000000119
17805  32.606  -55.207  -20.934 0.4000000060
16928  32.869  -56.328  -20.826 0.3000000119
17836  34.301  -56.032  -23.440 0.4000000060
17818  32.801  -55.245  -21.693 0.4000000060
17793  31.823  -55.477  -19.977 0.3000000119
17829  32.436  -55.481  -22.205 0.3000000119
18655  32.734  -55.232  -21.675 0.4000000060
17806  32.093  -54.880  -20.743 0.4000000060
16944  31.774  -55.482  -21.741 0.3000000119
18645  32.234  -55.013  -21.361 0.4000000060
19444  31.115  -54.301  -20.071 0.4000000060
119741  32.694  -56.132  -22.752 0.3000000119
16945  30.996  -56.440  -21.648 0.3000000119
16078  30.682  -58.005  -21.987 0.3000000119
16965  32.069  -57.738  -23.171 0.3000000119
18640  31.724  -54.805  -20.662 0.4000000060
17827  33.644  -55.724  -22.575 0.4000000060
8863  34.460  -66.807  -18.279 0.3000000119
16956  35.892  -57.419  -23.159 0.3000000119
8115  33.961  -68.503  -15.694 0.3000000119
8126  34.071  -68.212  -16.480 0.3000000119
8844  34.502  -67.022  -17.061 0.3000000119
9617  34.742  -66.286  -18.106 0.3000000119
17816  34.263  -56.061  -22.702 0.3000000119
114648  35.517  -58.263  -21.663 0.3000000119
8822  33.568  -67.992  -15.267 0.3000000119
9595  34.241  -66.984  -16.607 0.3000000119
127697  33.659  -66.944  -16.321 0.3000000119
10420  33.981  -65.674  -17.525 0.3000000119
120481  34.596  -64.608  -18.566 0.3000000119
16942  34.798  -57.204  -22.221 0.3000000119
8810  30.963  -67.915  -14.685 0.3000000119
9587  33.095  -67.239  -15.838 0.3000000119
8823  32.406  -67.593  -15.296 0.3000000119
9608  33.553  -66.326  -16.876 0.3000000119
9596  32.702  -66.594  -16.425 0.3000000119
10434  33.173  -65.326  -17.937 0.3000000119
9588  31.747  -66.892  -16.001 0.3000000119
10412  31.634  -66.288  -16.710 0.3000000119
10421  32.868  -65.724  -17.430 0.3000000119
10411  32.479  -66.137  -16.977 0.3000000119
11196  33.547  -64.230  -18.926 0.3000000119
12830  33.085  -62.594  -19.492 0.3000000119
13638  33.954  -61.449  -19.766 0.3000000119
8825  30.253  -67.197  -15.161 0.3000000119
11184  32.765  -64.877  -18.559 0.3000000119
10435  32.160  -65.397  -18.172 0.3000000119
11989  32.752  -63.453  -19.370 0.3000000119
16077  34.318  -57.686  -21.508 0.3000000119
9597  30.893  -66.420  -16.352 0.3000000119
9590  29.754  -66.435  -15.495 0.3000000119
113038  30.608  -65.944  -16.955 0.3000000119
117989  31.626  -65.785  -17.482 0.3000000119
11197  32.274  -64.272  -19.139 0.3000000119
13639  33.287  -61.873  -19.599 0.3000000119
14504  34.350  -60.161  -20.348 0.3000000119
16060  33.585  -58.255  -20.798 0.3000000119
122072  32.943  -57.476  -20.650 0.3000000119
16962  35.867  -57.201  -23.956 0.3000000119
10422  30.662  -65.653  -17.764 0.3000000119
11185  31.697  -64.944  -18.782 0.3000000119
12831  32.109  -62.653  -19.454 0.3000000119
14488  33.586  -60.670  -19.977 0.3000000119
9606  34.525  -66.549  -17.570 0.3000000119
123038  34.224  -68.081  -15.949 0.3000000119
8834  34.221  -67.572  -16.506 0.3000000119
6756  29.891  -70.350  -24.322 0.3000000119
8116  33.696  -68.776  -16.151 0.3000000119
8824  31.245  -67.402  -15.351 0.3000000119
8845  34.291  -67.540  -17.147 0.3000000119
8853  34.517  -66.909  -17.626 0.3000000119
8882  33.496  -67.519  -22.581 0.3000000119
9586  34.060  -67.633  -15.964 0.3000000119
9589  30.618  -66.742  -15.788 0.3000000119
9598  30.085  -66.197  -16.201 0.3000000119
9607  34.329  -66.436  -17.218 0.3000000119
10419  34.624  -65.961  -17.721 0.3000000119
10423  29.862  -65.602  -17.573 0.3000000119
10433  34.881  -65.617  -18.308 0.4000000060
11181  35.516  -64.555  -19.035 0.4000000060
11182  35.049  -64.932  -18.596 0.4000000060
11183  33.898  -65.008  -18.199 0.3000000119
11193  36.312  -63.690  -20.017 0.4000000060
11195  34.508  -63.900  -18.952 0.4000000060
11268  34.483  -64.914  -24.590 0.4000000060
11986  35.688  -63.188  -19.402 0.4000000060
12004  36.242  -63.446  -21.046 0.4000000060
12046  35.350  -63.212  -22.685 0.5000000000
12826  36.419  -62.436  -20.059 0.4000000060
12828  35.436  -62.435  -19.537 0.4000000060
12840  36.605  -62.028  -20.721 0.4000000060
12850  36.500  -61.890  -21.710 0.4000000060
12851  32.629  -62.522  -21.954 0.3000000119
12872  35.213  -63.177  -22.781 0.5000000000
12873  34.463  -62.474  -22.590 0.5000000000
12903  31.324  -62.246  -25.648 0.3000000119
12904  30.910  -62.750  -26.173 0.3000000119
12909  31.364  -62.189  -27.281 0.4000000060
13636  35.995  -61.758  -19.837 0.4000000060
13651  36.524  -61.421  -20.661 0.4000000060
13652  36.270  -61.253  -20.380 0.4000000060
13673  36.514  -61.221  -22.031 0.4000000060
13716  32.443  -61.259  -26.638 0.4000000060
13717  31.977  -61.734  -26.988 0.5000000000
13744  30.407  -62.164  -27.960 0.5000000000
14486  35.755  -61.108  -20.155 0.4000000060
14501  36.576  -60.829  -20.882 0.4000000060
14524  35.800  -60.454  -22.786 0.5000000000
14536  33.998  -60.068  -23.369 0.4000000060
14548  33.611  -60.123  -24.452 0.4000000060
14549  32.834  -60.724  -24.846 0.4000000060
14568  33.514  -60.002  -26.702 0.5000000000
14586  28.426  -60.712  -28.227 0.5000000000
14590  24.037  -61.006  -28.803 0.4000000060
15250  33.258  -59.838  -20.186 0.3000000119
15263  36.112  -59.951  -20.695 0.4000000060
15264  35.235  -59.648  -20.683 0.4000000060
15268  27.303  -59.178  -20.747 0.6000000238
15279  29.186  -59.178  -21.908 0.4000000060
15280  28.364  -59.265  -21.709 0.6999999881
15294  28.586  -59.276  -22.465 0.6999999881
15296  26.882  -59.059  -22.102 0.6000000238
15307  28.891  -59.199  -23.187 0.5000000000
15308  28.011  -59.042  -23.132 0.6999999881
15315  35.515  -58.373  -24.544 0.4000000060
15328  34.556  -58.673  -26.473 0.4000000060
15337  33.162  -59.039  -27.411 0.5000000000
15339  28.583  -59.017  -27.789 0.4000000060
15343  24.900  -59.258  -27.900 0.5000000000
15350  29.952  -59.573  -27.769 0.4000000060
15353  26.262  -59.991  -28.381 0.4000000060
15357  23.043  -60.902  -28.742 0.4000000060
16023  25.513  -58.258  -14.801 0.3000000119
16029  26.821  -58.606  -15.993 0.3000000119
16037  27.528  -58.340  -16.586 0.3000000119
16049  26.056  -58.313  -19.092 0.6000000238
16056  26.508  -58.613  -19.556 0.6000000238
16057  25.757  -58.543  -19.531 0.6000000238
16065  27.766  -58.820  -20.365 0.6000000238
16066  26.253  -58.924  -20.051 0.6000000238
16067  25.524  -58.664  -20.174 0.6000000238
16074  36.532  -59.171  -22.260 0.4000000060
16080  28.895  -58.910  -21.275 0.6000000238
16095  30.634  -58.714  -22.741 0.4000000060
16100  24.663  -58.123  -22.268 0.6000000238
16107  36.399  -58.667  -23.058 0.4000000060
16108  35.985  -58.351  -23.847 0.4000000060
16114  27.466  -58.531  -23.863 0.6999999881
16118  23.736  -58.049  -24.104 0.6999999881
16121  36.009  -57.665  -24.089 0.4000000060
16123  35.419  -58.169  -25.531 0.4000000060
16125  31.649  -58.412  -24.793 0.3000000119
16128  28.674  -58.458  -24.573 0.6999999881
16131  25.576  -58.273  -24.346 0.6999999881
16133  23.200  -58.159  -24.658 0.8000000119
16140  35.222  -58.119  -26.188 0.4000000060
16142  30.874  -58.183  -25.538 0.5000000000
16143  29.868  -58.161  -25.432 0.5000000000
16146  26.782  -58.038  -25.610 0.4000000060
16150  22.717  -58.428  -26.051 0.6999999881
16159  34.782  -58.093  -26.563 0.5000000000
16160  34.259  -58.000  -26.876 0.5000000000
16163  25.665  -58.369  -26.674 0.5000000000
16176  29.931  -58.638  -27.643 0.5000000000
16178  27.701  -57.969  -27.325 0.4000000060
16184  22.109  -59.187  -27.452 0.6999999881
16905  24.777  -57.269  -18.124 0.6000000238
16913  26.017  -57.719  -18.611 0.6000000238
16915  24.164  -57.278  -18.562 0.6000000238
16919  28.070  -57.341  -19.640 0.5000000000
16920  27.388  -57.556  -19.268 0.5000000000
16921  24.205  -57.738  -19.297 0.6000000238
16929  32.332  -55.892  -20.422 0.3000000119
16933  24.248  -58.015  -20.116 0.6999999881
16941  35.805  -57.799  -22.400 0.3000000119
16946  30.129  -57.456  -21.322 0.3000000119
16947  23.597  -57.507  -21.540 0.6999999881
16955  36.214  -57.893  -23.418 0.4000000060
16957  35.209  -56.796  -22.928 0.3000000119
16958  31.302  -58.067  -22.624 0.4000000060
16963  34.007  -56.405  -24.045 0.3000000119
16966  24.105  -57.855  -22.805 0.6999999881
16974  35.654  -57.136  -24.911 0.3000000119
16977  33.335  -57.420  -24.580 0.3000000119
16983  16.179  -57.558  -24.781 0.4000000060
16988  35.350  -57.064  -25.654 0.4000000060
16989  35.026  -57.187  -26.107 0.5000000000
16995  28.230  -57.728  -25.985 0.6000000238
16999  18.374  -57.643  -25.403 0.5000000000
17003  34.311  -57.625  -26.492 0.4000000060
17006  29.552  -57.623  -26.992 0.4000000060
17009  32.395  -58.045  -27.262 0.4000000060
17012  28.959  -57.867  -27.304 0.4000000060
17013  28.289  -57.798  -27.199 0.4000000060
17752  25.873  -56.797  -14.784 0.3000000119
17774  25.859  -56.273  -17.750 0.5000000000
17775  24.947  -56.575  -17.571 0.6000000238
17785  27.292  -56.338  -18.663 0.5000000000
17798  23.181  -56.447  -19.327 0.6000000238
17804  33.161  -55.668  -21.525 0.4000000060
17807  30.291  -55.519  -20.734 0.4000000060
17809  29.447  -55.985  -20.272 0.5000000000
17817  33.387  -55.505  -22.099 0.4000000060
17819  31.309  -55.061  -21.163 0.4000000060
17821  22.577  -56.506  -21.456 0.6000000238
17825  35.393  -56.651  -23.609 0.3000000119
17826  34.783  -56.197  -23.347 0.3000000119
17828  33.093  -55.379  -22.235 0.4000000060
17838  22.135  -56.746  -23.171 0.6000000238
17841  16.076  -56.352  -23.145 0.4000000060
17849  20.441  -56.159  -24.856 0.6000000238
17851  19.008  -56.105  -25.030 0.6000000238
18545  23.896  -55.499  -12.341 0.3000000119
18553  24.441  -55.093  -12.927 0.3000000119
18575  26.319  -55.413  -14.845 0.3000000119
18587  27.531  -55.186  -15.784 0.3000000119
18598  28.344  -54.428  -16.202 0.3000000119
18599  24.495  -55.183  -16.861 0.5000000000
18600  23.960  -55.113  -16.930 0.5000000000
18611  26.409  -55.258  -17.670 0.6000000238
18613  23.575  -55.260  -17.436 0.6000000238
18623  27.708  -55.331  -18.642 0.6000000238
18625  23.267  -55.382  -18.034 0.6000000238
18626  23.062  -55.165  -18.686 0.6000000238
18633  29.486  -54.473  -19.612 0.4000000060
18639  32.398  -55.083  -21.275 0.4000000060
18644  33.095  -55.282  -21.957 0.4000000060
19372  24.091  -53.874  -11.864 0.3000000119
19380  24.902  -54.716  -13.388 0.3000000119
19391  25.862  -54.202  -14.216 0.3000000119
19413  29.575  -52.926  -17.118 0.3000000119
19415  25.769  -53.821  -16.675 0.5000000000
19428  27.315  -54.063  -17.782 0.4000000060
19447  29.500  -53.885  -19.252 0.3000000119
19450  30.762  -54.191  -19.893 0.4000000060
19454  16.176  -54.428  -20.363 0.4000000060
19458  21.835  -54.506  -21.810 0.5000000000
19460  17.533  -55.050  -20.942 0.5000000000
19463  14.650  -55.039  -20.823 0.5000000000
19473  17.761  -55.008  -23.131 0.6000000238
20244  26.784  -53.277  -14.533 0.3000000119
20245  25.900  -53.501  -14.018 0.3000000119
20256  24.885  -52.707  -15.834 0.5000000000
20257  24.206  -52.866  -15.946 0.5000000000
20268  29.222  -52.525  -16.632 0.3000000119
20272  24.367  -53.572  -16.239 0.5000000000
20283  28.099  -52.770  -17.576 0.4000000060
20291  29.403  -53.028  -18.327 0.3000000119
20302  19.063  -53.034  -19.893 0.6000000238
20316  19.287  -53.433  -20.689 0.6000000238
20327  22.160  -53.228  -24.223 0.6000000238
20329  19.331  -53.446  -23.057 0.6999999881
21050  24.365  -52.218  -11.326 0.3000000119
21069  24.582  -52.455  -12.145 0.3000000119
21081  25.891  -52.210  -13.418 0.3000000119
21104  28.552  -51.420  -15.827 0.3000000119
21105  28.594  -51.785  -15.539 0.3000000119
21106  26.977  -51.147  -15.756 0.4000000060
21121  26.076  -52.193  -16.034 0.4000000060
21131  28.761  -52.087  -17.177 0.4000000060
21168  23.964  -52.875  -20.861 0.5000000000
21176  20.310  -52.391  -20.810 0.5000000000
21194  20.419  -52.378  -23.360 0.6999999881
21197  23.291  -52.200  -24.813 0.6000000238
21198  22.717  -52.326  -24.687 0.6000000238
21888  25.774  -50.748  -12.642 0.3000000119
21889  24.775  -51.482  -12.014 0.3000000119
21922  28.109  -50.509  -14.789 0.4000000060
21923  27.920  -50.818  -14.377 0.4000000060
21924  25.761  -50.305  -14.744 0.4000000060
21935  27.637  -50.453  -15.336 0.4000000060
21938  23.991  -51.515  -15.571 0.5000000000
21959  23.312  -51.896  -17.127 0.4000000060
21982  19.536  -52.014  -19.616 0.4000000060
22019  26.531  -51.377  -22.793 0.6000000238
22030  27.866  -51.430  -24.674 0.6000000238
22032  24.634  -51.907  -24.697 0.6000000238
22038  27.440  -51.194  -25.404 0.6000000238
22044  21.867  -51.993  -24.550 0.6999999881
22768  27.432  -49.771  -13.893 0.4000000060
22769  26.898  -50.097  -13.281 0.3000000119
22783  26.594  -49.552  -14.342 0.4000000060
22795  27.873  -50.174  -14.879 0.4000000060
22847  21.200  -49.931  -19.725 0.4000000060
22858  25.639  -50.573  -20.677 0.5000000000
22859  25.125  -50.905  -20.389 0.5000000000
22860  21.541  -50.204  -20.168 0.5000000000
22870  27.154  -50.327  -21.944 0.4000000060
22872  26.017  -50.920  -21.397 0.5000000000
22898  22.485  -50.820  -24.085 0.6999999881
22906  24.831  -51.130  -25.050 0.6999999881
22910  28.903  -50.801  -25.541 0.6000000238
22911  27.567  -50.670  -25.560 0.6000000238
23597  25.301  -48.692  -13.725 0.4000000060
23614  26.915  -49.327  -13.808 0.4000000060
23615  24.685  -49.275  -14.289 0.4000000060
23687  25.336  -49.462  -19.625 0.5000000000
23758  28.331  -50.475  -25.587 0.6000000238
24378  26.173  -48.508  -12.425 0.3000000119
24482  23.028  -48.140  -20.719 0.4000000060
25196  25.064  -46.958  -12.900 0.3000000119
25208  24.608  -47.261  -13.695 0.4000000060
25322  24.014  -47.428  -21.662 0.5000000000
26050  25.822  -46.286  -11.606 0.4000000060
26946  25.605  -45.500  -11.975 0.3000000119
27848  26.370  -44.663  -11.218 0.3000000119
109242  31.713  -56.661  -22.303 0.3000000119
109426  23.437  -52.948  -19.053 0.4000000060
109622  22.005  -55.184  -21.301 0.5000000000
112023  34.373  -55.972  -23.221 0.4000000060
113242  22.529  -55.299  -20.394 0.5000000000
114266  32.424  -60.549  -27.286 0.5000000000
115078  29.986  -59.021  -23.974 0.5000000000
115977  19.830  -57.213  -25.485 0.6000000238
117223  30.627  -57.745  -27.167 0.4000000060
117271  32.190  -57.817  -26.465 0.4000000060
118653  21.561  -50.589  -20.644 0.6000000238
118906  27.085  -58.282  -27.431 0.4000000060
119323  23.430  -51.984  -18.002 0.5000000000
120021  25.247  -54.036  -13.557 0.3000000119
120643  31.645  -59.633  -27.583 0.6000000238
121153  31.713  -61.714  -25.137 0.3000000119
121367  20.759  -53.938  -24.653 0.6999999881
121891  33.389  -57.948  -27.040 0.5000000000
122465  26.114  -47.771  -11.695 0.3000000119
123644  27.607  -60.618  -28.318 0.4000000060
123688  16.351  -56.546  -23.805 0.4000000060
124422  33.732  -59.083  -27.132 0.5000000000
124920  34.747  -57.674  -26.452 0.5000000000
125527  24.945  -56.219  -13.786 0.3000000119
125713  36.499  -59.481  -21.628 0.4000000060
126204  31.733  -69.473  -22.952 0.3000000119
126465  30.042  -61.460  -27.988 0.5000000000
126922  23.311  -53.709  -17.193 0.5000000000
128054  28.230  -58.095  -25.167 0.4000000060
128086  31.913  -67.916  -14.805 0.3000000119
128385  30.752  -61.279  -27.801 0.5000000000
128744  25.228  -58.420  -25.995 0.6000000238
129311  34.078  -59.772  -24.168 0.4000000060
129366  20.406  -50.817  -19.608 0.4000000060
129649  35.478  -56.687  -24.317 0.3000000119
129869  23.488  -52.425  -16.524 0.5000000000
130420  33.381  -67.483  -21.733 0.3000000119
130850  32.129  -60.231  -27.466 0.6000000238
130996  26.155  -48.951  -11.928 0.3000000119
131160  26.921  -49.634  -25.004 0.6999999881
131806  28.936  -57.824  -20.499 0.4000000060
131850  21.477  -51.561  -24.065 0.6000000238
