#!ascii label  , from subject sub-v1s3x0050796_ses-1 vox2ras=TkReg
323
15840  41.387  -58.300  0.128 0.0000000000
7955  32.047  -68.257  -1.605 0.0000000000
10965  37.118  -64.202  2.433 0.0000000000
10194  38.470  -65.848  0.777 0.0000000000
5761  33.277  -71.728  3.472 0.0000000000
8572  36.495  -67.843  4.715 0.0000000000
7125  32.111  -69.612  2.830 0.0000000000
9360  35.095  -67.339  1.372 0.0000000000
10226  37.050  -66.286  -1.554 0.0000000000
14229  39.539  -61.022  1.491 0.0000000000
10151  39.868  -64.414  4.586 0.0000000000
7896  36.927  -68.830  3.153 0.0000000000
6498  33.268  -70.750  0.421 0.0000000000
4585  31.477  -73.899  -0.570 0.0000000000
19176  39.267  -54.565  0.143 0.0000000000
15842  38.511  -58.347  -0.027 0.0000000000
108937  35.727  -61.955  0.084 0.0000000000
11787  39.936  -63.799  -2.898 0.0000000000
8594  32.404  -67.598  3.887 0.0000000000
8640  33.364  -67.520  0.711 0.0000000000
10196  34.446  -66.109  0.422 0.0000000000
113564  38.776  -62.505  1.914 0.0000000000
10944  39.486  -64.348  4.313 0.0000000000
7083  34.915  -69.495  4.461 0.0000000000
7853  37.293  -68.004  4.663 0.0000000000
6452  35.307  -70.430  3.508 0.0000000000
7139  34.827  -70.200  2.395 0.0000000000
6473  33.727  -71.504  1.964 0.0000000000
5225  32.145  -72.824  -2.579 0.0000000000
15073  36.120  -58.999  -1.077 0.0000000000
14259  37.427  -60.138  -0.130 0.0000000000
14287  34.902  -59.921  -1.152 0.0000000000
124539  39.649  -64.339  1.404 0.0000000000
10993  38.785  -64.838  -0.682 0.0000000000
11027  36.437  -64.844  -2.284 0.0000000000
9433  37.722  -66.528  -3.370 0.0000000000
129655  34.841  -65.242  2.806 0.0000000000
10154  37.053  -65.949  4.122 0.0000000000
9312  34.712  -67.070  4.250 0.0000000000
7857  33.429  -68.730  4.464 0.0000000000
6455  32.653  -71.134  3.549 0.0000000000
8638  36.805  -67.690  0.917 0.0000000000
9408  37.866  -66.518  -1.029 0.0000000000
9393  36.169  -66.415  0.027 0.0000000000
10994  35.889  -64.781  -0.958 0.0000000000
7975  31.141  -69.110  -3.817 0.0000000000
15017  41.126  -59.868  1.324 0.0000000000
10942  40.417  -63.453  3.162 0.0000000000
10168  39.733  -64.925  3.530 0.0000000000
9308  38.712  -65.972  4.963 0.0000000000
8592  38.376  -67.058  4.339 0.0000000000
8621  37.531  -67.598  1.747 0.0000000000
112377  36.436  -68.636  1.933 0.0000000000
7915  33.969  -68.545  1.615 0.0000000000
7167  32.667  -69.110  -0.435 0.0000000000
5186  32.542  -72.897  1.593 0.0000000000
5793  33.097  -71.843  0.138 0.0000000000
6508  32.688  -70.879  -1.452 0.0000000000
7192  32.090  -70.068  -2.758 0.0000000000
17562  39.220  -55.863  -1.293 0.0000000000
17541  40.640  -56.542  -0.118 0.0000000000
119190  38.919  -56.546  0.357 0.0000000000
15826  40.394  -58.427  0.686 0.0000000000
15036  39.329  -59.603  0.729 0.0000000000
13357  37.949  -61.357  0.698 0.0000000000
12564  36.645  -63.046  1.146 0.0000000000
12583  34.294  -62.649  0.471 0.0000000000
11729  34.904  -63.903  1.564 0.0000000000
125128  38.416  -66.022  -2.004 0.0000000000
15841  41.115  -58.168  -0.370 0.0000000000
15071  40.800  -59.060  -0.949 0.0000000000
15049  41.412  -59.030  -0.260 0.0000000000
7939  32.433  -68.032  -0.740 0.0000000000
130283  32.826  -66.745  -0.220 0.0000000000
11726  37.437  -63.484  1.924 0.0000000000
11708  38.395  -63.939  3.079 0.0000000000
5749  33.963  -71.114  4.172 0.0000000000
6436  35.220  -70.099  4.155 0.0000000000
6461  34.564  -71.163  3.282 0.0000000000
115846  34.670  -70.943  2.765 0.0000000000
5768  33.319  -72.158  2.607 0.0000000000
5252  31.675  -72.627  -4.206 0.0000000000
15053  35.782  -59.807  -0.919 0.0000000000
10980  38.860  -64.922  0.492 0.0000000000
10979  39.476  -64.011  0.290 0.0000000000
10210  38.323  -65.885  -0.350 0.0000000000
131144  36.865  -66.150  -3.625 0.0000000000
9330  34.817  -66.213  3.709 0.0000000000
9331  33.770  -66.517  3.961 0.0000000000
7878  32.361  -68.423  3.615 0.0000000000
8575  32.999  -67.661  4.323 0.0000000000
7107  32.651  -69.440  3.963 0.0000000000
7085  33.092  -69.632  4.343 0.0000000000
7124  32.487  -70.161  3.552 0.0000000000
8639  36.168  -67.702  1.085 0.0000000000
9374  36.678  -67.258  0.377 0.0000000000
9375  35.705  -66.890  0.762 0.0000000000
10212  35.565  -65.482  -0.318 0.0000000000
10995  34.981  -64.735  -0.726 0.0000000000
111275  35.307  -64.255  -1.272 0.0000000000
14227  40.893  -60.441  1.569 0.0000000000
14226  41.250  -60.508  1.384 0.0000000000
13325  40.799  -61.958  2.254 0.0000000000
10963  40.206  -64.164  2.815 0.0000000000
128512  37.205  -66.556  4.619 0.0000000000
10153  38.066  -65.989  4.883 0.0000000000
9310  37.269  -67.255  4.869 0.0000000000
7876  37.377  -68.270  3.842 0.0000000000
8593  37.820  -67.528  4.586 0.0000000000
8608  37.752  -67.823  3.488 0.0000000000
8607  38.074  -67.383  2.921 0.0000000000
128500  37.408  -68.046  2.395 0.0000000000
8622  36.949  -68.114  1.574 0.0000000000
7912  36.903  -68.603  2.349 0.0000000000
7140  34.066  -69.647  1.862 0.0000000000
7914  34.795  -69.051  1.966 0.0000000000
110971  33.564  -69.247  1.251 0.0000000000
7153  33.106  -69.126  0.456 0.0000000000
7166  32.920  -70.026  -0.086 0.0000000000
4634  29.477  -74.715  -3.183 0.0000000000
4599  31.141  -74.344  -1.154 0.0000000000
130184  30.668  -74.390  -1.232 0.0000000000
111725  31.226  -73.848  0.187 0.0000000000
5208  32.045  -73.580  0.270 0.0000000000
5207  32.651  -72.896  0.665 0.0000000000
5217  32.282  -73.195  -0.909 0.0000000000
5821  32.354  -71.899  -3.135 0.0000000000
5810  32.525  -72.027  -2.315 0.0000000000
109700  32.423  -71.369  -2.787 0.0000000000
129892  32.569  -70.876  -2.003 0.0000000000
6529  32.203  -70.762  -3.195 0.0000000000
18399  38.782  -55.216  -1.356 0.0000000000
120784  39.433  -55.359  -0.804 0.0000000000
17561  39.906  -55.979  -0.598 0.0000000000
18365  40.312  -55.845  0.058 0.0000000000
15843  37.836  -58.040  -0.424 0.0000000000
16683  38.046  -57.020  -0.302 0.0000000000
16682  38.721  -57.497  0.100 0.0000000000
16669  39.601  -56.995  0.483 0.0000000000
15827  39.434  -58.064  0.424 0.0000000000
115134  39.650  -58.856  0.647 0.0000000000
15050  38.813  -58.964  0.297 0.0000000000
14260  36.397  -60.541  -0.426 0.0000000000
14244  37.240  -60.974  0.140 0.0000000000
13358  36.518  -61.430  0.040 0.0000000000
12581  36.776  -62.235  0.618 0.0000000000
111256  36.000  -62.687  0.628 0.0000000000
12565  32.997  -63.104  1.024 0.0000000000
11744  33.847  -63.183  0.963 0.0000000000
11743  34.684  -63.277  0.990 0.0000000000
9409  37.510  -66.509  -1.527 0.0000000000
111520  38.028  -66.511  -1.877 0.0000000000
10252  38.584  -65.885  -3.639 0.0000000000
9361  34.328  -67.151  1.269 0.0000000000
9376  34.794  -66.622  0.922 0.0000000000
13343  38.911  -61.695  1.512 0.0000000000
12562  39.756  -62.305  2.330 0.0000000000
12542  39.952  -62.982  3.147 0.0000000000
10930  39.940  -64.395  4.657 0.0000000000
7855  35.562  -68.530  4.554 0.0000000000
8571  37.179  -67.773  4.817 0.0000000000
7082  35.792  -69.210  4.362 0.0000000000
7081  36.343  -69.080  4.130 0.0000000000
7105  36.432  -69.281  3.447 0.0000000000
7897  36.368  -69.222  2.634 0.0000000000
6460  35.307  -70.541  2.976 0.0000000000
6472  34.147  -70.736  2.183 0.0000000000
7152  33.634  -70.357  1.362 0.0000000000
111445  32.387  -72.750  -1.789 0.0000000000
125579  32.068  -72.394  -3.439 0.0000000000
15844  36.980  -58.611  -0.766 0.0000000000
15051  37.810  -59.103  -0.278 0.0000000000
15052  36.744  -59.558  -0.622 0.0000000000
14261  35.410  -60.557  -0.733 0.0000000000
131356  39.345  -64.146  -0.701 0.0000000000
11008  39.331  -64.336  -1.442 0.0000000000
10241  36.823  -65.800  -2.170 0.0000000000
9423  37.733  -66.513  -2.604 0.0000000000
9434  37.265  -66.357  -3.317 0.0000000000
119175  37.482  -66.499  -3.873 0.0000000000
10946  35.456  -65.011  2.619 0.0000000000
10945  36.692  -64.912  2.894 0.0000000000
10170  36.298  -65.499  3.400 0.0000000000
10155  36.089  -66.139  3.831 0.0000000000
9311  36.035  -66.980  4.388 0.0000000000
8574  33.781  -68.050  4.480 0.0000000000
8573  34.607  -67.889  4.483 0.0000000000
7084  33.905  -69.675  4.530 0.0000000000
6438  33.453  -70.641  4.266 0.0000000000
9373  37.432  -67.158  0.392 0.0000000000
9390  37.875  -66.660  -0.044 0.0000000000
8654  37.056  -67.286  0.219 0.0000000000
9392  37.027  -66.796  -0.576 0.0000000000
10195  35.205  -66.069  0.368 0.0000000000
10211  36.440  -65.797  -0.738 0.0000000000
11010  36.460  -65.192  -1.500 0.0000000000
11011  35.875  -64.237  -1.758 0.0000000000
7967  31.920  -69.069  -2.277 0.0000000000
15824  41.229  -58.662  0.528 0.0000000000
15048  41.523  -59.242  0.298 0.0000000000
14241  41.558  -60.538  0.930 0.0000000000
10964  39.331  -65.046  1.772 0.0000000000
10183  38.856  -65.914  2.047 0.0000000000
10152  39.263  -65.114  4.627 0.0000000000
8570  37.689  -67.293  4.924 0.0000000000
9329  38.860  -66.057  4.859 0.0000000000
10169  39.301  -65.363  4.450 0.0000000000
111955  39.103  -65.946  3.284 0.0000000000
9358  38.289  -66.801  2.207 0.0000000000
9372  38.041  -66.689  1.021 0.0000000000
8637  37.152  -67.603  0.901 0.0000000000
115822  36.461  -68.124  1.447 0.0000000000
8623  35.565  -68.302  1.660 0.0000000000
7913  35.880  -69.103  2.127 0.0000000000
8624  34.500  -67.912  1.586 0.0000000000
7926  33.447  -68.335  1.035 0.0000000000
7927  32.904  -68.223  0.206 0.0000000000
116549  32.341  -69.093  -1.351 0.0000000000
5762  32.364  -71.872  2.883 0.0000000000
4020  29.996  -74.969  -2.548 0.0000000000
5171  32.008  -73.146  1.957 0.0000000000
5156  32.523  -72.607  2.297 0.0000000000
131499  33.241  -72.352  1.794 0.0000000000
6485  33.440  -71.566  1.088 0.0000000000
115169  32.629  -72.228  -1.421 0.0000000000
5799  32.791  -71.630  -0.960 0.0000000000
6499  32.948  -70.891  -0.518 0.0000000000
118942  32.660  -70.057  -1.008 0.0000000000
7193  31.667  -69.371  -3.062 0.0000000000
16711  38.334  -57.184  -2.220 0.0000000000
17571  38.500  -56.166  -1.834 0.0000000000
16702  39.287  -56.736  -1.482 0.0000000000
120149  40.140  -56.798  -0.820 0.0000000000
16700  40.603  -57.408  -0.573 0.0000000000
16681  41.097  -57.323  0.040 0.0000000000
117047  37.688  -55.411  0.025 0.0000000000
17529  39.817  -55.748  0.365 0.0000000000
16668  40.286  -56.480  0.373 0.0000000000
16667  40.846  -57.203  0.258 0.0000000000
15825  40.906  -58.069  0.534 0.0000000000
15034  40.981  -59.062  1.025 0.0000000000
14228  40.070  -60.207  1.352 0.0000000000
15037  38.358  -59.821  0.306 0.0000000000
14243  38.060  -60.642  0.442 0.0000000000
12580  37.833  -62.035  1.038 0.0000000000
12563  37.628  -62.745  1.450 0.0000000000
11727  36.517  -63.683  1.634 0.0000000000
12582  35.188  -62.687  0.510 0.0000000000
11728  35.679  -63.381  1.144 0.0000000000
10966  35.880  -64.280  1.955 0.0000000000
11009  38.772  -65.202  -1.744 0.0000000000
11026  39.316  -64.606  -2.472 0.0000000000
9422  38.235  -66.295  -2.520 0.0000000000
128126  38.509  -65.936  -3.001 0.0000000000
3986  30.857  -74.252  -0.720 0.0000000000
3999  30.706  -74.542  -1.591 0.0000000000
4000  30.440  -74.538  -1.693 0.0000000000
4615  31.171  -74.404  -1.701 0.0000000000
5187  32.053  -73.456  1.297 0.0000000000
5238  31.607  -73.385  -3.227 0.0000000000
5756  33.921  -71.455  3.740 0.0000000000
5779  33.119  -72.396  1.030 0.0000000000
6437  34.361  -70.410  4.336 0.0000000000
6439  32.848  -70.464  4.024 0.0000000000
6453  34.621  -70.902  3.943 0.0000000000
6454  32.985  -71.162  3.911 0.0000000000
6462  33.618  -71.763  3.195 0.0000000000
7106  35.893  -69.706  3.806 0.0000000000
7108  32.338  -69.213  3.405 0.0000000000
7123  35.900  -69.906  3.118 0.0000000000
7138  35.653  -69.797  2.576 0.0000000000
7178  32.431  -70.137  -1.951 0.0000000000
7854  36.541  -68.414  4.566 0.0000000000
7856  34.371  -68.767  4.557 0.0000000000
7858  32.769  -68.569  4.195 0.0000000000
7877  36.863  -68.687  4.036 0.0000000000
7895  37.319  -68.405  2.963 0.0000000000
8569  38.253  -66.694  4.968 0.0000000000
8625  33.885  -67.686  1.345 0.0000000000
8641  32.827  -67.365  -0.016 0.0000000000
9309  38.006  -66.654  5.064 0.0000000000
9343  38.751  -66.472  3.786 0.0000000000
9359  37.624  -67.255  1.155 0.0000000000
9391  37.376  -66.769  -0.440 0.0000000000
9424  37.279  -66.290  -2.408 0.0000000000
10171  35.248  -65.564  3.226 0.0000000000
10225  38.358  -65.957  -1.321 0.0000000000
10239  38.983  -65.248  -3.184 0.0000000000
10240  38.689  -65.566  -2.487 0.0000000000
10253  36.751  -65.812  -3.007 0.0000000000
11723  40.630  -62.952  2.654 0.0000000000
11725  38.636  -63.214  2.520 0.0000000000
11760  39.883  -63.540  -0.825 0.0000000000
12541  40.438  -62.653  2.629 0.0000000000
13342  41.064  -61.213  1.848 0.0000000000
13356  38.644  -61.037  0.968 0.0000000000
13378  35.812  -61.165  -0.366 0.0000000000
14242  38.970  -60.405  0.857 0.0000000000
15018  40.747  -59.761  1.316 0.0000000000
15033  41.411  -59.680  0.916 0.0000000000
15035  40.275  -59.302  0.994 0.0000000000
16666  41.151  -57.852  0.239 0.0000000000
17527  40.614  -56.516  0.096 0.0000000000
17528  40.262  -55.948  0.209 0.0000000000
18366  39.845  -55.363  0.195 0.0000000000
18379  39.741  -55.103  -0.106 0.0000000000
19206  39.301  -54.514  -0.139 0.0000000000
110870  40.567  -61.137  1.815 0.0000000000
110898  32.671  -72.591  -0.398 0.0000000000
111666  38.124  -66.409  -3.181 0.0000000000
112030  41.147  -59.702  -0.741 0.0000000000
112929  34.054  -71.496  2.697 0.0000000000
113142  40.127  -61.782  2.121 0.0000000000
113215  37.225  -61.614  0.467 0.0000000000
114315  32.603  -71.405  -1.949 0.0000000000
114895  35.496  -67.675  4.508 0.0000000000
116380  32.441  -70.811  -2.471 0.0000000000
120898  40.379  -57.452  0.513 0.0000000000
122616  41.612  -60.014  0.463 0.0000000000
122731  39.621  -56.216  0.477 0.0000000000
128330  33.296  -69.869  0.696 0.0000000000
128671  33.779  -67.077  1.003 0.0000000000
130213  40.114  -64.037  4.514 0.0000000000
