#!ascii label  , from subject sub-v1s3x0050796_ses-1 vox2ras=TkReg
320
68333  25.506  0.205  -28.049 0.0000000000
60298  19.673  -8.648  -22.798 0.0000000000
72313  24.311  5.457  -29.016 0.0000000000
114450  23.719  15.543  -31.443 0.0000000000
58443  17.678  -10.757  -23.304 0.0000000000
110054  25.317  7.750  -31.827 0.0000000000
75917  24.757  9.538  -34.220 0.0000000000
65731  22.483  -2.635  -26.131 0.0000000000
63894  21.800  -4.602  -24.877 0.0000000000
113637  24.341  -1.724  -25.572 0.0000000000
108897  27.856  2.885  -29.783 0.0000000000
69116  27.877  1.530  -26.564 0.0000000000
124250  24.482  3.209  -29.220 0.0000000000
124255  27.098  6.146  -30.527 0.0000000000
79132  24.568  13.328  -31.041 0.0000000000
121392  23.263  12.178  -35.993 0.0000000000
62085  21.278  -6.085  -23.329 0.0000000000
75897  24.729  8.504  -32.370 0.0000000000
77548  24.215  10.403  -33.500 0.0000000000
124650  23.859  -1.371  -27.216 0.0000000000
65730  23.218  -2.701  -26.293 0.0000000000
67483  24.540  -1.048  -27.011 0.0000000000
59368  18.826  -9.753  -22.749 0.0000000000
124196  24.344  3.757  -28.985 0.0000000000
124118  25.302  4.013  -30.267 0.0000000000
108420  25.235  5.137  -30.831 0.0000000000
76751  26.126  9.731  -31.941 0.0000000000
75006  26.321  8.795  -30.713 0.0000000000
80704  23.255  15.168  -29.466 0.0000000000
126473  23.850  13.138  -28.491 0.0000000000
125909  24.477  14.289  -31.308 0.0000000000
109715  22.745  15.930  -37.114 0.0000000000
127248  23.797  13.683  -37.359 0.0000000000
79957  23.589  12.590  -36.286 0.0000000000
79960  24.830  12.821  -37.777 0.0000000000
78333  24.732  11.816  -36.525 0.0000000000
63876  22.610  -4.443  -23.886 0.0000000000
121703  21.409  -5.461  -24.004 0.0000000000
57582  17.279  -11.366  -22.863 0.0000000000
73196  25.198  6.658  -31.488 0.0000000000
75012  24.947  7.914  -32.050 0.0000000000
75905  25.032  8.667  -33.223 0.0000000000
77547  25.648  10.302  -33.889 0.0000000000
63911  21.072  -4.039  -25.087 0.0000000000
64865  21.702  -3.547  -25.533 0.0000000000
64849  23.297  -3.441  -25.261 0.0000000000
112916  24.150  -2.461  -24.308 0.0000000000
108421  26.615  1.330  -29.279 0.0000000000
68332  26.350  0.453  -27.962 0.0000000000
69130  27.927  1.282  -29.183 0.0000000000
108734  24.156  0.246  -27.709 0.0000000000
108842  23.993  1.834  -28.025 0.0000000000
124096  25.064  1.840  -29.213 0.0000000000
124227  26.084  3.322  -30.289 0.0000000000
124174  26.982  4.914  -30.589 0.0000000000
108579  27.591  6.219  -28.758 0.0000000000
110336  26.357  6.698  -31.152 0.0000000000
74126  26.682  7.272  -29.872 0.0000000000
77528  24.499  11.777  -30.251 0.0000000000
80724  24.396  15.049  -33.135 0.0000000000
79949  24.378  14.106  -33.909 0.0000000000
132190  24.283  12.558  -34.346 0.0000000000
131641  24.167  11.158  -33.840 0.0000000000
77557  24.441  11.489  -35.243 0.0000000000
78330  25.284  11.208  -35.214 0.0000000000
61209  19.636  -7.790  -23.962 0.0000000000
62993  20.734  -5.382  -24.538 0.0000000000
67470  25.297  -0.299  -25.703 0.0000000000
127289  25.248  -0.898  -24.261 0.0000000000
76753  24.414  9.265  -32.399 0.0000000000
76742  24.362  10.224  -31.095 0.0000000000
68334  24.557  -0.234  -27.682 0.0000000000
67494  24.244  -0.997  -27.393 0.0000000000
67493  24.831  -0.474  -27.439 0.0000000000
56625  16.334  -12.584  -21.945 0.0000000000
59383  19.097  -9.128  -23.300 0.0000000000
124221  24.197  4.683  -28.729 0.0000000000
108584  24.629  4.400  -29.848 0.0000000000
71476  24.866  5.202  -30.690 0.0000000000
76761  25.951  10.200  -32.826 0.0000000000
126904  26.296  10.726  -31.774 0.0000000000
80713  23.584  15.283  -30.378 0.0000000000
79930  23.586  14.601  -28.992 0.0000000000
79934  24.185  14.641  -30.336 0.0000000000
80712  24.168  15.050  -31.036 0.0000000000
79961  24.422  13.462  -38.626 0.0000000000
63875  23.219  -4.099  -23.511 0.0000000000
115465  22.352  -4.908  -23.431 0.0000000000
59397  18.225  -9.251  -24.385 0.0000000000
74127  24.416  7.198  -30.132 0.0000000000
74132  24.584  7.604  -31.142 0.0000000000
75916  24.857  9.115  -33.848 0.0000000000
75906  24.824  8.786  -33.153 0.0000000000
76762  25.220  9.271  -33.863 0.0000000000
76770  25.122  9.811  -34.426 0.0000000000
81501  22.058  16.397  -31.492 0.0000000000
64876  22.247  -3.211  -25.917 0.0000000000
65719  23.806  -2.085  -26.251 0.0000000000
65720  23.477  -2.843  -25.734 0.0000000000
65705  24.019  -2.289  -25.248 0.0000000000
125403  23.714  -2.842  -24.979 0.0000000000
57562  17.533  -11.577  -21.996 0.0000000000
123992  26.795  2.077  -29.804 0.0000000000
68341  27.253  0.999  -28.979 0.0000000000
69138  28.275  1.741  -29.485 0.0000000000
108958  23.363  -0.248  -26.988 0.0000000000
108714  23.990  3.184  -28.363 0.0000000000
108729  24.109  2.544  -28.616 0.0000000000
108416  24.325  1.916  -28.814 0.0000000000
108418  24.793  2.504  -29.376 0.0000000000
108597  25.461  2.649  -29.796 0.0000000000
108419  25.120  3.178  -29.827 0.0000000000
108626  26.775  5.725  -29.922 0.0000000000
108689  26.733  4.290  -30.406 0.0000000000
124343  27.799  4.903  -30.037 0.0000000000
108662  27.833  5.311  -29.555 0.0000000000
108432  27.492  5.980  -29.509 0.0000000000
74137  25.103  7.294  -31.702 0.0000000000
73195  25.965  6.540  -31.359 0.0000000000
74136  25.771  7.066  -31.490 0.0000000000
117531  26.436  7.998  -30.197 0.0000000000
74120  26.595  8.023  -29.154 0.0000000000
79127  24.491  13.281  -30.031 0.0000000000
78303  23.570  12.545  -28.022 0.0000000000
78308  24.465  12.509  -29.640 0.0000000000
120905  24.544  12.334  -30.830 0.0000000000
80744  23.659  14.737  -36.729 0.0000000000
80738  24.059  15.802  -36.089 0.0000000000
80730  24.233  14.860  -34.412 0.0000000000
79954  24.160  13.685  -35.367 0.0000000000
79151  23.585  12.275  -36.064 0.0000000000
79146  24.229  13.025  -34.775 0.0000000000
78326  24.237  12.211  -35.286 0.0000000000
78322  24.257  12.003  -33.881 0.0000000000
120997  24.285  11.549  -34.685 0.0000000000
77552  24.330  11.322  -34.801 0.0000000000
78334  24.003  12.289  -36.076 0.0000000000
79152  25.221  12.228  -36.494 0.0000000000
124474  25.001  11.461  -36.080 0.0000000000
120972  25.314  11.807  -35.832 0.0000000000
78325  25.804  12.156  -34.685 0.0000000000
61225  19.323  -7.483  -24.323 0.0000000000
63910  21.765  -4.173  -25.317 0.0000000000
118309  20.474  -4.673  -24.667 0.0000000000
63895  21.236  -4.701  -24.870 0.0000000000
62979  20.941  -5.823  -24.182 0.0000000000
61208  20.200  -7.336  -23.498 0.0000000000
68331  27.169  1.285  -27.375 0.0000000000
68322  26.285  0.924  -26.816 0.0000000000
68310  26.510  0.913  -25.738 0.0000000000
116377  24.411  8.439  -30.651 0.0000000000
75888  24.402  9.053  -31.260 0.0000000000
76771  24.453  9.770  -33.979 0.0000000000
66570  22.870  -1.875  -26.528 0.0000000000
126749  22.990  -2.515  -26.446 0.0000000000
66569  23.470  -1.887  -26.703 0.0000000000
66568  24.058  -1.557  -27.019 0.0000000000
66558  24.377  -1.447  -26.380 0.0000000000
58442  18.237  -10.368  -23.158 0.0000000000
58427  18.646  -10.387  -22.027 0.0000000000
58426  19.255  -10.144  -21.411 0.0000000000
108705  27.934  3.539  -29.783 0.0000000000
129819  28.477  2.634  -29.620 0.0000000000
108417  23.807  3.826  -27.992 0.0000000000
108833  24.475  3.703  -29.189 0.0000000000
108422  25.241  3.768  -30.146 0.0000000000
108665  25.059  4.194  -30.267 0.0000000000
124188  25.009  4.844  -30.293 0.0000000000
124256  26.284  5.519  -31.122 0.0000000000
75896  25.533  8.715  -32.457 0.0000000000
75010  25.712  8.311  -31.828 0.0000000000
131873  26.110  9.031  -31.599 0.0000000000
75887  26.328  9.783  -30.787 0.0000000000
120562  24.458  13.954  -30.404 0.0000000000
108825  23.325  14.777  -38.059 0.0000000000
129429  23.761  13.469  -36.247 0.0000000000
112771  23.938  12.684  -37.158 0.0000000000
79153  23.619  12.170  -36.423 0.0000000000
78335  23.965  12.099  -36.622 0.0000000000
79154  24.420  12.244  -36.842 0.0000000000
79956  25.244  12.703  -37.177 0.0000000000
63893  22.391  -4.355  -24.755 0.0000000000
117103  21.337  -5.157  -24.498 0.0000000000
62978  21.922  -4.901  -24.157 0.0000000000
113971  21.884  -5.406  -23.394 0.0000000000
57563  16.866  -11.948  -22.383 0.0000000000
57594  17.064  -11.001  -23.377 0.0000000000
58453  17.955  -10.279  -23.850 0.0000000000
59384  18.396  -9.703  -23.850 0.0000000000
60315  19.378  -8.460  -23.703 0.0000000000
73182  24.307  6.069  -29.353 0.0000000000
73188  24.471  5.906  -30.252 0.0000000000
73192  24.615  6.707  -31.036 0.0000000000
74138  24.852  7.216  -31.548 0.0000000000
75011  25.133  8.216  -32.500 0.0000000000
119015  24.626  8.251  -31.628 0.0000000000
75016  25.007  8.422  -32.733 0.0000000000
76752  25.511  9.174  -32.971 0.0000000000
120057  26.151  11.229  -32.982 0.0000000000
80705  22.763  15.651  -29.969 0.0000000000
80714  22.895  15.883  -30.922 0.0000000000
81500  22.958  16.116  -32.006 0.0000000000
64875  22.793  -3.142  -26.179 0.0000000000
64863  23.044  -3.446  -25.952 0.0000000000
64850  22.768  -3.875  -25.376 0.0000000000
63892  23.093  -3.894  -24.446 0.0000000000
64833  23.790  -3.486  -23.406 0.0000000000
108550  25.738  1.135  -28.849 0.0000000000
108827  26.487  0.785  -28.552 0.0000000000
123637  27.022  0.852  -28.398 0.0000000000
111129  28.185  1.522  -27.516 0.0000000000
69137  29.097  1.918  -29.448 0.0000000000
69121  29.033  1.530  -28.379 0.0000000000
67484  23.473  -1.304  -27.013 0.0000000000
67495  23.945  -0.814  -27.466 0.0000000000
108809  23.726  0.925  -27.495 0.0000000000
124095  24.764  0.855  -28.409 0.0000000000
124267  25.946  1.949  -29.601 0.0000000000
124175  27.057  2.785  -29.968 0.0000000000
131953  25.590  3.653  -30.271 0.0000000000
124243  26.850  3.675  -30.324 0.0000000000
124182  27.567  3.868  -30.061 0.0000000000
112304  27.954  4.417  -29.816 0.0000000000
108628  27.980  5.978  -28.452 0.0000000000
72320  25.684  5.816  -31.301 0.0000000000
72319  26.202  5.995  -31.290 0.0000000000
73187  26.759  6.637  -30.570 0.0000000000
112464  26.078  7.772  -31.318 0.0000000000
73186  27.037  6.619  -29.742 0.0000000000
121491  27.256  6.601  -28.985 0.0000000000
77534  24.422  11.260  -31.139 0.0000000000
80719  23.866  15.680  -32.544 0.0000000000
80725  23.791  15.659  -33.702 0.0000000000
79945  24.507  14.274  -32.606 0.0000000000
79137  24.497  13.354  -32.139 0.0000000000
79141  24.385  13.093  -33.456 0.0000000000
120986  24.373  12.375  -32.748 0.0000000000
120987  24.275  11.407  -32.948 0.0000000000
77540  24.261  10.460  -32.376 0.0000000000
122300  24.261  10.695  -34.199 0.0000000000
76777  24.800  10.653  -34.971 0.0000000000
77559  24.536  11.869  -36.346 0.0000000000
77558  24.800  11.394  -35.601 0.0000000000
77556  25.022  10.464  -34.924 0.0000000000
77551  25.367  10.533  -34.584 0.0000000000
78321  25.896  11.402  -34.030 0.0000000000
60330  19.082  -8.211  -24.325 0.0000000000
61195  19.921  -8.027  -23.191 0.0000000000
62994  19.907  -5.418  -24.444 0.0000000000
62102  20.185  -6.223  -24.299 0.0000000000
62087  19.936  -7.067  -24.103 0.0000000000
68323  25.522  0.058  -27.362 0.0000000000
67482  25.091  -0.477  -26.779 0.0000000000
66547  24.816  -0.956  -25.291 0.0000000000
67469  25.993  0.336  -25.167 0.0000000000
67459  25.585  -0.314  -24.662 0.0000000000
66548  24.632  -1.634  -24.467 0.0000000000
63909  22.243  -4.172  -25.288 0.0000000000
64864  22.415  -3.712  -25.733 0.0000000000
65706  23.660  -3.138  -24.321 0.0000000000
67471  24.800  -0.846  -26.246 0.0000000000
68311  25.707  0.336  -26.225 0.0000000000
69108  27.015  1.345  -26.365 0.0000000000
69122  27.901  1.184  -28.535 0.0000000000
69129  28.719  1.486  -29.146 0.0000000000
69922  28.458  2.255  -29.647 0.0000000000
69923  27.634  2.211  -29.768 0.0000000000
71475  26.050  5.581  -31.230 0.0000000000
72311  27.313  6.225  -29.637 0.0000000000
72312  24.494  5.377  -29.849 0.0000000000
72318  26.727  6.006  -31.056 0.0000000000
72321  24.842  5.683  -31.034 0.0000000000
72324  25.811  6.196  -31.351 0.0000000000
72325  24.997  6.157  -31.325 0.0000000000
73191  26.541  6.260  -31.105 0.0000000000
74119  26.938  7.232  -28.970 0.0000000000
74131  26.441  7.215  -30.854 0.0000000000
76763  24.424  9.436  -33.375 0.0000000000
76775  24.918  9.905  -34.507 0.0000000000
76776  24.516  10.394  -34.489 0.0000000000
78302  24.210  12.523  -28.706 0.0000000000
78331  24.228  12.071  -35.525 0.0000000000
79119  24.283  13.281  -29.088 0.0000000000
80718  24.321  15.075  -31.964 0.0000000000
108411  24.485  4.809  -29.563 0.0000000000
108423  25.340  5.379  -31.114 0.0000000000
108425  27.042  3.903  -30.394 0.0000000000
108429  28.479  3.091  -29.598 0.0000000000
108551  27.740  5.572  -29.418 0.0000000000
108568  27.332  5.292  -30.420 0.0000000000
108571  24.411  4.254  -29.209 0.0000000000
108624  25.548  4.887  -30.280 0.0000000000
108651  27.037  2.983  -30.102 0.0000000000
108672  26.314  2.692  -30.027 0.0000000000
108710  27.297  3.391  -30.031 0.0000000000
108720  26.734  5.982  -31.139 0.0000000000
108766  27.420  1.560  -29.458 0.0000000000
108843  27.066  6.185  -30.509 0.0000000000
108859  25.805  5.263  -31.073 0.0000000000
109236  26.210  3.877  -30.487 0.0000000000
110034  24.920  4.673  -30.308 0.0000000000
114677  24.424  6.477  -30.079 0.0000000000
120988  24.364  11.650  -31.924 0.0000000000
121469  23.389  12.195  -36.266 0.0000000000
124029  26.758  5.485  -31.111 0.0000000000
124061  26.545  4.945  -30.356 0.0000000000
124142  25.935  5.462  -30.288 0.0000000000
124144  27.486  5.364  -30.308 0.0000000000
124236  26.073  3.990  -30.550 0.0000000000
124237  27.736  4.879  -30.088 0.0000000000
124248  28.112  3.998  -29.673 0.0000000000
124261  27.769  5.118  -30.047 0.0000000000
124263  24.476  2.684  -29.180 0.0000000000
124266  24.176  1.174  -28.145 0.0000000000
127793  24.458  12.535  -31.808 0.0000000000
127845  24.475  11.116  -30.324 0.0000000000
128449  24.608  6.164  -30.810 0.0000000000
128491  24.954  9.371  -34.209 0.0000000000
129177  24.364  11.982  -32.362 0.0000000000
129295  25.008  4.318  -30.301 0.0000000000
