#!ascii label  , from subject sub-v1s3x0050817_ses-1 vox2ras=TkReg
1274
17114  27.339  -59.432  -24.490 0.5000000000
26586  22.510  -51.663  -21.206 0.6000000238
26617  21.737  -51.322  -21.632 0.6000000238
26618  20.853  -51.171  -21.772 0.6000000238
27866  21.309  -50.628  -22.634 0.6999999881
130798  20.128  -51.028  -21.893 0.6000000238
127892  21.849  -50.146  -23.734 0.6999999881
27867  20.448  -50.461  -22.817 0.6000000238
19316  24.768  -58.130  -20.290 0.5000000000
20565  27.795  -56.643  -22.315 0.6000000238
20566  27.021  -56.998  -22.106 0.6000000238
149828  25.375  -57.704  -20.824 0.5000000000
131878  28.243  -56.576  -24.018 0.5000000000
20594  27.948  -56.630  -23.165 0.4000000060
19344  26.089  -57.334  -22.366 0.5000000000
19328  25.677  -57.485  -21.590 0.6000000238
21722  20.507  -55.766  -18.100 0.5000000000
20684  27.721  -56.245  -28.269 0.4000000060
21721  21.325  -55.451  -18.137 0.5000000000
126559  19.811  -55.220  -18.497 0.5000000000
22930  21.560  -54.691  -18.546 0.6000000238
24078  22.172  -53.467  -19.432 0.6000000238
25307  22.661  -52.302  -20.503 0.6000000238
147049  23.278  -51.845  -20.919 0.6999999881
25308  21.800  -52.499  -20.245 0.6000000238
145440  22.448  -51.213  -21.892 0.6999999881
26650  23.797  -50.889  -22.352 0.6000000238
26651  22.778  -50.673  -22.728 0.6999999881
27898  24.944  -49.728  -24.710 0.6000000238
27882  23.472  -50.222  -23.732 0.6000000238
130373  22.660  -50.019  -24.042 0.6999999881
136610  23.961  -49.434  -24.798 0.6999999881
27868  19.596  -50.406  -22.803 0.6000000238
18142  25.156  -58.170  -19.449 0.5000000000
132603  26.035  -57.500  -20.718 0.6000000238
19315  25.597  -57.836  -20.045 0.5000000000
20564  28.546  -56.491  -22.432 0.6000000238
20544  27.763  -56.636  -21.476 0.6999999881
19327  26.459  -57.254  -21.446 0.6000000238
20618  28.619  -56.491  -24.822 0.4000000060
22908  22.657  -55.252  -18.092 0.5000000000
21720  22.012  -55.160  -18.252 0.5000000000
18255  27.854  -58.349  -27.386 0.5000000000
145524  23.664  -53.533  -19.265 0.6999999881
22929  22.439  -54.517  -18.617 0.6000000238
25284  24.519  -52.681  -19.767 0.6999999881
136695  23.762  -53.021  -19.664 0.6000000238
24077  23.041  -53.381  -19.502 0.6000000238
25306  23.883  -52.524  -20.156 0.6999999881
25286  22.448  -52.895  -19.886 0.6000000238
26585  23.949  -51.993  -20.634 0.6999999881
26614  24.789  -51.165  -21.858 0.6000000238
134481  23.947  -51.533  -21.364 0.6000000238
27881  24.585  -50.387  -23.321 0.6000000238
27897  25.718  -49.941  -24.649 0.6000000238
27915  25.353  -49.206  -25.275 0.6999999881
27902  20.376  -48.576  -25.132 0.6999999881
27885  18.960  -49.426  -24.109 0.5000000000
27899  23.064  -49.321  -24.965 0.6999999881
27900  22.218  -49.241  -24.977 0.6999999881
27884  19.911  -49.525  -24.198 0.6000000238
20509  26.964  -57.035  -19.276 0.5000000000
19299  25.720  -57.805  -19.152 0.5000000000
18121  24.995  -58.143  -18.551 0.5000000000
20523  27.796  -56.618  -20.559 0.6999999881
19314  26.374  -57.419  -19.828 0.6000000238
20563  29.403  -56.435  -22.481 0.5000000000
20543  28.413  -56.468  -21.710 0.6999999881
20522  28.410  -56.411  -20.949 0.6999999881
20545  27.156  -56.899  -21.103 0.6000000238
20524  27.137  -56.974  -20.170 0.6000000238
20617  29.597  -56.650  -24.446 0.4000000060
139783  28.985  -56.510  -23.922 0.4000000060
20593  28.783  -56.501  -23.198 0.5000000000
151196  23.718  -55.841  -17.400 0.5000000000
22927  24.455  -54.296  -18.182 0.5000000000
22928  23.724  -54.564  -18.322 0.5000000000
140080  23.091  -54.726  -18.401 0.5000000000
24075  24.970  -53.042  -19.121 0.6000000238
24053  23.997  -53.897  -18.828 0.5000000000
25283  25.381  -52.507  -19.615 0.6999999881
26582  26.445  -51.565  -20.911 0.6000000238
25304  25.070  -52.168  -20.275 0.6999999881
25305  24.434  -52.240  -20.335 0.6999999881
26611  27.202  -51.482  -21.486 0.6000000238
26583  25.519  -51.663  -20.849 0.6000000238
26584  24.713  -51.724  -20.904 0.6999999881
26670  27.080  -51.206  -24.038 0.6999999881
26612  26.523  -51.406  -21.853 0.6000000238
148029  25.202  -51.482  -21.297 0.6000000238
27913  27.310  -50.448  -24.992 0.6000000238
27896  26.286  -50.658  -24.150 0.6999999881
27880  25.500  -50.452  -23.629 0.6999999881
29158  27.798  -49.387  -24.739 0.6000000238
29180  27.073  -49.653  -25.114 0.6000000238
27914  26.281  -49.641  -25.077 0.6999999881
30402  19.390  -47.258  -24.592 0.6000000238
29161  21.763  -48.616  -25.217 0.6999999881
27903  19.444  -48.371  -25.045 0.6000000238
30412  27.647  -48.706  -24.248 0.6999999881
30425  26.865  -48.839  -25.019 0.6000000238
29181  25.766  -48.804  -25.373 0.8000000119
29182  25.063  -48.735  -25.313 0.6999999881
29159  23.455  -49.022  -25.222 0.6999999881
29160  22.588  -48.899  -25.263 0.6999999881
19282  26.186  -57.236  -18.058 0.6000000238
151223  28.925  -56.203  -20.630 0.6999999881
20507  28.490  -56.277  -20.015 0.6999999881
20508  27.657  -56.614  -19.520 0.6000000238
129455  28.988  -56.402  -21.876 0.5000000000
135455  28.974  -56.307  -21.250 0.6999999881
20592  29.582  -56.526  -23.402 0.5000000000
141332  24.385  -55.953  -17.112 0.5000000000
20476  23.595  -56.638  -17.272 0.5000000000
22906  24.258  -55.164  -17.552 0.5000000000
24051  25.390  -53.398  -18.373 0.6000000238
25262  26.598  -52.576  -18.528 0.6000000238
25263  25.759  -52.771  -18.837 0.6999999881
24052  24.669  -53.635  -18.674 0.6999999881
26557  26.771  -51.821  -19.988 0.6999999881
25282  26.235  -52.311  -19.415 0.6999999881
26581  27.384  -51.580  -20.568 0.6000000238
25303  25.884  -51.986  -20.172 0.6999999881
146242  28.761  -51.620  -23.498 0.6999999881
141510  27.638  -51.438  -23.042 0.6999999881
134881  27.792  -51.485  -22.055 0.6999999881
29120  20.574  -48.334  -22.110 0.6000000238
27912  28.087  -50.874  -25.203 0.6000000238
26669  27.925  -51.410  -23.928 0.6999999881
26647  26.988  -51.392  -22.659 0.6999999881
30409  30.307  -48.935  -23.277 0.6000000238
29157  28.917  -49.455  -24.443 0.6000000238
29179  28.501  -50.244  -25.104 0.6000000238
26684  27.546  -50.996  -24.989 0.6999999881
30401  20.323  -47.321  -24.599 0.6000000238
30411  28.483  -48.888  -23.898 0.6000000238
129615  27.712  -50.165  -24.968 0.6000000238
30398  23.679  -48.093  -24.094 0.6999999881
30399  22.619  -47.911  -24.328 0.6000000238
131111  20.890  -47.581  -25.082 0.6999999881
30419  20.071  -47.733  -25.073 0.6000000238
30392  29.879  -48.626  -22.560 0.5000000000
30393  28.869  -48.652  -22.729 0.6000000238
30394  27.507  -48.536  -23.406 0.8000000119
30395  26.806  -48.354  -23.618 0.8000000119
30396  25.519  -48.131  -23.890 0.8000000119
30415  24.143  -48.259  -24.761 0.8000000119
30416  23.181  -48.139  -24.824 0.6999999881
30417  22.279  -48.071  -24.961 0.6999999881
30413  26.420  -48.343  -24.642 0.8000000119
30414  25.643  -48.186  -24.882 0.8000000119
20496  27.533  -56.472  -18.557 0.6999999881
20473  26.249  -56.617  -17.473 0.6999999881
19263  25.595  -57.257  -17.686 0.6000000238
20521  29.474  -56.096  -20.784 0.6999999881
20542  29.648  -56.283  -21.572 0.6000000238
20475  24.497  -56.651  -17.171 0.5000000000
20452  25.110  -55.972  -16.907 0.5000000000
25245  20.067  -52.324  -17.632 0.6000000238
22891  25.845  -54.786  -16.853 0.5000000000
26514  19.518  -51.794  -18.155 0.5000000000
24037  25.798  -53.945  -17.407 0.5000000000
27824  20.768  -51.119  -19.011 0.6000000238
25241  27.015  -52.932  -17.579 0.6999999881
25281  27.100  -52.125  -19.138 0.6999999881
24050  26.174  -53.145  -17.975 0.6999999881
27847  20.985  -49.988  -20.178 0.6000000238
130425  27.964  -51.486  -21.120 0.6999999881
26556  27.675  -51.715  -19.712 0.6000000238
132882  29.133  -51.736  -24.343 0.6999999881
26609  29.142  -51.566  -22.255 0.6999999881
26610  28.538  -51.504  -21.637 0.6999999881
29119  21.517  -48.528  -22.052 0.6000000238
29103  21.201  -49.274  -21.048 0.6000000238
147296  28.759  -51.233  -25.517 0.6000000238
26646  28.313  -51.523  -22.684 0.6999999881
29118  22.435  -48.816  -21.806 0.6000000238
27911  29.990  -50.602  -25.545 0.6000000238
29178  29.174  -50.693  -25.581 0.6000000238
30370  23.175  -48.471  -22.734 0.6999999881
30371  21.890  -47.952  -23.402 0.6000000238
30372  20.869  -47.568  -23.419 0.6000000238
29156  29.867  -49.401  -24.164 0.6000000238
29114  26.812  -48.938  -21.570 0.6000000238
29115  25.855  -49.036  -21.567 0.6000000238
30369  24.302  -48.570  -22.712 0.6999999881
141821  21.032  -47.371  -24.460 0.6000000238
29113  27.704  -48.808  -21.594 0.6000000238
30368  25.270  -48.558  -22.665 0.8000000119
30366  27.206  -48.631  -22.507 0.6000000238
30367  26.258  -48.531  -22.778 0.6999999881
30397  24.681  -48.115  -23.934 0.8000000119
21736  28.966  -55.835  -19.260 0.6999999881
20495  28.254  -56.181  -18.946 0.6999999881
21719  27.933  -55.966  -17.984 0.6999999881
21755  29.935  -55.785  -20.212 0.6999999881
20506  29.237  -55.957  -20.083 0.6999999881
21698  26.661  -55.815  -17.041 0.6000000238
20451  25.849  -55.953  -16.892 0.6000000238
24024  20.527  -53.473  -16.315 0.6000000238
24025  19.564  -53.243  -16.294 0.6000000238
142761  20.836  -52.569  -17.374 0.6000000238
25224  19.319  -52.689  -16.912 0.6000000238
21683  26.263  -55.285  -16.766 0.6000000238
141395  21.070  -52.106  -17.858 0.5000000000
133621  27.862  -52.820  -17.273 0.6999999881
24036  26.641  -53.594  -17.163 0.6999999881
26532  22.291  -51.356  -18.442 0.4000000060
26513  20.476  -51.717  -18.304 0.5000000000
26529  27.956  -51.947  -18.779 0.6999999881
25260  28.317  -52.311  -17.828 0.8000000119
27823  21.760  -50.987  -19.024 0.5000000000
26555  28.628  -51.615  -19.364 0.6000000238
25261  27.470  -52.430  -18.157 0.6999999881
134969  22.114  -50.407  -19.601 0.6000000238
149331  28.613  -51.478  -20.858 0.6999999881
135146  22.733  -49.504  -20.670 0.6999999881
27846  21.897  -49.838  -20.306 0.6000000238
26668  29.964  -51.916  -24.492 0.6999999881
26645  29.771  -51.683  -23.116 0.6999999881
29102  23.635  -49.499  -20.633 0.5000000000
133874  21.968  -49.265  -21.106 0.6000000238
27937  30.925  -51.803  -26.710 0.6000000238
26690  29.425  -51.406  -25.766 0.6000000238
26682  29.164  -51.640  -25.332 0.6999999881
141413  23.203  -49.130  -21.395 0.6999999881
27926  30.612  -51.224  -26.266 0.6000000238
27927  29.671  -51.231  -25.796 0.6000000238
29116  24.894  -49.078  -21.555 0.5000000000
29117  23.963  -49.119  -21.549 0.6000000238
29177  30.347  -49.870  -24.830 0.6000000238
29098  27.365  -49.139  -20.781 0.6000000238
30354  28.208  -48.912  -20.872 0.6000000238
21717  29.421  -55.370  -18.567 0.6999999881
21718  28.683  -55.645  -18.315 0.6999999881
21697  27.487  -55.582  -17.239 0.6000000238
21682  27.038  -55.116  -16.750 0.6000000238
24000  19.870  -53.756  -15.657 0.4000000060
22874  19.222  -53.862  -14.903 0.5000000000
22889  27.379  -54.449  -16.709 0.6000000238
25221  22.002  -53.024  -16.762 0.5000000000
24002  18.185  -53.231  -15.522 0.6000000238
22888  28.085  -54.154  -16.717 0.6999999881
25240  28.717  -52.741  -17.110 0.6999999881
22890  26.667  -54.654  -16.723 0.6000000238
26512  21.970  -51.926  -17.873 0.5000000000
26528  28.788  -51.859  -18.357 0.6999999881
26531  23.124  -51.142  -18.427 0.4000000060
126660  30.934  -51.477  -21.452 0.6999999881
26578  30.347  -51.442  -20.827 0.6999999881
125979  29.869  -51.433  -20.092 0.6999999881
27821  23.420  -50.642  -18.947 0.6000000238
26680  31.488  -52.392  -24.745 0.6999999881
26643  31.369  -51.798  -23.079 0.6999999881
26579  29.357  -51.473  -21.089 0.6999999881
150875  24.055  -50.478  -18.977 0.5000000000
29094  22.615  -50.021  -19.998 0.5000000000
25339  30.509  -52.215  -26.170 0.6000000238
26681  30.600  -52.301  -25.206 0.6999999881
26644  30.577  -51.830  -23.393 0.6999999881
126672  30.046  -51.528  -21.829 0.6999999881
29092  24.086  -49.813  -19.967 0.5000000000
27925  31.440  -50.853  -26.368 0.5000000000
25352  30.865  -52.024  -26.737 0.6000000238
129137  29.886  -51.898  -25.706 0.6000000238
22925  29.820  -54.690  -17.985 0.6999999881
21695  29.079  -55.051  -17.702 0.6999999881
22873  20.205  -54.250  -15.056 0.4000000060
22900  30.123  -53.867  -17.455 0.6999999881
22903  27.818  -54.875  -16.885 0.6999999881
22854  18.673  -54.140  -14.389 0.4000000060
24034  29.564  -53.461  -17.051 0.6999999881
22855  18.152  -54.328  -14.806 0.6000000238
25239  29.492  -52.652  -17.168 0.8000000119
24016  29.745  -52.965  -17.023 0.6999999881
26552  31.451  -51.336  -18.959 0.6000000238
26527  30.070  -51.620  -18.175 0.6000000238
19233  17.405  -57.058  -15.127 0.6000000238
141890  31.210  -51.374  -20.572 0.6999999881
141802  30.782  -51.363  -19.899 0.6999999881
26553  30.338  -51.417  -19.054 0.6000000238
26642  32.249  -51.739  -22.918 0.6000000238
25337  32.114  -52.620  -25.453 0.6000000238
18047  16.455  -58.568  -14.273 0.5000000000
25361  31.833  -52.232  -27.148 0.6000000238
25338  31.152  -52.533  -25.788 0.6999999881
26698  32.083  -51.957  -27.325 0.5000000000
24033  30.286  -53.082  -17.188 0.6999999881
22836  18.799  -54.484  -13.691 0.4000000060
25238  30.204  -52.556  -17.305 0.8000000119
21665  18.377  -54.655  -14.071 0.5000000000
26525  31.777  -51.540  -18.162 0.8000000119
20417  18.130  -56.081  -13.473 0.4000000060
21654  18.179  -55.354  -13.929 0.4000000060
26526  30.981  -51.510  -18.137 0.6999999881
19201  17.526  -57.599  -13.413 0.4000000060
21666  18.024  -55.234  -14.712 0.5000000000
142966  32.657  -52.065  -23.694 0.6000000238
133007  31.717  -51.517  -22.015 0.6000000238
150590  31.654  -51.376  -21.104 0.6999999881
19184  17.556  -57.661  -12.586 0.4000000060
26679  32.913  -52.438  -24.554 0.6000000238
148204  32.225  -52.331  -24.399 0.6000000238
16926  16.263  -59.232  -12.961 0.4000000060
19216  16.946  -57.825  -14.724 0.6000000238
25349  32.364  -52.704  -26.706 0.6000000238
25360  32.682  -52.440  -27.325 0.5000000000
142825  32.811  -51.505  -27.251 0.5000000000
22818  19.032  -54.706  -13.033 0.4000000060
25237  31.116  -52.572  -17.453 0.8000000119
26504  31.504  -51.838  -17.731 0.6999999881
138762  17.957  -56.923  -12.968 0.4000000060
126627  32.975  -51.338  -20.366 0.6000000238
126661  31.538  -51.330  -19.820 0.6999999881
26641  33.130  -51.763  -22.890 0.6000000238
126626  32.397  -51.355  -21.176 0.6000000238
19169  17.479  -57.678  -11.748 0.4000000060
18017  16.735  -58.735  -12.614 0.4000000060
25336  33.087  -52.792  -25.703 0.6000000238
16910  16.256  -59.189  -12.012 0.4000000060
132521  33.556  -52.676  -27.477 0.4000000060
21637  18.816  -55.104  -12.439 0.4000000060
26524  32.558  -51.516  -18.552 0.6999999881
20394  18.311  -55.900  -12.478 0.4000000060
26551  32.783  -51.371  -19.479 0.6000000238
20395  17.956  -56.945  -12.060 0.4000000060
26665  33.492  -52.098  -23.725 0.6000000238
133048  33.614  -51.519  -22.051 0.6000000238
18004  16.519  -58.711  -11.342 0.4000000060
25335  34.075  -52.916  -26.028 0.6000000238
16890  15.937  -59.129  -11.170 0.3000000119
150935  33.923  -53.050  -27.196 0.4000000060
26696  33.956  -52.417  -27.752 0.4000000060
25358  35.011  -52.984  -27.740 0.4000000060
20380  17.721  -56.994  -11.081 0.4000000060
151030  16.928  -57.764  -10.369 0.4000000060
26664  34.397  -52.059  -23.754 0.6000000238
26677  34.741  -52.448  -24.741 0.6000000238
25346  35.440  -53.005  -26.998 0.4000000060
145194  36.047  -52.878  -26.872 0.5000000000
25369  35.657  -52.521  -28.025 0.4000000060
21626  14.352  -55.621  -12.038 0.3000000119
25357  35.977  -52.878  -27.823 0.4000000060
21606  18.395  -55.459  -9.232 0.4000000060
22772  14.607  -54.964  -9.451 0.3000000119
22837  12.932  -53.950  -14.065 0.4000000060
22756  19.209  -54.041  -8.146 0.4000000060
22758  17.387  -54.392  -7.926 0.4000000060
22771  14.891  -54.112  -9.027 0.3000000119
23920  15.695  -54.060  -8.387 0.3000000119
22804  14.382  -54.700  -12.151 0.3000000119
22789  14.449  -54.799  -10.737 0.3000000119
23970  13.821  -54.093  -13.629 0.3000000119
23917  18.334  -53.567  -7.792 0.4000000060
23918  17.498  -53.573  -7.812 0.4000000060
22759  16.461  -54.626  -8.140 0.4000000060
124930  14.546  -54.202  -9.842 0.3000000119
23953  14.469  -53.838  -10.843 0.3000000119
29051  11.270  -49.316  -15.505 0.4000000060
29066  10.775  -48.987  -16.460 0.3000000119
30322  11.277  -48.417  -17.368 0.3000000119
23962  14.277  -53.730  -12.390 0.3000000119
25181  13.363  -52.996  -13.676 0.3000000119
25141  17.076  -52.907  -8.205 0.4000000060
23935  16.151  -53.189  -8.537 0.4000000060
23936  15.344  -53.363  -9.044 0.3000000119
25159  15.126  -52.779  -9.850 0.3000000119
25168  14.773  -52.569  -10.718 0.3000000119
26473  12.012  -51.575  -14.133 0.3000000119
25173  14.402  -52.513  -11.799 0.3000000119
30309  11.532  -48.656  -16.264 0.3000000119
26465  13.904  -52.026  -12.783 0.3000000119
30308  12.215  -48.589  -15.625 0.4000000060
30321  12.111  -48.127  -16.796 0.3000000119
142676  12.814  -47.943  -16.205 0.3000000119
31610  11.888  -47.583  -18.428 0.3000000119
25157  16.525  -52.545  -8.848 0.4000000060
151081  15.709  -52.223  -9.845 0.4000000060
25167  15.287  -52.093  -10.437 0.3000000119
29041  11.465  -50.040  -14.752 0.4000000060
26448  14.852  -51.954  -11.068 0.3000000119
27772  12.479  -50.656  -14.056 0.3000000119
29050  11.977  -49.272  -14.957 0.4000000060
29039  13.183  -49.130  -14.152 0.4000000060
31594  13.528  -46.988  -17.536 0.3000000119
26431  17.243  -51.340  -9.479 0.4000000060
26433  15.996  -51.650  -10.239 0.4000000060
26447  15.506  -51.345  -10.954 0.4000000060
26459  15.368  -50.792  -11.488 0.4000000060
26460  14.703  -51.427  -11.738 0.3000000119
27770  13.973  -50.079  -13.129 0.3000000119
29030  13.778  -49.412  -13.584 0.3000000119
30272  13.859  -48.724  -14.005 0.3000000119
30288  14.338  -48.154  -14.444 0.5000000000
30290  12.688  -48.827  -14.765 0.4000000060
30307  13.188  -48.172  -15.417 0.4000000060
32973  13.902  -46.505  -17.781 0.3000000119
27735  16.599  -50.179  -10.553 0.4000000060
27748  16.195  -49.933  -11.133 0.4000000060
29015  15.581  -49.428  -12.039 0.3000000119
30256  15.173  -48.816  -12.995 0.3000000119
30270  15.255  -47.999  -13.429 0.3000000119
32900  15.555  -46.467  -13.889 0.3000000119
27750  14.976  -50.580  -12.019 0.3000000119
29016  15.154  -49.475  -12.588 0.3000000119
30271  14.583  -48.601  -13.645 0.3000000119
31535  14.916  -47.839  -14.170 0.3000000119
31553  15.009  -46.854  -15.462 0.3000000119
29029  14.594  -49.418  -13.088 0.3000000119
31554  14.718  -47.512  -14.970 0.3000000119
31575  13.662  -47.523  -16.332 0.3000000119
32989  13.740  -45.952  -18.555 0.3000000119
28968  17.996  -49.217  -8.841 0.3000000119
28982  17.318  -49.238  -9.473 0.3000000119
28994  16.819  -49.448  -10.099 0.3000000119
126320  16.393  -48.078  -10.520 0.3000000119
31518  16.180  -46.941  -11.442 0.3000000119
32899  15.904  -45.754  -13.151 0.3000000119
28995  16.419  -49.404  -10.746 0.3000000119
131051  16.050  -47.875  -11.147 0.3000000119
30255  15.519  -48.275  -12.572 0.3000000119
32881  15.703  -46.674  -12.999 0.3000000119
34230  15.652  -45.578  -14.161 0.3000000119
34246  15.431  -45.651  -15.075 0.3000000119
32944  15.216  -46.060  -15.902 0.3000000119
31593  14.202  -46.837  -16.911 0.3000000119
32971  14.815  -45.763  -17.106 0.3000000119
133792  19.220  -48.411  -8.409 0.3000000119
30235  17.097  -48.448  -9.585 0.3000000119
31493  16.773  -47.835  -9.935 0.3000000119
31494  16.498  -47.363  -10.561 0.3000000119
32880  16.080  -46.261  -12.279 0.3000000119
34257  15.335  -45.176  -15.820 0.3000000119
149579  15.133  -45.574  -16.422 0.3000000119
34293  14.053  -44.940  -18.658 0.3000000119
133751  16.374  -45.445  -12.277 0.3000000119
34229  15.979  -45.089  -13.504 0.3000000119
35396  15.439  -44.330  -15.324 0.3000000119
35409  15.088  -44.277  -16.454 0.3000000119
34276  14.583  -44.987  -17.986 0.3000000119
35410  14.633  -44.196  -17.690 0.3000000119
147470  16.417  -44.530  -12.805 0.3000000119
35367  16.257  -44.436  -13.298 0.3000000119
35381  15.753  -44.213  -14.437 0.3000000119
35345  16.993  -44.413  -11.529 0.3000000119
36507  16.746  -43.285  -12.440 0.3000000119
35380  16.115  -44.076  -13.818 0.3000000119
36528  15.536  -43.619  -14.896 0.3000000119
36538  15.216  -43.452  -15.843 0.3000000119
36545  14.748  -43.282  -17.130 0.3000000119
36546  14.210  -43.338  -18.071 0.3000000119
17131  27.887  -59.214  -25.130 0.5000000000
18256  26.822  -57.694  -27.335 0.5000000000
18269  27.388  -57.269  -28.136 0.4000000060
26616  22.041  -50.801  -22.421 0.6999999881
27901  21.282  -49.033  -25.099 0.6999999881
20639  28.006  -56.245  -25.974 0.4000000060
26649  25.362  -50.847  -22.568 0.6000000238
22926  25.083  -53.985  -18.049 0.5000000000
26648  26.131  -51.111  -22.807 0.6000000238
26507  29.109  -52.210  -17.602 0.8000000119
24019  27.654  -53.918  -16.698 0.6999999881
26554  29.488  -51.496  -19.386 0.6000000238
27935  32.081  -51.278  -26.883 0.5000000000
132964  30.738  -51.638  -22.429 0.6999999881
18034  16.674  -58.692  -13.408 0.4000000060
141770  32.851  -50.734  -26.502 0.5000000000
26678  33.799  -52.501  -24.695 0.6000000238
27934  33.496  -51.712  -27.515 0.4000000060
26608  33.265  -51.383  -21.233 0.6000000238
26640  34.014  -51.734  -22.883 0.6000000238
19146  16.312  -58.047  -9.997 0.3000000119
25347  34.609  -53.076  -27.058 0.4000000060
25334  35.115  -52.735  -25.829 0.4000000060
22757  18.275  -54.346  -7.980 0.4000000060
27725  16.890  -50.739  -10.005 0.3000000119
30210  18.358  -48.445  -8.624 0.3000000119
26549  34.555  -51.972  -19.140 0.5000000000
26550  33.930  -51.725  -19.034 0.5000000000
25235  32.979  -51.949  -17.955 0.6999999881
24048  32.620  -53.168  -18.053 0.6999999881
134265  30.946  -53.479  -17.609 0.6000000238
126206  34.403  -51.652  -19.765 0.5000000000
135987  33.301  -51.541  -18.942 0.6000000238
25236  32.163  -52.431  -17.708 0.6000000238
21734  30.438  -55.432  -19.596 0.6000000238
21735  29.682  -55.596  -19.441 0.6000000238
22921  33.139  -53.757  -18.668 0.6999999881
22952  31.778  -54.689  -19.187 0.6000000238
22953  30.948  -54.929  -19.039 0.6000000238
22922  32.132  -53.944  -18.538 0.6999999881
24049  31.415  -53.863  -18.163 0.6000000238
21716  30.171  -55.127  -18.803 0.6000000238
141798  34.464  -51.522  -20.582 0.5000000000
21731  33.107  -54.955  -19.810 0.6999999881
21732  32.196  -55.107  -19.785 0.6999999881
21753  31.616  -55.556  -20.405 0.6000000238
21754  30.723  -55.668  -20.325 0.6000000238
151233  33.716  -53.899  -18.891 0.6000000238
22951  32.638  -54.488  -19.220 0.6999999881
21733  31.267  -55.278  -19.718 0.6000000238
24074  34.862  -53.596  -18.981 0.6000000238
26606  35.529  -51.553  -21.125 0.5000000000
26607  34.072  -51.448  -21.262 0.5000000000
22969  34.089  -54.774  -19.760 0.6999999881
21752  32.600  -55.437  -20.443 0.6000000238
20520  30.197  -56.000  -20.926 0.6000000238
133050  35.767  -51.538  -21.993 0.5000000000
146555  35.112  -51.522  -21.819 0.5000000000
141715  37.067  -51.907  -23.951 0.5000000000
26638  35.943  -51.674  -22.969 0.5000000000
26688  37.832  -52.233  -25.656 0.4000000060
26619  19.343  -51.290  -21.569 0.4000000060
134335  21.149  -51.619  -21.068 0.4000000060
26588  20.322  -51.648  -20.992 0.4000000060
131437  21.057  -52.101  -20.510 0.5000000000
25287  21.581  -53.000  -19.720 0.5000000000
25288  20.681  -53.025  -19.616 0.5000000000
26662  36.186  -51.934  -23.855 0.5000000000
24079  21.257  -53.577  -19.277 0.5000000000
22932  18.876  -55.095  -18.829 0.6000000238
24055  21.847  -54.031  -18.945 0.5000000000
24056  20.971  -54.206  -18.812 0.5000000000
24057  19.469  -54.392  -18.917 0.5000000000
26589  19.501  -52.009  -20.600 0.5000000000
137071  20.253  -52.417  -20.179 0.5000000000
127639  18.978  -52.418  -20.368 0.5000000000
25289  19.759  -53.022  -19.644 0.5000000000
25290  18.867  -53.019  -19.909 0.5000000000
24080  20.213  -53.747  -19.160 0.5000000000
24081  19.217  -53.677  -19.383 0.5000000000
22954  18.645  -54.319  -19.279 0.5000000000
26676  35.663  -52.332  -24.700 0.5000000000
26687  38.702  -52.119  -26.107 0.4000000060
25332  37.025  -52.278  -25.131 0.4000000060
29163  18.785  -48.295  -24.891 0.5000000000
25310  18.327  -52.614  -20.521 0.5000000000
26663  35.324  -51.981  -23.790 0.5000000000
25333  36.095  -52.596  -25.766 0.4000000060
30374  18.993  -47.304  -23.433 0.5000000000
30375  18.045  -47.305  -23.187 0.5000000000
29123  17.549  -47.929  -22.158 0.5000000000
30403  18.537  -47.211  -24.309 0.5000000000
25345  36.848  -52.625  -26.647 0.4000000060
29121  19.601  -48.121  -22.206 0.5000000000
29122  18.607  -47.987  -22.204 0.5000000000
29105  19.193  -48.901  -21.315 0.5000000000
29106  18.225  -49.036  -21.113 0.5000000000
146666  17.176  -48.549  -21.285 0.5000000000
29124  16.562  -47.960  -22.043 0.4000000060
27849  19.279  -49.763  -20.373 0.5000000000
27851  17.397  -49.508  -20.329 0.6000000238
29107  16.519  -48.736  -21.001 0.6000000238
29104  20.159  -49.290  -21.002 0.5000000000
27825  18.949  -50.554  -19.563 0.5000000000
27850  18.355  -49.898  -20.165 0.5000000000
27827  17.131  -50.213  -19.418 0.6000000238
29095  16.559  -49.631  -20.080 0.6000000238
27853  15.141  -49.465  -20.573 0.6000000238
29109  14.325  -49.116  -21.453 0.5000000000
27854  13.778  -49.668  -20.779 0.5000000000
27843  12.516  -50.274  -20.508 0.5000000000
27848  20.160  -50.039  -20.159 0.5000000000
26558  19.852  -50.902  -19.248 0.5000000000
27826  18.304  -50.911  -19.053 0.5000000000
27839  17.947  -50.357  -19.560 0.5000000000
26536  18.069  -51.301  -18.412 0.6000000238
27828  16.490  -50.310  -19.277 0.6000000238
27840  15.047  -50.359  -19.670 0.6000000238
129162  14.501  -49.808  -20.419 0.6000000238
27842  13.332  -50.373  -20.197 0.5000000000
21706  12.664  -55.647  -17.605 0.5000000000
25292  11.984  -51.560  -19.488 0.5000000000
27837  21.296  -50.536  -19.538 0.5000000000
26534  19.949  -51.383  -18.699 0.5000000000
26515  18.558  -51.730  -17.943 0.6000000238
26516  17.699  -51.633  -17.640 0.6000000238
26517  17.003  -51.579  -17.488 0.6000000238
142734  16.378  -50.815  -18.711 0.6000000238
25264  16.368  -51.806  -17.808 0.6000000238
26559  15.197  -51.010  -18.949 0.6000000238
26540  14.822  -51.741  -18.657 0.6000000238
26560  14.488  -51.081  -19.213 0.6000000238
25291  13.192  -51.888  -19.087 0.5000000000
26562  12.848  -51.064  -19.730 0.5000000000
25268  12.489  -52.526  -18.800 0.5000000000
24061  12.896  -53.314  -18.490 0.5000000000
24062  11.966  -53.201  -18.541 0.5000000000
22935  12.275  -53.984  -18.301 0.5000000000
25247  18.152  -52.029  -17.201 0.6000000238
25248  17.448  -51.970  -16.986 0.6000000238
24028  16.686  -53.048  -16.909 0.6000000238
22909  16.355  -53.921  -17.140 0.6000000238
25250  16.153  -52.574  -17.576 0.6000000238
25265  15.551  -52.160  -18.127 0.6000000238
24039  15.181  -53.797  -17.883 0.6000000238
25266  14.728  -52.632  -18.372 0.5000000000
24059  14.719  -53.341  -18.209 0.5000000000
25267  13.983  -52.318  -18.692 0.5000000000
22933  14.390  -54.043  -18.163 0.5000000000
131410  14.143  -54.882  -17.964 0.6000000238
22934  13.372  -54.234  -18.253 0.5000000000
22912  13.365  -55.198  -17.891 0.5000000000
21705  13.445  -55.816  -17.585 0.5000000000
141768  13.110  -57.456  -16.558 0.5000000000
22893  16.875  -53.981  -16.594 0.6000000238
21702  16.403  -54.704  -17.024 0.6000000238
22910  15.747  -54.314  -17.484 0.6000000238
22911  14.960  -54.658  -17.782 0.6000000238
20482  14.068  -56.248  -17.412 0.6000000238
20456  13.525  -56.976  -16.983 0.5000000000
21685  17.042  -54.871  -16.400 0.6000000238
21704  14.673  -55.523  -17.624 0.6000000238
20455  14.521  -57.014  -16.997 0.6000000238
19249  13.897  -57.562  -16.566 0.5000000000
20439  17.626  -56.087  -15.434 0.6000000238
20453  17.163  -55.849  -16.210 0.6000000238
20440  17.064  -56.778  -15.923 0.6000000238
130169  16.467  -56.498  -16.537 0.6000000238
20481  15.114  -56.283  -17.305 0.6000000238
19248  14.822  -57.638  -16.480 0.5000000000
19234  16.730  -57.522  -15.502 0.6000000238
19246  16.333  -57.297  -16.182 0.6000000238
18070  16.324  -58.163  -15.137 0.6000000238
20454  15.584  -57.016  -16.758 0.6000000238
18048  15.884  -58.684  -14.810 0.6000000238
16954  14.437  -59.629  -14.393 0.5000000000
16953  15.804  -59.145  -14.235 0.4000000060
22924  30.701  -54.361  -18.224 0.6000000238
139117  31.779  -53.236  -17.807 0.6999999881
133049  34.442  -51.525  -22.002 0.5000000000
26639  34.999  -51.665  -22.771 0.5000000000
26637  37.522  -51.586  -22.837 0.5000000000
143382  36.682  -51.703  -23.152 0.5000000000
148807  18.509  -53.698  -19.660 0.6000000238
136353  16.933  -50.718  -18.722 0.6000000238
26538  16.659  -51.241  -18.206 0.6000000238
26541  14.034  -51.671  -19.006 0.6000000238
24060  13.906  -53.227  -18.432 0.5000000000
21686  16.469  -55.606  -16.804 0.6000000238
21703  15.644  -55.365  -17.371 0.6000000238
18071  15.545  -58.335  -15.507 0.6000000238
18072  14.608  -58.594  -15.550 0.6000000238
16006  28.334  -60.375  -24.486 0.4000000060
13656  29.217  -62.036  -26.075 0.5000000000
14877  29.420  -61.384  -26.442 0.5000000000
14864  29.126  -61.347  -25.577 0.4000000060
16019  28.899  -60.513  -25.205 0.4000000060
17143  29.322  -59.784  -26.530 0.4000000060
17130  28.539  -59.689  -25.196 0.4000000060
14902  29.777  -61.649  -28.492 0.5000000000
13676  29.417  -62.288  -26.901 0.5000000000
149555  29.592  -59.952  -27.366 0.5000000000
17162  29.235  -59.254  -27.545 0.5000000000
17144  28.776  -59.030  -26.803 0.4000000060
16060  29.942  -60.704  -28.646 0.5000000000
131292  29.658  -59.668  -28.244 0.5000000000
17176  29.162  -58.612  -28.356 0.5000000000
137332  28.655  -58.602  -27.818 0.4000000060
142673  28.374  -57.730  -28.465 0.4000000060
16078  30.229  -60.564  -29.005 0.5000000000
17175  29.995  -59.700  -28.728 0.5000000000
18299  30.634  -58.868  -28.838 0.5000000000
18300  30.014  -58.804  -28.775 0.5000000000
18287  29.301  -58.014  -28.670 0.5000000000
19465  27.910  -56.816  -28.481 0.4000000060
134075  30.121  -56.383  -22.157 0.5000000000
20616  30.434  -56.695  -23.713 0.4000000060
19385  30.572  -56.914  -24.581 0.4000000060
20638  29.007  -56.514  -25.852 0.4000000060
18286  29.999  -58.099  -28.708 0.5000000000
20656  29.873  -56.868  -26.514 0.4000000060
20657  28.924  -56.361  -27.195 0.4000000060
20670  28.766  -56.288  -28.134 0.4000000060
19461  31.315  -57.939  -28.443 0.4000000060
19462  30.238  -57.601  -28.462 0.5000000000
20682  29.004  -56.786  -28.467 0.4000000060
19464  28.645  -57.151  -28.555 0.4000000060
20562  30.897  -56.449  -22.337 0.4000000060
148257  31.256  -57.199  -24.814 0.4000000060
19404  30.671  -57.135  -25.503 0.4000000060
19460  32.288  -58.103  -28.460 0.4000000060
130106  30.296  -57.112  -27.529 0.4000000060
20669  29.526  -56.768  -28.208 0.4000000060
146688  31.810  -57.753  -28.182 0.4000000060
137998  30.076  -57.158  -28.223 0.4000000060
20681  29.589  -57.095  -28.381 0.4000000060
20541  30.533  -56.237  -21.613 0.5000000000
20540  31.465  -56.260  -21.732 0.4000000060
20561  31.947  -56.587  -22.592 0.4000000060
20590  31.905  -56.856  -23.405 0.4000000060
19384  31.910  -57.325  -24.681 0.4000000060
19403  31.531  -57.423  -25.586 0.4000000060
142750  31.445  -57.503  -26.319 0.4000000060
19425  30.854  -57.333  -26.388 0.4000000060
19444  32.590  -57.752  -28.023 0.4000000060
19445  31.911  -57.668  -27.524 0.4000000060
139490  31.248  -57.545  -27.009 0.4000000060
20519  31.055  -55.934  -21.022 0.5000000000
21775  32.006  -55.872  -21.098 0.6000000238
20539  32.468  -56.231  -21.822 0.5000000000
19365  32.260  -57.111  -23.967 0.4000000060
19383  32.643  -57.311  -24.585 0.4000000060
19401  33.683  -57.442  -25.329 0.4000000060
132207  33.923  -57.585  -26.053 0.4000000060
20538  33.413  -56.112  -21.881 0.4000000060
21751  33.535  -55.350  -20.450 0.5000000000
20559  33.793  -56.381  -22.702 0.4000000060
19363  33.869  -56.915  -24.030 0.4000000060
20537  34.299  -55.994  -21.949 0.5000000000
20558  34.751  -56.244  -22.752 0.4000000060
20587  34.322  -56.559  -23.438 0.4000000060
20615  34.755  -56.748  -24.175 0.4000000060
21750  34.430  -55.297  -20.462 0.6000000238
20536  35.200  -55.907  -22.010 0.5000000000
20557  35.695  -56.180  -22.890 0.4000000060
25258  33.596  -52.542  -18.334 0.5000000000
144876  18.554  -52.428  -16.868 0.5000000000
24003  17.742  -53.345  -15.744 0.5000000000
138285  18.562  -52.878  -16.203 0.5000000000
22876  17.871  -53.811  -15.316 0.5000000000
25226  17.344  -52.523  -16.570 0.5000000000
16045  29.675  -60.702  -27.954 0.5000000000
16018  29.314  -60.549  -25.993 0.5000000000
20591  31.161  -56.673  -23.158 0.4000000060
19366  31.385  -56.991  -24.025 0.4000000060
20560  32.945  -56.456  -22.541 0.4000000060
20589  32.696  -56.758  -23.276 0.4000000060
19402  32.367  -57.519  -25.359 0.4000000060
127372  33.073  -57.695  -25.992 0.4000000060
21774  33.000  -55.762  -21.155 0.5000000000
19381  34.251  -57.128  -24.756 0.4000000060
21773  33.905  -55.684  -21.184 0.5000000000
21772  34.786  -55.638  -21.190 0.6000000238
130107  35.226  -56.453  -23.566 0.5000000000
21749  35.301  -55.241  -20.461 0.5000000000
27865  40.716  -50.892  -22.356 0.3000000119
26601  40.195  -51.266  -21.798 0.3000000119
26635  39.305  -51.349  -22.083 0.3000000119
27894  40.336  -50.714  -23.338 0.3000000119
29148  40.640  -49.938  -23.758 0.3000000119
29146  41.771  -48.960  -23.184 0.3000000119
29147  41.146  -49.210  -23.932 0.3000000119
145662  40.269  -51.444  -20.946 0.3000000119
26544  39.045  -52.079  -19.903 0.4000000060
148903  39.075  -51.642  -20.523 0.4000000060
134331  41.059  -51.249  -21.336 0.3000000119
128353  37.851  -51.570  -20.836 0.4000000060
26603  38.610  -51.462  -21.225 0.4000000060
26605  36.305  -51.553  -21.162 0.4000000060
26575  35.156  -51.672  -20.330 0.4000000060
27864  41.641  -50.587  -22.036 0.3000000119
135022  39.029  -51.399  -23.134 0.3000000119
133052  37.708  -51.496  -21.697 0.4000000060
27904  40.265  -50.675  -24.554 0.3000000119
148132  39.522  -51.289  -23.512 0.3000000119
22945  38.100  -54.041  -19.721 0.4000000060
22946  37.287  -54.047  -19.618 0.4000000060
22947  36.354  -53.954  -19.469 0.4000000060
24073  35.657  -53.460  -19.214 0.4000000060
25302  39.933  -52.219  -19.965 0.4000000060
25276  38.521  -52.766  -19.575 0.4000000060
25277  37.614  -52.802  -19.525 0.4000000060
128247  36.372  -53.152  -19.329 0.4000000060
25279  35.687  -52.715  -19.228 0.4000000060
26570  40.722  -51.816  -20.455 0.3000000119
26545  38.048  -52.265  -19.776 0.4000000060
129853  36.635  -52.080  -19.858 0.4000000060
26522  34.191  -52.230  -18.684 0.4000000060
26569  41.711  -51.648  -20.775 0.3000000119
128352  36.703  -51.727  -20.468 0.4000000060
26548  35.195  -52.023  -19.536 0.4000000060
26600  41.895  -51.162  -21.318 0.3000000119
133051  36.720  -51.542  -22.113 0.4000000060
26661  37.818  -51.725  -23.671 0.4000000060
21747  37.101  -55.133  -20.550 0.4000000060
21748  36.188  -55.187  -20.464 0.4000000060
21746  38.006  -55.083  -20.672 0.4000000060
22965  37.603  -54.587  -20.039 0.4000000060
22966  36.718  -54.633  -19.918 0.4000000060
22967  35.769  -54.673  -19.822 0.4000000060
22962  40.799  -53.936  -20.413 0.3000000119
24090  39.844  -53.746  -19.971 0.4000000060
26568  42.520  -52.164  -20.772 0.3000000119
148900  42.378  -51.487  -21.054 0.3000000119
24046  35.148  -53.085  -18.885 0.4000000060
27863  42.555  -50.930  -21.569 0.3000000119
21771  35.677  -55.585  -21.216 0.4000000060
21770  36.596  -55.538  -21.291 0.4000000060
26674  37.805  -51.946  -24.520 0.3000000119
26672  39.345  -51.756  -25.440 0.3000000119
26660  38.472  -51.682  -23.932 0.3000000119
24047  33.946  -53.381  -18.632 0.4000000060
22949  34.836  -54.325  -19.425 0.4000000060
22968  34.962  -54.818  -19.909 0.4000000060
21787  36.118  -55.851  -22.093 0.4000000060
26602  39.544  -51.424  -21.122 0.3000000119
141378  39.192  -53.224  -19.624 0.4000000060
26636  38.408  -51.447  -22.332 0.4000000060
26573  37.437  -51.859  -20.149 0.4000000060
26547  35.926  -52.161  -19.698 0.4000000060
137404  38.251  -51.538  -23.144 0.4000000060
22944  38.907  -53.944  -19.817 0.4000000060
24072  37.073  -53.378  -19.458 0.4000000060
148086  40.546  -53.247  -19.997 0.3000000119
146844  36.948  -52.826  -19.468 0.4000000060
25300  41.523  -52.359  -20.414 0.3000000119
22963  39.362  -54.477  -20.359 0.4000000060
144381  40.111  -54.418  -20.494 0.3000000119
24088  42.165  -53.093  -20.597 0.3000000119
150372  27.715  -65.924  -24.558 0.3000000119
10321  27.260  -65.109  -23.059 0.3000000119
10339  27.908  -66.047  -25.167 0.3000000119
10331  27.492  -65.880  -23.900 0.3000000119
11377  28.208  -65.165  -25.278 0.3000000119
11370  27.674  -64.471  -23.633 0.3000000119
10364  28.399  -66.570  -27.131 0.3000000119
10352  27.891  -67.121  -25.878 0.3000000119
9397  27.615  -66.793  -24.898 0.3000000119
11396  28.567  -65.503  -27.307 0.3000000119
11385  28.358  -65.337  -26.309 0.3000000119
134361  28.177  -64.126  -24.443 0.3000000119
14848  28.600  -61.424  -24.708 0.3000000119
9413  29.328  -67.593  -27.366 0.3000000119
8457  28.531  -67.875  -26.730 0.3000000119
10374  28.829  -66.569  -27.915 0.3000000119
9414  28.758  -67.456  -27.347 0.3000000119
127259  27.888  -67.746  -25.710 0.3000000119
12505  28.645  -63.600  -25.920 0.3000000119
13677  29.010  -62.898  -26.255 0.3000000119
13657  28.872  -62.203  -25.440 0.3000000119
10382  29.210  -66.318  -28.342 0.3000000119
141124  28.589  -64.494  -26.517 0.3000000119
149546  28.770  -64.660  -27.330 0.3000000119
12530  29.061  -64.215  -27.783 0.3000000119
12518  29.276  -63.266  -27.324 0.3000000119
13692  29.557  -62.644  -28.052 0.3000000119
16076  31.679  -60.444  -29.372 0.4000000060
14918  29.991  -61.621  -28.950 0.4000000060
138068  28.486  -69.039  -22.036 0.3000000119
6502  28.728  -69.532  -20.344 0.3000000119
138269  27.623  -67.716  -24.965 0.3000000119
9391  27.301  -67.091  -24.115 0.3000000119
8432  29.450  -68.062  -24.722 0.3000000119
7492  29.161  -68.385  -24.864 0.3000000119
7480  28.956  -68.711  -23.356 0.3000000119
135115  28.406  -68.908  -22.806 0.3000000119
6521  28.000  -69.230  -21.183 0.3000000119
10350  29.592  -67.073  -26.047 0.3000000119
7504  28.841  -68.483  -25.694 0.3000000119
7493  28.575  -68.593  -24.437 0.3000000119
7482  26.825  -68.626  -22.906 0.3000000119
7465  27.463  -68.979  -22.353 0.3000000119
7515  28.658  -68.242  -26.286 0.3000000119
8444  27.917  -68.146  -25.455 0.3000000119
7494  27.719  -68.481  -24.311 0.3000000119
7495  27.109  -68.325  -23.657 0.3000000119
8433  27.456  -68.084  -24.488 0.3000000119
9392  26.763  -67.549  -23.395 0.3000000119
129843  28.419  -64.302  -25.545 0.3000000119
12490  28.471  -63.376  -25.011 0.3000000119
9403  29.167  -68.003  -26.469 0.3000000119
12519  28.894  -63.842  -26.823 0.3000000119
7463  29.832  -68.620  -21.514 0.3000000119
148219  26.227  -67.475  -22.594 0.3000000119
9396  29.480  -67.860  -25.355 0.3000000119
128758  29.304  -68.337  -23.821 0.3000000119
7506  27.999  -68.409  -25.093 0.3000000119
7481  27.822  -68.751  -23.496 0.3000000119
7483  26.230  -68.408  -22.369 0.3000000119
132757  29.856  -62.589  -28.854 0.3000000119
18278  38.238  -58.764  -28.413 0.3000000119
18279  37.628  -58.816  -28.657 0.3000000119
18280  36.957  -58.903  -28.916 0.3000000119
18281  35.326  -58.385  -29.096 0.4000000060
18296  33.625  -58.893  -29.257 0.4000000060
18283  32.961  -58.500  -28.817 0.3000000119
18284  31.895  -58.441  -28.695 0.3000000119
19439  38.108  -57.738  -28.179 0.3000000119
141664  36.594  -57.661  -28.383 0.4000000060
19458  34.840  -57.938  -28.593 0.4000000060
19442  35.235  -57.558  -27.866 0.4000000060
19459  33.247  -58.079  -28.469 0.3000000119
19399  35.420  -57.222  -25.994 0.4000000060
19421  34.682  -57.533  -26.693 0.4000000060
19422  33.704  -57.724  -26.838 0.3000000119
19400  34.532  -57.335  -25.599 0.3000000119
17127  38.251  -59.490  -26.107 0.3000000119
17140  38.344  -59.418  -27.029 0.3000000119
17174  37.286  -59.136  -28.643 0.4000000060
18294  35.743  -58.931  -29.364 0.4000000060
18295  34.733  -58.856  -29.380 0.3000000119
137594  32.064  -59.583  -29.261 0.3000000119
17139  39.026  -59.081  -27.359 0.3000000119
17158  39.188  -58.908  -27.412 0.3000000119
19438  38.828  -58.041  -27.922 0.3000000119
19417  38.357  -57.293  -27.523 0.3000000119
19418  37.533  -57.242  -27.620 0.3000000119
19441  36.018  -57.476  -28.040 0.4000000060
20653  38.570  -56.936  -26.659 0.3000000119
20635  37.752  -56.696  -25.573 0.3000000119
20654  37.675  -56.925  -26.703 0.3000000119
20655  36.998  -57.029  -26.908 0.4000000060
19420  35.708  -57.359  -27.125 0.4000000060
139930  36.076  -56.820  -25.361 0.4000000060
19380  35.204  -56.924  -24.970 0.4000000060
20556  36.617  -56.120  -22.988 0.3000000119
20586  36.161  -56.407  -23.759 0.4000000060
151215  35.758  -56.717  -24.773 0.4000000060
21786  37.075  -55.808  -22.236 0.3000000119
14826  35.612  -61.134  -23.827 0.3000000119
16003  35.322  -60.360  -24.500 0.3000000119
128794  34.958  -60.616  -25.417 0.3000000119
14860  34.697  -60.903  -26.258 0.3000000119
135865  37.477  -59.335  -25.184 0.3000000119
138495  36.204  -59.481  -25.170 0.3000000119
17129  36.022  -59.661  -26.149 0.3000000119
16017  34.832  -60.622  -26.889 0.3000000119
17108  40.222  -59.515  -24.758 0.3000000119
17109  39.448  -59.524  -25.166 0.3000000119
17128  37.154  -59.503  -26.147 0.3000000119
17142  36.090  -59.901  -27.305 0.3000000119
16043  36.081  -59.993  -28.252 0.3000000119
16072  35.209  -60.016  -29.200 0.3000000119
16073  34.443  -60.098  -29.369 0.3000000119
16075  32.527  -60.202  -29.419 0.3000000119
14916  31.230  -61.485  -29.428 0.3000000119
129129  30.569  -62.251  -29.354 0.3000000119
17125  39.899  -59.365  -25.696 0.3000000119
20612  37.418  -56.489  -24.509 0.3000000119
146614  36.729  -56.472  -24.301 0.3000000119
20584  38.003  -56.346  -23.862 0.3000000119
20585  37.078  -56.316  -23.748 0.3000000119
21785  37.984  -55.791  -22.308 0.3000000119
21769  37.552  -55.508  -21.431 0.3000000119
15974  35.810  -60.669  -22.998 0.3000000119
15992  35.545  -60.129  -23.614 0.3000000119
17112  35.734  -59.640  -24.236 0.3000000119
127242  35.485  -59.844  -25.253 0.3000000119
17090  37.468  -59.089  -24.093 0.3000000119
136335  30.097  -62.454  -29.125 0.3000000119
134830  36.346  -61.243  -22.348 0.3000000119
15973  36.118  -60.109  -22.200 0.3000000119
17074  36.261  -59.414  -22.753 0.3000000119
17091  36.349  -59.284  -23.617 0.3000000119
17111  36.511  -59.304  -24.416 0.3000000119
17089  38.849  -59.317  -24.229 0.3000000119
15958  36.477  -59.792  -21.282 0.3000000119
18198  36.723  -58.895  -22.318 0.3000000119
18211  36.934  -58.836  -23.060 0.3000000119
14917  30.383  -61.504  -29.236 0.3000000119
17189  31.082  -59.714  -29.158 0.3000000119
18298  31.513  -58.928  -28.943 0.3000000119
18282  34.152  -58.382  -28.935 0.3000000119
137435  33.453  -57.750  -27.819 0.4000000060
20614  35.553  -56.624  -24.288 0.4000000060
21768  38.448  -55.464  -21.516 0.3000000119
17172  38.485  -59.025  -28.183 0.3000000119
19456  36.968  -58.245  -28.705 0.3000000119
17160  38.330  -59.213  -27.961 0.3000000119
19457  35.925  -57.900  -28.705 0.4000000060
150088  34.005  -57.954  -28.406 0.4000000060
17126  39.205  -59.366  -26.337 0.3000000119
17141  37.202  -59.619  -27.264 0.3000000119
16042  36.626  -59.472  -28.710 0.3000000119
17161  37.233  -59.481  -28.259 0.3000000119
17186  35.161  -59.480  -29.369 0.4000000060
17187  34.131  -59.510  -29.445 0.3000000119
148770  39.612  -59.071  -26.753 0.3000000119
18254  39.556  -58.658  -27.188 0.3000000119
129576  39.065  -57.465  -27.372 0.3000000119
20636  36.916  -56.836  -25.974 0.4000000060
20555  37.532  -56.087  -23.060 0.3000000119
16016  35.210  -60.201  -26.286 0.3000000119
16029  35.331  -60.308  -27.303 0.3000000119
16059  34.827  -60.520  -28.711 0.3000000119
20554  38.423  -56.079  -23.060 0.3000000119
148157  20.224  -54.470  -18.729 0.4000000060
7505  28.546  -68.530  -25.397 0.3000000119
7516  28.452  -68.415  -25.939 0.3000000119
7517  28.225  -68.327  -25.732 0.3000000119
8421  29.493  -68.064  -23.798 0.3000000119
8422  26.462  -68.112  -22.875 0.3000000119
8443  29.174  -68.263  -25.576 0.3000000119
8452  28.253  -68.115  -26.110 0.3000000119
8456  28.793  -67.879  -26.987 0.3000000119
8461  29.032  -67.588  -27.484 0.3000000119
9404  28.275  -67.396  -26.698 0.3000000119
9405  28.151  -67.802  -26.301 0.3000000119
10351  28.118  -66.277  -26.120 0.3000000119
11378  27.866  -65.189  -24.354 0.3000000119
12529  29.343  -64.517  -28.497 0.3000000119
14888  29.606  -61.539  -27.462 0.5000000000
16030  29.589  -60.603  -26.896 0.5000000000
16044  34.984  -60.534  -27.882 0.3000000119
16058  35.736  -60.020  -28.789 0.3000000119
16074  33.406  -60.341  -29.404 0.3000000119
16077  30.826  -60.630  -29.303 0.4000000060
16943  16.219  -59.091  -13.680 0.4000000060
16944  15.581  -59.526  -13.466 0.4000000060
17058  36.474  -59.313  -21.872 0.3000000119
17092  35.809  -59.714  -23.398 0.3000000119
17110  38.408  -59.375  -24.851 0.3000000119
17113  28.023  -59.727  -24.548 0.5000000000
17159  38.819  -58.978  -27.850 0.3000000119
17173  37.985  -59.085  -28.381 0.3000000119
17184  36.759  -59.174  -28.912 0.4000000060
17185  36.075  -59.453  -29.119 0.3000000119
17188  33.058  -59.545  -29.398 0.3000000119
17190  30.416  -59.620  -28.921 0.5000000000
17990  16.756  -58.246  -10.775 0.4000000060
17991  16.105  -58.660  -10.610 0.3000000119
18003  17.043  -58.260  -11.508 0.4000000060
18016  17.170  -58.263  -12.250 0.4000000060
18033  17.189  -58.263  -13.036 0.4000000060
18046  17.088  -58.116  -13.860 0.4000000060
18049  15.093  -59.041  -14.848 0.6000000238
18088  14.987  -58.127  -16.020 0.5000000000
18089  14.199  -58.124  -16.089 0.5000000000
18143  24.485  -58.471  -19.263 0.5000000000
18240  28.205  -58.959  -25.968 0.5000000000
18267  39.102  -58.648  -27.684 0.3000000119
18268  38.671  -58.697  -28.130 0.3000000119
18285  30.891  -58.266  -28.657 0.5000000000
18297  32.528  -58.929  -29.095 0.3000000119
19157  17.309  -57.340  -10.454 0.4000000060
19247  15.606  -57.748  -16.162 0.6000000238
19250  12.505  -57.646  -16.320 0.5000000000
19283  25.679  -57.623  -18.336 0.5000000000
19298  26.321  -57.369  -18.816 0.6000000238
19364  33.044  -57.047  -23.954 0.4000000060
19382  33.390  -57.243  -24.593 0.4000000060
19398  36.282  -57.079  -26.472 0.4000000060
19416  39.561  -58.014  -27.378 0.3000000119
19419  36.637  -57.286  -27.620 0.3000000119
19423  32.800  -57.785  -27.064 0.3000000119
19424  32.058  -57.650  -26.390 0.4000000060
19440  37.317  -57.637  -28.308 0.3000000119
19443  34.319  -57.683  -27.734 0.4000000060
19446  30.999  -57.464  -28.034 0.4000000060
19454  38.386  -58.322  -28.312 0.3000000119
19455  37.841  -58.255  -28.515 0.3000000119
19463  29.382  -57.408  -28.547 0.4000000060
20433  17.900  -56.349  -14.433 0.5000000000
20472  27.142  -56.283  -17.685 0.6999999881
20474  25.341  -56.625  -17.187 0.5000000000
20497  26.832  -56.862  -18.380 0.6999999881
20588  33.500  -56.693  -23.404 0.4000000060
20613  36.183  -56.595  -24.562 0.4000000060
20637  29.937  -56.822  -25.336 0.4000000060
20671  27.877  -55.913  -28.110 0.4000000060
20683  28.293  -56.479  -28.389 0.4000000060
21653  18.475  -55.042  -13.243 0.4000000060
21677  17.649  -54.892  -15.585 0.6000000238
21684  25.632  -55.469  -16.845 0.5000000000
21687  15.898  -56.210  -17.056 0.6000000238
21696  28.296  -55.325  -17.472 0.6000000238
21699  25.080  -55.360  -17.004 0.5000000000
21745  38.921  -55.049  -20.847 0.3000000119
22750  17.867  -53.986  -7.727 0.4000000060
22770  18.807  -54.792  -8.665 0.4000000060
22819  14.091  -54.767  -13.426 0.3000000119
22875  18.466  -53.735  -15.009 0.6000000238
22887  28.831  -53.805  -16.851 0.6999999881
22892  17.455  -54.034  -16.001 0.6000000238
22901  29.353  -54.257  -17.272 0.6999999881
22902  28.592  -54.590  -17.069 0.6999999881
22904  26.402  -54.201  -16.871 0.6000000238
22905  25.106  -54.623  -17.404 0.5000000000
22907  23.390  -55.265  -17.876 0.5000000000
22923  31.420  -54.364  -18.636 0.6000000238
22931  20.729  -54.945  -18.475 0.5000000000
22948  35.483  -54.094  -19.383 0.4000000060
22950  34.186  -54.076  -19.114 0.6000000238
22964  38.469  -54.528  -20.189 0.4000000060
23919  16.647  -53.740  -8.002 0.4000000060
23937  14.768  -53.536  -9.729 0.3000000119
23971  13.305  -53.806  -13.953 0.3000000119
23999  20.864  -54.020  -15.692 0.4000000060
24001  18.925  -53.414  -15.536 0.6000000238
24017  29.126  -53.149  -16.890 0.6999999881
24018  28.261  -53.427  -16.819 0.6999999881
24020  27.035  -54.039  -16.714 0.6000000238
24026  17.818  -52.805  -16.014 0.5000000000
24027  17.335  -53.264  -16.269 0.6000000238
24035  27.421  -53.442  -16.946 0.6999999881
24038  15.922  -53.432  -17.508 0.6000000238
24054  23.241  -54.058  -18.910 0.5000000000
24058  15.376  -52.980  -17.951 0.6000000238
24069  39.970  -52.847  -19.749 0.4000000060
24070  38.507  -53.486  -19.599 0.4000000060
24071  37.845  -53.450  -19.534 0.4000000060
24076  24.255  -53.310  -19.258 0.6999999881
24089  41.254  -53.155  -20.244 0.3000000119
25158  15.844  -52.661  -9.237 0.4000000060
25180  13.905  -53.185  -13.166 0.3000000119
25222  21.129  -53.022  -16.890 0.5000000000
25223  20.248  -52.901  -16.947 0.6000000238
25225  17.941  -52.343  -16.536 0.5000000000
25246  19.010  -52.201  -17.490 0.6000000238
25249  16.841  -52.133  -17.102 0.6000000238
25257  34.477  -52.916  -18.658 0.4000000060
25259  32.908  -52.533  -17.946 0.6999999881
25275  39.356  -52.540  -19.725 0.4000000060
25278  36.454  -52.578  -19.528 0.4000000060
25280  34.901  -52.541  -18.934 0.4000000060
25285  23.215  -52.750  -20.026 0.6999999881
25301  40.677  -52.547  -20.067 0.3000000119
25309  19.462  -52.574  -20.113 0.5000000000
25348  33.233  -52.989  -26.922 0.4000000060
25350  31.582  -52.521  -26.478 0.6000000238
25351  31.015  -52.339  -26.490 0.6000000238
25359  34.252  -52.898  -27.624 0.4000000060
25362  31.279  -52.180  -26.907 0.6000000238
25368  36.545  -52.470  -28.366 0.4000000060
26432  16.604  -51.319  -9.987 0.4000000060
26446  16.352  -50.982  -10.552 0.4000000060
26503  32.274  -51.810  -17.888 0.6999999881
26505  30.655  -51.924  -17.603 0.6999999881
26506  29.847  -52.069  -17.541 0.8000000119
26523  33.459  -51.842  -18.477 0.6999999881
26533  21.401  -51.538  -18.421 0.4000000060
26535  19.034  -51.288  -18.759 0.5000000000
26537  17.307  -51.227  -18.195 0.6000000238
26539  15.836  -51.319  -18.469 0.6000000238
26546  37.201  -52.413  -19.678 0.4000000060
26561  13.679  -51.126  -19.457 0.5000000000
26571  39.778  -51.731  -20.396 0.3000000119
26572  38.358  -51.756  -20.308 0.4000000060
26574  35.987  -51.763  -20.347 0.4000000060
26576  33.797  -51.434  -20.473 0.5000000000
26577  32.096  -51.309  -20.272 0.6999999881
26580  29.013  -51.467  -20.196 0.6999999881
26587  21.816  -51.889  -20.807 0.4000000060
26599  43.077  -51.592  -21.258 0.3000000119
26604  37.123  -51.545  -21.019 0.4000000060
26613  25.729  -51.343  -21.694 0.6000000238
26615  23.124  -51.375  -21.727 0.6999999881
26666  31.849  -52.065  -23.789 0.6000000238
26667  30.981  -52.117  -24.072 0.6999999881
26673  38.600  -51.895  -24.941 0.3000000119
26675  36.421  -52.212  -24.627 0.4000000060
26683  28.402  -51.411  -24.873 0.6000000238
26689  30.301  -51.717  -26.148 0.6000000238
26697  33.058  -52.204  -27.571 0.4000000060
26699  31.361  -52.004  -27.064 0.6000000238
27734  17.140  -50.066  -9.852 0.3000000119
27736  15.974  -50.551  -11.076 0.4000000060
27749  15.650  -50.096  -11.651 0.3000000119
27759  15.239  -49.972  -12.222 0.3000000119
27760  14.576  -50.207  -12.625 0.3000000119
27780  11.749  -50.786  -14.376 0.3000000119
27822  22.619  -50.814  -18.994 0.6000000238
27829  15.821  -50.592  -19.079 0.6000000238
27835  24.450  -50.179  -19.402 0.5000000000
27836  23.723  -50.238  -19.466 0.5000000000
27838  20.494  -50.498  -19.623 0.5000000000
27841  14.147  -50.425  -19.884 0.6000000238
27852  15.878  -49.061  -20.775 0.6000000238
27883  20.838  -49.773  -24.018 0.6999999881
27895  27.010  -50.526  -24.954 0.6000000238
27916  24.439  -49.070  -25.185 0.6999999881
27928  28.879  -50.979  -25.691 0.6000000238
27936  31.405  -51.636  -26.848 0.5000000000
29031  12.981  -49.813  -13.883 0.3000000119
29040  12.336  -49.755  -14.396 0.4000000060
29093  23.304  -49.900  -20.005 0.6999999881
29162  20.986  -48.100  -25.328 0.6999999881
29168  40.771  -49.732  -24.769 0.3000000119
29183  24.102  -48.731  -24.996 0.6999999881
29184  22.971  -48.572  -25.078 0.6999999881
29185  22.093  -48.546  -25.112 0.6999999881
30223  17.656  -48.447  -9.024 0.3000000119
30236  16.632  -48.693  -10.209 0.3000000119
30246  16.196  -48.670  -10.956 0.3000000119
30289  13.557  -48.460  -14.625 0.4000000060
30306  14.051  -47.833  -15.270 0.4000000060
30348  28.848  -48.953  -20.162 0.6000000238
30373  19.944  -47.419  -23.498 0.6000000238
30376  17.140  -47.438  -22.895 0.5000000000
30400  21.630  -47.683  -24.736 0.6999999881
30410  29.407  -48.954  -23.510 0.6000000238
30418  21.500  -48.053  -25.167 0.6999999881
30420  18.983  -47.672  -24.997 0.6000000238
30426  26.040  -48.611  -25.272 0.8000000119
30427  24.978  -48.375  -25.103 0.8000000119
31506  15.753  -47.682  -11.951 0.3000000119
31519  15.596  -47.484  -12.788 0.3000000119
31534  15.223  -47.161  -14.459 0.3000000119
31574  14.504  -47.222  -15.921 0.3000000119
31595  12.848  -47.530  -17.268 0.3000000119
32917  15.364  -46.339  -14.839 0.3000000119
32945  14.734  -46.520  -16.474 0.3000000119
32972  14.281  -45.551  -18.212 0.3000000119
32988  13.738  -45.386  -18.755 0.3000000119
34208  16.275  -44.982  -12.910 0.3000000119
34275  14.991  -45.042  -16.945 0.3000000119
35346  16.595  -44.628  -12.243 0.3000000119
35358  16.552  -44.048  -12.674 0.3000000119
35368  15.865  -44.738  -13.975 0.3000000119
35425  14.180  -44.304  -18.428 0.3000000119
36515  16.390  -43.492  -13.230 0.3000000119
36527  15.912  -43.276  -14.126 0.3000000119
125296  15.907  -48.347  -21.662 0.4000000060
125366  14.493  -53.109  -11.151 0.3000000119
126151  29.365  -51.625  -18.678 0.6999999881
126267  19.771  -50.385  -19.775 0.5000000000
126628  33.546  -51.488  -19.631 0.6000000238
126818  33.276  -53.080  -18.244 0.6999999881
127420  22.972  -50.348  -19.501 0.5000000000
127600  16.449  -51.972  -9.526 0.4000000060
128407  36.830  -56.624  -25.015 0.4000000060
128664  28.212  -51.536  -20.305 0.6000000238
130921  29.499  -56.614  -27.661 0.4000000060
131699  15.881  -49.911  -19.880 0.6000000238
132214  15.440  -47.238  -13.615 0.3000000119
132579  29.439  -51.813  -18.011 0.6000000238
132941  38.663  -59.491  -25.566 0.3000000119
133047  32.728  -51.492  -22.043 0.6000000238
133424  26.505  -49.111  -25.312 0.6000000238
133568  26.896  -49.888  -25.134 0.6000000238
133980  15.154  -59.501  -14.152 0.4000000060
135454  30.261  -56.501  -22.863 0.4000000060
135762  13.963  -55.558  -17.716 0.6000000238
135923  29.417  -50.027  -25.055 0.6000000238
138009  13.286  -52.662  -18.666 0.5000000000
138249  15.572  -44.971  -14.764 0.3000000119
138280  24.995  -48.077  -24.689 0.8000000119
138518  17.581  -50.802  -18.879 0.6000000238
138535  17.492  -57.358  -14.256 0.4000000060
138821  26.648  -57.208  -20.649 0.6000000238
139184  17.271  -57.759  -10.977 0.4000000060
140472  36.271  -58.559  -29.083 0.3000000119
140536  27.073  -48.455  -24.307 0.8000000119
140689  16.769  -58.652  -11.954 0.4000000060
140878  26.150  -48.163  -24.021 0.8000000119
141889  34.804  -51.512  -21.186 0.5000000000
142567  35.585  -51.845  -19.948 0.4000000060
143031  28.822  -59.482  -25.988 0.4000000060
143128  35.753  -59.942  -22.983 0.3000000119
143348  21.068  -52.595  -20.016 0.5000000000
144101  27.265  -56.767  -18.934 0.5000000000
144495  17.841  -56.920  -13.741 0.4000000060
144641  14.674  -53.130  -10.375 0.3000000119
144795  25.482  -48.534  -25.283 0.8000000119
145769  16.143  -57.850  -15.747 0.6000000238
145932  33.483  -54.345  -19.252 0.6000000238
146070  16.923  -48.960  -9.800 0.3000000119
146139  41.215  -49.606  -23.259 0.3000000119
146315  28.131  -48.653  -23.361 0.6000000238
146541  14.376  -46.213  -17.557 0.3000000119
147808  33.247  -56.572  -22.993 0.4000000060
147848  15.799  -46.989  -12.249 0.3000000119
148063  13.394  -46.483  -18.364 0.3000000119
148192  28.731  -67.736  -27.116 0.3000000119
148285  29.808  -51.513  -18.824 0.6000000238
148460  27.652  -58.861  -25.642 0.5000000000
148497  22.590  -53.876  -19.109 0.6000000238
148839  29.066  -59.954  -25.713 0.4000000060
149204  32.623  -52.136  -17.812 0.6000000238
149486  35.279  -54.484  -19.622 0.4000000060
149692  23.408  -52.310  -20.448 0.6999999881
149725  26.608  -51.162  -23.395 0.6000000238
149797  32.099  -51.325  -19.393 0.6999999881
149931  15.208  -47.567  -13.949 0.3000000119
149982  27.592  -65.095  -23.714 0.3000000119
150056  29.689  -58.910  -28.611 0.5000000000
150281  36.459  -59.049  -29.160 0.4000000060
150471  21.583  -50.216  -19.889 0.6000000238
150769  30.600  -60.123  -29.114 0.5000000000
150853  33.008  -57.484  -25.144 0.4000000060
150889  25.131  -57.753  -17.926 0.6000000238
150953  23.544  -48.290  -24.830 0.6999999881
151118  12.260  -50.855  -20.027 0.5000000000
