#!ascii label  , from subject sub-v1s3x0050782_ses-1 vox2ras=TkReg
1073
59494  20.047  -4.662  44.058 0.0000000000
57048  34.598  -6.731  46.309 0.0000000000
74895  39.983  9.205  23.999 0.0000000000
66094  31.052  1.320  31.625 0.0000000000
61759  36.881  -2.178  37.865 0.0000000000
74973  51.801  9.337  15.765 0.0000000000
71926  39.979  6.766  28.202 0.0000000000
69624  35.045  5.107  27.018 0.0000000000
55734  16.823  -7.773  44.875 0.0000000000
57062  26.906  -6.040  44.832 0.0000000000
57121  28.692  -7.028  41.136 0.0000000000
59563  21.976  -4.639  39.563 0.0000000000
75954  45.667  10.358  19.903 0.0000000000
125286  25.838  -3.835  48.379 0.0000000000
57013  19.725  -5.859  48.585 0.0000000000
125920  44.876  11.576  24.397 0.0000000000
121800  14.990  -5.962  49.143 0.0000000000
54428  10.806  -7.707  49.744 0.0000000000
71854  33.245  6.431  32.470 0.0000000000
130403  33.803  0.129  34.334 0.0000000000
119966  32.041  -4.070  34.816 0.0000000000
60640  30.640  -3.112  38.383 0.0000000000
71872  40.023  7.026  30.794 0.0000000000
70845  37.446  5.577  27.601 0.0000000000
71906  36.796  6.261  29.711 0.0000000000
141099  42.472  8.444  31.098 0.0000000000
58324  18.596  -5.731  42.130 0.0000000000
54513  17.173  -8.164  43.104 0.0000000000
135570  18.113  -6.112  44.203 0.0000000000
59489  24.321  -4.285  44.222 0.0000000000
58335  24.523  -4.847  41.929 0.0000000000
144653  20.999  -4.321  41.568 0.0000000000
57142  19.462  -5.663  40.060 0.0000000000
74915  40.345  9.407  21.711 0.0000000000
74879  42.518  9.556  26.696 0.0000000000
132530  42.233  10.249  24.398 0.0000000000
75916  42.381  10.317  21.963 0.0000000000
56958  19.932  -6.074  51.173 0.0000000000
57016  17.657  -6.558  48.558 0.0000000000
56962  16.768  -5.872  51.456 0.0000000000
56919  11.175  -5.770  53.873 0.0000000000
56947  12.007  -5.887  51.895 0.0000000000
55619  10.211  -7.237  52.141 0.0000000000
53220  8.256  -9.056  53.130 0.0000000000
126638  7.998  -8.208  55.066 0.0000000000
67083  35.214  2.202  37.032 0.0000000000
64001  35.947  -0.963  35.997 0.0000000000
61826  34.478  -2.599  34.173 0.0000000000
60657  33.809  -2.928  35.937 0.0000000000
131255  26.139  -6.222  38.557 0.0000000000
144189  29.850  -4.940  40.146 0.0000000000
58392  27.175  -5.565  37.502 0.0000000000
59594  27.927  -4.138  36.424 0.0000000000
68394  31.590  3.992  31.509 0.0000000000
68416  30.711  3.967  29.125 0.0000000000
66130  29.543  1.161  29.172 0.0000000000
125628  54.855  9.593  13.817 0.0000000000
143595  52.484  9.036  14.011 0.0000000000
73943  39.882  8.249  26.150 0.0000000000
71945  37.149  6.695  25.584 0.0000000000
73927  42.398  8.498  28.794 0.0000000000
54479  29.767  -8.375  45.069 0.0000000000
55743  30.993  -7.573  44.038 0.0000000000
57105  26.965  -6.809  42.520 0.0000000000
58349  24.950  -5.503  40.426 0.0000000000
58394  22.899  -5.755  37.652 0.0000000000
76928  48.441  11.972  21.997 0.0000000000
75928  49.057  10.983  20.157 0.0000000000
74940  49.338  9.785  18.095 0.0000000000
74005  49.771  8.746  15.698 0.0000000000
121289  22.679  -3.989  46.209 0.0000000000
58268  20.075  -5.128  46.314 0.0000000000
59426  22.626  -4.014  48.292 0.0000000000
58267  26.197  -4.599  46.463 0.0000000000
76929  45.338  11.407  22.440 0.0000000000
123311  17.988  -6.593  46.783 0.0000000000
55705  15.728  -7.341  46.405 0.0000000000
55687  13.335  -7.488  47.258 0.0000000000
58209  14.482  -5.348  51.481 0.0000000000
57001  12.531  -6.527  49.533 0.0000000000
125133  5.059  -9.170  58.303 0.0000000000
127503  36.109  7.606  32.543 0.0000000000
68363  32.877  3.260  33.705 0.0000000000
132286  34.049  3.118  35.383 0.0000000000
65096  32.610  0.708  33.300 0.0000000000
62961  33.014  -1.983  32.834 0.0000000000
59625  32.536  -4.611  32.799 0.0000000000
59641  29.394  -4.522  31.965 0.0000000000
58319  32.394  -5.302  42.757 0.0000000000
60604  33.266  -3.473  40.877 0.0000000000
60638  33.452  -2.588  38.462 0.0000000000
120764  31.045  -2.903  36.283 0.0000000000
60695  28.408  -3.283  34.372 0.0000000000
126646  33.681  5.652  29.083 0.0000000000
69637  31.715  4.259  26.512 0.0000000000
72921  38.892  7.408  31.714 0.0000000000
133089  37.990  6.621  30.273 0.0000000000
139044  38.129  7.385  31.773 0.0000000000
123124  41.016  7.705  31.871 0.0000000000
58309  19.164  -5.102  42.700 0.0000000000
58310  18.563  -5.622  43.053 0.0000000000
138634  19.165  -5.101  43.805 0.0000000000
121554  21.781  -4.150  43.940 0.0000000000
59508  22.441  -4.059  43.078 0.0000000000
59525  20.595  -4.389  42.680 0.0000000000
58323  19.195  -5.246  41.774 0.0000000000
74904  39.814  9.282  23.124 0.0000000000
74886  40.884  9.293  25.145 0.0000000000
74892  42.069  9.908  25.084 0.0000000000
74894  40.683  9.450  24.308 0.0000000000
74906  41.144  9.934  22.967 0.0000000000
56920  10.362  -6.301  54.295 0.0000000000
56934  10.541  -6.466  53.403 0.0000000000
55604  9.838  -6.903  53.827 0.0000000000
125041  9.261  -8.207  52.191 0.0000000000
54397  8.733  -7.958  53.878 0.0000000000
53210  7.902  -8.899  53.956 0.0000000000
63986  36.755  -0.399  37.210 0.0000000000
62921  36.557  -1.731  36.760 0.0000000000
61793  35.492  -2.260  36.017 0.0000000000
124228  35.788  -2.398  37.275 0.0000000000
57059  34.382  -6.406  45.586 0.0000000000
57192  25.344  -6.258  37.413 0.0000000000
57191  26.839  -5.960  37.960 0.0000000000
57209  25.775  -6.136  36.906 0.0000000000
58408  25.721  -5.881  36.025 0.0000000000
67179  31.049  2.273  31.393 0.0000000000
67192  30.865  3.061  30.829 0.0000000000
74964  51.891  9.507  16.573 0.0000000000
74963  52.747  9.622  16.600 0.0000000000
137616  52.899  9.557  16.007 0.0000000000
74980  52.949  9.404  14.882 0.0000000000
74009  51.827  9.223  15.093 0.0000000000
72961  39.876  7.300  27.406 0.0000000000
72971  38.712  7.346  26.324 0.0000000000
71935  38.322  6.597  26.790 0.0000000000
69623  35.872  5.265  27.144 0.0000000000
70853  36.278  5.423  26.503 0.0000000000
69634  34.719  4.848  26.265 0.0000000000
72945  41.474  7.353  29.529 0.0000000000
72953  41.265  7.422  28.708 0.0000000000
141871  41.065  8.314  27.244 0.0000000000
54497  16.986  -7.969  44.055 0.0000000000
124151  15.153  -8.483  45.022 0.0000000000
55718  27.812  -7.391  44.716 0.0000000000
54496  28.821  -8.408  44.142 0.0000000000
57075  26.851  -6.386  43.939 0.0000000000
59552  22.863  -4.426  40.731 0.0000000000
58334  25.156  -5.396  41.419 0.0000000000
119863  24.117  -4.996  40.308 0.0000000000
58360  24.270  -5.574  39.004 0.0000000000
58378  22.385  -5.305  38.237 0.0000000000
58363  20.995  -5.227  38.793 0.0000000000
61860  31.995  -2.887  31.350 0.0000000000
76959  47.288  11.242  21.008 0.0000000000
143889  48.409  11.578  21.326 0.0000000000
136054  47.609  10.992  20.476 0.0000000000
74956  47.688  9.239  17.526 0.0000000000
74955  48.422  9.225  17.240 0.0000000000
74966  49.152  9.245  16.974 0.0000000000
123137  23.764  -3.694  46.947 0.0000000000
59442  22.640  -4.016  47.465 0.0000000000
59425  23.723  -3.653  48.506 0.0000000000
59440  26.289  -4.255  47.659 0.0000000000
142751  24.933  -3.901  46.034 0.0000000000
77910  46.775  12.088  23.276 0.0000000000
121887  45.182  11.549  23.072 0.0000000000
75935  42.713  10.109  21.082 0.0000000000
58254  20.498  -5.163  47.560 0.0000000000
58269  19.403  -5.599  46.507 0.0000000000
57032  19.253  -5.886  47.318 0.0000000000
123784  15.971  -6.229  49.067 0.0000000000
57035  16.697  -6.707  47.619 0.0000000000
57037  14.941  -6.641  47.640 0.0000000000
136163  14.636  -7.051  47.090 0.0000000000
57038  14.016  -6.899  47.609 0.0000000000
138191  14.287  -5.060  52.848 0.0000000000
55628  11.013  -6.994  50.977 0.0000000000
56981  12.343  -6.292  50.291 0.0000000000
55654  11.477  -7.363  49.427 0.0000000000
55672  11.777  -7.600  48.566 0.0000000000
69558  32.782  4.906  33.855 0.0000000000
66040  34.883  0.906  35.786 0.0000000000
67084  34.774  2.319  36.303 0.0000000000
66055  34.073  1.604  34.905 0.0000000000
139400  33.576  1.788  34.338 0.0000000000
65095  33.239  0.473  33.830 0.0000000000
62962  32.433  -0.942  32.989 0.0000000000
62950  33.155  -1.124  33.452 0.0000000000
60691  33.849  -4.044  33.996 0.0000000000
60712  33.414  -4.269  33.342 0.0000000000
59614  32.391  -4.507  33.927 0.0000000000
59640  30.549  -4.741  32.231 0.0000000000
60713  30.546  -4.241  33.259 0.0000000000
57104  29.812  -7.243  42.104 0.0000000000
57101  31.940  -6.042  43.230 0.0000000000
57118  30.978  -6.030  42.130 0.0000000000
59561  30.454  -3.911  39.539 0.0000000000
59550  31.350  -4.129  40.589 0.0000000000
60627  31.666  -3.164  39.383 0.0000000000
60625  33.556  -2.902  39.984 0.0000000000
60639  32.280  -2.756  38.857 0.0000000000
60647  33.099  -2.604  37.735 0.0000000000
60649  31.278  -2.738  37.758 0.0000000000
59616  26.569  -4.481  34.407 0.0000000000
59603  28.073  -3.555  35.325 0.0000000000
72925  34.722  7.178  32.075 0.0000000000
71894  34.723  6.528  30.745 0.0000000000
70811  33.382  6.132  30.718 0.0000000000
68434  30.256  3.298  27.585 0.0000000000
132494  31.282  4.468  27.876 0.0000000000
74026  54.980  9.399  12.822 0.0000000000
71903  39.639  6.462  29.424 0.0000000000
70834  38.497  5.990  28.362 0.0000000000
70820  38.166  6.024  28.970 0.0000000000
70821  37.270  5.929  28.951 0.0000000000
70837  35.688  5.579  28.475 0.0000000000
73892  42.281  8.476  32.296 0.0000000000
72918  41.295  7.547  31.145 0.0000000000
57109  17.732  -7.087  42.241 0.0000000000
55748  17.387  -7.391  43.597 0.0000000000
55733  17.363  -7.201  44.532 0.0000000000
58294  25.698  -4.844  44.896 0.0000000000
129258  25.457  -5.237  43.173 0.0000000000
59506  24.177  -4.428  43.371 0.0000000000
144807  22.648  -4.197  41.854 0.0000000000
59541  21.319  -4.359  40.897 0.0000000000
59565  20.766  -4.979  39.501 0.0000000000
59556  19.947  -5.029  40.603 0.0000000000
58338  18.678  -5.876  41.238 0.0000000000
126562  44.933  9.657  19.032 0.0000000000
60484  25.063  -3.575  49.980 0.0000000000
75872  43.649  10.369  26.696 0.0000000000
75876  43.988  10.962  25.577 0.0000000000
76898  43.879  11.256  24.112 0.0000000000
76916  43.848  11.192  23.148 0.0000000000
75904  42.009  10.362  22.833 0.0000000000
74914  41.556  10.015  22.132 0.0000000000
56974  19.926  -6.048  50.219 0.0000000000
123789  18.839  -6.390  48.949 0.0000000000
123790  18.785  -6.493  50.182 0.0000000000
120603  17.042  -6.292  50.121 0.0000000000
119959  16.088  -6.011  49.924 0.0000000000
58198  12.417  -5.451  52.548 0.0000000000
58184  11.852  -5.488  53.169 0.0000000000
56965  10.823  -6.820  51.737 0.0000000000
55629  10.400  -7.401  51.356 0.0000000000
54411  9.391  -8.449  51.481 0.0000000000
65047  35.684  0.672  36.707 0.0000000000
64010  35.062  -0.455  35.361 0.0000000000
62940  34.396  -1.251  34.378 0.0000000000
62939  34.741  -2.012  34.540 0.0000000000
60672  34.074  -3.283  35.041 0.0000000000
60673  33.402  -3.570  35.233 0.0000000000
57138  27.177  -6.586  40.001 0.0000000000
57136  29.153  -6.367  40.727 0.0000000000
57173  27.716  -5.876  38.897 0.0000000000
58375  28.175  -5.259  38.467 0.0000000000
59572  29.243  -3.870  38.206 0.0000000000
59581  29.491  -3.324  37.471 0.0000000000
59583  27.477  -4.980  37.050 0.0000000000
58419  26.300  -5.329  35.765 0.0000000000
70775  32.472  5.351  32.476 0.0000000000
70812  32.567  5.627  30.540 0.0000000000
69597  31.468  4.433  30.643 0.0000000000
67200  29.892  2.665  29.027 0.0000000000
126576  54.680  9.676  14.838 0.0000000000
139860  53.982  9.435  14.013 0.0000000000
73947  39.659  8.551  25.363 0.0000000000
73956  38.715  8.526  24.195 0.0000000000
72994  38.160  8.057  24.686 0.0000000000
70852  37.158  5.636  26.852 0.0000000000
70866  36.068  5.636  25.647 0.0000000000
74836  43.324  9.429  31.412 0.0000000000
74854  43.360  9.519  29.668 0.0000000000
74862  43.373  9.599  28.810 0.0000000000
74870  42.709  9.339  27.562 0.0000000000
73941  41.391  8.760  26.797 0.0000000000
55714  31.941  -7.570  45.490 0.0000000000
55727  32.678  -6.994  45.275 0.0000000000
55730  30.501  -8.072  44.366 0.0000000000
55745  29.544  -8.271  43.364 0.0000000000
142056  27.883  -7.486  41.995 0.0000000000
57091  26.002  -5.788  42.671 0.0000000000
57122  26.504  -6.387  41.339 0.0000000000
55787  27.217  -6.765  40.952 0.0000000000
57140  25.743  -6.030  39.936 0.0000000000
138270  24.236  -5.832  38.329 0.0000000000
57194  23.337  -6.233  37.013 0.0000000000
75927  49.918  10.948  20.082 0.0000000000
75970  47.998  10.143  18.891 0.0000000000
75969  48.921  10.179  18.782 0.0000000000
75949  50.328  10.499  19.352 0.0000000000
74939  50.142  9.783  18.024 0.0000000000
124237  50.707  9.370  16.653 0.0000000000
74010  50.527  9.098  15.850 0.0000000000
120878  51.123  9.061  15.260 0.0000000000
59492  21.604  -4.268  44.932 0.0000000000
59476  20.846  -4.566  45.301 0.0000000000
59458  21.777  -4.311  46.229 0.0000000000
59444  21.256  -4.619  47.055 0.0000000000
139054  21.080  -5.028  48.757 0.0000000000
59410  23.533  -3.775  49.562 0.0000000000
58230  21.123  -5.281  50.175 0.0000000000
58221  20.535  -5.705  50.714 0.0000000000
55681  33.585  -7.320  47.033 0.0000000000
54466  31.233  -8.015  45.974 0.0000000000
55701  29.815  -8.076  45.762 0.0000000000
142915  27.636  -6.267  45.920 0.0000000000
57031  27.843  -5.780  47.029 0.0000000000
58280  26.976  -5.650  45.662 0.0000000000
59471  25.260  -4.249  45.616 0.0000000000
59473  23.250  -3.894  45.420 0.0000000000
77892  48.415  12.550  23.652 0.0000000000
128624  46.766  11.819  22.546 0.0000000000
76961  45.735  10.981  21.063 0.0000000000
75902  43.923  10.965  22.281 0.0000000000
75933  44.458  10.442  20.618 0.0000000000
75955  44.874  10.104  19.770 0.0000000000
58283  19.549  -5.302  45.644 0.0000000000
57063  18.250  -6.317  45.865 0.0000000000
55703  17.381  -6.951  46.002 0.0000000000
57034  17.671  -6.612  47.693 0.0000000000
57052  17.130  -6.889  46.903 0.0000000000
127600  16.059  -7.611  45.855 0.0000000000
55721  15.211  -7.872  45.748 0.0000000000
54469  13.749  -8.190  46.077 0.0000000000
56979  15.937  -5.637  51.212 0.0000000000
58232  14.390  -5.673  49.706 0.0000000000
56980  12.941  -6.075  49.914 0.0000000000
56999  14.063  -5.993  49.105 0.0000000000
55670  13.174  -7.064  47.979 0.0000000000
53190  6.232  -9.200  56.393 0.0000000000
72904  37.755  7.661  32.472 0.0000000000
71834  33.153  6.340  33.350 0.0000000000
70761  32.716  5.528  33.273 0.0000000000
68364  32.399  3.831  32.990 0.0000000000
67156  32.106  2.315  32.641 0.0000000000
68341  33.457  3.076  34.454 0.0000000000
67129  32.703  2.334  33.392 0.0000000000
66080  31.506  1.064  32.205 0.0000000000
64049  31.232  -0.826  31.952 0.0000000000
62963  32.063  -1.614  32.376 0.0000000000
61859  32.685  -3.333  31.880 0.0000000000
61842  33.697  -2.790  33.037 0.0000000000
61843  33.266  -3.106  32.462 0.0000000000
59638  32.555  -4.424  31.779 0.0000000000
59654  31.214  -5.190  31.351 0.0000000000
59655  30.027  -5.123  31.446 0.0000000000
122585  37.400  -2.527  39.081 0.0000000000
57086  32.895  -6.007  44.193 0.0000000000
58305  33.422  -5.331  43.688 0.0000000000
59518  34.406  -4.171  42.635 0.0000000000
58346  30.956  -4.839  41.001 0.0000000000
59536  32.524  -4.141  41.415 0.0000000000
60603  34.078  -3.587  41.413 0.0000000000
135960  34.794  -2.908  40.418 0.0000000000
60623  35.274  -2.717  39.721 0.0000000000
61761  35.628  -2.491  38.113 0.0000000000
60646  34.225  -2.575  37.556 0.0000000000
60658  33.060  -3.009  36.068 0.0000000000
60675  31.615  -3.381  35.493 0.0000000000
60662  29.403  -3.125  36.692 0.0000000000
121013  29.932  -2.949  35.970 0.0000000000
60693  30.611  -3.802  34.229 0.0000000000
60736  28.684  -4.012  32.403 0.0000000000
71876  36.035  6.951  31.215 0.0000000000
120264  35.346  5.865  29.235 0.0000000000
70838  34.654  5.573  28.584 0.0000000000
69613  31.950  5.143  29.053 0.0000000000
139170  32.754  5.269  28.103 0.0000000000
120199  33.177  4.813  26.712 0.0000000000
74022  51.323  8.335  13.787 0.0000000000
72902  39.343  7.672  32.329 0.0000000000
72903  38.539  7.670  32.404 0.0000000000
141537  40.376  8.071  32.997 0.0000000000
59510  19.885  -4.631  43.180 0.0000000000
59509  20.772  -4.374  43.547 0.0000000000
73969  39.073  8.929  22.717 0.0000000000
73965  39.263  8.923  23.653 0.0000000000
73954  40.172  9.036  24.843 0.0000000000
74903  40.517  9.556  23.476 0.0000000000
56921  9.653  -6.733  54.685 0.0000000000
55612  9.378  -7.548  53.410 0.0000000000
55605  9.188  -7.363  54.260 0.0000000000
55606  8.577  -7.786  54.672 0.0000000000
62910  37.373  -1.632  37.934 0.0000000000
62920  37.003  -1.241  37.177 0.0000000000
62911  36.891  -1.853  37.357 0.0000000000
61773  35.971  -2.174  36.633 0.0000000000
61760  36.469  -2.190  37.248 0.0000000000
57193  24.414  -6.324  37.029 0.0000000000
128905  25.061  -6.348  36.772 0.0000000000
57210  25.075  -6.278  36.157 0.0000000000
66095  30.526  1.503  30.960 0.0000000000
132065  52.364  9.474  16.090 0.0000000000
74972  52.475  9.403  15.415 0.0000000000
71934  39.067  6.967  27.094 0.0000000000
139321  39.384  6.692  27.758 0.0000000000
69633  35.475  5.151  26.418 0.0000000000
69654  34.285  4.479  25.446 0.0000000000
69635  33.883  4.652  26.205 0.0000000000
71901  40.981  6.984  29.236 0.0000000000
71917  40.570  6.884  28.739 0.0000000000
124211  40.598  7.313  28.043 0.0000000000
54514  16.628  -8.788  43.587 0.0000000000
54498  16.378  -8.450  44.398 0.0000000000
54499  15.615  -8.812  44.469 0.0000000000
54481  16.038  -8.134  45.196 0.0000000000
57074  27.314  -6.730  44.552 0.0000000000
140805  22.600  -4.580  39.980 0.0000000000
59562  23.305  -4.726  40.099 0.0000000000
58362  22.747  -4.893  39.183 0.0000000000
59574  21.793  -4.984  38.794 0.0000000000
59564  21.359  -4.847  39.294 0.0000000000
60751  32.284  -3.690  31.092 0.0000000000
75931  46.090  10.716  20.426 0.0000000000
75930  46.920  10.830  20.404 0.0000000000
74006  48.454  8.720  16.447 0.0000000000
129360  24.390  -3.621  47.495 0.0000000000
59424  24.858  -3.596  48.386 0.0000000000
59441  25.428  -3.781  47.627 0.0000000000
125891  25.172  -3.771  46.978 0.0000000000
76897  45.383  11.734  24.982 0.0000000000
133067  45.729  11.872  24.409 0.0000000000
76913  46.199  11.993  23.798 0.0000000000
76914  45.425  11.712  23.697 0.0000000000
123675  20.417  -5.436  48.494 0.0000000000
58255  19.812  -5.661  47.881 0.0000000000
57018  15.406  -6.356  48.334 0.0000000000
57019  14.504  -6.352  48.355 0.0000000000
55640  10.581  -7.557  50.562 0.0000000000
55639  11.212  -7.152  50.212 0.0000000000
66041  34.473  1.052  35.297 0.0000000000
65089  34.190  0.643  34.816 0.0000000000
66056  33.655  1.030  34.331 0.0000000000
64028  33.446  -0.427  33.890 0.0000000000
140628  33.112  -4.178  34.514 0.0000000000
59626  31.506  -4.522  33.607 0.0000000000
60692  31.517  -4.208  34.352 0.0000000000
57103  30.574  -6.848  42.509 0.0000000000
57120  29.501  -6.798  41.364 0.0000000000
60628  30.876  -3.372  39.128 0.0000000000
59560  31.122  -3.712  39.854 0.0000000000
60626  32.335  -3.003  39.561 0.0000000000
121247  31.497  -2.872  38.595 0.0000000000
71853  33.879  6.904  32.212 0.0000000000
71878  34.332  6.755  31.464 0.0000000000
71879  33.459  6.418  31.563 0.0000000000
71888  40.274  6.710  30.040 0.0000000000
71889  39.427  6.699  30.247 0.0000000000
71905  37.683  6.310  29.660 0.0000000000
143121  36.266  5.567  28.373 0.0000000000
70822  36.311  5.830  28.971 0.0000000000
73876  42.790  8.970  32.735 0.0000000000
72919  40.543  7.398  31.367 0.0000000000
72936  40.797  7.111  30.568 0.0000000000
129693  18.482  -5.672  43.796 0.0000000000
57092  18.091  -6.174  43.435 0.0000000000
57077  17.708  -6.702  43.899 0.0000000000
138722  17.794  -6.582  44.578 0.0000000000
58308  24.915  -4.733  43.657 0.0000000000
59523  22.094  -4.130  42.209 0.0000000000
59522  23.084  -4.185  42.314 0.0000000000
59540  22.254  -4.246  41.335 0.0000000000
136787  21.575  -4.237  41.663 0.0000000000
59555  20.637  -4.736  40.302 0.0000000000
128382  20.506  -4.571  41.111 0.0000000000
58337  19.282  -5.422  40.908 0.0000000000
74878  43.197  9.843  27.114 0.0000000000
75873  42.979  10.087  26.243 0.0000000000
75878  42.789  10.340  25.233 0.0000000000
75877  43.554  10.888  25.000 0.0000000000
75884  43.011  10.751  24.301 0.0000000000
75895  43.229  10.972  23.554 0.0000000000
75896  42.491  10.592  23.571 0.0000000000
74907  40.404  9.548  22.630 0.0000000000
122604  40.918  9.722  22.204 0.0000000000
56994  19.266  -6.315  49.667 0.0000000000
56975  19.333  -6.335  50.542 0.0000000000
120768  18.028  -6.473  50.307 0.0000000000
56977  17.353  -6.230  50.901 0.0000000000
56978  16.490  -5.966  50.694 0.0000000000
120066  12.021  -5.096  53.960 0.0000000000
55611  10.043  -7.090  52.976 0.0000000000
56949  10.666  -6.644  52.544 0.0000000000
54410  9.775  -7.799  51.769 0.0000000000
54418  9.949  -7.985  50.974 0.0000000000
54405  8.892  -8.262  52.998 0.0000000000
54406  8.742  -8.891  52.125 0.0000000000
54399  7.635  -8.737  54.680 0.0000000000
54394  7.391  -8.609  55.445 0.0000000000
65060  36.157  -0.075  36.695 0.0000000000
65061  35.632  0.088  36.250 0.0000000000
65073  35.182  0.181  35.792 0.0000000000
123619  35.569  -0.465  35.845 0.0000000000
64017  34.945  -1.248  34.957 0.0000000000
64009  35.526  -1.171  35.542 0.0000000000
61775  34.717  -2.675  35.747 0.0000000000
57156  26.471  -6.312  39.370 0.0000000000
57154  27.929  -6.332  39.750 0.0000000000
57155  27.192  -6.303  39.173 0.0000000000
58376  27.458  -5.652  38.157 0.0000000000
58374  29.038  -4.648  38.897 0.0000000000
58391  27.797  -5.085  37.736 0.0000000000
59582  28.173  -4.405  37.303 0.0000000000
68381  32.075  4.483  32.194 0.0000000000
69579  31.841  4.680  31.345 0.0000000000
128537  31.194  3.691  30.944 0.0000000000
125753  30.170  2.497  29.824 0.0000000000
74014  53.049  9.253  14.128 0.0000000000
129985  53.465  8.975  13.232 0.0000000000
74021  52.612  8.779  13.518 0.0000000000
73948  38.912  8.333  25.058 0.0000000000
72978  39.162  8.006  25.853 0.0000000000
71944  37.958  7.011  25.978 0.0000000000
72980  37.621  7.425  25.112 0.0000000000
71946  36.388  6.304  25.157 0.0000000000
70844  38.084  5.780  27.814 0.0000000000
70851  37.896  5.926  27.200 0.0000000000
70854  35.689  5.252  25.931 0.0000000000
70867  35.474  5.284  25.216 0.0000000000
70887  35.760  5.866  24.740 0.0000000000
73891  42.778  8.829  31.767 0.0000000000
73899  42.872  8.884  30.868 0.0000000000
73909  42.919  8.872  30.039 0.0000000000
73917  42.901  8.969  29.226 0.0000000000
73926  42.840  9.132  28.401 0.0000000000
73933  42.286  8.725  27.977 0.0000000000
72969  40.091  7.890  26.792 0.0000000000
73942  40.627  8.438  26.569 0.0000000000
73946  40.393  8.767  25.667 0.0000000000
54477  30.995  -8.080  45.446 0.0000000000
55715  31.291  -7.848  45.201 0.0000000000
54494  30.141  -8.344  44.646 0.0000000000
55747  27.809  -7.805  43.197 0.0000000000
55746  28.680  -8.329  43.307 0.0000000000
55760  28.280  -7.819  42.358 0.0000000000
55761  27.513  -7.337  42.383 0.0000000000
58307  26.164  -5.710  43.538 0.0000000000
58321  25.290  -5.318  42.310 0.0000000000
57107  25.881  -5.867  41.810 0.0000000000
57123  25.797  -5.934  40.895 0.0000000000
57139  26.514  -6.386  40.402 0.0000000000
58377  23.432  -5.452  38.481 0.0000000000
132896  23.847  -5.976  37.716 0.0000000000
58350  20.128  -5.276  39.806 0.0000000000
58364  19.714  -5.905  39.316 0.0000000000
77919  48.901  12.379  22.753 0.0000000000
136079  48.716  11.337  20.798 0.0000000000
76945  49.057  11.698  21.376 0.0000000000
76957  49.496  11.357  20.757 0.0000000000
76956  50.356  11.332  20.728 0.0000000000
74943  46.615  9.604  18.385 0.0000000000
74926  47.076  10.087  18.967 0.0000000000
74941  48.411  9.664  18.048 0.0000000000
75968  49.804  10.163  18.709 0.0000000000
75967  50.646  10.083  18.569 0.0000000000
126324  49.401  8.946  16.326 0.0000000000
74965  49.931  9.304  16.862 0.0000000000
142704  50.079  9.137  16.281 0.0000000000
59474  22.209  -4.115  45.526 0.0000000000
59475  21.458  -4.385  45.621 0.0000000000
123468  21.912  -4.323  47.717 0.0000000000
58253  21.136  -4.841  48.020 0.0000000000
59427  21.715  -4.542  48.556 0.0000000000
59409  24.452  -3.582  49.277 0.0000000000
59394  23.299  -4.073  50.500 0.0000000000
59396  21.916  -4.743  50.030 0.0000000000
54464  32.677  -7.584  46.733 0.0000000000
55702  29.192  -7.601  46.135 0.0000000000
58266  26.703  -4.818  46.949 0.0000000000
58265  27.347  -5.575  46.490 0.0000000000
126264  26.687  -5.076  46.264 0.0000000000
58281  26.138  -4.827  45.769 0.0000000000
59457  23.587  -3.782  46.281 0.0000000000
59472  24.354  -3.881  45.682 0.0000000000
59491  22.518  -4.032  44.712 0.0000000000
73957  37.959  8.240  23.839 0.0000000000
119977  45.973  11.724  23.000 0.0000000000
121971  46.100  11.498  22.161 0.0000000000
129002  46.141  11.278  21.536 0.0000000000
76948  45.489  11.204  21.719 0.0000000000
75903  42.995  10.788  22.717 0.0000000000
75915  43.287  10.551  21.720 0.0000000000
123492  43.067  9.774  20.254 0.0000000000
75934  43.594  10.289  20.847 0.0000000000
74918  43.930  9.982  20.005 0.0000000000
136692  20.273  -4.886  45.672 0.0000000000
57051  18.731  -6.097  46.675 0.0000000000
58270  18.930  -5.780  46.009 0.0000000000
57064  17.682  -6.741  45.221 0.0000000000
140716  18.226  -6.543  48.959 0.0000000000
57015  18.376  -6.447  48.317 0.0000000000
55684  16.230  -6.969  46.983 0.0000000000
55704  16.568  -7.222  46.296 0.0000000000
55686  14.033  -7.501  46.730 0.0000000000
55706  14.425  -7.877  46.083 0.0000000000
55707  13.361  -7.940  46.651 0.0000000000
138625  14.739  -5.230  52.272 0.0000000000
58222  15.135  -5.508  50.912 0.0000000000
58223  14.202  -5.450  50.527 0.0000000000
58211  12.919  -5.476  51.736 0.0000000000
58233  13.649  -5.741  49.834 0.0000000000
57000  13.257  -6.238  49.256 0.0000000000
57020  13.646  -6.512  48.477 0.0000000000
57021  12.844  -6.745  48.741 0.0000000000
54391  7.025  -8.520  56.414 0.0000000000
54385  6.949  -8.188  57.482 0.0000000000
54387  5.782  -8.745  58.004 0.0000000000
53177  5.609  -9.225  57.339 0.0000000000
139496  35.538  7.928  33.457 0.0000000000
71824  33.365  6.459  34.257 0.0000000000
70749  32.983  5.726  34.033 0.0000000000
135458  32.710  4.170  33.606 0.0000000000
133719  32.453  3.007  32.991 0.0000000000
67094  34.432  3.003  35.950 0.0000000000
68340  33.834  2.903  34.970 0.0000000000
66067  33.082  1.484  33.756 0.0000000000
67128  33.266  2.391  34.048 0.0000000000
66068  32.415  1.539  33.070 0.0000000000
65104  32.025  0.847  32.724 0.0000000000
128610  31.504  0.172  32.309 0.0000000000
64039  32.175  0.004  32.901 0.0000000000
144664  32.231  -2.481  31.910 0.0000000000
61844  32.678  -2.511  32.288 0.0000000000
62948  34.320  -1.966  33.919 0.0000000000
62949  33.732  -1.937  33.401 0.0000000000
61827  34.200  -2.736  33.602 0.0000000000
60733  33.630  -3.601  32.833 0.0000000000
60734  33.155  -3.959  32.326 0.0000000000
134963  32.076  -4.905  31.276 0.0000000000
59639  31.907  -4.875  32.031 0.0000000000
135967  29.215  -5.036  31.496 0.0000000000
55742  31.637  -7.155  44.353 0.0000000000
57072  33.213  -6.356  44.792 0.0000000000
57087  32.155  -6.409  43.943 0.0000000000
58306  32.647  -5.661  43.487 0.0000000000
58318  33.137  -4.978  42.995 0.0000000000
59505  33.925  -4.709  43.183 0.0000000000
58348  29.539  -5.611  40.395 0.0000000000
58347  30.233  -5.229  40.693 0.0000000000
60605  32.490  -3.628  40.705 0.0000000000
59549  31.977  -3.942  40.865 0.0000000000
59535  33.399  -4.021  41.754 0.0000000000
131574  34.798  -3.238  41.125 0.0000000000
60615  34.127  -3.106  40.622 0.0000000000
122040  33.844  -2.643  39.183 0.0000000000
60624  34.347  -2.772  39.848 0.0000000000
124004  34.528  -2.620  39.183 0.0000000000
60636  35.039  -2.573  38.759 0.0000000000
60637  34.204  -2.565  38.427 0.0000000000
121598  34.785  -2.536  38.054 0.0000000000
139240  33.691  -2.582  37.817 0.0000000000
60660  31.832  -2.780  36.891 0.0000000000
60648  32.728  -2.716  36.939 0.0000000000
60659  32.436  -2.961  36.234 0.0000000000
120463  31.923  -3.070  36.044 0.0000000000
60663  28.723  -3.621  36.958 0.0000000000
121595  28.843  -3.266  36.100 0.0000000000
60677  29.167  -3.048  35.108 0.0000000000
60676  30.234  -3.123  35.069 0.0000000000
60694  29.768  -3.230  34.500 0.0000000000
60714  29.716  -3.579  33.730 0.0000000000
60715  28.736  -3.471  33.359 0.0000000000
72905  36.938  7.628  32.525 0.0000000000
72922  37.334  7.349  31.799 0.0000000000
72923  36.501  7.313  31.858 0.0000000000
70810  34.168  6.190  30.278 0.0000000000
71908  35.031  6.208  30.017 0.0000000000
133327  34.403  5.880  29.507 0.0000000000
70839  33.624  5.436  28.296 0.0000000000
69596  31.884  5.140  30.046 0.0000000000
69619  31.272  4.553  28.658 0.0000000000
69627  31.742  4.617  27.299 0.0000000000
69618  31.926  4.973  28.118 0.0000000000
69626  32.539  4.981  27.406 0.0000000000
144305  32.329  4.668  26.796 0.0000000000
74989  55.926  9.707  12.626 0.0000000000
74988  56.701  10.026  12.344 0.0000000000
74017  50.783  8.458  14.418 0.0000000000
74023  50.590  7.721  13.662 0.0000000000
72920  39.711  7.387  31.579 0.0000000000
71890  38.592  6.824  30.571 0.0000000000
140161  38.509  7.168  31.210 0.0000000000
71874  37.801  7.028  31.013 0.0000000000
71891  37.251  6.632  30.391 0.0000000000
72901  40.273  7.720  32.265 0.0000000000
57108  18.129  -6.311  42.570 0.0000000000
58296  18.646  -5.623  44.471 0.0000000000
121934  22.875  -4.007  43.861 0.0000000000
137537  23.651  -4.150  43.813 0.0000000000
59524  21.473  -4.183  42.948 0.0000000000
121933  21.196  -4.245  42.180 0.0000000000
59542  20.466  -4.453  41.886 0.0000000000
59526  19.810  -4.691  42.272 0.0000000000
74908  39.707  9.219  22.235 0.0000000000
74885  41.599  9.509  25.475 0.0000000000
74884  42.301  9.759  25.821 0.0000000000
74893  41.462  9.754  24.554 0.0000000000
74902  41.094  9.781  23.798 0.0000000000
75897  41.709  10.142  23.683 0.0000000000
141490  19.561  -6.227  51.778 0.0000000000
56976  18.727  -6.437  50.861 0.0000000000
56960  18.754  -6.344  51.845 0.0000000000
55620  9.576  -7.672  52.566 0.0000000000
54402  8.390  -8.513  53.667 0.0000000000
54398  8.201  -8.365  54.328 0.0000000000
64000  36.468  -0.951  36.490 0.0000000000
62932  35.927  -1.648  36.079 0.0000000000
61774  35.218  -2.459  36.605 0.0000000000
60656  34.374  -2.639  36.695 0.0000000000
57176  25.543  -6.203  38.187 0.0000000000
57175  26.658  -6.196  38.552 0.0000000000
141422  26.145  -6.179  37.825 0.0000000000
58393  26.549  -5.879  37.300 0.0000000000
58406  26.944  -5.475  36.959 0.0000000000
131621  31.365  3.162  31.508 0.0000000000
67193  30.504  2.340  30.582 0.0000000000
74952  51.392  9.646  17.359 0.0000000000
74937  52.117  9.966  18.030 0.0000000000
74951  52.404  9.752  17.288 0.0000000000
74970  54.139  9.652  15.622 0.0000000000
74971  53.296  9.539  15.529 0.0000000000
74015  52.317  9.178  14.555 0.0000000000
72970  39.462  7.634  26.601 0.0000000000
120347  36.684  5.403  27.336 0.0000000000
69653  35.089  4.880  25.599 0.0000000000
72944  42.045  7.770  29.974 0.0000000000
73910  42.477  8.339  30.403 0.0000000000
72952  41.948  7.862  29.163 0.0000000000
73928  41.806  8.118  28.366 0.0000000000
72959  41.193  7.872  27.872 0.0000000000
72960  40.571  7.862  27.324 0.0000000000
55716  29.096  -8.061  45.339 0.0000000000
54495  29.458  -8.444  44.366 0.0000000000
55717  28.506  -8.055  44.746 0.0000000000
55732  27.470  -7.297  43.955 0.0000000000
57089  27.185  -7.022  43.179 0.0000000000
59538  23.765  -4.508  41.808 0.0000000000
58336  23.688  -4.647  41.018 0.0000000000
126216  24.409  -5.376  39.733 0.0000000000
58361  23.712  -5.140  39.453 0.0000000000
58395  22.088  -5.761  37.637 0.0000000000
58379  21.409  -5.612  38.104 0.0000000000
62988  31.074  -2.368  30.969 0.0000000000
76946  47.772  11.584  21.537 0.0000000000
76958  48.013  11.302  20.901 0.0000000000
75929  48.250  10.973  20.281 0.0000000000
74942  47.453  9.650  18.249 0.0000000000
142306  49.004  9.490  17.565 0.0000000000
120183  48.915  8.379  15.648 0.0000000000
122236  23.048  -3.887  46.887 0.0000000000
127654  23.357  -3.756  47.582 0.0000000000
59455  25.911  -4.170  46.986 0.0000000000
59456  25.476  -4.120  46.340 0.0000000000
136152  24.524  -3.732  46.532 0.0000000000
77894  46.914  12.290  24.017 0.0000000000
136698  20.501  -4.978  46.835 0.0000000000
120392  19.914  -5.412  47.073 0.0000000000
57033  18.545  -6.328  47.507 0.0000000000
57017  16.869  -6.445  48.820 0.0000000000
141548  17.033  -6.586  48.190 0.0000000000
133294  16.284  -6.480  48.271 0.0000000000
57036  15.809  -6.659  47.641 0.0000000000
55685  15.362  -6.970  47.030 0.0000000000
121383  13.883  -5.238  52.073 0.0000000000
56964  11.491  -6.457  51.405 0.0000000000
56963  12.221  -6.060  51.099 0.0000000000
56982  11.654  -6.615  50.638 0.0000000000
57002  11.854  -6.810  49.872 0.0000000000
55653  12.138  -7.043  49.087 0.0000000000
128580  33.259  5.837  34.697 0.0000000000
69546  33.171  5.065  34.607 0.0000000000
126821  33.184  4.051  34.347 0.0000000000
142516  35.156  1.429  36.417 0.0000000000
66030  34.592  1.751  35.679 0.0000000000
143347  34.505  2.389  35.808 0.0000000000
67110  34.189  2.454  35.328 0.0000000000
67111  33.742  2.372  34.672 0.0000000000
64029  32.810  -0.207  33.424 0.0000000000
60690  34.191  -3.409  34.230 0.0000000000
60711  33.981  -3.596  33.451 0.0000000000
59627  31.502  -4.724  32.808 0.0000000000
60735  29.566  -4.015  32.808 0.0000000000
55757  30.811  -7.255  43.296 0.0000000000
57088  31.478  -6.830  43.660 0.0000000000
57102  31.263  -6.448  42.899 0.0000000000
58320  31.676  -5.645  42.480 0.0000000000
58357  29.837  -4.461  39.568 0.0000000000
59551  30.533  -4.447  40.205 0.0000000000
60616  31.941  -3.489  40.179 0.0000000000
139281  32.765  -3.151  40.103 0.0000000000
122039  33.017  -2.727  39.229 0.0000000000
138992  32.843  -2.628  38.426 0.0000000000
120766  32.253  -2.654  37.880 0.0000000000
120765  30.961  -2.737  37.086 0.0000000000
129661  27.413  -4.275  35.701 0.0000000000
59604  27.229  -4.030  34.877 0.0000000000
60696  27.686  -3.611  34.427 0.0000000000
60716  27.783  -3.567  33.612 0.0000000000
60737  27.901  -3.794  32.722 0.0000000000
59628  27.119  -3.970  33.008 0.0000000000
72906  35.211  7.602  32.752 0.0000000000
72924  35.637  7.272  31.949 0.0000000000
139846  34.008  6.452  30.935 0.0000000000
70823  33.412  5.832  29.863 0.0000000000
68427  30.706  4.012  28.160 0.0000000000
74985  54.267  9.298  13.298 0.0000000000
130851  39.947  6.502  28.838 0.0000000000
71918  39.283  6.365  28.404 0.0000000000
142539  39.495  6.333  28.911 0.0000000000
70819  38.985  6.182  28.964 0.0000000000
70835  37.760  5.710  28.293 0.0000000000
71904  38.651  6.424  29.713 0.0000000000
70836  36.882  5.524  28.187 0.0000000000
121210  36.157  5.401  27.863 0.0000000000
70846  35.333  5.339  27.785 0.0000000000
73900  42.259  8.315  31.584 0.0000000000
72900  41.706  8.014  31.873 0.0000000000
72934  41.997  7.921  30.900 0.0000000000
72935  41.461  7.396  30.318 0.0000000000
71887  40.949  6.940  29.842 0.0000000000
55763  17.480  -7.464  42.833 0.0000000000
57093  17.696  -6.828  43.072 0.0000000000
58293  26.304  -5.566  44.396 0.0000000000
126981  25.614  -5.121  44.014 0.0000000000
58322  24.736  -4.816  42.833 0.0000000000
59507  23.382  -4.182  43.167 0.0000000000
59521  23.972  -4.467  42.568 0.0000000000
59539  23.079  -4.315  41.517 0.0000000000
59553  22.056  -4.394  40.393 0.0000000000
59543  19.827  -4.839  41.420 0.0000000000
74927  45.648  9.943  19.173 0.0000000000
75953  46.467  10.370  19.648 0.0000000000
59423  25.375  -3.639  49.147 0.0000000000
59408  25.800  -3.704  49.796 0.0000000000
75855  44.281  10.717  27.073 0.0000000000
75871  44.123  10.825  26.262 0.0000000000
127153  43.504  10.571  25.850 0.0000000000
76885  44.552  11.254  25.716 0.0000000000
76886  44.271  11.290  24.979 0.0000000000
76915  44.617  11.468  23.520 0.0000000000
123878  41.135  9.640  21.496 0.0000000000
56993  19.984  -5.884  49.314 0.0000000000
134988  19.383  -6.133  48.954 0.0000000000
56995  18.482  -6.514  49.574 0.0000000000
56996  17.592  -6.486  49.402 0.0000000000
56997  16.706  -6.308  49.460 0.0000000000
142277  15.534  -5.940  49.536 0.0000000000
58183  12.725  -5.076  53.338 0.0000000000
137796  11.750  -5.811  52.522 0.0000000000
56948  11.316  -6.300  52.156 0.0000000000
54419  9.554  -8.695  50.632 0.0000000000
66021  35.658  1.393  37.233 0.0000000000
143466  35.305  0.664  36.189 0.0000000000
65074  34.683  0.327  35.314 0.0000000000
64018  34.443  -0.355  34.771 0.0000000000
64019  33.962  -0.626  34.275 0.0000000000
61809  35.269  -2.037  35.295 0.0000000000
61810  34.596  -2.706  34.815 0.0000000000
134747  33.793  -3.844  34.558 0.0000000000
140496  27.714  -6.742  40.439 0.0000000000
57137  28.365  -6.641  40.514 0.0000000000
57153  28.787  -5.952  40.078 0.0000000000
58358  29.256  -5.194  39.729 0.0000000000
57174  27.154  -6.046  38.524 0.0000000000
58359  28.484  -5.563  39.298 0.0000000000
59571  29.966  -3.748  38.872 0.0000000000
60641  29.926  -3.361  38.137 0.0000000000
124152  28.773  -3.910  37.627 0.0000000000
59595  27.040  -4.965  36.303 0.0000000000
59605  26.753  -4.660  35.350 0.0000000000
70791  32.761  5.968  32.007 0.0000000000
122156  32.834  5.964  31.249 0.0000000000
70792  32.292  5.345  31.521 0.0000000000
124525  31.952  5.082  30.821 0.0000000000
69614  31.300  4.537  29.618 0.0000000000
68405  30.531  2.996  30.198 0.0000000000
68404  30.849  3.746  30.148 0.0000000000
68428  30.228  3.353  28.588 0.0000000000
74979  53.682  9.510  14.837 0.0000000000
73955  39.464  8.775  24.529 0.0000000000
72979  38.422  7.716  25.518 0.0000000000
71927  38.656  6.286  27.645 0.0000000000
71936  37.549  6.269  26.439 0.0000000000
70865  36.779  5.941  26.064 0.0000000000
74846  43.332  9.451  30.526 0.0000000000
74869  43.319  9.692  27.961 0.0000000000
73934  41.643  8.471  27.581 0.0000000000
73940  42.059  9.039  27.158 0.0000000000
74880  41.824  9.281  26.310 0.0000000000
73945  41.112  9.022  25.984 0.0000000000
126321  32.634  -7.314  45.823 0.0000000000
55713  33.539  -6.907  45.922 0.0000000000
55728  31.799  -7.403  44.947 0.0000000000
54512  29.243  -8.463  43.818 0.0000000000
54511  29.835  -8.371  44.029 0.0000000000
55744  30.291  -7.949  43.692 0.0000000000
55758  30.081  -7.669  42.898 0.0000000000
55772  28.965  -7.531  41.746 0.0000000000
55773  28.184  -7.439  41.621 0.0000000000
57090  26.623  -6.337  43.009 0.0000000000
55762  27.048  -6.856  41.826 0.0000000000
55774  27.623  -7.162  41.641 0.0000000000
55786  27.920  -7.071  41.024 0.0000000000
57157  25.677  -6.112  39.000 0.0000000000
57141  24.993  -5.757  39.459 0.0000000000
57158  24.926  -5.950  38.621 0.0000000000
57177  24.769  -6.147  37.856 0.0000000000
57212  23.627  -6.641  36.361 0.0000000000
57159  20.319  -5.534  39.052 0.0000000000
57179  19.971  -6.204  38.756 0.0000000000
65110  31.127  0.646  31.821 0.0000000000
75926  50.828  10.888  20.025 0.0000000000
75952  47.554  10.572  19.754 0.0000000000
75951  48.537  10.576  19.558 0.0000000000
75950  49.430  10.558  19.450 0.0000000000
75948  51.309  10.417  19.199 0.0000000000
134374  50.821  9.748  17.932 0.0000000000
74954  49.685  9.517  17.486 0.0000000000
74953  50.461  9.547  17.388 0.0000000000
141753  51.307  9.467  16.688 0.0000000000
74974  51.219  9.330  16.132 0.0000000000
59493  20.851  -4.433  44.457 0.0000000000
59459  20.868  -4.689  46.146 0.0000000000
59443  22.217  -4.197  46.919 0.0000000000
133309  22.939  -3.930  49.076 0.0000000000
59411  22.703  -4.218  49.863 0.0000000000
131199  22.205  -4.371  49.200 0.0000000000
124209  21.444  -4.892  49.353 0.0000000000
124492  20.735  -5.380  49.342 0.0000000000
58231  20.446  -5.673  49.954 0.0000000000
58206  20.655  -5.705  51.631 0.0000000000
56942  20.150  -5.963  52.116 0.0000000000
55696  34.777  -6.947  46.954 0.0000000000
55697  33.991  -7.031  46.691 0.0000000000
55698  33.082  -7.322  46.397 0.0000000000
54476  31.496  -7.856  45.729 0.0000000000
54467  30.777  -8.145  45.742 0.0000000000
54455  31.014  -8.047  46.254 0.0000000000
54468  30.320  -8.210  45.561 0.0000000000
57061  28.307  -7.211  45.655 0.0000000000
144451  27.495  -6.547  45.241 0.0000000000
57050  28.055  -6.339  46.489 0.0000000000
120249  26.428  -5.387  45.121 0.0000000000
59488  24.817  -4.279  44.954 0.0000000000
141115  24.050  -3.965  44.954 0.0000000000
59490  23.445  -3.985  44.503 0.0000000000
73966  38.497  8.586  23.291 0.0000000000
77908  49.381  12.617  23.474 0.0000000000
77920  48.015  12.270  22.815 0.0000000000
77909  47.512  12.335  23.471 0.0000000000
77921  47.316  12.130  22.864 0.0000000000
120232  47.538  11.893  22.247 0.0000000000
76947  46.879  11.509  21.720 0.0000000000
76960  46.507  11.117  21.025 0.0000000000
76930  44.588  11.317  22.732 0.0000000000
76949  44.727  11.091  21.960 0.0000000000
75914  44.152  10.705  21.434 0.0000000000
75913  44.959  10.854  21.204 0.0000000000
75932  45.287  10.592  20.494 0.0000000000
58282  20.066  -4.829  44.915 0.0000000000
132054  19.303  -5.232  44.763 0.0000000000
58284  18.799  -5.715  45.294 0.0000000000
57076  18.204  -6.178  44.955 0.0000000000
55719  17.195  -7.232  45.263 0.0000000000
57014  19.140  -6.136  48.224 0.0000000000
55720  16.699  -7.486  45.591 0.0000000000
54482  14.314  -8.508  45.341 0.0000000000
131859  14.886  -7.399  46.501 0.0000000000
140477  15.756  -5.727  50.544 0.0000000000
56998  15.141  -5.650  50.015 0.0000000000
58197  13.339  -5.152  52.689 0.0000000000
58210  13.690  -5.394  51.295 0.0000000000
58224  13.113  -5.705  50.663 0.0000000000
55671  12.473  -7.302  48.288 0.0000000000
140056  12.763  -7.545  47.643 0.0000000000
55688  12.681  -8.086  46.999 0.0000000000
54390  7.791  -8.049  55.890 0.0000000000
53189  6.811  -8.952  55.713 0.0000000000
53176  6.349  -8.713  57.298 0.0000000000
72886  38.206  7.967  33.102 0.0000000000
72907  34.227  7.315  32.851 0.0000000000
72908  33.606  6.875  32.916 0.0000000000
70774  32.803  5.957  32.731 0.0000000000
69559  32.482  4.729  33.079 0.0000000000
68382  31.942  3.337  32.281 0.0000000000
67157  31.594  2.590  32.010 0.0000000000
135406  31.522  1.844  32.095 0.0000000000
69529  33.602  4.384  35.167 0.0000000000
66079  31.912  1.523  32.563 0.0000000000
131988  30.984  0.052  31.733 0.0000000000
64040  31.809  -0.642  32.558 0.0000000000
62975  31.524  -1.946  31.684 0.0000000000
124542  33.823  -1.224  33.896 0.0000000000
60750  32.672  -3.977  31.590 0.0000000000
59668  32.292  -4.395  30.877 0.0000000000
58472  30.680  -5.660  30.945 0.0000000000
58488  30.457  -5.968  30.817 0.0000000000
61747  36.650  -2.423  38.548 0.0000000000
57060  33.567  -6.543  45.314 0.0000000000
57071  34.081  -6.019  44.964 0.0000000000
58291  34.581  -5.463  44.471 0.0000000000
58292  33.735  -5.696  44.347 0.0000000000
58304  34.247  -5.058  43.860 0.0000000000
59517  35.272  -4.044  42.705 0.0000000000
57135  29.917  -6.028  41.014 0.0000000000
58333  30.621  -5.628  41.380 0.0000000000
58332  31.335  -5.236  41.733 0.0000000000
59537  31.692  -4.516  41.282 0.0000000000
59520  32.857  -4.611  42.251 0.0000000000
59519  33.629  -4.394  42.490 0.0000000000
59534  34.070  -3.969  42.048 0.0000000000
60586  34.853  -3.712  41.937 0.0000000000
60602  35.575  -3.364  41.429 0.0000000000
141867  36.027  -2.687  39.616 0.0000000000
60635  35.904  -2.594  39.030 0.0000000000
140420  36.304  -2.365  37.792 0.0000000000
60645  34.972  -2.508  37.382 0.0000000000
122359  33.544  -2.679  36.953 0.0000000000
60674  32.519  -3.537  35.473 0.0000000000
60650  30.403  -2.944  37.635 0.0000000000
60661  30.183  -2.832  36.866 0.0000000000
140868  30.820  -3.126  35.560 0.0000000000
120462  31.153  -3.627  34.939 0.0000000000
59642  28.595  -4.616  31.769 0.0000000000
71875  36.886  6.999  31.128 0.0000000000
71892  36.405  6.597  30.487 0.0000000000
71893  35.554  6.564  30.589 0.0000000000
71907  35.910  6.214  29.833 0.0000000000
70847  34.400  5.273  27.668 0.0000000000
131246  32.595  5.517  29.615 0.0000000000
144513  33.124  5.639  29.355 0.0000000000
143549  32.335  5.237  28.527 0.0000000000
70824  32.834  5.473  28.856 0.0000000000
70840  33.442  5.175  27.496 0.0000000000
69625  34.154  4.970  26.888 0.0000000000
74016  51.560  8.870  14.509 0.0000000000
121674  52.026  8.757  13.915 0.0000000000
54465  31.827  -7.827  46.320 0.0000000000
54478  30.488  -8.240  45.211 0.0000000000
54480  29.095  -8.369  44.695 0.0000000000
54493  30.762  -8.115  44.925 0.0000000000
55699  32.206  -7.641  46.062 0.0000000000
55700  30.476  -8.025  46.210 0.0000000000
55729  31.135  -7.761  44.672 0.0000000000
55731  28.118  -8.049  44.018 0.0000000000
55759  29.233  -8.002  42.532 0.0000000000
56959  19.270  -6.340  51.229 0.0000000000
57047  35.538  -6.809  46.715 0.0000000000
57073  32.372  -6.746  44.606 0.0000000000
57106  26.506  -6.352  42.194 0.0000000000
57119  30.262  -6.420  41.732 0.0000000000
58295  25.091  -4.635  44.360 0.0000000000
58331  32.068  -4.877  42.016 0.0000000000
58407  26.401  -5.672  36.578 0.0000000000
58431  26.103  -5.062  34.869 0.0000000000
59554  21.332  -4.586  39.966 0.0000000000
59573  28.505  -4.524  38.041 0.0000000000
59615  27.090  -3.925  33.948 0.0000000000
68417  30.369  3.236  29.501 0.0000000000
71873  39.189  7.101  31.010 0.0000000000
71877  35.181  6.885  31.327 0.0000000000
71902  40.433  6.692  29.354 0.0000000000
74950  53.302  9.803  17.204 0.0000000000
75839  43.852  10.168  28.360 0.0000000000
124860  24.449  -4.984  41.102 0.0000000000
125817  29.137  -3.175  34.243 0.0000000000
138062  24.121  -4.729  41.472 0.0000000000
142226  29.782  2.008  29.382 0.0000000000
142639  35.958  -0.471  36.246 0.0000000000
142812  19.641  -4.925  44.400 0.0000000000
