#!ascii label  , from subject sub-v1s3x0050795_ses-1 vox2ras=TkReg
1203
51383  -23.595  -18.759  -29.733 0.4285714328
128051  -22.500  -17.128  -30.752 0.2857142985
53573  -23.410  -16.340  -30.007 0.4285714328
53574  -23.966  -15.856  -29.874 0.4285714328
120536  -22.579  -15.588  -31.113 0.2857142985
54773  -23.282  -15.680  -30.409 0.4285714328
54774  -23.929  -15.075  -30.408 0.4285714328
55881  -22.518  -14.422  -32.355 0.4285714328
55882  -23.286  -13.768  -31.906 0.4285714328
56975  -23.155  -13.174  -33.372 0.4285714328
56976  -23.815  -12.737  -32.886 0.4285714328
58016  -23.359  -12.501  -34.789 0.5714285970
57993  -23.602  -12.589  -33.839 0.5714285970
122782  -24.394  -12.169  -33.383 0.4285714328
58018  -24.958  -11.502  -33.921 0.2857142985
58920  -24.471  -11.491  -34.770 0.7142857313
59820  -26.321  -10.121  -35.171 0.7142857313
120784  -26.627  -10.269  -34.424 0.4285714328
58921  -25.132  -11.021  -34.732 0.7142857313
59798  -25.908  -10.572  -34.604 0.5714285970
60745  -27.841  -9.346  -35.245 0.5714285970
59819  -25.372  -10.556  -35.611 0.5714285970
60744  -26.888  -9.623  -35.650 0.5714285970
124272  -27.419  -9.206  -36.232 0.5714285970
60762  -28.271  -8.835  -36.144 0.5714285970
59835  -26.017  -9.957  -36.123 0.5714285970
60746  -28.784  -8.933  -35.201 0.4285714328
61643  -28.863  -8.273  -36.732 0.5714285970
61662  -30.398  -7.869  -37.140 0.5714285970
61659  -27.280  -8.559  -37.961 0.7142857313
61661  -29.454  -7.868  -37.322 0.7142857313
62597  -30.027  -7.566  -37.940 0.7142857313
62598  -31.040  -7.626  -37.809 0.5714285970
61642  -27.948  -8.454  -37.108 0.5714285970
60785  -25.376  -9.271  -38.473 0.5714285970
62613  -28.175  -7.806  -38.508 0.8571428657
62616  -31.717  -7.353  -38.491 0.7142857313
120904  -27.275  -8.212  -38.803 0.7142857313
130805  -26.513  -8.451  -38.972 0.5714285970
63612  -32.118  -6.432  -39.647 0.7142857313
62617  -32.907  -7.617  -38.528 0.5714285970
62614  -29.569  -7.245  -38.714 0.7142857313
63594  -31.211  -6.745  -39.192 0.7142857313
64574  -32.825  -6.073  -40.118 0.5714285970
63593  -30.034  -6.795  -39.254 0.7142857313
64575  -34.179  -6.147  -40.183 0.5714285970
62630  -29.039  -6.882  -39.537 0.5714285970
64573  -31.844  -5.918  -40.224 0.7142857313
65532  -33.771  -4.940  -40.965 0.7142857313
64584  -33.365  -5.565  -40.566 0.7142857313
64572  -30.870  -5.790  -40.422 0.7142857313
65531  -32.670  -5.116  -41.016 0.7142857313
66487  -34.801  -3.852  -41.943 0.7142857313
65544  -34.370  -4.341  -41.443 0.5714285970
65530  -31.579  -5.338  -40.951 0.7142857313
63625  -28.855  -6.095  -40.719 0.5714285970
122628  -34.979  -3.347  -42.265 0.5714285970
67467  -34.794  -2.571  -42.235 0.5714285970
65541  -30.903  -4.811  -41.829 0.8571428657
130938  -30.393  -5.343  -41.261 0.8571428657
67479  -35.095  -3.070  -43.262 0.7142857313
66511  -34.047  -3.538  -43.772 0.7142857313
65555  -32.359  -4.124  -42.615 0.8571428657
66496  -33.240  -3.717  -43.218 0.7142857313
120089  -35.161  -2.717  -45.522 0.8571428657
68406  -35.113  -2.204  -44.467 0.5714285970
66526  -34.103  -3.397  -44.745 0.8571428657
66510  -32.766  -3.565  -44.270 0.8571428657
65568  -31.514  -3.957  -43.767 0.8571428657
68438  -34.648  -1.959  -46.538 0.8571428657
69394  -35.548  -1.000  -46.664 0.8571428657
70312  -35.946  -0.028  -47.439 0.8571428657
67498  -34.693  -3.115  -45.432 0.8571428657
69393  -35.001  -1.333  -46.815 0.8571428657
69380  -32.726  -0.757  -46.240 1.0000000000
69392  -33.878  -0.705  -46.807 1.0000000000
67513  -33.653  -3.010  -46.187 0.8571428657
70308  -33.840  -0.090  -47.093 1.0000000000
68437  -33.699  -1.453  -46.553 1.0000000000
71231  -33.794  1.364  -47.621 1.0000000000
72301  -31.267  2.296  -46.371 0.7142857313
71228  -34.334  0.387  -47.420 1.0000000000
134191  -32.797  0.803  -46.742 1.0000000000
71227  -32.772  1.462  -47.096 1.0000000000
75227  -32.358  5.269  -48.560 1.0000000000
75223  -31.463  5.593  -47.249 0.8571428657
76142  -31.435  6.451  -47.582 0.8571428657
78762  -29.093  9.220  -49.924 0.8571428657
77875  -30.271  8.351  -48.781 0.8571428657
77012  -30.762  7.824  -49.191 1.0000000000
79628  -28.525  10.492  -50.429 0.8571428657
79634  -28.773  9.769  -50.834 0.8571428657
80503  -27.792  10.974  -51.221 0.7142857313
80488  -29.598  11.204  -48.898 0.5714285970
82147  -26.172  12.792  -51.010 0.7142857313
81346  -25.904  12.533  -51.690 0.5714285970
82131  -27.633  13.945  -49.112 0.5714285970
81331  -28.801  12.666  -48.700 0.5714285970
82898  -27.280  14.616  -48.636 0.4285714328
83644  -25.011  15.821  -49.711 0.4285714328
84418  -24.592  15.741  -50.813 0.4285714328
139543  -25.928  15.754  -47.472 0.2857142985
83616  -25.399  16.203  -47.192 0.2857142985
83626  -26.281  15.517  -48.153 0.2857142985
84366  -25.509  16.171  -46.307 0.2857142985
53572  -22.820  -16.385  -30.526 0.2857142985
137875  -27.693  -8.843  -36.616 0.5714285970
63595  -32.470  -7.053  -39.099 0.5714285970
68397  -34.898  -2.399  -43.290 0.5714285970
65556  -34.003  -4.040  -42.274 0.7142857313
66497  -34.618  -3.479  -42.887 0.7142857313
67487  -35.028  -3.005  -44.473 0.8571428657
68413  -35.399  -2.119  -45.741 0.8571428657
69381  -35.463  -1.462  -46.297 0.8571428657
70310  -35.939  -0.249  -47.148 0.8571428657
126319  -32.662  2.891  -47.693 0.8571428657
85178  -26.067  17.458  -44.156 0.1428571492
53584  -22.213  -16.651  -31.324 0.2857142985
54794  -22.205  -15.187  -32.029 0.2857142985
55864  -22.859  -14.630  -31.444 0.4285714328
56950  -23.963  -13.039  -32.071 0.4285714328
54813  -22.035  -15.000  -32.841 0.2857142985
57970  -24.601  -12.476  -32.442 0.4285714328
56974  -22.515  -13.728  -33.830 0.5714285970
58017  -24.072  -12.003  -34.346 0.5714285970
133941  -25.638  -10.970  -34.060 0.4285714328
58919  -23.771  -11.882  -35.355 0.2857142985
58935  -24.502  -11.200  -35.553 0.7142857313
59834  -25.237  -10.315  -36.726 0.5714285970
61629  -30.040  -8.561  -35.804 0.4285714328
60760  -25.794  -9.808  -37.098 0.7142857313
60774  -26.262  -9.374  -37.575 0.7142857313
61628  -29.214  -8.622  -35.947 0.7142857313
61644  -29.770  -8.205  -36.532 0.5714285970
61645  -30.684  -8.285  -36.402 0.4285714328
62596  -29.074  -7.599  -38.154 0.7142857313
62615  -30.589  -7.244  -38.546 0.7142857313
61673  -25.909  -8.836  -38.778 0.5714285970
139746  -26.901  -8.554  -38.516 0.5714285970
137670  -34.854  -5.872  -40.267 0.5714285970
119674  -27.576  -7.552  -39.550 0.5714285970
63614  -34.539  -6.872  -39.649 0.5714285970
63611  -30.426  -6.247  -39.837 0.7142857313
65533  -34.640  -4.703  -40.710 0.5714285970
63610  -29.416  -6.388  -40.047 0.8571428657
65542  -31.983  -4.829  -41.466 0.7142857313
69371  -35.011  -1.249  -45.126 0.5714285970
66525  -32.668  -3.417  -45.297 1.0000000000
71232  -35.384  0.592  -47.809 1.0000000000
69379  -32.033  -1.009  -45.546 1.0000000000
71226  -31.833  1.594  -46.540 0.8571428657
74280  -31.303  3.903  -46.496 0.7142857313
73293  -32.061  3.530  -47.513 1.0000000000
73297  -33.392  3.604  -48.623 1.0000000000
124113  -31.401  4.786  -46.859 0.7142857313
74287  -32.651  4.390  -48.419 1.0000000000
75226  -31.770  5.770  -48.074 0.8571428657
126709  -30.103  8.793  -48.459 0.8571428657
77004  -31.211  7.242  -48.727 1.0000000000
76154  -31.730  6.669  -49.236 1.0000000000
80496  -28.237  11.261  -50.330 0.7142857313
82906  -25.835  14.770  -50.105 0.7142857313
81341  -29.226  11.904  -48.834 0.5714285970
82138  -27.021  13.442  -50.074 0.7142857313
82146  -25.640  13.093  -51.524 0.7142857313
82899  -28.097  14.238  -48.227 0.4285714328
83636  -25.368  16.119  -48.297 0.2857142985
82145  -25.259  13.478  -51.854 0.4285714328
84365  -24.967  16.940  -46.871 0.2857142985
84388  -24.083  17.083  -48.888 0.4285714328
59833  -24.556  -10.813  -36.430 0.4285714328
59846  -24.543  -10.474  -37.264 0.4285714328
83637  -25.883  15.470  -49.018 0.4285714328
138155  -25.967  14.120  -50.514 0.7142857313
51395  -22.988  -18.334  -30.220 0.4285714328
52442  -23.090  -17.196  -30.077 0.4285714328
52450  -21.927  -17.624  -31.498 0.2857142985
127974  -22.401  -17.976  -30.792 0.2857142985
53562  -23.999  -16.752  -29.545 0.4285714328
53593  -21.868  -16.123  -32.028 0.2857142985
54782  -23.198  -14.985  -30.787 0.4285714328
55904  -22.171  -14.487  -33.404 0.2857142985
56948  -22.793  -13.753  -32.855 0.4285714328
56949  -23.401  -13.286  -32.590 0.4285714328
56996  -22.902  -13.077  -34.300 0.4285714328
58029  -23.162  -12.485  -35.545 0.2857142985
60761  -26.583  -9.495  -36.629 0.5714285970
60775  -27.112  -8.987  -37.179 0.5714285970
61660  -28.578  -8.006  -37.609 0.7142857313
61663  -31.411  -8.029  -37.049 0.5714285970
61658  -26.551  -8.892  -38.220 0.7142857313
61674  -27.872  -8.200  -37.984 0.7142857313
60773  -25.563  -9.615  -37.928 0.7142857313
125039  -28.602  -7.345  -39.055 0.5714285970
63613  -33.261  -6.665  -39.645 0.5714285970
64583  -32.433  -5.610  -40.553 0.7142857313
62629  -28.116  -7.063  -40.052 0.7142857313
65543  -33.029  -4.510  -41.634 0.7142857313
63626  -29.739  -5.787  -40.680 0.8571428657
132707  -35.101  -2.813  -43.857 0.8571428657
66536  -33.797  -3.251  -45.765 0.8571428657
68426  -35.220  -2.272  -46.219 0.8571428657
68425  -33.594  -2.361  -46.386 1.0000000000
73288  -31.449  2.988  -46.694 0.8571428657
125799  -28.807  9.762  -49.969 0.8571428657
79629  -29.185  10.510  -49.488 0.8571428657
81347  -26.511  12.131  -51.360 0.7142857313
81339  -27.253  12.555  -50.388 0.5714285970
82137  -26.046  13.568  -50.725 0.5714285970
82139  -27.975  13.079  -49.410 0.5714285970
138339  -27.642  14.741  -47.843 0.4285714328
82897  -26.547  15.021  -48.938 0.4285714328
82905  -25.148  14.706  -50.935 0.4285714328
83617  -26.141  15.718  -45.890 0.2857142985
84357  -25.155  16.879  -45.958 0.2857142985
85177  -25.440  17.561  -44.802 0.1428571492
58942  -23.777  -11.500  -36.365 0.2857142985
74283  -31.676  4.117  -47.252 1.0000000000
82913  -25.481  13.873  -51.137 0.5714285970
85215  -24.850  18.879  -48.353 0.2857142985
123236  -24.841  20.535  -48.092 0.1428571492
85991  -23.526  19.129  -49.944 0.2857142985
122751  -24.794  18.622  -48.916 0.2857142985
130803  -24.093  19.837  -48.336 0.1428571492
87446  -24.249  20.777  -48.260 0.1428571492
84374  -23.592  18.247  -48.616 0.1428571492
84387  -23.414  18.237  -49.554 0.2857142985
85213  -23.660  19.010  -48.518 0.1428571492
84406  -26.051  17.562  -50.366 0.2857142985
85230  -23.846  19.022  -50.354 0.2857142985
82923  -28.404  14.203  -51.644 0.2857142985
83668  -26.905  15.430  -52.050 0.2857142985
87457  -23.789  21.047  -48.200 0.1428571492
84417  -23.931  17.394  -51.223 0.2857142985
82165  -26.536  12.954  -52.607 0.2857142985
85241  -24.989  17.744  -52.131 0.2857142985
85239  -23.709  18.431  -50.737 0.2857142985
81370  -28.942  11.126  -53.255 0.1428571492
129882  -26.628  13.847  -52.776 0.2857142985
83667  -25.825  15.981  -52.685 0.2857142985
85984  -23.875  19.556  -48.385 0.1428571492
83676  -25.303  15.249  -52.856 0.2857142985
84438  -24.553  17.260  -52.272 0.2857142985
139439  -32.871  11.239  -54.814 0.1428571492
80523  -30.474  10.930  -54.097 0.1428571492
82167  -28.511  12.295  -52.604 0.4285714328
82164  -25.654  13.182  -52.535 0.2857142985
77904  -32.045  9.014  -52.728 0.2857142985
79641  -28.665  9.911  -52.224 0.4285714328
80508  -26.617  11.898  -52.337 0.2857142985
83655  -24.761  14.772  -51.600 0.2857142985
77906  -34.892  8.301  -53.601 0.1428571492
125166  -31.142  9.574  -52.705 0.2857142985
80516  -27.452  11.396  -52.477 0.4285714328
77900  -30.423  8.843  -51.257 0.5714285970
79640  -28.176  10.334  -51.633 0.7142857313
76167  -35.256  7.202  -52.626 0.1428571492
77029  -33.878  7.734  -52.879 0.1428571492
81353  -26.230  12.040  -52.035 0.4285714328
77901  -31.555  8.496  -51.693 0.4285714328
76166  -36.382  6.799  -51.972 0.2857142985
76161  -35.105  6.010  -51.855 0.7142857313
77882  -29.495  8.961  -50.476 0.7142857313
76151  -32.061  6.003  -48.878 0.8571428657
76159  -32.862  6.476  -50.631 0.8571428657
77892  -31.151  8.201  -50.758 0.5714285970
76157  -36.879  6.172  -50.810 0.2857142985
77021  -31.616  7.502  -50.408 0.7142857313
78748  -30.385  9.064  -47.782 0.5714285970
77013  -31.350  7.316  -49.597 0.8571428657
75234  -36.506  5.799  -49.560 0.1428571492
75238  -35.646  5.450  -51.368 0.7142857313
75229  -36.425  4.961  -48.737 0.1428571492
119644  -30.598  -0.251  -42.022 0.5714285970
70300  -31.803  0.154  -45.675 0.8571428657
121376  -31.278  1.025  -45.682 0.8571428657
70292  -30.705  0.542  -44.247 0.4285714328
71213  -30.884  1.536  -45.372 0.5714285970
72311  -34.707  2.813  -48.855 0.8571428657
75228  -33.123  4.874  -49.147 0.8571428657
74286  -36.423  4.116  -48.235 0.2857142985
74292  -35.471  4.246  -50.245 0.8571428657
75232  -33.643  5.181  -50.022 0.8571428657
76158  -31.984  6.841  -50.070 0.8571428657
75224  -35.054  5.089  -47.017 0.4285714328
74294  -37.437  4.429  -50.078 0.7142857313
74295  -36.246  4.832  -50.794 0.7142857313
68362  -30.042  -0.798  -40.843 0.2857142985
69370  -31.171  -0.337  -44.920 0.5714285970
69369  -30.723  -0.313  -44.023 0.5714285970
70301  -32.715  0.113  -46.434 0.8571428657
72307  -33.576  2.124  -47.862 0.8571428657
73294  -33.515  2.839  -48.238 0.8571428657
132543  -34.096  3.701  -49.191 0.8571428657
121916  -36.545  3.114  -47.934 0.4285714328
72313  -37.128  2.285  -48.831 0.8571428657
73300  -35.492  3.432  -49.640 0.8571428657
74282  -35.515  3.408  -47.012 0.4285714328
136690  -28.139  -5.241  -40.543 0.7142857313
66477  -28.084  -3.744  -40.244 0.4285714328
64581  -28.537  -5.537  -40.836 0.7142857313
66495  -29.915  -4.227  -43.129 0.8571428657
66479  -29.546  -3.406  -41.191 0.5714285970
68380  -30.087  -1.685  -41.169 0.5714285970
132000  -29.504  -1.466  -40.605 0.4285714328
67485  -30.261  -3.762  -44.003 0.8571428657
68404  -30.551  -2.319  -43.169 0.5714285970
125996  -30.548  -1.180  -42.564 0.5714285970
66535  -32.669  -3.152  -45.893 0.8571428657
68412  -31.346  -2.386  -45.139 0.7142857313
119485  -30.701  -1.448  -43.583 0.5714285970
71229  -36.331  0.660  -47.544 0.7142857313
71234  -36.717  0.801  -47.896 0.7142857313
71233  -36.187  0.927  -48.179 0.8571428657
73284  -34.041  3.089  -44.814 0.2857142985
72302  -35.545  1.640  -46.561 0.4285714328
73290  -35.511  2.529  -46.712 0.5714285970
131036  -26.955  -7.377  -40.033 0.4285714328
63608  -27.625  -6.478  -40.411 0.4285714328
65516  -27.191  -4.854  -39.715 0.4285714328
65554  -30.650  -4.367  -42.991 0.7142857313
65553  -29.997  -4.666  -42.478 0.7142857313
67497  -31.013  -3.508  -45.271 0.8571428657
129321  -35.279  -0.649  -45.677 0.7142857313
71215  -34.614  1.061  -45.333 0.2857142985
70302  -35.485  -0.186  -46.211 0.5714285970
62612  -26.765  -7.916  -39.538 0.4285714328
63592  -25.714  -7.013  -38.810 0.5714285970
63624  -28.221  -6.133  -40.779 0.5714285970
64580  -27.893  -5.917  -40.685 0.5714285970
136404  -30.064  -5.064  -41.903 0.7142857313
69358  -34.540  -1.508  -43.353 0.4285714328
70287  -34.502  -0.233  -44.456 0.4285714328
71214  -34.060  1.326  -44.268 0.4285714328
70294  -34.553  0.376  -44.964 0.4285714328
139024  -24.995  -9.700  -38.205 0.5714285970
62618  -34.068  -7.877  -38.598 0.4285714328
64576  -35.064  -6.274  -39.897 0.4285714328
128429  -34.458  -2.319  -41.163 0.4285714328
66488  -34.985  -3.592  -41.544 0.4285714328
68363  -34.019  -1.493  -41.455 0.4285714328
68381  -34.232  -1.504  -42.461 0.4285714328
123316  -25.432  -12.318  -32.063 0.1428571492
66480  -35.054  -4.288  -40.404 0.4285714328
130527  -34.993  -3.533  -40.336 0.4285714328
67456  -34.914  -3.061  -40.838 0.4285714328
58894  -25.834  -11.274  -33.380 0.1428571492
58896  -27.216  -10.715  -33.124 0.1428571492
60726  -29.454  -9.285  -34.606 0.2857142985
61665  -34.309  -8.575  -37.391 0.2857142985
64537  -35.283  -5.718  -37.811 0.2857142985
63579  -35.198  -7.268  -37.884 0.2857142985
134555  -32.611  -8.450  -37.113 0.4285714328
138015  -35.279  -5.082  -38.116 0.2857142985
63598  -35.204  -7.173  -38.833 0.2857142985
122717  -35.072  -4.179  -38.871 0.2857142985
65517  -35.181  -4.711  -39.580 0.4285714328
57995  -26.158  -11.689  -32.525 0.1428571492
58895  -26.537  -11.121  -33.083 0.1428571492
57994  -25.205  -11.821  -32.896 0.1428571492
58897  -28.129  -10.410  -33.199 0.2857142985
59800  -28.348  -9.955  -33.874 0.2857142985
60749  -31.924  -9.493  -35.138 0.2857142985
60763  -33.444  -9.664  -36.396 0.2857142985
61647  -32.580  -9.066  -36.412 0.2857142985
61630  -30.895  -8.687  -35.693 0.2857142985
61648  -33.579  -9.214  -36.949 0.2857142985
58876  -27.041  -11.372  -32.567 0.1428571492
59802  -30.734  -10.239  -33.863 0.2857142985
58878  -28.836  -10.948  -32.784 0.2857142985
59767  -29.132  -10.263  -33.427 0.2857142985
59799  -27.389  -10.238  -33.934 0.2857142985
60727  -30.429  -9.522  -34.485 0.2857142985
56951  -24.852  -13.026  -31.653 0.1428571492
55883  -24.116  -13.524  -31.505 0.2857142985
56952  -25.675  -12.877  -31.559 0.1428571492
50404  -24.467  -19.892  -29.573 0.2857142985
50403  -23.611  -19.703  -29.936 0.2857142985
55854  -24.742  -14.507  -30.604 0.2857142985
135173  -24.243  -18.300  -29.464 0.1428571492
49442  -23.772  -20.566  -30.447 0.2857142985
115938  -24.188  -21.260  -30.839 0.1428571492
59768  -29.731  -10.845  -32.917 0.2857142985
60728  -31.348  -9.753  -34.509 0.2857142985
60776  -34.134  -9.151  -37.079 0.2857142985
61631  -31.762  -9.033  -35.723 0.2857142985
62601  -34.721  -8.022  -37.516 0.2857142985
63615  -35.126  -6.924  -39.423 0.4285714328
133577  -35.399  -5.735  -38.675 0.2857142985
66455  -34.725  -3.466  -38.471 0.2857142985
65529  -29.164  -4.205  -41.109 0.7142857313
67444  -34.705  -2.852  -39.859 0.4285714328
68405  -30.728  -2.792  -44.414 0.5714285970
133970  -35.018  -3.064  -41.640 0.4285714328
69365  -34.510  -0.920  -43.912 0.4285714328
71206  -33.755  1.407  -43.470 0.2857142985
72298  -34.007  2.099  -44.564 0.2857142985
72299  -34.622  1.938  -45.567 0.5714285970
76993  -31.236  7.215  -47.448 0.7142857313
72306  -36.942  1.058  -48.016 0.7142857313
75231  -32.771  5.612  -49.381 0.8571428657
79621  -29.808  10.495  -48.798 0.4285714328
78755  -29.373  9.679  -49.350 0.5714285970
77883  -30.191  8.343  -49.519 0.7142857313
74279  -34.786  3.663  -46.150 0.2857142985
75236  -33.282  5.906  -50.278 0.8571428657
77020  -30.838  7.899  -49.958 0.8571428657
75239  -36.796  5.599  -51.094 0.5714285970
82153  -25.258  13.596  -52.315 0.2857142985
77902  -32.622  8.102  -52.316 0.4285714328
78778  -31.082  9.065  -52.068 0.4285714328
132539  -23.669  20.992  -47.639 0.1428571492
118027  -28.274  11.417  -52.907 0.2857142985
79657  -30.280  10.506  -53.930 0.1428571492
84419  -25.873  17.456  -51.711 0.2857142985
136509  -24.627  -16.158  -29.668 0.1428571492
55866  -24.763  -13.802  -31.112 0.1428571492
55865  -23.799  -14.245  -31.027 0.2857142985
57972  -27.596  -11.830  -31.997 0.1428571492
57973  -28.657  -11.754  -32.074 0.1428571492
60724  -27.818  -9.688  -34.429 0.2857142985
59801  -29.780  -9.950  -33.974 0.2857142985
129182  -31.082  -9.147  -35.040 0.2857142985
59836  -33.983  -10.071  -36.165 0.2857142985
60747  -29.531  -8.776  -35.258 0.2857142985
61649  -34.440  -8.738  -36.948 0.2857142985
62627  -26.616  -7.519  -39.679 0.5714285970
61646  -31.634  -8.536  -36.356 0.2857142985
127576  -26.484  -5.207  -39.447 0.2857142985
120309  -34.945  -4.252  -38.008 0.2857142985
67433  -34.546  -2.732  -38.904 0.2857142985
65528  -28.569  -4.612  -40.729 0.7142857313
64593  -29.669  -4.838  -41.949 0.5714285970
67454  -28.439  -2.879  -40.304 0.4285714328
66478  -28.888  -3.617  -40.669 0.5714285970
69324  -29.972  -0.088  -40.722 0.2857142985
68364  -34.299  -2.153  -40.254 0.2857142985
65545  -34.895  -4.088  -41.217 0.4285714328
67478  -30.289  -3.083  -42.736 0.7142857313
69325  -33.690  -0.583  -40.631 0.1428571492
121727  -33.652  0.317  -42.413 0.4285714328
69357  -33.970  -0.633  -42.857 0.4285714328
71196  -33.522  1.196  -42.119 0.1428571492
127825  -34.698  1.311  -48.045 0.8571428657
120188  -33.585  1.874  -42.723 0.1428571492
71223  -35.630  0.617  -46.532 0.5714285970
73287  -34.697  2.847  -45.812 0.2857142985
73291  -36.539  2.107  -47.619 0.5714285970
74290  -37.473  3.650  -49.342 0.7142857313
76155  -32.386  6.254  -49.701 0.8571428657
117325  -34.902  5.772  -47.325 0.2857142985
76145  -35.580  5.869  -48.282 0.1428571492
84375  -24.494  17.014  -47.816 0.2857142985
75230  -37.284  4.615  -49.654 0.4285714328
75225  -35.593  5.074  -47.756 0.4285714328
76156  -35.817  6.663  -49.887 0.1428571492
76163  -33.397  6.650  -51.703 0.5714285970
77016  -36.016  6.755  -50.787 0.1428571492
76165  -35.745  6.684  -52.302 0.1428571492
77031  -35.419  7.917  -52.992 0.1428571492
85976  -23.957  19.298  -47.215 0.1428571492
77025  -32.093  7.794  -51.307 0.5714285970
77028  -35.885  7.350  -52.415 0.1428571492
77905  -33.389  8.545  -53.280 0.1428571492
81362  -27.579  11.769  -52.721 0.2857142985
79649  -29.543  10.257  -53.320 0.2857142985
78791  -31.690  9.871  -53.519 0.2857142985
78786  -32.919  9.448  -53.818 0.1428571492
79662  -31.785  10.226  -54.958 0.1428571492
132880  -30.796  10.018  -54.887 0.1428571492
82156  -28.795  13.274  -52.015 0.2857142985
131165  -29.449  12.764  -52.241 0.2857142985
82168  -30.160  12.819  -52.326 0.1428571492
81363  -30.406  12.245  -53.242 0.1428571492
53563  -25.001  -16.808  -29.471 0.1428571492
57971  -26.242  -12.385  -31.735 0.1428571492
124686  -34.952  -7.519  -37.082 0.2857142985
74277  -33.803  4.107  -44.576 0.2857142985
124591  -31.942  12.291  -54.885 0.1428571492
82924  -29.491  13.997  -51.268 0.2857142985
51394  -22.255  -19.043  -31.178 0.2857142985
52431  -23.709  -17.782  -29.616 0.2857142985
59821  -27.132  -9.792  -34.736 0.4285714328
58922  -26.438  -10.686  -33.768 0.1428571492
62599  -32.151  -7.836  -37.803 0.4285714328
64582  -28.905  -5.626  -41.045 0.5714285970
125921  -27.917  -6.665  -40.468 0.4285714328
124053  -29.505  -5.246  -41.505 0.7142857313
66509  -31.195  -3.611  -44.832 0.7142857313
70311  -36.433  0.537  -47.708 0.7142857313
67512  -32.696  -2.859  -46.112 0.8571428657
68423  -32.027  -2.204  -45.687 0.8571428657
72304  -32.661  2.196  -47.400 0.8571428657
78756  -30.031  9.561  -48.503 0.5714285970
137326  -29.130  9.325  -50.655 0.7142857313
80510  -27.465  11.009  -52.078 0.5714285970
82154  -25.626  12.830  -52.045 0.2857142985
81360  -26.121  12.413  -52.294 0.2857142985
133272  -24.501  16.107  -52.535 0.2857142985
59847  -25.103  -10.062  -37.622 0.5714285970
60748  -30.228  -8.864  -35.046 0.2857142985
122274  -35.027  -5.359  -40.193 0.4285714328
121138  -31.566  -1.425  -45.087 0.5714285970
84405  -23.963  16.947  -49.979 0.2857142985
83666  -24.638  15.112  -52.275 0.2857142985
84404  -23.477  17.958  -50.380 0.2857142985
66508  -30.322  -4.010  -43.989 0.8571428657
85222  -23.672  19.216  -49.716 0.2857142985
85985  -23.970  19.619  -48.623 0.1428571492
85214  -23.687  19.356  -48.954 0.2857142985
86704  -24.183  20.265  -48.219 0.1428571492
85221  -23.540  19.109  -49.480 0.2857142985
85223  -24.812  18.603  -49.934 0.2857142985
85231  -24.908  18.145  -50.979 0.2857142985
82155  -27.650  13.600  -52.411 0.2857142985
84431  -26.467  16.511  -51.878 0.2857142985
82922  -26.109  14.619  -52.857 0.2857142985
86703  -23.942  20.006  -48.055 0.1428571492
82931  -25.938  13.677  -52.984 0.2857142985
82166  -27.649  12.649  -52.597 0.2857142985
81361  -26.796  11.985  -52.604 0.2857142985
83665  -24.757  16.804  -52.811 0.2857142985
84430  -25.481  17.094  -52.655 0.2857142985
80517  -28.410  10.763  -53.009 0.2857142985
128089  -29.357  11.977  -52.874 0.1428571492
81371  -29.864  11.296  -53.491 0.1428571492
82930  -25.431  14.034  -52.890 0.2857142985
80524  -31.730  11.271  -54.481 0.1428571492
79658  -30.703  10.020  -55.012 0.1428571492
81372  -30.995  11.687  -53.980 0.1428571492
78769  -29.470  9.423  -51.488 0.5714285970
78777  -29.381  9.815  -52.728 0.4285714328
79647  -28.110  10.518  -52.530 0.5714285970
77909  -35.267  8.998  -54.223 0.1428571492
77027  -34.076  7.052  -52.465 0.1428571492
78790  -30.466  10.063  -53.322 0.2857142985
121545  -30.324  9.494  -52.215 0.4285714328
77891  -30.219  8.461  -50.288 0.7142857313
76164  -34.525  6.514  -52.248 0.4285714328
77026  -33.012  7.263  -52.046 0.5714285970
75241  -36.186  6.238  -51.732 0.5714285970
75237  -34.288  5.474  -51.000 0.7142857313
76160  -33.894  6.040  -51.448 0.7142857313
77022  -32.459  7.086  -50.981 0.7142857313
74297  -37.210  5.258  -50.567 0.5714285970
74289  -37.341  4.044  -48.963 0.4285714328
74291  -34.158  4.361  -49.718 0.8571428657
137624  -30.710  -0.854  -43.803 0.5714285970
71212  -30.697  1.422  -44.456 0.4285714328
70285  -30.716  0.454  -43.269 0.4285714328
72312  -36.171  1.804  -48.673 0.8571428657
73301  -37.060  2.923  -49.435 0.8571428657
73295  -37.506  3.110  -48.861 0.4285714328
74285  -35.576  4.271  -47.351 0.5714285970
74296  -37.109  4.862  -50.535 0.8571428657
72309  -37.035  2.081  -48.540 0.7142857313
64571  -27.220  -5.887  -39.964 0.5714285970
129099  -27.838  -4.608  -40.196 0.4285714328
65540  -29.496  -4.669  -41.799 0.7142857313
134865  -29.513  -4.049  -41.729 0.7142857313
126081  -30.007  -4.115  -43.461 0.7142857313
133156  -29.150  -2.865  -40.636 0.4285714328
67466  -30.089  -2.714  -41.634 0.5714285970
68396  -30.413  -1.955  -42.052 0.5714285970
67455  -28.959  -2.155  -40.395 0.4285714328
122896  -28.057  -2.094  -40.073 0.2857142985
72305  -36.434  1.331  -47.440 0.7142857313
63607  -26.906  -6.922  -40.175 0.5714285970
70286  -33.944  0.056  -43.385 0.4285714328
124771  -33.694  2.073  -43.637 0.2857142985
62619  -34.849  -7.750  -38.388 0.2857142985
65503  -35.298  -5.638  -39.489 0.4285714328
136184  -33.986  -1.540  -40.644 0.4285714328
69342  -33.708  -0.423  -41.744 0.4285714328
60725  -28.521  -9.468  -34.546 0.2857142985
61675  -34.257  -8.243  -37.931 0.2857142985
61664  -33.773  -8.705  -37.463 0.2857142985
63580  -35.375  -6.521  -38.392 0.2857142985
62600  -33.297  -8.148  -37.935 0.2857142985
125319  -34.963  -3.679  -39.506 0.4285714328
125109  -26.825  -11.909  -32.012 0.1428571492
135935  -32.581  -9.563  -35.858 0.2857142985
58877  -27.909  -11.142  -32.619 0.1428571492
123116  -30.004  -10.428  -33.463 0.2857142985
116960  -24.334  -19.032  -29.480 0.1428571492
51384  -25.039  -18.453  -29.399 0.1428571492
122017  -33.663  0.946  -42.973 0.2857142985
52432  -24.568  -17.592  -29.435 0.1428571492
53575  -25.495  -16.092  -29.730 0.1428571492
85203  -24.078  18.572  -47.121 0.1428571492
134594  -31.103  8.196  -46.755 0.5714285970
76118  -31.461  6.370  -44.912 0.4285714328
132646  -31.481  6.845  -45.483 0.4285714328
76984  -31.281  7.515  -46.676 0.5714285970
76126  -31.453  6.216  -45.880 0.4285714328
120058  -31.336  6.855  -46.972 0.5714285970
77003  -30.928  7.549  -48.006 0.4285714328
129843  -30.983  4.012  -45.575 0.4285714328
117958  -31.181  4.763  -46.000 0.4285714328
74278  -31.213  4.853  -45.037 0.4285714328
75216  -31.370  5.554  -45.441 0.5714285970
76134  -31.390  6.238  -46.750 0.5714285970
72297  -30.865  2.307  -45.686 0.5714285970
64511  -34.592  -5.302  -35.854 0.1428571492
65485  -34.910  -4.901  -37.321 0.1428571492
124255  -34.584  -3.394  -37.560 0.1428571492
58015  -22.742  -12.963  -35.185 0.2857142985
125503  -35.233  -6.438  -37.563 0.1428571492
64475  -34.631  -4.715  -34.031 0.1428571492
135897  -34.579  -5.733  -35.328 0.1428571492
65420  -34.676  -3.782  -34.137 0.1428571492
65453  -34.540  -4.489  -35.548 0.1428571492
135047  -34.828  -2.978  -33.975 0.1428571492
56995  -22.262  -13.622  -34.709 0.2857142985
61632  -34.571  -8.934  -36.116 0.1428571492
62563  -34.583  -7.552  -34.809 0.1428571492
62587  -34.726  -8.096  -36.661 0.1428571492
63536  -34.566  -6.681  -34.589 0.1428571492
64457  -35.354  -5.213  -32.476 0.1428571492
121602  -34.579  -5.740  -34.465 0.1428571492
66339  -37.430  -3.035  -32.238 0.1428571492
66354  -35.845  -2.954  -32.686 0.1428571492
67331  -36.701  -2.537  -32.464 0.1428571492
55917  -21.700  -14.047  -34.476 0.2857142985
59804  -32.650  -10.820  -34.634 0.1428571492
58936  -34.046  -11.207  -35.173 0.1428571492
59824  -34.096  -10.579  -35.556 0.1428571492
139087  -32.581  -9.935  -35.391 0.1428571492
60751  -34.245  -9.858  -35.913 0.1428571492
124936  -34.476  -8.483  -33.630 0.1428571492
136536  -34.520  -8.930  -34.379 0.1428571492
62524  -34.642  -6.893  -32.846 0.1428571492
61603  -34.513  -8.046  -34.173 0.1428571492
63491  -35.445  -6.123  -31.984 0.1428571492
65397  -36.677  -4.932  -31.632 0.1428571492
65398  -37.952  -4.278  -31.796 0.1428571492
132541  -36.456  -4.200  -31.938 0.1428571492
55918  -22.074  -14.199  -34.143 0.2857142985
55902  -20.968  -14.692  -33.772 0.2857142985
54811  -21.245  -15.058  -33.457 0.2857142985
59781  -31.401  -10.807  -33.618 0.1428571492
58923  -33.130  -11.541  -34.510 0.1428571492
58924  -33.883  -11.681  -34.804 0.1428571492
59806  -34.292  -10.978  -34.949 0.1428571492
61584  -34.495  -8.540  -32.803 0.1428571492
139363  -34.488  -9.967  -34.485 0.1428571492
62503  -35.565  -7.726  -31.476 0.1428571492
64443  -37.018  -5.754  -31.435 0.1428571492
62526  -35.945  -6.800  -31.510 0.1428571492
67333  -38.635  -2.675  -32.566 0.1428571492
66323  -38.211  -3.454  -32.176 0.1428571492
58898  -30.701  -10.981  -33.156 0.1428571492
58899  -31.686  -11.411  -33.301 0.1428571492
58019  -34.073  -12.024  -34.421 0.1428571492
57996  -33.051  -12.535  -33.547 0.1428571492
139012  -34.536  -10.465  -31.983 0.1428571492
58925  -34.122  -11.576  -34.818 0.1428571492
59770  -34.608  -9.850  -31.834 0.1428571492
59783  -34.496  -10.759  -33.980 0.1428571492
60692  -34.796  -8.761  -31.779 0.1428571492
64444  -38.107  -5.695  -31.567 0.1428571492
62504  -36.625  -7.332  -31.204 0.1428571492
65399  -38.807  -4.176  -32.038 0.1428571492
123322  -38.489  -4.930  -31.737 0.1428571492
58880  -31.123  -11.771  -32.687 0.1428571492
56955  -33.929  -13.444  -33.090 0.1428571492
57978  -33.271  -13.172  -33.126 0.1428571492
58881  -32.051  -12.111  -32.998 0.1428571492
57998  -34.283  -12.247  -33.744 0.1428571492
57997  -33.882  -12.611  -33.754 0.1428571492
58900  -32.626  -11.821  -33.758 0.1428571492
59741  -35.541  -11.150  -30.741 0.1428571492
127251  -35.157  -11.819  -31.153 0.1428571492
59756  -35.956  -10.307  -30.620 0.1428571492
61565  -36.846  -8.552  -30.788 0.1428571492
60670  -35.294  -9.583  -31.144 0.1428571492
63472  -37.752  -6.426  -31.429 0.1428571492
61564  -35.814  -8.628  -31.035 0.1428571492
55886  -33.746  -14.349  -32.598 0.1428571492
57977  -32.363  -12.832  -32.802 0.1428571492
56939  -35.377  -13.582  -31.463 0.1428571492
56956  -34.395  -13.346  -32.857 0.1428571492
58857  -35.844  -11.796  -30.652 0.1428571492
57958  -35.238  -12.740  -31.390 0.1428571492
122959  -37.268  -7.826  -30.997 0.1428571492
59757  -36.994  -10.543  -30.581 0.1428571492
57979  -34.490  -12.705  -32.989 0.1428571492
58901  -33.566  -12.078  -34.239 0.1428571492
130531  -34.594  -11.956  -32.838 0.1428571492
124340  -34.479  -9.926  -33.481 0.1428571492
60750  -33.318  -10.112  -35.835 0.1428571492
66340  -39.167  -3.436  -32.428 0.1428571492
67347  -39.078  -2.062  -32.986 0.1428571492
138152  -37.210  -4.417  -31.676 0.1428571492
132477  -34.829  -6.018  -32.739 0.1428571492
65410  -35.937  -4.762  -31.982 0.1428571492
63570  -35.019  -6.751  -36.937 0.1428571492
66416  -34.520  -3.816  -36.075 0.1428571492
54812  -21.632  -15.080  -33.271 0.2857142985
62505  -37.548  -7.126  -31.276 0.1428571492
128833  -38.566  -6.376  -31.528 0.1428571492
67334  -39.486  -2.747  -32.872 0.1428571492
68272  -39.402  -1.577  -33.503 0.1428571492
130144  -30.814  3.218  -44.979 0.4285714328
68253  -38.442  -1.970  -32.809 0.1428571492
66322  -37.269  -3.757  -31.887 0.1428571492
68252  -37.922  -1.514  -32.889 0.1428571492
120687  -35.411  -2.615  -33.359 0.1428571492
68251  -37.056  -1.681  -32.678 0.1428571492
136693  -34.516  -3.285  -36.677 0.1428571492
117698  -34.475  -2.686  -37.983 0.1428571492
77860  -30.797  8.638  -47.195 0.4285714328
130929  -30.486  9.886  -47.706 0.4285714328
82925  -30.367  14.041  -51.253 0.1428571492
77867  -30.506  8.290  -47.989 0.4285714328
55903  -21.591  -14.580  -33.851 0.2857142985
82914  -29.043  14.772  -50.816 0.1428571492
64524  -34.864  -5.704  -36.827 0.1428571492
60729  -32.204  -10.060  -34.760 0.1428571492
58879  -30.216  -11.525  -32.526 0.1428571492
59803  -31.753  -10.407  -34.129 0.1428571492
60765  -34.189  -9.482  -36.589 0.1428571492
68352  -34.261  -1.975  -39.306 0.1428571492
68351  -33.893  -1.173  -39.783 0.1428571492
63559  -34.769  -7.164  -36.187 0.1428571492
125794  -34.692  -6.169  -36.064 0.1428571492
66439  -34.614  -4.062  -37.000 0.1428571492
64492  -34.548  -5.035  -34.968 0.1428571492
65437  -34.565  -4.260  -34.750 0.1428571492
64456  -34.729  -5.412  -33.400 0.1428571492
63490  -34.609  -6.278  -33.646 0.1428571492
134011  -34.619  -7.130  -35.333 0.1428571492
65421  -34.946  -4.130  -33.446 0.1428571492
66395  -34.539  -3.782  -35.212 0.1428571492
67362  -34.811  -2.298  -34.387 0.1428571492
66353  -35.195  -3.430  -33.364 0.1428571492
134375  -34.497  -9.449  -35.283 0.1428571492
61614  -34.612  -8.484  -35.102 0.1428571492
62579  -34.700  -7.921  -35.734 0.1428571492
62547  -34.536  -7.185  -33.894 0.1428571492
66337  -35.619  -4.073  -32.593 0.1428571492
64458  -36.053  -5.480  -31.721 0.1428571492
66338  -36.487  -3.417  -32.262 0.1428571492
59782  -32.209  -11.092  -33.918 0.1428571492
59822  -33.039  -10.529  -35.295 0.1428571492
138605  -34.332  -10.242  -35.312 0.1428571492
60710  -34.471  -9.188  -33.558 0.1428571492
119840  -34.499  -7.797  -33.252 0.1428571492
137548  -34.971  -6.462  -32.380 0.1428571492
61585  -34.710  -7.761  -32.323 0.1428571492
63492  -36.251  -6.159  -31.552 0.1428571492
58902  -34.291  -11.583  -34.349 0.1428571492
60691  -34.473  -9.412  -32.638 0.1428571492
117495  -36.436  -7.990  -31.019 0.1428571492
63471  -36.865  -6.598  -31.333 0.1428571492
57976  -31.438  -12.597  -32.394 0.1428571492
56977  -34.174  -12.874  -33.386 0.1428571492
59769  -34.489  -10.386  -32.743 0.1428571492
59755  -34.904  -10.720  -31.363 0.1428571492
139799  -34.729  -11.581  -31.883 0.1428571492
58882  -34.502  -11.378  -33.388 0.1428571492
59742  -36.356  -11.125  -30.561 0.1428571492
60671  -36.323  -9.333  -30.692 0.1428571492
60672  -37.363  -9.224  -30.756 0.1428571492
58864  -34.823  -12.368  -32.122 0.1428571492
57980  -34.881  -13.169  -32.310 0.1428571492
115755  -22.611  -21.458  -32.617 0.1428571492
50402  -22.659  -20.371  -31.632 0.1428571492
49460  -22.158  -20.906  -32.283 0.1428571492
50411  -22.053  -20.134  -32.170 0.1428571492
51382  -22.863  -19.378  -30.711 0.1428571492
51401  -21.700  -18.682  -31.826 0.1428571492
52449  -21.258  -18.201  -32.208 0.1428571492
136161  -20.806  -16.928  -32.529 0.1428571492
53583  -21.541  -17.123  -32.048 0.1428571492
54793  -21.636  -15.634  -32.759 0.1428571492
52448  -19.870  -17.506  -31.930 0.1428571492
53590  -20.176  -16.802  -32.359 0.1428571492
53591  -20.652  -16.121  -32.819 0.1428571492
53611  -21.223  -15.673  -33.094 0.1428571492
54791  -20.015  -15.263  -32.912 0.1428571492
55879  -19.482  -14.371  -32.899 0.1428571492
55901  -20.504  -13.929  -33.904 0.1428571492
56993  -21.096  -13.657  -34.658 0.2857142985
56994  -21.750  -13.625  -34.997 0.1428571492
57001  -22.155  -13.213  -35.407 0.1428571492
58014  -21.452  -13.142  -35.263 0.2857142985
60784  -24.680  -9.262  -38.352 0.4285714328
62611  -26.076  -8.202  -39.286 0.4285714328
62626  -26.086  -7.640  -39.344 0.4285714328
130898  -30.689  2.967  -44.038 0.2857142985
125942  -30.940  6.621  -42.636 0.2857142985
132769  -31.444  7.327  -44.624 0.2857142985
76975  -31.429  7.475  -45.698 0.2857142985
77846  -31.409  8.153  -45.060 0.4285714328
122351  -21.180  -14.246  -34.213 0.1428571492
58012  -19.903  -12.569  -34.340 0.1428571492
58027  -21.048  -12.403  -35.456 0.2857142985
131359  -23.288  -12.182  -36.032 0.1428571492
51400  -21.075  -19.155  -32.518 0.1428571492
52455  -20.624  -17.612  -32.332 0.1428571492
55863  -19.027  -14.937  -32.221 0.1428571492
116611  -19.804  -13.914  -33.378 0.1428571492
56973  -19.629  -13.184  -33.697 0.1428571492
56992  -20.363  -13.238  -34.287 0.1428571492
58041  -22.202  -12.203  -36.208 0.2857142985
58934  -21.481  -11.938  -35.978 0.2857142985
58941  -22.889  -11.837  -36.465 0.2857142985
59832  -23.361  -11.093  -36.997 0.2857142985
60772  -24.482  -9.965  -37.925 0.4285714328
61671  -23.866  -8.535  -37.968 0.2857142985
71195  -30.690  1.158  -42.546 0.2857142985
123630  -30.596  1.886  -42.387 0.2857142985
72296  -30.711  2.267  -44.719 0.2857142985
73263  -30.604  3.298  -42.628 0.2857142985
73279  -30.723  3.547  -43.385 0.2857142985
129234  -30.957  4.187  -44.608 0.2857142985
75197  -31.148  5.657  -43.247 0.2857142985
75159  -30.006  5.993  -41.488 0.2857142985
76105  -31.345  6.645  -43.730 0.2857142985
71205  -30.692  1.275  -43.491 0.2857142985
72276  -30.615  2.490  -42.701 0.2857142985
71173  -30.508  1.612  -41.799 0.2857142985
130847  -30.364  3.707  -41.824 0.2857142985
74240  -30.475  4.712  -41.963 0.2857142985
123987  -30.657  4.096  -42.637 0.2857142985
74263  -30.911  4.328  -43.561 0.2857142985
129513  -30.190  5.231  -41.579 0.2857142985
75209  -31.357  5.668  -44.402 0.2857142985
73240  -29.659  3.463  -41.040 0.2857142985
61672  -25.392  -8.700  -38.710 0.4285714328
53592  -21.264  -16.498  -32.592 0.1428571492
121393  -24.013  -10.932  -37.010 0.4285714328
50418  -21.535  -19.644  -32.208 0.1428571492
138075  -31.083  4.980  -43.401 0.2857142985
58028  -21.856  -12.659  -35.778 0.1428571492
55880  -20.312  -14.593  -33.373 0.1428571492
54792  -20.812  -15.317  -33.305 0.1428571492
49441  -22.757  -20.962  -32.239 0.1428571492
51404  -20.921  -18.531  -32.441 0.1428571492
52456  -21.090  -17.534  -32.407 0.1428571492
54781  -19.687  -15.926  -32.311 0.1428571492
58918  -20.268  -12.055  -34.959 0.2857142985
60771  -23.898  -9.582  -37.901 0.4285714328
59845  -23.796  -10.388  -37.508 0.4285714328
74218  -29.049  4.325  -40.951 0.2857142985
63591  -24.943  -6.715  -38.437 0.2857142985
62610  -25.368  -7.825  -38.781 0.2857142985
64570  -26.442  -6.121  -39.459 0.2857142985
84377  -28.708  16.607  -47.153 0.1428571492
84392  -29.384  16.458  -48.010 0.1428571492
84408  -28.249  16.454  -49.254 0.1428571492
83657  -28.501  15.584  -50.407 0.1428571492
84368  -28.683  16.884  -46.287 0.1428571492
84421  -27.921  16.274  -50.120 0.1428571492
84389  -26.214  17.561  -49.019 0.1428571492
87438  -27.035  20.111  -46.527 0.1428571492
64553  -25.597  -6.125  -38.881 0.2857142985
134133  -25.800  -5.429  -39.223 0.2857142985
83658  -29.692  15.322  -50.113 0.1428571492
83638  -30.063  16.155  -48.518 0.1428571492
83645  -28.931  15.962  -49.670 0.1428571492
122374  -27.326  14.471  -52.275 0.1428571492
83669  -27.915  15.004  -51.239 0.1428571492
123719  -27.050  17.448  -47.460 0.1428571492
85977  -26.631  18.451  -46.820 0.1428571492
134992  -26.940  17.227  -48.151 0.1428571492
136749  -25.310  19.064  -47.772 0.1428571492
85216  -25.971  17.795  -48.047 0.1428571492
83656  -27.414  15.890  -50.977 0.1428571492
84420  -26.837  16.682  -50.743 0.1428571492
84391  -28.458  16.574  -48.292 0.1428571492
85207  -28.104  17.489  -46.330 0.1428571492
84409  -29.181  16.277  -48.870 0.1428571492
84407  -27.154  16.781  -49.669 0.1428571492
84390  -27.472  16.810  -48.658 0.1428571492
85194  -28.857  17.386  -45.698 0.1428571492
71172  -28.319  2.394  -40.675 0.1428571492
72234  -30.233  2.158  -41.345 0.1428571492
73241  -30.227  2.884  -41.511 0.1428571492
124212  -28.517  4.943  -41.168 0.1428571492
120955  -25.113  4.576  -42.951 0.1428571492
75155  -26.628  5.340  -41.948 0.1428571492
71154  -30.244  1.389  -41.142 0.1428571492
75158  -29.397  5.253  -41.229 0.1428571492
124986  -26.050  6.154  -42.466 0.1428571492
76908  -27.908  7.161  -41.496 0.1428571492
130522  -28.251  7.850  -41.479 0.2857142985
67443  -27.453  -2.924  -39.865 0.2857142985
70233  -28.603  0.298  -40.370 0.1428571492
70234  -29.471  0.445  -40.516 0.1428571492
71153  -29.648  1.250  -40.646 0.1428571492
74281  -34.816  4.548  -46.493 0.1428571492
72253  -27.381  2.784  -41.168 0.1428571492
120390  -29.224  6.078  -41.296 0.1428571492
119732  -31.003  8.010  -43.062 0.1428571492
76909  -29.195  7.756  -41.511 0.1428571492
126439  -29.611  8.341  -41.797 0.2857142985
77845  -31.072  9.184  -44.005 0.2857142985
81318  -29.767  12.661  -45.760 0.2857142985
81311  -29.813  12.664  -44.924 0.2857142985
82116  -28.948  13.803  -46.753 0.2857142985
84364  -24.013  17.978  -47.531 0.1428571492
83609  -26.325  15.849  -45.067 0.1428571492
78730  -31.302  8.870  -45.432 0.2857142985
77792  -29.966  8.854  -42.242 0.2857142985
78729  -31.060  9.781  -45.717 0.2857142985
80489  -30.028  11.102  -48.347 0.2857142985
80468  -30.469  11.478  -45.805 0.2857142985
80460  -30.066  11.834  -44.223 0.2857142985
81332  -29.401  12.423  -47.999 0.2857142985
81312  -30.168  12.134  -45.366 0.2857142985
81304  -30.088  12.156  -44.682 0.2857142985
82132  -28.447  13.495  -48.509 0.2857142985
131406  -26.576  15.428  -47.272 0.1428571492
82101  -28.853  13.803  -44.758 0.2857142985
85204  -24.581  17.545  -46.579 0.1428571492
85965  -25.146  18.253  -45.161 0.1428571492
81303  -29.686  12.420  -44.157 0.1428571492
79566  -28.715  10.906  -42.714 0.1428571492
77789  -27.250  7.943  -41.729 0.2857142985
82102  -29.375  13.127  -44.410 0.2857142985
82890  -27.479  14.976  -47.030 0.1428571492
82882  -28.324  14.416  -46.389 0.2857142985
83618  -26.807  15.374  -46.389 0.1428571492
82881  -27.611  14.913  -45.973 0.1428571492
122150  -25.757  7.071  -42.575 0.2857142985
82092  -28.119  13.630  -43.512 0.1428571492
83606  -26.306  15.972  -44.194 0.1428571492
82865  -27.521  14.648  -44.207 0.1428571492
76950  -21.096  7.397  -44.500 0.1428571492
75222  -34.523  5.483  -46.561 0.1428571492
133124  -33.648  3.578  -44.083 0.1428571492
69323  -29.298  -0.508  -40.426 0.1428571492
71152  -27.943  1.047  -40.583 0.1428571492
75218  -34.241  5.153  -45.890 0.1428571492
140204  -28.324  1.661  -40.582 0.1428571492
72275  -25.830  2.818  -42.332 0.1428571492
73262  -25.288  3.181  -42.651 0.1428571492
73238  -27.220  3.585  -41.392 0.1428571492
74215  -25.957  4.445  -42.382 0.1428571492
75157  -28.369  5.722  -41.310 0.1428571492
76104  -24.722  6.460  -43.239 0.1428571492
76066  -29.512  6.873  -41.460 0.1428571492
76932  -26.406  7.523  -42.280 0.2857142985
78692  -30.334  9.294  -42.779 0.1428571492
79568  -30.161  10.102  -42.990 0.1428571492
79586  -30.561  10.694  -44.448 0.2857142985
79576  -29.923  10.855  -43.300 0.1428571492
80461  -30.380  11.504  -44.822 0.1428571492
82861  -28.270  14.020  -44.050 0.1428571492
82093  -28.873  13.435  -43.932 0.2857142985
82866  -28.185  14.298  -44.672 0.1428571492
82873  -27.582  14.787  -45.071 0.1428571492
83607  -26.903  15.341  -44.603 0.1428571492
73286  -34.262  3.876  -45.345 0.1428571492
136156  -34.380  4.449  -45.780 0.1428571492
80480  -29.746  11.688  -48.145 0.2857142985
82133  -29.062  13.085  -48.010 0.2857142985
126373  -25.981  15.689  -46.707 0.1428571492
84358  -25.726  16.292  -45.481 0.1428571492
82124  -28.774  13.719  -47.685 0.2857142985
82891  -28.270  14.362  -47.340 0.2857142985
83627  -27.000  15.162  -47.989 0.2857142985
83610  -26.918  15.359  -45.504 0.1428571492
85192  -24.844  17.734  -45.756 0.1428571492
78741  -31.113  8.865  -46.360 0.2857142985
68361  -28.646  -1.343  -40.256 0.1428571492
118965  -27.650  -1.288  -40.115 0.1428571492
79622  -30.293  10.569  -48.078 0.2857142985
70254  -30.530  0.685  -41.667 0.1428571492
72277  -33.561  2.755  -43.034 0.1428571492
78740  -30.813  9.641  -46.910 0.2857142985
139391  -31.120  7.292  -42.996 0.1428571492
76955  -31.302  7.517  -43.636 0.1428571492
77829  -31.304  8.277  -43.990 0.1428571492
72232  -29.053  1.866  -40.521 0.1428571492
73239  -28.436  3.390  -40.820 0.1428571492
74217  -27.982  4.300  -41.173 0.1428571492
72252  -26.462  2.394  -41.724 0.1428571492
71171  -27.366  1.865  -41.034 0.1428571492
74216  -26.859  4.397  -41.646 0.1428571492
126045  -27.634  5.085  -41.427 0.1428571492
76063  -26.854  6.266  -41.894 0.1428571492
75156  -27.443  5.766  -41.561 0.1428571492
135694  -28.868  1.105  -40.431 0.1428571492
128023  -26.448  6.820  -42.265 0.1428571492
76064  -27.700  6.405  -41.523 0.1428571492
76910  -29.998  7.606  -41.737 0.1428571492
77808  -30.489  8.473  -42.569 0.2857142985
77791  -28.749  8.480  -41.615 0.2857142985
78717  -30.771  9.965  -44.162 0.2857142985
78718  -31.165  9.473  -44.783 0.2857142985
77828  -30.819  8.846  -43.239 0.2857142985
82117  -29.411  13.229  -46.214 0.2857142985
82125  -29.355  13.007  -47.188 0.2857142985
81295  -29.228  12.347  -43.635 0.1428571492
82108  -29.011  13.897  -45.795 0.2857142985
84353  -25.958  16.458  -44.707 0.1428571492
79594  -30.738  10.756  -45.322 0.2857142985
79612  -30.564  10.636  -47.246 0.2857142985
80474  -30.365  11.421  -46.739 0.2857142985
81319  -30.090  12.090  -46.227 0.2857142985
81325  -29.819  12.075  -47.184 0.2857142985
80453  -29.643  11.676  -43.606 0.1428571492
123584  -24.400  18.726  -45.967 0.1428571492
82874  -28.328  14.348  -45.428 0.2857142985
78673  -29.185  9.110  -41.972 0.1428571492
79577  -30.381  10.437  -43.672 0.2857142985
58917  -19.458  -11.741  -34.445 0.1428571492
58933  -20.680  -11.576  -35.582 0.1428571492
59818  -21.149  -11.138  -36.148 0.1428571492
58916  -19.056  -10.847  -34.625 0.1428571492
60742  -19.418  -9.533  -35.844 0.1428571492
60756  -19.763  -9.172  -36.341 0.1428571492
59829  -20.847  -10.316  -36.334 0.1428571492
61640  -20.202  -8.645  -36.843 0.1428571492
59831  -22.540  -10.992  -36.814 0.1428571492
130180  -20.618  -8.001  -37.349 0.1428571492
60769  -21.778  -9.185  -37.180 0.1428571492
127177  -23.282  -9.876  -37.600 0.1428571492
61656  -22.269  -8.620  -37.443 0.1428571492
61657  -23.138  -9.057  -37.637 0.1428571492
61654  -19.979  -7.843  -37.227 0.1428571492
62594  -21.839  -7.549  -37.643 0.1428571492
62595  -22.811  -7.944  -37.684 0.1428571492
63590  -23.809  -6.435  -38.284 0.1428571492
130893  -24.748  -5.151  -39.153 0.1428571492
135708  -25.391  -4.521  -39.419 0.1428571492
59830  -21.697  -10.658  -36.570 0.1428571492
57992  -19.111  -12.300  -33.797 0.1428571492
59816  -19.440  -10.230  -35.381 0.1428571492
82094  -29.246  12.906  -43.847 0.1428571492
66466  -27.267  -3.924  -39.783 0.1428571492
140185  -24.123  -7.889  -38.077 0.1428571492
58932  -19.870  -11.198  -35.123 0.1428571492
129552  -21.986  -11.509  -36.437 0.1428571492
59844  -22.974  -10.426  -37.284 0.1428571492
62609  -24.426  -7.393  -38.219 0.1428571492
59817  -20.343  -10.725  -35.757 0.1428571492
60741  -18.812  -9.448  -35.425 0.1428571492
60743  -20.028  -9.917  -36.047 0.1428571492
60757  -20.550  -9.487  -36.542 0.1428571492
61641  -20.982  -8.896  -36.995 0.1428571492
60758  -21.446  -9.790  -36.782 0.1428571492
60759  -22.201  -10.214  -36.981 0.1428571492
61655  -21.393  -8.266  -37.381 0.1428571492
62593  -21.029  -7.270  -37.711 0.1428571492
60770  -22.528  -9.616  -37.338 0.1428571492
61639  -19.545  -8.431  -36.632 0.1428571492
58875  -17.822  -11.488  -33.022 0.1428571492
58013  -20.674  -12.876  -34.873 0.2857142985
58042  -22.655  -12.598  -35.885 0.1428571492
59754  -34.548  -11.070  -32.309 0.1428571492
59805  -33.551  -11.167  -35.071 0.1428571492
59823  -33.831  -10.661  -35.543 0.1428571492
60764  -34.010  -9.614  -36.716 0.2857142985
60786  -25.914  -9.260  -38.289 0.5714285970
62525  -35.106  -6.921  -31.993 0.1428571492
62628  -27.398  -7.026  -40.293 0.5714285970
63596  -33.728  -7.328  -39.143 0.5714285970
63597  -34.791  -7.418  -39.089 0.4285714328
63606  -26.326  -6.985  -39.507 0.5714285970
63609  -28.521  -6.536  -40.354 0.4285714328
63616  -35.312  -6.485  -39.243 0.4285714328
64476  -34.968  -4.689  -33.167 0.1428571492
64555  -35.292  -4.921  -38.798 0.4285714328
64585  -34.395  -5.480  -40.506 0.5714285970
64592  -29.089  -5.080  -41.450 0.5714285970
65465  -34.622  -4.712  -36.426 0.1428571492
65527  -27.674  -5.349  -40.211 0.7142857313
65552  -29.748  -4.444  -42.350 0.7142857313
66486  -29.746  -3.927  -42.527 0.7142857313
66512  -34.732  -3.223  -43.792 0.8571428657
66524  -31.617  -3.156  -45.613 0.8571428657
67332  -37.769  -2.310  -32.535 0.1428571492
67465  -29.631  -2.356  -40.863 0.4285714328
67486  -30.684  -3.736  -44.580 0.8571428657
67511  -31.807  -3.237  -45.796 0.8571428657
67514  -34.638  -2.956  -46.051 0.8571428657
67521  -34.428  -2.600  -46.339 0.8571428657
68424  -32.746  -1.849  -46.150 0.8571428657
69226  -39.102  -0.888  -33.671 0.1428571492
69322  -28.211  -0.521  -40.280 0.1428571492
69341  -30.351  -0.124  -41.199 0.2857142985
69364  -31.045  -1.339  -44.405 0.5714285970
70235  -30.174  0.590  -40.906 0.1428571492
70275  -30.684  0.342  -42.479 0.2857142985
70293  -30.989  0.725  -45.136 0.4285714328
70307  -31.830  0.927  -46.157 1.0000000000
70309  -35.366  -0.664  -47.103 1.0000000000
71222  -31.191  1.604  -46.044 0.5714285970
71230  -36.768  0.748  -47.890 0.7142857313
71235  -36.906  1.323  -48.146 0.7142857313
72233  -29.768  2.016  -40.817 0.1428571492
72254  -29.226  2.655  -40.682 0.1428571492
72255  -30.493  2.343  -41.937 0.1428571492
72289  -30.656  2.169  -43.662 0.2857142985
72290  -33.650  2.868  -43.905 0.1428571492
72303  -31.865  2.250  -46.913 0.7142857313
72308  -34.740  1.906  -48.383 0.8571428657
72310  -37.424  2.708  -49.090 0.8571428657
72314  -37.535  2.796  -49.164 0.8571428657
73217  -29.880  2.659  -40.979 0.1428571492
73283  -30.789  3.656  -44.133 0.2857142985
73285  -31.023  3.114  -46.026 0.8571428657
73289  -31.961  2.899  -47.224 0.8571428657
73292  -31.637  3.492  -47.043 1.0000000000
73296  -32.676  3.599  -48.049 1.0000000000
73298  -36.269  2.491  -49.187 0.8571428657
73299  -37.591  3.026  -49.170 0.7142857313
74219  -29.949  4.459  -41.365 0.2857142985
74262  -30.853  4.924  -42.728 0.2857142985
74276  -31.188  4.946  -44.061 0.4285714328
74284  -32.136  4.112  -47.820 1.0000000000
74288  -33.405  4.215  -49.013 0.8571428657
74293  -36.887  3.955  -50.131 0.7142857313
75176  -25.803  5.234  -42.530 0.1428571492
75177  -30.622  5.706  -42.106 0.2857142985
75233  -34.798  4.856  -50.588 0.8571428657
75235  -37.208  5.289  -50.481 0.5714285970
75240  -37.088  5.768  -50.877 0.5714285970
76065  -28.558  6.567  -41.364 0.1428571492
76088  -25.308  6.580  -42.813 0.1428571492
76150  -31.596  6.514  -48.431 1.0000000000
76162  -36.680  6.288  -51.307 0.2857142985
76907  -27.065  7.024  -41.827 0.1428571492
76933  -30.587  7.578  -42.338 0.1428571492
76992  -30.957  7.890  -47.359 0.4285714328
77024  -36.427  6.622  -51.531 0.2857142985
77030  -34.863  7.622  -53.016 0.1428571492
77853  -31.315  8.172  -46.006 0.4285714328
78691  -29.688  9.645  -42.494 0.1428571492
78705  -30.581  9.659  -43.429 0.1428571492
78763  -29.644  8.869  -49.176 0.8571428657
79603  -30.767  10.678  -46.306 0.2857142985
79648  -28.755  10.203  -53.027 0.2857142985
79656  -29.340  10.642  -53.554 0.1428571492
79659  -32.125  10.022  -54.943 0.1428571492
80454  -30.233  11.210  -43.967 0.1428571492
80481  -30.211  11.296  -47.642 0.2857142985
80497  -28.915  11.245  -49.580 0.5714285970
80502  -26.957  11.520  -51.729 0.4285714328
80509  -26.855  11.587  -52.172 0.2857142985
81340  -28.330  12.049  -49.690 0.5714285970
81348  -27.450  11.682  -50.805 0.7142857313
82109  -29.422  13.266  -45.295 0.2857142985
82907  -26.677  14.257  -49.705 0.7142857313
82912  -25.118  14.042  -51.612 0.2857142985
82921  -24.878  14.082  -52.050 0.4285714328
82929  -24.992  14.546  -52.551 0.2857142985
83654  -24.315  16.037  -51.666 0.2857142985
83675  -24.793  15.786  -52.855 0.2857142985
84359  -29.304  16.849  -45.804 0.1428571492
84428  -24.356  16.909  -52.100 0.2857142985
84429  -25.020  17.195  -52.809 0.2857142985
84439  -25.071  16.528  -53.042 0.2857142985
85229  -23.436  18.913  -50.040 0.2857142985
85240  -24.189  18.399  -51.144 0.2857142985
85251  -24.316  17.765  -51.645 0.2857142985
85252  -24.740  17.474  -52.311 0.2857142985
85967  -28.756  18.336  -45.538 0.1428571492
85997  -23.670  18.965  -50.275 0.2857142985
86691  -23.787  20.436  -47.744 0.1428571492
86692  -23.886  19.842  -47.134 0.1428571492
87445  -23.861  20.506  -48.163 0.1428571492
87456  -23.660  21.067  -48.051 0.1428571492
115517  -22.734  -22.102  -32.910 0.1428571492
117136  -31.364  5.515  -46.388 0.5714285970
117360  -31.331  7.008  -48.049 0.7142857313
117362  -31.427  6.854  -46.280 0.5714285970
117911  -30.674  -0.433  -43.083 0.5714285970
120271  -34.604  -6.425  -35.332 0.1428571492
120522  -24.669  -8.360  -38.422 0.1428571492
120927  -26.537  3.026  -41.761 0.1428571492
121678  -31.763  -4.511  -42.070 0.8571428657
122613  -30.901  10.175  -44.855 0.2857142985
123099  -34.061  0.694  -43.874 0.2857142985
124719  -24.603  17.873  -51.789 0.2857142985
124925  -29.690  12.605  -46.509 0.2857142985
124990  -37.607  -5.002  -31.605 0.1428571492
125692  -30.379  -0.969  -41.578 0.2857142985
126044  -30.668  1.796  -42.955 0.2857142985
126731  -30.495  2.959  -42.084 0.2857142985
129282  -37.425  3.417  -49.390 0.7142857313
129447  -29.594  8.735  -49.813 0.7142857313
129844  -30.358  6.750  -41.855 0.1428571492
130283  -31.274  -6.222  -39.823 0.7142857313
130799  -28.680  7.240  -41.412 0.1428571492
131861  -30.664  2.903  -43.286 0.2857142985
132545  -35.013  -3.749  -40.925 0.4285714328
134719  -35.609  -0.839  -46.615 0.8571428657
134984  -34.528  -3.176  -35.611 0.1428571492
135258  -31.319  8.792  -44.642 0.2857142985
135286  -35.311  -1.551  -46.507 0.8571428657
135543  -30.180  8.178  -42.055 0.2857142985
135687  -31.851  4.856  -47.765 0.7142857313
135789  -29.047  -9.816  -34.063 0.2857142985
136803  -30.713  7.841  -48.533 1.0000000000
137463  -38.033  -2.868  -32.377 0.1428571492
137702  -20.955  -19.025  -32.548 0.1428571492
137858  -21.987  -9.725  -37.090 0.1428571492
140137  -24.012  16.815  -50.800 0.2857142985
