#!ascii label  , from subject sub-v1s3x0050795_ses-1 vox2ras=TkReg
912
137183  19.116  -16.388  33.328 0.0000000000
133023  29.717  -19.337  37.670 0.0000000000
127701  37.822  -0.671  19.959 0.0000000000
60298  29.323  -8.977  23.255 0.0000000000
56354  31.123  -13.335  30.971 0.0000000000
73248  50.698  3.095  14.650 0.0000000000
68389  36.334  -1.001  24.054 0.0000000000
66381  32.369  -3.651  21.205 0.0000000000
50029  15.189  -19.762  32.485 0.0000000000
53049  24.401  -16.421  35.099 0.0000000000
52065  26.506  -17.769  31.648 0.0000000000
54252  21.320  -15.415  29.959 0.0000000000
72297  44.034  1.978  17.027 0.0000000000
54128  22.050  -15.887  38.733 0.0000000000
54145  17.672  -15.209  37.736 0.0000000000
70425  42.120  0.867  21.112 0.0000000000
49971  13.447  -19.756  37.094 0.0000000000
45036  11.121  -24.754  36.736 0.0000000000
62316  33.765  -7.940  22.421 0.0000000000
137810  30.126  -11.045  28.132 0.0000000000
55353  28.809  -15.054  27.040 0.0000000000
52108  29.085  -17.280  28.978 0.0000000000
68360  35.851  -1.851  25.316 0.0000000000
67386  34.149  -2.440  22.777 0.0000000000
66356  33.867  -3.451  23.628 0.0000000000
69385  37.895  -0.197  26.254 0.0000000000
126411  17.696  -17.476  30.793 0.0000000000
134047  16.251  -19.448  30.430 0.0000000000
52036  17.129  -17.604  33.144 0.0000000000
54190  22.261  -15.611  34.337 0.0000000000
54221  23.115  -15.702  32.341 0.0000000000
54241  19.857  -15.936  31.375 0.0000000000
122232  18.342  -17.300  28.897 0.0000000000
70440  38.939  0.164  18.155 0.0000000000
135876  39.551  -0.067  22.238 0.0000000000
70432  40.187  0.370  19.857 0.0000000000
131887  40.907  0.769  18.245 0.0000000000
55221  16.887  -14.794  39.959 0.0000000000
53023  14.739  -16.653  37.150 0.0000000000
52999  14.238  -16.242  39.786 0.0000000000
46010  10.636  -23.677  41.196 0.0000000000
47089  11.760  -23.123  39.130 0.0000000000
43867  10.403  -25.141  39.390 0.0000000000
42742  7.965  -27.042  38.325 0.0000000000
133375  7.329  -27.314  40.883 0.0000000000
59243  32.294  -10.392  29.834 0.0000000000
57371  30.940  -12.198  30.106 0.0000000000
56407  28.851  -13.231  27.824 0.0000000000
55326  29.804  -14.336  29.480 0.0000000000
127681  25.003  -16.698  29.168 0.0000000000
52081  27.772  -17.746  30.214 0.0000000000
141605  25.869  -16.898  28.080 0.0000000000
53190  26.594  -16.739  26.220 0.0000000000
119687  31.421  -8.390  22.620 0.0000000000
62340  32.089  -7.845  20.423 0.0000000000
61389  29.834  -8.877  20.602 0.0000000000
73246  53.875  3.442  13.926 0.0000000000
72330  51.808  2.713  13.462 0.0000000000
141729  37.165  -0.951  21.782 0.0000000000
68401  35.416  -1.512  21.176 0.0000000000
69409  38.276  0.088  23.881 0.0000000000
121578  27.395  -18.304  37.074 0.0000000000
120050  27.974  -18.870  34.274 0.0000000000
127793  25.622  -17.676  33.922 0.0000000000
53124  23.726  -15.995  30.275 0.0000000000
54300  22.259  -15.631  27.351 0.0000000000
72278  45.269  2.040  19.847 0.0000000000
127486  46.331  2.493  17.485 0.0000000000
129979  46.987  2.559  15.135 0.0000000000
118423  48.767  2.653  14.015 0.0000000000
54174  20.341  -15.559  36.030 0.0000000000
53051  18.341  -15.921  35.563 0.0000000000
54131  19.661  -15.488  38.424 0.0000000000
53035  23.402  -16.301  36.587 0.0000000000
126130  43.385  1.521  18.986 0.0000000000
53053  15.964  -16.928  34.916 0.0000000000
49078  14.077  -20.229  34.624 0.0000000000
118756  13.174  -22.215  35.320 0.0000000000
49039  12.680  -20.336  39.207 0.0000000000
138509  12.507  -22.648  37.660 0.0000000000
129908  3.667  -28.588  43.262 0.0000000000
63334  34.709  -5.790  24.085 0.0000000000
61332  31.508  -8.576  25.192 0.0000000000
60256  31.604  -9.501  27.509 0.0000000000
60284  29.568  -9.631  25.398 0.0000000000
58375  27.839  -11.604  25.587 0.0000000000
127152  28.201  -13.869  25.668 0.0000000000
130264  28.732  -15.752  23.291 0.0000000000
51067  29.291  -18.474  32.726 0.0000000000
52078  30.203  -17.292  30.861 0.0000000000
54249  30.286  -15.462  30.280 0.0000000000
53150  29.248  -16.464  27.868 0.0000000000
53232  27.726  -16.522  24.041 0.0000000000
64368  33.143  -5.479  22.221 0.0000000000
130738  31.580  -6.241  19.303 0.0000000000
67343  35.642  -2.797  25.605 0.0000000000
67357  34.869  -2.824  24.386 0.0000000000
66339  34.769  -3.740  24.702 0.0000000000
68348  36.682  -1.667  26.563 0.0000000000
52067  18.054  -17.044  31.254 0.0000000000
52068  17.550  -17.639  31.616 0.0000000000
52051  17.687  -17.418  32.611 0.0000000000
54210  19.907  -15.862  33.694 0.0000000000
54224  20.511  -15.620  32.799 0.0000000000
53109  19.473  -16.217  31.917 0.0000000000
53110  18.502  -16.654  30.908 0.0000000000
69451  38.316  -0.181  18.695 0.0000000000
69426  39.065  -0.260  20.996 0.0000000000
70422  39.832  0.032  21.435 0.0000000000
69432  39.013  -0.114  20.100 0.0000000000
142151  39.373  0.298  18.660 0.0000000000
128985  10.475  -24.801  41.461 0.0000000000
44964  10.459  -24.766  40.707 0.0000000000
43868  9.879  -25.603  39.937 0.0000000000
138388  9.198  -26.170  38.505 0.0000000000
42727  8.618  -26.530  39.846 0.0000000000
42714  7.911  -26.905  40.330 0.0000000000
58332  31.585  -11.740  30.475 0.0000000000
57365  31.314  -12.512  30.760 0.0000000000
57373  29.902  -12.825  29.268 0.0000000000
56355  30.588  -13.847  30.566 0.0000000000
137689  31.354  -18.870  36.416 0.0000000000
118878  23.838  -16.178  26.949 0.0000000000
53151  25.161  -16.674  28.337 0.0000000000
121340  24.689  -16.436  26.824 0.0000000000
121628  24.815  -16.538  26.075 0.0000000000
133187  30.012  -8.531  23.128 0.0000000000
61364  30.438  -8.463  22.270 0.0000000000
118267  49.954  3.216  15.183 0.0000000000
118716  50.966  3.614  16.305 0.0000000000
135786  51.553  3.302  14.922 0.0000000000
118167  52.246  3.188  14.357 0.0000000000
73247  51.305  2.921  14.112 0.0000000000
133165  36.977  -0.951  22.258 0.0000000000
68400  36.141  -1.296  20.898 0.0000000000
68395  36.267  -1.286  22.270 0.0000000000
67387  33.336  -2.940  22.347 0.0000000000
67414  33.305  -2.449  20.571 0.0000000000
135716  32.713  -2.817  20.216 0.0000000000
69411  36.885  -0.593  24.584 0.0000000000
69410  37.548  -0.192  24.243 0.0000000000
69418  37.511  -0.583  22.844 0.0000000000
122723  15.467  -19.825  31.766 0.0000000000
136735  14.475  -21.077  32.416 0.0000000000
52011  25.723  -17.515  35.496 0.0000000000
137623  26.322  -17.908  35.193 0.0000000000
53062  24.944  -16.886  34.667 0.0000000000
54238  22.391  -15.533  31.208 0.0000000000
54237  23.151  -15.685  31.500 0.0000000000
141453  22.613  -15.545  29.813 0.0000000000
53141  23.289  -15.766  29.673 0.0000000000
123818  21.826  -15.293  28.757 0.0000000000
53154  20.269  -16.088  27.921 0.0000000000
57441  27.781  -12.420  23.812 0.0000000000
72290  44.813  2.104  18.268 0.0000000000
72289  45.401  2.258  18.603 0.0000000000
72296  44.771  2.168  17.397 0.0000000000
72318  46.378  2.445  15.230 0.0000000000
72326  46.381  2.261  14.460 0.0000000000
72316  47.646  2.701  15.091 0.0000000000
120004  20.772  -15.627  36.846 0.0000000000
119742  19.904  -15.551  36.902 0.0000000000
54129  21.155  -15.708  38.389 0.0000000000
53021  22.838  -16.193  37.310 0.0000000000
54173  21.359  -15.616  36.074 0.0000000000
71354  43.632  1.518  19.977 0.0000000000
71355  42.678  1.245  19.736 0.0000000000
70445  41.221  0.892  17.512 0.0000000000
54176  18.110  -15.639  36.398 0.0000000000
140823  16.657  -16.354  35.294 0.0000000000
53036  16.349  -15.894  36.631 0.0000000000
50990  13.896  -18.048  37.308 0.0000000000
133813  14.283  -18.705  35.750 0.0000000000
49991  13.730  -20.009  35.852 0.0000000000
49079  13.785  -20.976  34.742 0.0000000000
49061  13.465  -20.731  36.163 0.0000000000
49953  12.775  -19.796  40.651 0.0000000000
131448  11.319  -24.378  38.075 0.0000000000
46056  12.140  -23.103  38.310 0.0000000000
46087  11.958  -23.820  37.117 0.0000000000
45034  12.008  -23.951  35.672 0.0000000000
61331  32.680  -8.332  25.192 0.0000000000
59260  31.376  -10.399  28.815 0.0000000000
60235  31.842  -9.782  28.383 0.0000000000
59278  31.131  -10.119  28.039 0.0000000000
60272  30.369  -9.568  26.211 0.0000000000
59290  30.010  -10.282  26.882 0.0000000000
59303  28.307  -10.759  25.361 0.0000000000
58373  28.853  -11.413  26.866 0.0000000000
125412  28.699  -14.089  27.501 0.0000000000
56423  28.067  -13.172  26.314 0.0000000000
55366  28.727  -15.137  26.044 0.0000000000
55380  28.600  -14.967  25.013 0.0000000000
54326  28.845  -15.989  25.525 0.0000000000
51070  26.828  -18.439  32.952 0.0000000000
51051  28.608  -18.720  33.453 0.0000000000
51069  27.549  -18.405  32.420 0.0000000000
52095  28.474  -17.574  29.593 0.0000000000
52080  28.669  -17.747  30.350 0.0000000000
52094  29.322  -17.379  29.745 0.0000000000
53120  30.410  -16.441  30.603 0.0000000000
53138  29.606  -16.907  29.221 0.0000000000
125138  29.546  -16.406  28.722 0.0000000000
131498  29.283  -16.898  28.403 0.0000000000
53254  25.931  -16.762  24.013 0.0000000000
53189  27.797  -16.798  26.005 0.0000000000
63342  34.742  -6.821  23.343 0.0000000000
64354  34.145  -5.789  23.353 0.0000000000
63351  33.724  -7.113  22.193 0.0000000000
139980  31.070  -8.533  19.552 0.0000000000
62354  31.590  -7.757  19.477 0.0000000000
73251  54.691  3.405  12.675 0.0000000000
68374  36.306  -1.151  24.926 0.0000000000
124301  35.746  -1.476  23.607 0.0000000000
67373  35.169  -2.081  24.005 0.0000000000
67375  33.734  -2.957  23.123 0.0000000000
66357  33.371  -3.629  22.930 0.0000000000
69369  37.621  -0.756  27.008 0.0000000000
69386  37.078  -0.855  26.204 0.0000000000
51094  16.738  -18.817  29.997 0.0000000000
121697  16.416  -18.652  32.081 0.0000000000
141485  15.898  -18.715  32.703 0.0000000000
54189  23.148  -15.769  34.434 0.0000000000
130351  23.499  -15.943  33.688 0.0000000000
54207  22.434  -15.612  33.500 0.0000000000
118915  21.849  -15.496  31.918 0.0000000000
54253  20.592  -15.560  30.375 0.0000000000
54285  19.948  -15.703  29.151 0.0000000000
137730  19.341  -15.995  30.195 0.0000000000
52099  18.178  -17.127  29.664 0.0000000000
71382  43.165  1.713  15.738 0.0000000000
54111  22.279  -15.909  39.652 0.0000000000
118995  40.213  0.216  22.269 0.0000000000
70421  40.732  0.415  21.555 0.0000000000
70426  41.316  0.615  20.871 0.0000000000
71356  41.783  0.913  19.351 0.0000000000
132407  40.505  0.542  19.288 0.0000000000
70439  39.693  0.429  18.258 0.0000000000
122975  16.909  -14.961  38.578 0.0000000000
54147  16.052  -15.723  37.234 0.0000000000
54134  16.090  -15.210  38.448 0.0000000000
53012  14.367  -16.268  38.860 0.0000000000
51987  13.710  -17.889  38.082 0.0000000000
121814  12.198  -21.153  41.136 0.0000000000
47064  11.137  -23.065  40.686 0.0000000000
124748  10.984  -24.113  39.463 0.0000000000
43898  10.492  -25.265  37.767 0.0000000000
42754  9.008  -26.193  37.734 0.0000000000
58343  31.936  -11.030  30.155 0.0000000000
58354  30.289  -11.420  28.709 0.0000000000
58355  29.660  -11.644  28.129 0.0000000000
57385  29.787  -12.194  28.718 0.0000000000
124921  29.105  -13.982  28.293 0.0000000000
55352  28.989  -14.968  27.936 0.0000000000
133469  25.597  -17.127  30.255 0.0000000000
136953  27.159  -17.776  30.906 0.0000000000
52083  26.092  -17.309  29.736 0.0000000000
52097  26.752  -17.398  29.148 0.0000000000
52110  27.672  -17.402  28.453 0.0000000000
52122  28.324  -17.160  27.529 0.0000000000
53170  26.418  -16.908  27.333 0.0000000000
53214  25.501  -16.624  25.590 0.0000000000
61361  33.095  -8.345  22.613 0.0000000000
62317  33.135  -8.005  21.829 0.0000000000
61363  31.593  -8.398  21.635 0.0000000000
61388  30.771  -8.624  20.073 0.0000000000
73231  53.731  3.692  14.849 0.0000000000
73253  53.198  3.053  13.353 0.0000000000
69434  37.563  -0.831  20.589 0.0000000000
69443  37.084  -0.931  19.756 0.0000000000
69435  36.883  -1.113  20.700 0.0000000000
68402  34.699  -1.838  21.534 0.0000000000
133682  33.971  -1.984  20.109 0.0000000000
132903  38.683  0.343  26.434 0.0000000000
70373  39.238  0.694  25.754 0.0000000000
70387  39.271  0.607  24.735 0.0000000000
70405  38.971  0.102  23.387 0.0000000000
69422  38.326  -0.454  22.344 0.0000000000
51006  28.473  -19.041  37.163 0.0000000000
51005  29.369  -19.277  36.402 0.0000000000
51022  27.662  -18.870  36.137 0.0000000000
51053  26.652  -18.483  33.778 0.0000000000
52048  26.224  -18.028  32.701 0.0000000000
53091  24.425  -16.483  32.676 0.0000000000
135926  24.616  -16.541  31.996 0.0000000000
53106  25.152  -16.884  31.618 0.0000000000
53140  24.169  -16.293  29.572 0.0000000000
53153  23.520  -15.888  28.786 0.0000000000
54299  23.021  -15.834  27.120 0.0000000000
120837  47.246  2.602  17.710 0.0000000000
72308  45.514  2.366  16.814 0.0000000000
72307  46.300  2.499  16.519 0.0000000000
73215  47.843  2.841  17.052 0.0000000000
73229  48.613  3.153  16.513 0.0000000000
73241  49.037  3.037  14.874 0.0000000000
72323  49.779  2.841  14.213 0.0000000000
72331  50.067  2.561  13.434 0.0000000000
54193  19.733  -15.838  34.655 0.0000000000
53079  18.429  -16.653  33.781 0.0000000000
54175  19.045  -15.663  35.750 0.0000000000
54156  19.203  -15.483  36.962 0.0000000000
54144  19.071  -15.376  38.140 0.0000000000
123068  20.799  -15.652  39.648 0.0000000000
54115  18.263  -15.233  39.178 0.0000000000
55202  18.206  -15.085  40.614 0.0000000000
140103  29.436  -19.031  38.652 0.0000000000
119804  28.031  -18.340  38.346 0.0000000000
50989  27.060  -17.620  37.755 0.0000000000
53033  25.087  -17.111  36.252 0.0000000000
53019  24.755  -16.804  37.148 0.0000000000
53050  23.857  -16.296  35.860 0.0000000000
120553  22.703  -15.683  35.184 0.0000000000
127530  21.032  -15.567  35.411 0.0000000000
126150  45.191  1.809  20.580 0.0000000000
71358  44.139  1.714  19.357 0.0000000000
137314  43.640  1.665  18.219 0.0000000000
71360  41.574  0.978  18.444 0.0000000000
133626  42.116  1.242  17.817 0.0000000000
71364  42.715  1.490  17.219 0.0000000000
121992  17.694  -16.753  34.190 0.0000000000
52023  16.405  -17.375  34.162 0.0000000000
51055  15.617  -18.505  33.374 0.0000000000
51999  15.017  -16.868  36.327 0.0000000000
51024  14.784  -18.371  35.091 0.0000000000
124306  14.463  -19.902  33.906 0.0000000000
137970  14.119  -20.628  34.002 0.0000000000
119827  13.556  -21.960  34.014 0.0000000000
51968  13.541  -17.710  39.782 0.0000000000
136409  13.137  -19.607  38.351 0.0000000000
47102  12.605  -22.110  37.950 0.0000000000
48111  12.908  -21.547  37.356 0.0000000000
123397  12.744  -22.788  35.866 0.0000000000
41566  6.459  -27.748  42.211 0.0000000000
65319  35.176  -4.586  25.068 0.0000000000
61351  34.393  -8.245  23.563 0.0000000000
133512  32.955  -8.430  23.448 0.0000000000
61344  31.228  -8.447  24.329 0.0000000000
61345  30.434  -8.639  24.259 0.0000000000
61312  31.825  -8.695  25.990 0.0000000000
60283  30.313  -9.162  25.356 0.0000000000
135763  29.190  -9.507  24.612 0.0000000000
59311  28.187  -10.495  24.539 0.0000000000
59304  27.830  -11.136  24.875 0.0000000000
57429  27.615  -12.422  24.501 0.0000000000
57404  28.276  -12.532  26.727 0.0000000000
56424  27.778  -12.960  25.674 0.0000000000
56453  28.319  -13.655  23.943 0.0000000000
55396  28.575  -14.538  24.116 0.0000000000
54367  29.161  -15.813  22.826 0.0000000000
56340  31.934  -13.941  32.354 0.0000000000
51019  30.338  -18.874  35.238 0.0000000000
51033  30.656  -18.521  34.326 0.0000000000
52033  30.913  -17.928  33.178 0.0000000000
51083  28.243  -18.265  31.763 0.0000000000
52046  29.876  -18.100  32.137 0.0000000000
52044  31.239  -17.327  32.761 0.0000000000
53104  31.110  -16.211  31.938 0.0000000000
54235  31.033  -15.335  31.538 0.0000000000
55298  30.643  -14.747  30.886 0.0000000000
54264  29.878  -15.170  29.559 0.0000000000
54280  29.389  -15.776  28.277 0.0000000000
54298  29.245  -15.972  27.339 0.0000000000
118760  28.562  -16.786  26.683 0.0000000000
134632  28.909  -16.303  26.327 0.0000000000
53231  28.336  -16.196  23.697 0.0000000000
65320  34.580  -4.735  24.485 0.0000000000
65347  33.258  -4.617  22.698 0.0000000000
65357  32.353  -4.449  21.410 0.0000000000
62339  32.714  -7.564  21.161 0.0000000000
64390  32.243  -5.861  20.687 0.0000000000
64391  31.807  -5.086  20.209 0.0000000000
124738  50.802  2.501  13.172 0.0000000000
67325  36.134  -2.898  26.263 0.0000000000
66323  35.358  -3.732  25.424 0.0000000000
67324  36.671  -2.502  26.769 0.0000000000
53093  19.096  -16.470  32.537 0.0000000000
52050  18.066  -17.119  32.018 0.0000000000
53095  18.432  -16.892  32.826 0.0000000000
54225  19.727  -16.011  32.754 0.0000000000
53094  18.678  -16.664  31.775 0.0000000000
69441  38.375  -0.324  19.618 0.0000000000
69452  37.704  -0.456  18.326 0.0000000000
69442  37.678  -0.518  19.148 0.0000000000
69433  38.315  -0.515  20.574 0.0000000000
70434  39.044  0.111  19.153 0.0000000000
43834  10.312  -25.276  41.199 0.0000000000
43852  9.944  -25.663  40.838 0.0000000000
42726  9.357  -26.093  40.360 0.0000000000
42713  8.701  -26.506  40.772 0.0000000000
57358  31.707  -12.861  31.453 0.0000000000
57366  30.704  -12.996  30.369 0.0000000000
50985  31.378  -18.914  37.978 0.0000000000
121725  30.667  -19.155  37.247 0.0000000000
53172  24.523  -16.387  27.695 0.0000000000
53192  24.010  -16.450  26.121 0.0000000000
61365  29.491  -8.787  22.503 0.0000000000
119624  50.856  3.382  15.469 0.0000000000
69423  36.522  -1.015  23.086 0.0000000000
135604  35.799  -1.450  22.854 0.0000000000
66380  32.804  -3.194  21.636 0.0000000000
67401  32.662  -2.981  20.922 0.0000000000
66398  32.236  -3.479  20.249 0.0000000000
65366  31.810  -4.338  19.731 0.0000000000
69419  37.067  -0.562  23.701 0.0000000000
49099  15.070  -20.243  32.051 0.0000000000
49111  15.270  -20.493  31.398 0.0000000000
49100  14.699  -20.410  32.651 0.0000000000
53048  25.026  -16.995  35.301 0.0000000000
54251  22.145  -15.475  30.345 0.0000000000
54266  21.957  -15.352  29.483 0.0000000000
54267  21.225  -15.266  29.072 0.0000000000
54283  21.333  -15.398  28.279 0.0000000000
54284  20.527  -15.591  28.570 0.0000000000
72291  44.159  1.887  17.850 0.0000000000
72325  47.293  2.412  14.293 0.0000000000
54140  21.967  -15.859  37.867 0.0000000000
54141  21.037  -15.686  37.591 0.0000000000
53011  22.891  -16.162  38.283 0.0000000000
54155  21.851  -15.803  36.889 0.0000000000
71347  42.855  1.187  21.319 0.0000000000
71350  42.645  1.172  20.564 0.0000000000
54158  18.030  -15.379  37.189 0.0000000000
54159  17.276  -15.696  36.550 0.0000000000
54146  16.981  -15.444  37.240 0.0000000000
51009  13.662  -18.887  37.116 0.0000000000
49977  13.790  -19.337  36.334 0.0000000000
125315  13.516  -20.129  36.492 0.0000000000
49950  12.819  -19.745  41.612 0.0000000000
45019  11.025  -24.772  37.579 0.0000000000
45018  11.519  -24.298  37.318 0.0000000000
45035  11.691  -24.239  36.373 0.0000000000
59261  30.717  -10.743  28.462 0.0000000000
59279  30.393  -10.490  27.689 0.0000000000
59291  29.264  -10.709  26.573 0.0000000000
58363  29.604  -11.042  27.409 0.0000000000
118510  28.443  -14.076  26.643 0.0000000000
52047  26.887  -18.164  32.272 0.0000000000
119896  28.328  -17.462  28.931 0.0000000000
53121  30.014  -17.064  30.016 0.0000000000
52109  28.723  -17.247  28.291 0.0000000000
62315  34.282  -7.406  22.774 0.0000000000
63343  34.039  -6.515  22.775 0.0000000000
141289  33.481  -7.599  22.022 0.0000000000
68375  35.749  -1.598  24.466 0.0000000000
66340  34.384  -3.316  24.128 0.0000000000
67374  34.434  -2.668  23.610 0.0000000000
69368  38.148  -0.924  27.695 0.0000000000
68359  36.444  -1.407  25.759 0.0000000000
52052  17.064  -17.972  32.370 0.0000000000
51084  16.985  -18.242  31.555 0.0000000000
51071  16.403  -18.137  32.984 0.0000000000
121418  22.868  -15.712  33.789 0.0000000000
54208  21.718  -15.543  33.606 0.0000000000
126016  20.198  -15.795  32.011 0.0000000000
54239  20.981  -15.538  31.952 0.0000000000
54240  20.513  -15.701  31.232 0.0000000000
121029  21.424  -15.538  30.996 0.0000000000
54254  19.889  -15.833  30.672 0.0000000000
54269  19.881  -15.671  29.860 0.0000000000
52084  18.102  -17.037  30.455 0.0000000000
52085  17.652  -17.596  30.035 0.0000000000
124041  39.636  0.121  22.940 0.0000000000
70428  39.689  0.100  20.468 0.0000000000
70427  40.468  0.356  20.675 0.0000000000
70431  41.047  0.601  19.897 0.0000000000
54116  17.358  -14.927  39.174 0.0000000000
54117  16.319  -14.926  39.253 0.0000000000
54119  14.886  -15.617  39.511 0.0000000000
51977  13.952  -17.052  38.430 0.0000000000
53013  13.824  -16.940  39.284 0.0000000000
133077  11.139  -22.306  41.986 0.0000000000
48076  11.510  -22.143  41.090 0.0000000000
44963  10.713  -24.190  40.176 0.0000000000
125034  10.790  -24.569  39.232 0.0000000000
45000  10.839  -24.820  38.520 0.0000000000
43883  10.345  -25.356  38.563 0.0000000000
43899  9.780  -25.774  37.955 0.0000000000
133782  8.554  -26.560  38.893 0.0000000000
42741  8.536  -26.580  38.036 0.0000000000
58344  31.249  -11.438  29.791 0.0000000000
58353  30.947  -11.079  29.146 0.0000000000
57384  30.480  -11.938  29.404 0.0000000000
56368  29.592  -13.749  29.036 0.0000000000
127661  29.473  -14.808  28.810 0.0000000000
53139  24.961  -16.730  29.977 0.0000000000
134860  26.143  -17.414  30.402 0.0000000000
142523  25.504  -16.989  29.608 0.0000000000
52098  25.847  -17.041  28.909 0.0000000000
140989  26.626  -17.192  28.271 0.0000000000
52123  27.336  -17.208  27.689 0.0000000000
61353  32.206  -8.432  23.045 0.0000000000
61362  32.391  -8.342  22.131 0.0000000000
61377  30.627  -8.520  21.136 0.0000000000
72329  52.558  2.968  13.647 0.0000000000
72342  52.392  2.563  12.699 0.0000000000
132491  37.329  -0.927  21.287 0.0000000000
68408  35.464  -1.394  20.292 0.0000000000
68418  34.729  -1.613  19.692 0.0000000000
68390  35.036  -1.929  23.066 0.0000000000
68396  35.427  -1.626  22.135 0.0000000000
68397  34.655  -2.012  22.315 0.0000000000
67413  33.994  -2.097  21.033 0.0000000000
67426  33.223  -2.412  19.703 0.0000000000
67438  33.943  -1.951  19.066 0.0000000000
70358  38.337  -0.220  27.144 0.0000000000
121783  39.152  0.304  27.392 0.0000000000
69398  37.995  0.157  24.629 0.0000000000
138051  38.390  0.332  25.365 0.0000000000
70388  38.554  0.361  24.501 0.0000000000
121538  38.934  0.382  24.025 0.0000000000
69428  37.675  -0.742  21.882 0.0000000000
129556  37.874  -0.722  21.170 0.0000000000
51007  27.945  -18.779  36.905 0.0000000000
51037  26.764  -18.368  34.734 0.0000000000
52034  26.022  -18.090  33.513 0.0000000000
52035  25.530  -17.515  33.141 0.0000000000
54206  22.990  -15.714  33.133 0.0000000000
54205  24.329  -16.455  33.602 0.0000000000
53078  23.690  -16.055  32.881 0.0000000000
53108  23.786  -15.974  31.018 0.0000000000
53092  23.896  -16.078  31.950 0.0000000000
53107  24.490  -16.419  31.303 0.0000000000
53122  25.084  -16.791  30.786 0.0000000000
53123  24.369  -16.373  30.489 0.0000000000
124741  22.612  -15.469  28.945 0.0000000000
54281  22.887  -15.605  28.017 0.0000000000
53142  19.272  -16.165  29.395 0.0000000000
53155  19.700  -16.243  28.462 0.0000000000
53156  18.921  -16.783  28.675 0.0000000000
72288  46.061  2.425  18.449 0.0000000000
134849  46.752  2.502  18.294 0.0000000000
133464  44.525  2.202  15.565 0.0000000000
135336  45.155  2.350  16.002 0.0000000000
118075  46.696  2.569  15.872 0.0000000000
72306  47.000  2.620  16.738 0.0000000000
72317  47.575  2.808  15.960 0.0000000000
72324  48.143  2.696  14.610 0.0000000000
131198  19.646  -15.662  35.486 0.0000000000
54143  19.589  -15.474  37.658 0.0000000000
119741  18.848  -15.382  37.497 0.0000000000
54112  21.342  -15.737  39.215 0.0000000000
54095  20.112  -15.602  39.766 0.0000000000
125303  18.947  -15.441  39.203 0.0000000000
54097  18.620  -15.362  39.889 0.0000000000
119043  28.504  -18.879  38.114 0.0000000000
122313  26.486  -17.469  37.240 0.0000000000
53020  23.823  -16.500  37.325 0.0000000000
53034  24.222  -16.625  36.498 0.0000000000
54171  23.098  -15.910  35.895 0.0000000000
54192  20.371  -15.623  35.096 0.0000000000
68416  36.355  -1.045  19.261 0.0000000000
70437  41.038  0.735  18.983 0.0000000000
71365  41.906  1.218  16.875 0.0000000000
71371  42.553  1.486  16.275 0.0000000000
53065  18.360  -16.350  34.620 0.0000000000
136618  17.541  -16.342  34.965 0.0000000000
52024  15.806  -17.618  34.405 0.0000000000
51054  15.977  -17.872  33.740 0.0000000000
53022  15.247  -15.982  37.532 0.0000000000
53037  15.478  -16.237  36.793 0.0000000000
51039  14.309  -19.039  35.088 0.0000000000
134439  14.696  -18.790  34.515 0.0000000000
50002  14.395  -19.439  34.499 0.0000000000
126031  13.521  -21.720  34.706 0.0000000000
47144  13.230  -22.398  34.426 0.0000000000
46125  12.860  -23.141  33.987 0.0000000000
49952  13.082  -19.242  40.056 0.0000000000
50955  13.336  -18.599  39.461 0.0000000000
49955  12.995  -19.549  39.134 0.0000000000
47063  11.733  -22.377  40.111 0.0000000000
47075  12.007  -22.529  39.305 0.0000000000
139691  12.397  -22.612  38.148 0.0000000000
49049  12.771  -21.132  38.025 0.0000000000
48121  12.835  -22.120  37.133 0.0000000000
47127  13.051  -22.122  36.269 0.0000000000
47114  12.649  -22.720  36.832 0.0000000000
41551  6.358  -27.571  43.044 0.0000000000
41552  4.653  -28.113  43.328 0.0000000000
40446  4.970  -28.366  42.334 0.0000000000
62306  35.410  -7.420  23.812 0.0000000000
140776  33.592  -8.415  23.723 0.0000000000
61342  32.915  -8.345  24.401 0.0000000000
131036  32.076  -8.361  24.768 0.0000000000
61355  30.557  -8.475  23.690 0.0000000000
61293  32.158  -8.921  26.899 0.0000000000
61334  29.883  -9.039  24.605 0.0000000000
60292  28.630  -9.819  24.191 0.0000000000
60285  28.765  -10.023  24.995 0.0000000000
59292  28.535  -11.092  26.152 0.0000000000
58394  27.596  -11.729  24.713 0.0000000000
57417  27.604  -12.376  25.271 0.0000000000
57394  29.183  -12.415  28.033 0.0000000000
58364  29.036  -11.827  27.507 0.0000000000
57395  28.691  -12.541  27.385 0.0000000000
56443  27.732  -13.097  25.043 0.0000000000
56442  28.225  -13.891  24.695 0.0000000000
54338  28.583  -15.574  24.211 0.0000000000
53251  28.531  -16.332  22.911 0.0000000000
51035  28.213  -19.089  35.203 0.0000000000
51020  29.163  -19.142  35.280 0.0000000000
51050  29.542  -18.557  33.572 0.0000000000
51049  30.417  -18.357  33.676 0.0000000000
51048  31.231  -18.194  33.882 0.0000000000
51066  30.119  -18.210  32.935 0.0000000000
137617  28.021  -17.977  30.984 0.0000000000
52079  29.519  -17.586  30.544 0.0000000000
52063  29.683  -17.850  31.350 0.0000000000
52062  30.327  -17.511  31.691 0.0000000000
52045  30.569  -17.716  32.455 0.0000000000
53089  30.885  -17.065  32.108 0.0000000000
53088  31.360  -16.674  32.471 0.0000000000
53105  30.643  -16.808  31.392 0.0000000000
132456  30.748  -16.083  31.303 0.0000000000
54236  30.611  -15.600  30.945 0.0000000000
55312  30.172  -14.509  30.115 0.0000000000
54265  29.693  -15.729  28.983 0.0000000000
53169  27.574  -17.026  26.903 0.0000000000
53212  27.820  -16.571  25.075 0.0000000000
135504  28.551  -16.422  25.774 0.0000000000
53211  28.393  -16.172  24.780 0.0000000000
64346  35.054  -5.338  24.720 0.0000000000
64367  33.622  -5.606  22.797 0.0000000000
133058  33.738  -5.032  23.237 0.0000000000
65348  32.739  -4.707  22.021 0.0000000000
64380  32.631  -5.486  21.459 0.0000000000
61375  32.420  -8.162  21.254 0.0000000000
63378  31.842  -7.018  19.760 0.0000000000
63377  32.338  -6.946  20.494 0.0000000000
132373  31.811  -6.037  19.956 0.0000000000
73244  55.412  3.774  13.057 0.0000000000
122861  55.300  3.614  12.315 0.0000000000
74124  56.005  4.042  12.414 0.0000000000
135647  50.654  2.072  12.312 0.0000000000
67342  36.151  -2.165  26.095 0.0000000000
67356  35.383  -2.331  24.798 0.0000000000
132219  35.207  -3.073  24.971 0.0000000000
51093  17.170  -18.094  30.647 0.0000000000
54209  20.831  -15.571  33.643 0.0000000000
53125  19.187  -16.247  30.988 0.0000000000
69421  39.044  -0.298  21.869 0.0000000000
70433  39.552  0.194  19.736 0.0000000000
55204  16.481  -14.784  40.836 0.0000000000
55222  16.130  -14.865  40.079 0.0000000000
55205  15.670  -15.080  40.575 0.0000000000
43851  10.263  -25.192  40.386 0.0000000000
43884  9.891  -25.733  38.973 0.0000000000
42740  9.298  -26.126  39.425 0.0000000000
42699  7.993  -26.847  41.208 0.0000000000
57364  31.983  -12.052  31.188 0.0000000000
57372  30.410  -12.676  29.816 0.0000000000
56367  30.122  -13.538  29.834 0.0000000000
53152  24.354  -16.356  28.587 0.0000000000
53171  25.364  -16.649  27.494 0.0000000000
53191  25.568  -16.614  26.607 0.0000000000
53215  24.368  -16.726  25.301 0.0000000000
139109  30.694  -8.392  23.072 0.0000000000
61378  29.644  -8.748  21.584 0.0000000000
73235  49.259  3.269  15.793 0.0000000000
73228  49.533  3.392  16.646 0.0000000000
73234  50.129  3.424  16.056 0.0000000000
73240  52.915  3.516  14.820 0.0000000000
69429  36.705  -1.159  21.575 0.0000000000
136183  36.015  -1.383  21.602 0.0000000000
67399  33.986  -2.275  21.944 0.0000000000
67400  33.320  -2.608  21.418 0.0000000000
67427  32.587  -2.966  19.515 0.0000000000
69399  37.456  -0.241  25.266 0.0000000000
133806  37.738  -0.286  23.527 0.0000000000
50053  15.720  -20.005  30.885 0.0000000000
48174  14.151  -21.684  32.532 0.0000000000
52010  26.381  -17.898  35.984 0.0000000000
51023  26.919  -18.331  35.890 0.0000000000
139300  25.887  -17.656  34.874 0.0000000000
52022  25.472  -17.375  34.602 0.0000000000
53077  25.089  -17.084  33.958 0.0000000000
124322  22.577  -15.566  31.927 0.0000000000
54250  23.039  -15.648  30.561 0.0000000000
54282  22.089  -15.378  28.117 0.0000000000
54301  21.530  -15.620  27.522 0.0000000000
54302  20.837  -15.769  27.712 0.0000000000
58402  27.651  -11.769  23.936 0.0000000000
72283  44.880  1.993  19.147 0.0000000000
72282  45.788  2.279  19.298 0.0000000000
72295  45.478  2.342  17.856 0.0000000000
119623  45.877  2.317  14.977 0.0000000000
138750  47.964  2.446  13.868 0.0000000000
54142  20.277  -15.575  37.440 0.0000000000
54130  20.307  -15.574  38.073 0.0000000000
54154  22.683  -16.007  36.546 0.0000000000
132522  43.339  1.372  20.729 0.0000000000
139258  43.053  1.352  20.247 0.0000000000
53052  17.436  -15.997  35.789 0.0000000000
139534  16.679  -16.059  36.011 0.0000000000
118244  15.839  -16.392  35.885 0.0000000000
51986  14.167  -17.235  37.613 0.0000000000
52000  14.412  -17.470  36.777 0.0000000000
51008  14.116  -18.365  36.511 0.0000000000
135624  14.011  -19.398  35.645 0.0000000000
49069  13.739  -20.539  35.362 0.0000000000
48134  13.434  -21.407  35.613 0.0000000000
49949  13.124  -19.063  40.913 0.0000000000
49956  12.734  -20.031  39.844 0.0000000000
46057  11.507  -23.625  38.922 0.0000000000
46070  11.739  -23.790  38.022 0.0000000000
46069  12.281  -23.256  37.436 0.0000000000
46086  12.295  -23.466  36.399 0.0000000000
61330  33.619  -8.356  25.120 0.0000000000
138209  32.182  -8.462  25.445 0.0000000000
59259  32.033  -10.034  29.177 0.0000000000
60271  31.299  -9.224  26.589 0.0000000000
60257  30.798  -9.843  27.171 0.0000000000
60273  29.642  -10.106  26.196 0.0000000000
59302  28.987  -10.362  25.816 0.0000000000
58374  28.232  -11.830  26.431 0.0000000000
56408  28.453  -13.273  27.081 0.0000000000
51034  28.897  -18.862  34.334 0.0000000000
51052  27.582  -18.703  33.360 0.0000000000
51068  28.401  -18.552  32.580 0.0000000000
53137  29.972  -16.287  29.606 0.0000000000
53168  29.020  -16.922  27.672 0.0000000000
53213  26.919  -16.677  25.375 0.0000000000
53233  26.869  -16.654  24.436 0.0000000000
53253  26.844  -16.916  23.560 0.0000000000
127120  33.545  -6.199  22.373 0.0000000000
63352  33.222  -6.367  21.824 0.0000000000
61387  31.454  -8.250  19.860 0.0000000000
73252  53.961  3.221  13.043 0.0000000000
73245  54.692  3.589  13.553 0.0000000000
66367  32.728  -3.822  22.105 0.0000000000
68347  37.162  -1.301  26.921 0.0000000000
69400  36.789  -0.793  25.350 0.0000000000
121207  16.550  -18.736  30.995 0.0000000000
50041  15.966  -19.288  31.433 0.0000000000
51072  15.711  -19.225  32.246 0.0000000000
118243  15.383  -19.179  32.956 0.0000000000
54188  23.935  -16.110  34.408 0.0000000000
54222  22.300  -15.544  32.729 0.0000000000
54223  21.355  -15.480  32.761 0.0000000000
54268  20.551  -15.453  29.476 0.0000000000
53143  18.655  -16.738  29.338 0.0000000000
53126  18.690  -16.482  30.125 0.0000000000
72309  43.858  2.096  16.074 0.0000000000
120206  40.462  0.353  23.100 0.0000000000
70413  41.029  0.478  22.394 0.0000000000
70420  41.584  0.627  21.732 0.0000000000
71351  41.934  0.866  20.257 0.0000000000
70438  40.385  0.593  18.587 0.0000000000
125306  39.825  0.386  19.083 0.0000000000
70446  40.293  0.589  17.671 0.0000000000
54133  17.797  -15.100  38.422 0.0000000000
141095  16.483  -15.444  37.528 0.0000000000
119104  16.865  -15.177  37.922 0.0000000000
119211  15.960  -15.499  37.808 0.0000000000
122695  15.538  -15.290  39.054 0.0000000000
137188  15.145  -15.674  38.411 0.0000000000
120555  14.536  -16.429  37.972 0.0000000000
50991  13.588  -18.580  37.760 0.0000000000
47076  11.423  -23.136  39.861 0.0000000000
46045  11.207  -23.650  39.669 0.0000000000
44999  11.213  -24.199  38.731 0.0000000000
132948  10.630  -25.100  37.027 0.0000000000
123728  9.172  -25.984  37.008 0.0000000000
59244  31.627  -10.713  29.494 0.0000000000
56387  29.346  -13.061  28.542 0.0000000000
52066  25.790  -17.330  31.080 0.0000000000
52082  26.477  -17.570  30.833 0.0000000000
121363  26.830  -17.583  30.093 0.0000000000
52096  27.609  -17.571  29.408 0.0000000000
142158  26.246  -16.641  25.541 0.0000000000
120363  26.022  -16.670  24.862 0.0000000000
61376  31.642  -8.318  20.688 0.0000000000
127070  53.091  3.321  14.178 0.0000000000
72341  53.312  2.743  12.446 0.0000000000
68407  36.262  -1.190  20.043 0.0000000000
68409  34.704  -1.687  20.635 0.0000000000
70404  39.749  0.397  23.811 0.0000000000
70414  38.973  -0.187  22.682 0.0000000000
69417  38.306  -0.240  23.106 0.0000000000
69427  38.395  -0.519  21.480 0.0000000000
49970  29.060  -19.320  37.485 0.0000000000
51004  29.824  -19.351  37.040 0.0000000000
51021  28.423  -19.193  36.218 0.0000000000
51036  27.427  -18.721  35.075 0.0000000000
121914  27.239  -18.708  34.224 0.0000000000
53063  24.570  -16.599  34.365 0.0000000000
53090  24.938  -16.875  33.195 0.0000000000
133761  25.098  -16.926  32.462 0.0000000000
52049  25.711  -17.467  32.117 0.0000000000
53173  23.708  -16.041  27.868 0.0000000000
53193  23.055  -16.185  26.189 0.0000000000
60299  28.605  -9.660  23.339 0.0000000000
72294  48.088  2.691  18.060 0.0000000000
122557  44.641  2.229  16.505 0.0000000000
118560  45.898  2.413  15.792 0.0000000000
73214  48.659  3.041  17.518 0.0000000000
73236  48.365  2.983  15.481 0.0000000000
135017  50.535  2.780  13.926 0.0000000000
53064  19.094  -16.224  34.201 0.0000000000
54194  19.038  -15.996  35.055 0.0000000000
124984  19.466  -15.543  36.266 0.0000000000
124661  18.801  -15.559  36.321 0.0000000000
54157  18.622  -15.465  36.901 0.0000000000
119295  18.406  -15.249  37.939 0.0000000000
54113  20.391  -15.609  38.924 0.0000000000
119168  20.769  -15.622  40.411 0.0000000000
134461  19.180  -15.438  38.681 0.0000000000
54132  18.655  -15.311  38.590 0.0000000000
54098  17.834  -15.077  39.901 0.0000000000
141587  17.799  -14.763  41.262 0.0000000000
55203  17.388  -14.813  40.654 0.0000000000
50986  30.053  -19.210  38.271 0.0000000000
50987  29.188  -19.189  38.228 0.0000000000
125792  27.947  -18.588  37.622 0.0000000000
50988  27.558  -18.143  37.912 0.0000000000
51997  26.765  -17.895  36.810 0.0000000000
51998  26.039  -17.566  36.490 0.0000000000
124788  25.698  -17.168  37.149 0.0000000000
135327  24.523  -16.700  35.803 0.0000000000
54170  23.559  -15.908  35.166 0.0000000000
54172  22.269  -15.723  35.975 0.0000000000
123803  21.816  -15.573  35.261 0.0000000000
54191  21.200  -15.568  34.544 0.0000000000
128180  20.391  -15.669  34.338 0.0000000000
142706  36.877  -0.815  18.503 0.0000000000
71349  44.285  1.553  20.823 0.0000000000
71353  44.566  1.765  19.958 0.0000000000
126149  44.182  1.803  18.658 0.0000000000
71363  43.476  1.698  17.526 0.0000000000
71359  42.410  1.230  18.731 0.0000000000
136463  42.963  1.461  18.087 0.0000000000
71370  43.295  1.761  16.668 0.0000000000
53080  17.779  -17.135  33.433 0.0000000000
53066  16.854  -16.776  34.517 0.0000000000
53081  17.108  -17.239  33.840 0.0000000000
52037  16.605  -17.648  33.563 0.0000000000
133379  15.354  -17.096  35.589 0.0000000000
52012  14.723  -17.761  35.848 0.0000000000
120768  15.366  -17.714  35.042 0.0000000000
51038  15.306  -18.261  34.264 0.0000000000
50016  14.877  -19.050  33.766 0.0000000000
50017  14.835  -19.753  33.181 0.0000000000
49089  14.464  -20.338  33.382 0.0000000000
118525  14.185  -21.011  33.182 0.0000000000
48159  13.792  -21.815  33.320 0.0000000000
48158  13.810  -21.319  34.020 0.0000000000
53000  13.768  -16.919  40.158 0.0000000000
51978  13.583  -17.811  38.923 0.0000000000
50971  13.391  -18.769  38.508 0.0000000000
49962  13.386  -19.294  37.772 0.0000000000
49034  12.508  -20.583  40.449 0.0000000000
47088  12.256  -22.601  38.603 0.0000000000
48099  12.431  -21.902  38.696 0.0000000000
49048  12.822  -20.305  38.550 0.0000000000
121522  13.113  -20.152  37.797 0.0000000000
49055  13.210  -20.727  37.070 0.0000000000
48110  13.173  -21.472  36.609 0.0000000000
46106  12.400  -23.428  35.388 0.0000000000
47128  12.795  -22.873  34.932 0.0000000000
137535  7.453  -27.204  41.601 0.0000000000
41579  6.837  -27.604  41.530 0.0000000000
41567  5.950  -28.094  41.584 0.0000000000
119345  5.723  -27.989  42.642 0.0000000000
66304  35.882  -3.612  26.115 0.0000000000
62307  34.750  -7.747  23.359 0.0000000000
62308  34.260  -8.059  22.957 0.0000000000
61352  33.783  -8.305  23.039 0.0000000000
61343  32.067  -8.315  23.961 0.0000000000
61354  31.321  -8.365  23.482 0.0000000000
61356  29.865  -8.712  23.818 0.0000000000
61313  31.007  -8.944  25.708 0.0000000000
61333  30.725  -8.757  24.908 0.0000000000
60291  29.208  -9.221  23.965 0.0000000000
59312  27.765  -11.131  24.173 0.0000000000
56454  27.848  -13.090  24.296 0.0000000000
58365  28.577  -12.015  27.009 0.0000000000
57405  27.820  -12.416  26.027 0.0000000000
55413  28.900  -14.037  23.518 0.0000000000
54352  29.041  -14.982  23.370 0.0000000000
56346  31.481  -13.780  31.662 0.0000000000
123905  30.504  -19.063  36.311 0.0000000000
51018  31.349  -18.687  35.583 0.0000000000
121680  29.851  -18.700  34.374 0.0000000000
51032  31.322  -18.433  34.675 0.0000000000
52032  31.715  -17.509  33.554 0.0000000000
52064  27.391  -18.065  31.659 0.0000000000
51082  29.099  -18.305  31.907 0.0000000000
138546  28.902  -18.027  31.121 0.0000000000
53076  31.794  -16.717  33.047 0.0000000000
54220  31.452  -15.516  32.161 0.0000000000
55287  31.554  -14.690  32.096 0.0000000000
55297  31.130  -14.519  31.448 0.0000000000
56347  30.999  -14.047  31.089 0.0000000000
54313  29.097  -16.045  26.478 0.0000000000
139294  28.823  -16.876  27.219 0.0000000000
53167  29.032  -16.500  27.060 0.0000000000
53252  27.820  -16.721  23.184 0.0000000000
129258  34.072  -4.044  24.155 0.0000000000
65335  34.100  -4.933  23.832 0.0000000000
65336  33.650  -4.241  23.487 0.0000000000
135222  33.258  -7.284  21.653 0.0000000000
63363  32.783  -6.612  21.174 0.0000000000
132408  32.151  -5.001  20.893 0.0000000000
65365  32.021  -4.264  20.643 0.0000000000
72343  51.412  2.284  12.502 0.0000000000
44980  10.551  -24.649  39.910 0.0000000000
47053  10.823  -22.941  41.567 0.0000000000
49990  14.024  -19.792  35.182 0.0000000000
50943  13.350  -18.438  40.320 0.0000000000
52021  26.027  -18.007  34.336 0.0000000000
118389  12.546  -21.031  38.925 0.0000000000
126607  12.543  -20.366  41.117 0.0000000000
134834  26.400  -18.286  33.249 0.0000000000
