#!ascii label  , from subject sub-v1s3x0050788_ses-1 vox2ras=TkReg
1679
56974  -32.444  -9.178  50.497 0.0000000000
78344  -42.537  11.757  39.441 0.0000000000
126327  -36.791  -6.237  35.820 0.0000000000
49389  -4.610  -16.957  48.014 0.0000000000
133271  -18.886  -11.967  50.961 0.0000000000
54961  -0.387  -11.998  47.368 0.0000000000
142401  -1.554  -9.433  57.452 0.0000000000
70736  -41.775  3.090  37.839 0.0000000000
58144  -2.658  -8.536  40.018 0.0000000000
47019  -2.671  -18.035  55.132 0.0000000000
58090  -30.028  -8.772  44.101 0.0000000000
52757  -27.655  -14.022  48.480 0.0000000000
148010  -25.639  -12.568  52.134 0.0000000000
81242  -44.986  14.629  38.754 0.0000000000
64340  -39.421  -2.203  36.056 0.0000000000
51586  -14.868  -14.164  47.495 0.0000000000
60223  -0.807  -6.809  42.268 0.0000000000
54927  -8.136  -12.070  49.002 0.0000000000
141314  -8.988  -12.718  42.754 0.0000000000
48346  -6.427  -17.602  42.448 0.0000000000
44786  -11.879  -20.579  57.140 0.0000000000
48135  -7.017  -17.124  59.225 0.0000000000
61293  -35.806  -5.523  39.577 0.0000000000
54880  -23.129  -12.095  55.052 0.0000000000
54954  -21.340  -11.665  48.291 0.0000000000
55888  -1.069  -10.713  52.063 0.0000000000
53812  -6.264  -12.469  53.947 0.0000000000
74578  -40.938  7.193  40.403 0.0000000000
131457  -13.650  -19.391  52.944 0.0000000000
134380  -13.594  -16.838  50.222 0.0000000000
55052  -0.534  -11.876  42.843 0.0000000000
52856  -4.418  -14.174  39.748 0.0000000000
55829  -6.000  -11.037  60.438 0.0000000000
51494  -4.451  -15.120  57.222 0.0000000000
49318  -1.842  -16.486  52.697 0.0000000000
58036  -33.527  -8.205  48.835 0.0000000000
54974  -30.593  -11.667  47.694 0.0000000000
57003  -31.550  -9.399  46.670 0.0000000000
54918  -30.000  -11.180  50.032 0.0000000000
51604  -28.814  -14.204  46.729 0.0000000000
55908  -29.731  -10.535  51.883 0.0000000000
79308  -43.509  13.312  38.887 0.0000000000
76466  -40.197  10.042  37.811 0.0000000000
78377  -41.802  11.223  36.327 0.0000000000
78395  -43.507  11.337  34.821 0.0000000000
62342  -38.345  -4.573  35.660 0.0000000000
61346  -34.594  -5.678  35.919 0.0000000000
61383  -35.520  -5.839  34.504 0.0000000000
63335  -36.388  -3.311  34.498 0.0000000000
50497  -7.364  -15.301  48.536 0.0000000000
50529  -8.673  -15.387  45.681 0.0000000000
147708  -5.989  -16.795  45.685 0.0000000000
47182  -3.406  -18.483  42.995 0.0000000000
145244  -2.783  -17.550  45.504 0.0000000000
44826  -10.587  -20.864  53.409 0.0000000000
127842  -9.089  -20.689  56.474 0.0000000000
61256  -35.163  -5.336  41.510 0.0000000000
59181  -32.603  -7.343  43.598 0.0000000000
59192  -30.147  -7.806  42.017 0.0000000000
60246  -32.321  -6.821  41.693 0.0000000000
134000  -32.879  -5.627  39.675 0.0000000000
56897  -25.498  -9.264  57.099 0.0000000000
52756  -24.378  -14.034  48.591 0.0000000000
52715  -23.756  -13.282  50.760 0.0000000000
77433  -47.477  9.939  33.893 0.0000000000
76535  -49.349  9.400  31.625 0.0000000000
128607  -1.518  -9.199  54.849 0.0000000000
56949  -5.218  -9.856  52.737 0.0000000000
55874  -4.753  -10.069  54.843 0.0000000000
72777  -41.905  5.162  39.597 0.0000000000
150150  -38.229  0.792  35.259 0.0000000000
70766  -39.351  3.279  35.743 0.0000000000
72798  -39.432  5.476  37.426 0.0000000000
149430  -13.486  -17.930  56.551 0.0000000000
48182  -13.618  -17.629  54.478 0.0000000000
57000  -0.261  -9.962  46.735 0.0000000000
57020  -0.005  -10.476  44.027 0.0000000000
54997  -1.323  -12.199  45.477 0.0000000000
50631  -8.469  -15.841  38.966 0.0000000000
143665  -6.237  -13.765  40.541 0.0000000000
128789  -5.942  -15.211  37.423 0.0000000000
54841  -8.505  -12.350  59.579 0.0000000000
46997  -4.959  -17.707  57.244 0.0000000000
50387  -5.430  -15.598  58.801 0.0000000000
49251  -3.071  -16.453  55.995 0.0000000000
50440  -3.128  -15.969  54.385 0.0000000000
48181  -2.403  -16.859  54.232 0.0000000000
58079  -31.665  -8.489  45.479 0.0000000000
55873  -27.364  -10.034  55.650 0.0000000000
55886  -28.609  -10.532  53.563 0.0000000000
52730  -26.534  -12.866  50.168 0.0000000000
80305  -46.498  14.310  36.314 0.0000000000
139903  -45.774  11.196  34.339 0.0000000000
67400  -40.675  0.623  36.526 0.0000000000
150035  -37.636  -1.295  35.227 0.0000000000
54950  -17.735  -11.846  48.288 0.0000000000
53898  -16.727  -12.564  49.329 0.0000000000
58131  0.007  -8.668  39.671 0.0000000000
54946  -5.191  -11.268  48.272 0.0000000000
143640  -4.598  -11.550  46.017 0.0000000000
53941  -8.891  -12.259  45.649 0.0000000000
50572  -8.997  -15.559  41.828 0.0000000000
47251  -6.127  -17.730  39.566 0.0000000000
48140  -10.479  -18.116  59.204 0.0000000000
50382  -9.438  -15.745  60.600 0.0000000000
44760  -9.333  -20.130  59.513 0.0000000000
45821  -6.878  -19.007  57.781 0.0000000000
61331  -36.657  -6.240  37.521 0.0000000000
144278  -33.374  -5.338  37.896 0.0000000000
127330  -20.748  -12.467  53.091 0.0000000000
53827  -25.259  -11.701  54.391 0.0000000000
53869  -22.451  -12.714  51.764 0.0000000000
54914  -19.729  -11.721  49.909 0.0000000000
56984  -0.609  -8.875  48.362 0.0000000000
59066  -0.346  -7.945  50.964 0.0000000000
54923  -1.285  -11.434  49.685 0.0000000000
126819  -5.273  -10.433  50.278 0.0000000000
53859  -7.194  -12.440  51.634 0.0000000000
50477  -6.279  -15.286  50.557 0.0000000000
77364  -41.999  10.158  40.104 0.0000000000
74600  -38.774  7.671  37.878 0.0000000000
47011  -12.262  -19.292  57.127 0.0000000000
44812  -13.424  -20.668  55.019 0.0000000000
44840  -11.969  -20.758  52.155 0.0000000000
52724  -15.416  -13.464  50.413 0.0000000000
146521  -14.635  -14.457  52.256 0.0000000000
131547  -14.177  -15.338  53.024 0.0000000000
48228  -13.414  -17.979  51.856 0.0000000000
45937  -12.938  -20.061  50.036 0.0000000000
138203  -3.612  -7.469  43.492 0.0000000000
57043  0.065  -10.242  42.213 0.0000000000
57053  -2.082  -9.930  41.485 0.0000000000
55036  -4.938  -11.766  43.520 0.0000000000
55070  -4.868  -12.042  41.956 0.0000000000
56042  -4.502  -10.765  39.686 0.0000000000
55831  -3.131  -9.919  59.586 0.0000000000
50384  -6.717  -14.468  60.362 0.0000000000
52663  -4.999  -13.093  59.484 0.0000000000
132044  -4.416  -11.930  57.926 0.0000000000
52682  -5.599  -13.650  55.405 0.0000000000
50442  -4.990  -15.283  53.452 0.0000000000
49348  -3.092  -16.575  50.235 0.0000000000
45876  -1.004  -19.149  53.828 0.0000000000
47058  -0.696  -18.141  52.821 0.0000000000
150364  -1.966  -17.417  47.652 0.0000000000
58019  -33.082  -8.747  50.085 0.0000000000
58001  -33.087  -8.534  51.042 0.0000000000
55942  -31.175  -10.798  48.568 0.0000000000
56987  -31.914  -9.792  48.108 0.0000000000
145875  -31.178  -10.290  50.221 0.0000000000
53917  -29.887  -12.051  48.436 0.0000000000
56967  -32.392  -8.935  51.432 0.0000000000
55910  -31.168  -9.948  51.093 0.0000000000
79300  -43.034  12.392  39.983 0.0000000000
77383  -41.209  10.795  38.578 0.0000000000
77395  -41.113  10.806  36.712 0.0000000000
78350  -42.287  11.807  38.505 0.0000000000
79307  -42.640  12.320  38.003 0.0000000000
61368  -37.206  -5.843  35.516 0.0000000000
62330  -38.940  -4.997  36.170 0.0000000000
61350  -38.538  -5.673  36.660 0.0000000000
61365  -34.906  -5.756  34.923 0.0000000000
132879  -36.030  -6.221  34.983 0.0000000000
62340  -36.869  -5.557  34.891 0.0000000000
49378  -6.037  -16.404  48.541 0.0000000000
49392  -7.068  -16.048  47.300 0.0000000000
49404  -5.721  -16.644  46.752 0.0000000000
126195  -4.709  -17.119  45.908 0.0000000000
48295  -3.767  -17.224  46.404 0.0000000000
44838  -9.895  -20.491  52.712 0.0000000000
44825  -9.640  -20.727  53.587 0.0000000000
60218  -33.598  -6.490  43.283 0.0000000000
59195  -32.332  -7.294  42.849 0.0000000000
60235  -33.349  -6.413  42.550 0.0000000000
61238  -33.788  -5.827  42.009 0.0000000000
78400  -48.152  11.914  34.230 0.0000000000
76527  -48.600  9.341  32.840 0.0000000000
78428  -49.960  11.257  33.049 0.0000000000
133571  -1.319  -9.193  55.655 0.0000000000
56918  -3.433  -9.266  54.670 0.0000000000
56887  -2.978  -9.698  56.361 0.0000000000
70723  -41.651  4.215  38.360 0.0000000000
71755  -43.088  4.840  40.141 0.0000000000
131597  -39.993  2.013  36.170 0.0000000000
68446  -38.759  1.984  35.363 0.0000000000
129022  -40.402  3.229  36.671 0.0000000000
70734  -40.745  4.171  37.469 0.0000000000
49289  -14.250  -16.205  56.320 0.0000000000
127332  -19.010  -12.399  52.869 0.0000000000
53865  -18.360  -12.181  51.423 0.0000000000
132169  -2.497  -7.806  39.590 0.0000000000
55948  0.263  -11.721  46.933 0.0000000000
54977  0.057  -12.347  46.188 0.0000000000
54979  -0.705  -12.366  46.050 0.0000000000
49503  -7.684  -16.449  38.240 0.0000000000
51726  -7.628  -15.258  38.366 0.0000000000
50647  -6.460  -15.834  37.201 0.0000000000
53783  -8.589  -12.199  58.514 0.0000000000
52669  -9.279  -13.609  59.329 0.0000000000
46996  -4.204  -17.502  56.834 0.0000000000
48150  -4.102  -16.994  56.820 0.0000000000
142423  -3.079  -16.716  56.101 0.0000000000
49268  -2.694  -16.471  54.900 0.0000000000
48170  -2.580  -16.978  55.074 0.0000000000
131143  -32.677  -8.616  47.480 0.0000000000
58066  -31.917  -8.695  46.288 0.0000000000
59146  -32.975  -7.705  45.958 0.0000000000
59147  -33.341  -7.291  45.356 0.0000000000
53891  -27.817  -12.204  49.971 0.0000000000
53875  -27.482  -11.973  50.821 0.0000000000
130946  -26.979  -13.264  49.414 0.0000000000
51574  -25.872  -14.733  48.857 0.0000000000
81255  -45.966  14.849  37.899 0.0000000000
79321  -44.380  13.198  36.360 0.0000000000
78396  -44.287  11.585  34.713 0.0000000000
80317  -45.131  13.414  36.023 0.0000000000
80318  -45.994  13.656  35.818 0.0000000000
66409  -39.915  -0.784  36.168 0.0000000000
66393  -42.141  -0.385  37.257 0.0000000000
65343  -41.650  -1.703  36.859 0.0000000000
64339  -37.699  -2.870  35.218 0.0000000000
64350  -36.334  -2.365  34.473 0.0000000000
65360  -38.022  -1.901  35.379 0.0000000000
66428  -39.277  -0.125  35.824 0.0000000000
61229  -0.602  -5.841  41.967 0.0000000000
60252  -0.178  -6.708  40.034 0.0000000000
59188  -0.381  -7.482  41.607 0.0000000000
134313  -6.948  -11.154  48.682 0.0000000000
54967  -7.327  -11.599  47.170 0.0000000000
142298  -8.532  -12.319  47.459 0.0000000000
49446  -7.765  -16.584  43.902 0.0000000000
50543  -8.840  -15.498  43.912 0.0000000000
49457  -8.004  -16.642  42.057 0.0000000000
49477  -7.953  -16.690  40.741 0.0000000000
48360  -6.433  -17.560  41.583 0.0000000000
47215  -4.699  -18.096  41.722 0.0000000000
45814  -11.202  -19.911  58.662 0.0000000000
45807  -10.233  -19.552  59.896 0.0000000000
44765  -10.352  -20.526  58.874 0.0000000000
44792  -7.719  -20.386  55.863 0.0000000000
44768  -8.000  -19.978  57.839 0.0000000000
44781  -6.823  -19.938  56.358 0.0000000000
45834  -5.098  -18.799  56.851 0.0000000000
61315  -35.633  -5.614  38.765 0.0000000000
134280  -34.141  -5.312  39.901 0.0000000000
61314  -33.307  -5.333  38.782 0.0000000000
127271  -34.283  -5.342  39.144 0.0000000000
126144  -35.026  -5.643  37.348 0.0000000000
54871  -22.546  -11.908  55.769 0.0000000000
53810  -21.764  -12.268  55.537 0.0000000000
53836  -21.931  -12.490  53.770 0.0000000000
54884  -26.815  -11.184  54.210 0.0000000000
131649  -26.189  -11.235  54.619 0.0000000000
53841  -25.590  -12.093  52.836 0.0000000000
53902  -22.392  -12.565  49.499 0.0000000000
130420  -23.021  -13.045  51.184 0.0000000000
53901  -21.661  -12.248  49.658 0.0000000000
53887  -21.403  -12.301  50.501 0.0000000000
54933  -20.447  -11.725  49.481 0.0000000000
54952  -19.423  -11.461  48.606 0.0000000000
56944  -0.274  -9.494  52.862 0.0000000000
56957  -0.031  -10.003  52.037 0.0000000000
56968  0.083  -10.164  50.541 0.0000000000
55899  -0.889  -11.024  51.358 0.0000000000
125668  -3.788  -11.005  50.010 0.0000000000
55901  -3.271  -10.523  51.528 0.0000000000
55882  -5.894  -10.608  52.857 0.0000000000
55904  -6.190  -10.639  52.008 0.0000000000
52700  -7.026  -12.874  52.283 0.0000000000
51537  -7.222  -13.879  51.282 0.0000000000
52710  -6.958  -13.624  52.119 0.0000000000
75484  -41.609  8.870  40.477 0.0000000000
76423  -43.086  9.840  41.664 0.0000000000
75474  -43.159  8.569  41.646 0.0000000000
73710  -40.103  6.099  38.989 0.0000000000
144315  -38.675  6.457  37.429 0.0000000000
74589  -39.737  7.639  39.195 0.0000000000
128387  -40.096  8.859  39.365 0.0000000000
48163  -11.865  -18.251  57.094 0.0000000000
131863  -13.531  -19.332  54.026 0.0000000000
45849  -13.520  -19.975  55.691 0.0000000000
44829  -13.659  -20.975  54.018 0.0000000000
44828  -13.103  -21.236  53.603 0.0000000000
44857  -13.533  -20.474  52.052 0.0000000000
52753  -15.451  -13.464  48.606 0.0000000000
52740  -16.203  -12.895  49.981 0.0000000000
51558  -14.912  -13.864  49.093 0.0000000000
50489  -13.773  -15.936  49.755 0.0000000000
51547  -14.442  -14.459  50.605 0.0000000000
50468  -14.091  -15.102  51.085 0.0000000000
50456  -14.213  -15.081  52.147 0.0000000000
50467  -13.837  -15.859  51.560 0.0000000000
49336  -13.534  -16.820  51.896 0.0000000000
48241  -13.510  -17.605  50.953 0.0000000000
45959  -14.007  -19.486  49.401 0.0000000000
59172  -4.056  -7.874  43.929 0.0000000000
55971  -0.261  -12.333  43.626 0.0000000000
57032  0.152  -10.730  43.072 0.0000000000
55993  0.014  -11.440  42.242 0.0000000000
56007  -0.145  -10.832  41.642 0.0000000000
55995  -1.255  -11.280  42.355 0.0000000000
55018  -6.790  -11.827  44.913 0.0000000000
143611  -4.587  -11.612  44.661 0.0000000000
55038  -6.396  -12.221  43.570 0.0000000000
52839  -5.179  -13.856  40.514 0.0000000000
53995  -5.318  -12.534  41.590 0.0000000000
54012  -5.214  -13.030  40.894 0.0000000000
55081  -4.627  -11.611  40.464 0.0000000000
54027  -4.016  -13.202  39.387 0.0000000000
139365  -3.999  -11.873  38.454 0.0000000000
55827  -4.208  -10.423  60.186 0.0000000000
136638  -8.272  -16.879  60.377 0.0000000000
137085  -8.250  -15.115  60.740 0.0000000000
144998  -7.334  -15.948  60.108 0.0000000000
139396  -4.813  -15.001  57.934 0.0000000000
51487  -5.337  -14.041  59.395 0.0000000000
52667  -4.908  -13.264  58.706 0.0000000000
53780  -4.073  -11.804  59.086 0.0000000000
52670  -5.139  -13.438  57.915 0.0000000000
53789  -5.228  -12.802  56.695 0.0000000000
51495  -4.872  -14.423  56.560 0.0000000000
126533  -2.402  -16.257  53.151 0.0000000000
50441  -3.991  -15.717  53.915 0.0000000000
49319  -3.085  -16.143  52.853 0.0000000000
50464  -4.501  -16.031  52.058 0.0000000000
143221  -2.213  -16.496  51.072 0.0000000000
149193  -0.654  -20.425  53.132 0.0000000000
47043  -0.931  -18.355  53.496 0.0000000000
149914  -33.426  -8.147  48.260 0.0000000000
54990  -29.935  -12.191  46.454 0.0000000000
55006  -30.053  -11.186  46.025 0.0000000000
55949  -30.986  -10.992  47.309 0.0000000000
56994  -32.341  -9.166  47.766 0.0000000000
52759  -28.527  -12.791  48.386 0.0000000000
132544  -28.909  -13.033  47.936 0.0000000000
53927  -29.980  -12.393  47.383 0.0000000000
55920  -29.812  -10.823  50.929 0.0000000000
80285  -44.261  14.004  38.819 0.0000000000
76489  -41.047  10.038  35.435 0.0000000000
131113  -42.220  9.778  34.398 0.0000000000
76504  -42.957  9.934  34.056 0.0000000000
78378  -42.462  11.608  35.959 0.0000000000
132078  -43.099  12.703  37.467 0.0000000000
63325  -38.490  -3.543  35.616 0.0000000000
64323  -40.228  -2.776  36.376 0.0000000000
63315  -40.035  -3.822  36.337 0.0000000000
62332  -40.900  -4.549  36.759 0.0000000000
126142  -32.466  -5.522  36.427 0.0000000000
61363  -32.893  -5.565  35.515 0.0000000000
61381  -33.765  -5.493  34.129 0.0000000000
61400  -34.230  -5.292  33.503 0.0000000000
130801  -34.526  -4.473  33.264 0.0000000000
62353  -35.701  -5.436  34.127 0.0000000000
63336  -37.067  -3.590  34.843 0.0000000000
51556  -8.264  -13.849  49.074 0.0000000000
52764  -8.903  -13.537  47.471 0.0000000000
50506  -8.363  -14.870  47.350 0.0000000000
49421  -7.447  -16.294  45.633 0.0000000000
48322  -6.377  -17.416  44.083 0.0000000000
47197  -4.929  -18.136  42.436 0.0000000000
48333  -4.665  -17.852  43.999 0.0000000000
47169  -2.804  -18.103  44.426 0.0000000000
43793  -11.343  -21.064  55.703 0.0000000000
44795  -10.596  -20.946  56.211 0.0000000000
126372  -9.543  -20.860  54.871 0.0000000000
61273  -35.441  -5.372  40.548 0.0000000000
58105  -31.364  -8.079  43.870 0.0000000000
58118  -30.381  -8.051  42.785 0.0000000000
59194  -31.674  -7.493  42.568 0.0000000000
59202  -31.570  -7.238  41.714 0.0000000000
125829  -31.926  -6.771  41.006 0.0000000000
61253  -32.647  -6.324  41.062 0.0000000000
61272  -34.404  -5.367  40.673 0.0000000000
55870  -24.829  -10.508  56.266 0.0000000000
52728  -25.428  -13.373  50.400 0.0000000000
52716  -24.518  -13.269  51.264 0.0000000000
52726  -23.799  -13.376  49.904 0.0000000000
53914  -22.570  -12.459  48.687 0.0000000000
75584  -47.530  8.315  30.638 0.0000000000
75585  -48.288  8.375  30.042 0.0000000000
75592  -49.415  8.618  29.469 0.0000000000
75599  -50.213  8.553  28.272 0.0000000000
127046  -0.836  -9.827  53.407 0.0000000000
56959  -3.500  -10.005  52.285 0.0000000000
56933  -2.887  -9.453  53.771 0.0000000000
56920  -4.710  -9.717  53.981 0.0000000000
54875  -5.937  -11.936  54.317 0.0000000000
73679  -41.425  6.552  40.488 0.0000000000
137260  -42.934  5.967  40.958 0.0000000000
68465  -37.546  1.733  34.541 0.0000000000
70786  -38.125  3.210  34.508 0.0000000000
71828  -38.047  4.112  34.601 0.0000000000
71814  -39.224  4.188  35.927 0.0000000000
138774  -40.683  5.224  38.477 0.0000000000
48165  -13.338  -17.688  56.804 0.0000000000
49272  -13.881  -17.008  56.659 0.0000000000
48171  -13.673  -18.021  55.708 0.0000000000
47044  -13.399  -18.381  53.639 0.0000000000
50507  -13.838  -16.045  48.084 0.0000000000
48256  -13.595  -17.510  49.680 0.0000000000
125968  -2.498  -8.996  45.713 0.0000000000
58072  -2.022  -9.379  45.098 0.0000000000
57010  -0.807  -9.838  45.299 0.0000000000
55961  0.122  -12.175  44.682 0.0000000000
55034  -1.232  -12.034  43.643 0.0000000000
51687  -8.876  -14.296  40.426 0.0000000000
136532  -8.046  -13.046  41.379 0.0000000000
52858  -7.557  -14.084  39.622 0.0000000000
52871  -6.525  -14.328  39.157 0.0000000000
51724  -4.184  -14.492  38.786 0.0000000000
55840  -7.586  -10.765  58.031 0.0000000000
125795  -7.625  -11.260  59.384 0.0000000000
54837  -7.279  -11.835  60.327 0.0000000000
46986  -6.028  -17.721  57.826 0.0000000000
48134  -6.197  -16.747  58.827 0.0000000000
48151  -4.774  -16.921  57.349 0.0000000000
136592  -4.591  -16.332  57.449 0.0000000000
50401  -3.770  -15.709  56.589 0.0000000000
50415  -3.704  -15.518  55.908 0.0000000000
50414  -3.238  -16.045  56.005 0.0000000000
49288  -2.715  -16.256  54.753 0.0000000000
49303  -2.107  -16.518  53.357 0.0000000000
57023  -29.583  -9.403  44.547 0.0000000000
55964  -30.296  -10.217  45.877 0.0000000000
57012  -30.590  -9.433  45.565 0.0000000000
58091  -30.799  -8.530  44.363 0.0000000000
59161  -32.155  -7.764  44.302 0.0000000000
59163  -33.088  -7.254  44.409 0.0000000000
54892  -27.062  -11.256  53.260 0.0000000000
55887  -29.489  -10.177  53.443 0.0000000000
54903  -27.167  -11.783  51.675 0.0000000000
52717  -25.984  -12.865  51.019 0.0000000000
52743  -25.343  -13.928  49.807 0.0000000000
76516  -44.955  9.274  33.463 0.0000000000
77432  -46.685  9.989  34.093 0.0000000000
79348  -46.809  12.404  34.645 0.0000000000
134172  -41.302  1.056  36.973 0.0000000000
69611  -43.168  2.271  38.865 0.0000000000
68403  -42.903  1.615  38.382 0.0000000000
63346  -35.115  -3.764  33.639 0.0000000000
66426  -37.763  -0.620  35.266 0.0000000000
67415  -39.374  0.718  35.814 0.0000000000
53900  -18.227  -11.975  49.892 0.0000000000
53883  -17.554  -12.288  50.312 0.0000000000
53913  -17.240  -12.219  48.836 0.0000000000
151426  -16.476  -12.626  47.933 0.0000000000
59220  -0.290  -7.669  38.961 0.0000000000
58133  -1.398  -8.887  40.144 0.0000000000
54944  -3.009  -11.569  48.232 0.0000000000
127631  -2.821  -11.660  46.929 0.0000000000
128920  -4.606  -11.531  46.932 0.0000000000
54998  -6.697  -11.622  45.769 0.0000000000
53954  -8.872  -12.244  44.665 0.0000000000
51596  -9.268  -14.199  46.151 0.0000000000
51638  -9.410  -14.309  43.794 0.0000000000
51653  -9.470  -13.967  42.337 0.0000000000
50600  -8.886  -15.674  40.148 0.0000000000
50385  -9.717  -15.538  60.193 0.0000000000
49220  -10.037  -17.297  60.505 0.0000000000
46979  -9.569  -18.252  60.515 0.0000000000
46982  -8.155  -18.449  59.428 0.0000000000
44769  -8.722  -20.474  58.230 0.0000000000
44762  -8.365  -19.988  58.564 0.0000000000
46988  -7.712  -18.739  58.683 0.0000000000
45809  -6.329  -18.352  57.700 0.0000000000
45833  -4.446  -18.243  56.789 0.0000000000
141782  -3.596  -18.479  55.820 0.0000000000
61348  -36.744  -6.339  36.543 0.0000000000
61333  -38.200  -6.142  37.318 0.0000000000
61317  -37.410  -6.315  38.207 0.0000000000
58116  -28.736  -8.462  42.343 0.0000000000
126147  -32.064  -5.472  37.326 0.0000000000
148830  -34.756  -5.658  36.678 0.0000000000
53835  -20.181  -12.461  53.930 0.0000000000
53850  -20.365  -12.367  52.363 0.0000000000
56911  -26.954  -9.485  56.314 0.0000000000
54873  -25.188  -11.098  55.484 0.0000000000
54881  -24.003  -11.863  55.041 0.0000000000
53871  -24.327  -13.088  52.002 0.0000000000
53853  -23.847  -12.820  52.725 0.0000000000
53837  -22.391  -12.558  53.321 0.0000000000
142069  -21.950  -12.553  52.359 0.0000000000
144226  -20.766  -12.305  51.813 0.0000000000
53885  -19.690  -11.938  50.810 0.0000000000
54931  -18.968  -11.635  49.390 0.0000000000
76555  -50.910  8.921  27.892 0.0000000000
76561  -51.758  9.113  26.719 0.0000000000
76562  -52.533  9.474  26.475 0.0000000000
56992  -0.399  -9.519  47.544 0.0000000000
54921  0.059  -11.311  48.623 0.0000000000
58004  -0.518  -8.478  49.294 0.0000000000
55923  0.104  -11.012  49.383 0.0000000000
144206  -1.084  -11.574  48.823 0.0000000000
54925  -3.590  -11.354  49.132 0.0000000000
55925  -5.125  -10.719  49.589 0.0000000000
55927  -6.614  -10.667  49.850 0.0000000000
56961  -5.132  -9.913  51.887 0.0000000000
131885  -6.458  -10.723  51.242 0.0000000000
146384  -7.717  -12.198  50.067 0.0000000000
52737  -7.928  -13.626  49.911 0.0000000000
50478  -7.050  -14.842  50.159 0.0000000000
49364  -5.849  -16.249  49.405 0.0000000000
77376  -42.407  10.974  39.992 0.0000000000
72820  -38.218  5.460  35.843 0.0000000000
73753  -37.898  6.204  35.997 0.0000000000
74625  -38.248  7.632  36.449 0.0000000000
75519  -39.109  8.872  37.460 0.0000000000
77374  -40.779  10.252  39.022 0.0000000000
47000  -11.438  -19.489  58.022 0.0000000000
44773  -12.106  -20.165  57.311 0.0000000000
47012  -12.745  -19.210  56.830 0.0000000000
45836  -12.680  -19.960  56.741 0.0000000000
43794  -12.786  -20.794  55.553 0.0000000000
44839  -10.890  -20.638  52.514 0.0000000000
53882  -16.846  -12.571  50.650 0.0000000000
53863  -16.841  -12.635  51.511 0.0000000000
52714  -16.168  -13.069  51.904 0.0000000000
51557  -14.492  -14.365  49.705 0.0000000000
51539  -14.910  -13.929  51.009 0.0000000000
140129  -15.527  -13.531  52.484 0.0000000000
51521  -15.132  -13.907  53.510 0.0000000000
51520  -14.719  -14.610  54.195 0.0000000000
128543  -14.487  -15.189  54.796 0.0000000000
49305  -13.856  -16.733  54.112 0.0000000000
137347  -13.416  -17.405  52.519 0.0000000000
47059  -13.655  -19.172  52.006 0.0000000000
139746  -13.793  -18.632  50.372 0.0000000000
47074  -13.848  -19.521  50.591 0.0000000000
148383  -13.769  -20.217  51.693 0.0000000000
44868  -12.688  -20.273  50.916 0.0000000000
59171  -2.476  -7.437  43.127 0.0000000000
58085  -2.258  -9.109  44.221 0.0000000000
58101  -1.429  -9.083  43.420 0.0000000000
59189  -0.485  -8.086  42.189 0.0000000000
126740  0.097  -9.769  40.749 0.0000000000
57063  -0.411  -9.483  40.375 0.0000000000
138586  -2.682  -9.401  40.871 0.0000000000
126184  -3.518  -11.619  45.816 0.0000000000
55015  -2.759  -11.669  44.390 0.0000000000
55035  -2.992  -11.451  43.535 0.0000000000
148073  -6.694  -12.767  42.092 0.0000000000
55056  -4.899  -11.895  42.727 0.0000000000
55054  -3.401  -11.175  42.880 0.0000000000
56009  -3.183  -10.239  41.989 0.0000000000
56024  -3.576  -9.909  40.947 0.0000000000
57066  -4.147  -9.885  39.804 0.0000000000
56055  -4.517  -10.706  38.670 0.0000000000
52666  -9.011  -13.764  60.075 0.0000000000
53776  -7.829  -13.013  60.548 0.0000000000
53774  -6.547  -12.467  60.570 0.0000000000
50383  -5.990  -15.051  59.673 0.0000000000
52664  -5.511  -13.425  60.019 0.0000000000
53772  -4.905  -11.835  60.224 0.0000000000
54839  -4.191  -11.366  59.921 0.0000000000
54842  -3.464  -11.141  59.139 0.0000000000
55851  -3.145  -10.323  57.189 0.0000000000
55852  -4.117  -10.856  56.676 0.0000000000
54867  -5.164  -12.035  56.011 0.0000000000
146441  -5.927  -13.682  54.642 0.0000000000
51508  -4.452  -14.966  55.130 0.0000000000
132690  -5.372  -14.707  54.037 0.0000000000
51517  -5.709  -14.501  53.380 0.0000000000
51535  -5.840  -14.904  52.141 0.0000000000
49335  -4.844  -16.292  50.666 0.0000000000
49362  -3.831  -16.731  49.433 0.0000000000
45860  -2.904  -19.179  55.094 0.0000000000
44803  -1.866  -20.375  54.358 0.0000000000
47031  -2.199  -18.752  54.666 0.0000000000
143192  -1.334  -17.792  53.593 0.0000000000
48196  -1.530  -17.079  53.260 0.0000000000
131867  -1.193  -16.821  52.024 0.0000000000
48226  -0.918  -17.255  51.385 0.0000000000
133359  -1.237  -16.866  51.248 0.0000000000
49347  -2.165  -16.656  50.063 0.0000000000
48255  -2.994  -17.039  48.738 0.0000000000
48268  -3.629  -17.188  47.941 0.0000000000
48293  -2.100  -17.386  46.436 0.0000000000
143248  -1.987  -17.930  45.792 0.0000000000
56982  -32.397  -9.343  49.602 0.0000000000
139975  -31.788  -9.797  50.034 0.0000000000
56981  -31.865  -9.833  49.251 0.0000000000
151281  -31.480  -9.902  50.551 0.0000000000
55933  -31.311  -10.409  49.341 0.0000000000
147073  -31.834  -9.535  50.893 0.0000000000
79292  -43.192  12.292  40.925 0.0000000000
78349  -41.898  11.250  38.996 0.0000000000
78356  -41.638  11.337  38.075 0.0000000000
62329  -38.032  -5.403  35.887 0.0000000000
61349  -37.508  -6.082  36.377 0.0000000000
126653  -36.190  -6.303  35.755 0.0000000000
61367  -36.513  -6.135  35.212 0.0000000000
142906  -5.437  -16.702  48.067 0.0000000000
49391  -6.141  -16.461  47.568 0.0000000000
49390  -5.195  -16.773  47.350 0.0000000000
48281  -4.886  -16.918  46.615 0.0000000000
48280  -4.231  -17.103  47.237 0.0000000000
45896  -9.188  -20.029  51.985 0.0000000000
128564  -1.300  -9.278  56.566 0.0000000000
56901  -2.321  -9.347  55.969 0.0000000000
56886  -2.135  -9.760  56.962 0.0000000000
145296  -41.698  3.669  38.055 0.0000000000
71764  -42.715  4.052  39.251 0.0000000000
150428  -42.018  3.326  38.174 0.0000000000
68432  -41.207  2.106  37.125 0.0000000000
69666  -40.527  2.468  36.614 0.0000000000
70751  -40.936  2.964  37.062 0.0000000000
70735  -41.243  3.490  37.535 0.0000000000
50420  -14.229  -15.617  56.657 0.0000000000
50433  -14.491  -15.464  55.806 0.0000000000
53866  -19.161  -12.121  51.548 0.0000000000
53848  -18.626  -12.303  52.159 0.0000000000
141379  0.015  -12.189  46.699 0.0000000000
54962  -1.463  -11.948  46.968 0.0000000000
49521  -6.960  -16.510  37.471 0.0000000000
51491  -9.424  -14.509  58.556 0.0000000000
47009  -3.618  -17.957  56.284 0.0000000000
48161  -3.492  -17.116  56.456 0.0000000000
47008  -2.944  -17.308  55.855 0.0000000000
58054  -33.297  -8.058  47.626 0.0000000000
58067  -32.658  -8.240  46.717 0.0000000000
59135  -33.429  -7.628  46.753 0.0000000000
129519  -33.569  -7.318  46.078 0.0000000000
52746  -27.731  -13.224  48.774 0.0000000000
52731  -27.327  -12.738  49.546 0.0000000000
146679  -27.277  -13.726  48.987 0.0000000000
81254  -45.377  14.601  38.166 0.0000000000
80292  -44.704  14.132  38.035 0.0000000000
80303  -45.002  13.691  36.678 0.0000000000
80293  -45.356  14.252  37.356 0.0000000000
65362  -39.462  -1.447  36.035 0.0000000000
65342  -40.819  -1.221  36.507 0.0000000000
65341  -40.113  -1.737  36.298 0.0000000000
140414  -38.641  -2.540  35.667 0.0000000000
65361  -38.824  -1.676  35.742 0.0000000000
61230  -1.293  -5.880  42.520 0.0000000000
145430  -0.410  -6.694  41.303 0.0000000000
54948  -7.685  -11.596  48.698 0.0000000000
141711  -7.985  -11.771  47.796 0.0000000000
54949  -8.304  -12.190  48.312 0.0000000000
48336  -7.120  -17.185  43.576 0.0000000000
128339  -7.752  -16.776  42.910 0.0000000000
145543  -7.041  -17.333  42.864 0.0000000000
48347  -7.281  -17.184  42.079 0.0000000000
48373  -5.498  -17.824  41.181 0.0000000000
48359  -5.628  -17.878  42.042 0.0000000000
44772  -11.513  -20.378  57.902 0.0000000000
44766  -11.018  -20.314  58.632 0.0000000000
126279  -11.413  -20.734  57.525 0.0000000000
147327  -36.777  -5.818  39.637 0.0000000000
57036  -29.250  -9.024  43.852 0.0000000000
126148  -34.987  -5.511  38.431 0.0000000000
54865  -23.625  -10.949  56.326 0.0000000000
134457  -23.400  -11.543  55.745 0.0000000000
145133  -22.405  -12.272  55.065 0.0000000000
54891  -26.257  -11.570  53.088 0.0000000000
54890  -25.831  -11.657  53.969 0.0000000000
54935  -21.856  -12.150  48.895 0.0000000000
150809  -22.129  -12.551  50.184 0.0000000000
54916  -21.054  -11.980  49.807 0.0000000000
54934  -21.125  -11.864  49.110 0.0000000000
54953  -20.392  -11.511  48.586 0.0000000000
54971  -20.731  -11.446  47.509 0.0000000000
56945  -0.494  -10.053  52.590 0.0000000000
57976  -0.172  -8.807  52.382 0.0000000000
56958  -0.402  -10.471  51.808 0.0000000000
55900  -1.996  -11.091  51.517 0.0000000000
55889  -2.301  -10.522  52.210 0.0000000000
54886  -6.221  -11.648  53.468 0.0000000000
54893  -6.440  -11.416  52.579 0.0000000000
53828  -6.579  -12.475  53.065 0.0000000000
52692  -6.601  -13.368  52.927 0.0000000000
75483  -41.014  8.046  40.396 0.0000000000
75485  -42.251  8.420  40.946 0.0000000000
73693  -39.982  6.906  39.380 0.0000000000
74590  -40.357  7.429  39.848 0.0000000000
45867  -13.663  -20.329  54.581 0.0000000000
45883  -13.760  -20.348  53.428 0.0000000000
44842  -13.566  -20.785  52.979 0.0000000000
45898  -13.798  -20.180  52.294 0.0000000000
51573  -14.886  -13.988  48.255 0.0000000000
50480  -14.046  -15.110  50.167 0.0000000000
50479  -13.790  -15.874  50.629 0.0000000000
137203  -13.592  -16.572  51.041 0.0000000000
58087  -4.024  -8.127  44.633 0.0000000000
55033  -0.098  -12.323  43.342 0.0000000000
55051  -0.014  -12.011  42.838 0.0000000000
55994  -0.215  -11.492  42.267 0.0000000000
53969  -8.147  -12.187  43.634 0.0000000000
146943  -6.373  -11.965  44.230 0.0000000000
53968  -7.373  -12.355  43.234 0.0000000000
54028  -4.643  -13.604  40.250 0.0000000000
54011  -4.611  -12.600  40.348 0.0000000000
52870  -3.505  -13.991  38.666 0.0000000000
55832  -6.453  -10.724  60.118 0.0000000000
55828  -5.052  -10.745  60.387 0.0000000000
48136  -7.992  -17.502  59.770 0.0000000000
49223  -7.586  -16.635  59.950 0.0000000000
137501  -5.082  -14.273  57.953 0.0000000000
131734  -4.947  -14.411  57.260 0.0000000000
52674  -5.218  -13.593  57.141 0.0000000000
50452  -3.100  -16.012  53.551 0.0000000000
49333  -2.603  -16.348  52.186 0.0000000000
43822  -0.898  -21.427  53.042 0.0000000000
54991  -30.474  -11.596  46.903 0.0000000000
56988  -32.466  -9.199  48.363 0.0000000000
58053  -32.963  -8.637  48.181 0.0000000000
53905  -28.910  -12.156  48.829 0.0000000000
53906  -29.549  -11.961  48.748 0.0000000000
54956  -30.580  -11.522  48.402 0.0000000000
130966  -30.156  -12.104  48.046 0.0000000000
55921  -30.538  -10.570  50.582 0.0000000000
55909  -30.437  -10.271  51.507 0.0000000000
53892  -28.598  -11.871  49.631 0.0000000000
80279  -43.895  13.871  39.565 0.0000000000
81232  -44.139  14.470  39.941 0.0000000000
80270  -43.617  13.821  40.347 0.0000000000
75527  -39.135  9.014  36.512 0.0000000000
75537  -38.960  8.788  35.715 0.0000000000
126462  -39.939  9.705  36.390 0.0000000000
78364  -41.613  11.322  37.195 0.0000000000
77407  -40.688  10.273  36.195 0.0000000000
77408  -41.415  10.655  35.864 0.0000000000
77416  -41.816  10.280  35.090 0.0000000000
77409  -42.122  10.953  35.499 0.0000000000
77417  -42.593  10.542  34.730 0.0000000000
151856  -43.164  12.852  38.260 0.0000000000
80291  -43.793  13.424  37.910 0.0000000000
63326  -39.328  -3.158  36.018 0.0000000000
62343  -39.186  -4.148  35.997 0.0000000000
62331  -39.861  -4.713  36.475 0.0000000000
126141  -33.456  -5.549  36.234 0.0000000000
61364  -33.916  -5.561  35.097 0.0000000000
61382  -34.661  -5.600  34.216 0.0000000000
62352  -35.027  -5.471  33.822 0.0000000000
62341  -37.594  -5.082  35.256 0.0000000000
144211  -37.087  -4.664  34.809 0.0000000000
63324  -37.722  -4.070  35.241 0.0000000000
51570  -7.896  -14.595  48.809 0.0000000000
51571  -8.479  -14.170  48.093 0.0000000000
50498  -7.966  -14.867  48.104 0.0000000000
48297  -6.157  -16.591  46.185 0.0000000000
49420  -6.816  -16.400  46.136 0.0000000000
48307  -6.632  -16.609  45.627 0.0000000000
48308  -7.065  -16.665  45.087 0.0000000000
138355  -6.303  -17.012  44.994 0.0000000000
48321  -5.381  -17.484  44.594 0.0000000000
48305  -3.748  -17.420  45.519 0.0000000000
48319  -3.171  -17.732  44.840 0.0000000000
48318  -2.549  -17.907  45.055 0.0000000000
43804  -11.244  -21.233  54.750 0.0000000000
125757  -10.416  -21.067  55.223 0.0000000000
44809  -10.252  -21.088  54.278 0.0000000000
59180  -31.881  -7.650  43.366 0.0000000000
59179  -31.148  -7.864  43.057 0.0000000000
60234  -32.669  -6.861  42.367 0.0000000000
60233  -32.120  -7.182  42.226 0.0000000000
61255  -34.282  -5.496  41.510 0.0000000000
61254  -33.511  -5.729  41.121 0.0000000000
56896  -24.673  -9.438  57.391 0.0000000000
55862  -25.176  -9.810  56.721 0.0000000000
52742  -24.554  -13.848  49.500 0.0000000000
52727  -24.654  -13.541  50.403 0.0000000000
52741  -23.799  -13.390  48.974 0.0000000000
75569  -47.096  8.566  32.216 0.0000000000
127593  -47.052  8.376  31.398 0.0000000000
75578  -47.805  8.635  31.686 0.0000000000
76528  -49.226  9.669  32.524 0.0000000000
75579  -48.616  8.773  30.984 0.0000000000
75586  -49.079  8.727  30.097 0.0000000000
75591  -48.773  8.328  29.415 0.0000000000
76543  -49.842  9.035  29.955 0.0000000000
77457  -50.118  9.798  31.314 0.0000000000
56932  -1.674  -9.480  54.050 0.0000000000
150795  -1.849  -9.838  53.368 0.0000000000
56903  -4.096  -9.593  55.248 0.0000000000
56919  -4.237  -9.537  54.494 0.0000000000
136425  -5.281  -10.424  54.196 0.0000000000
151512  -5.559  -11.346  54.549 0.0000000000
73695  -41.340  5.825  40.007 0.0000000000
73680  -42.028  5.841  40.459 0.0000000000
139510  -37.493  0.813  34.874 0.0000000000
69687  -39.386  2.437  35.738 0.0000000000
68466  -38.177  2.304  34.808 0.0000000000
69686  -38.741  2.829  35.229 0.0000000000
129327  -38.656  3.719  35.206 0.0000000000
71772  -41.075  4.573  38.078 0.0000000000
72799  -40.353  4.933  37.779 0.0000000000
72776  -40.991  5.523  39.310 0.0000000000
49256  -13.666  -16.640  56.903 0.0000000000
141912  -14.057  -16.950  55.506 0.0000000000
147432  -13.466  -18.481  54.583 0.0000000000
49380  -13.542  -16.848  48.502 0.0000000000
57001  -1.399  -9.419  46.003 0.0000000000
139237  -0.121  -10.486  45.928 0.0000000000
54995  -0.105  -12.478  45.433 0.0000000000
54996  -0.241  -12.476  45.180 0.0000000000
55013  -0.162  -12.535  44.119 0.0000000000
55014  -1.258  -12.163  44.674 0.0000000000
50616  -8.689  -15.480  39.508 0.0000000000
52859  -8.267  -13.869  40.205 0.0000000000
51727  -8.278  -15.281  38.892 0.0000000000
51746  -6.856  -15.248  37.836 0.0000000000
151092  -6.989  -14.726  38.425 0.0000000000
51725  -5.770  -14.730  38.307 0.0000000000
126471  -5.058  -14.417  39.382 0.0000000000
54844  -8.154  -11.695  59.081 0.0000000000
54840  -7.845  -11.790  59.834 0.0000000000
46985  -5.300  -17.414  57.485 0.0000000000
48138  -5.647  -17.044  57.966 0.0000000000
49236  -3.468  -16.676  56.469 0.0000000000
49237  -4.051  -16.569  56.942 0.0000000000
50391  -4.214  -15.853  57.200 0.0000000000
50400  -3.538  -16.286  56.522 0.0000000000
49287  -2.464  -16.486  54.086 0.0000000000
49286  -2.037  -16.788  53.515 0.0000000000
57022  -28.923  -9.788  44.222 0.0000000000
55974  -29.331  -10.187  44.894 0.0000000000
55956  -30.670  -10.679  46.575 0.0000000000
57002  -30.916  -9.819  46.286 0.0000000000
57013  -31.270  -9.094  45.909 0.0000000000
58078  -30.979  -8.765  45.168 0.0000000000
57024  -30.276  -9.064  44.856 0.0000000000
58092  -31.506  -8.274  44.694 0.0000000000
58093  -32.059  -8.068  45.072 0.0000000000
51603  -28.481  -14.905  46.269 0.0000000000
55880  -28.475  -10.382  54.588 0.0000000000
55885  -27.746  -10.826  53.890 0.0000000000
55896  -29.771  -10.265  52.703 0.0000000000
55895  -28.943  -10.725  52.441 0.0000000000
53890  -27.077  -12.447  50.270 0.0000000000
54904  -28.139  -11.406  51.584 0.0000000000
53874  -26.584  -12.406  51.013 0.0000000000
53857  -26.442  -12.142  51.763 0.0000000000
52729  -25.934  -13.151  50.367 0.0000000000
52744  -25.980  -13.671  49.730 0.0000000000
51587  -25.119  -14.636  48.206 0.0000000000
81270  -46.909  14.905  36.706 0.0000000000
77418  -43.333  10.589  34.385 0.0000000000
77429  -43.750  9.998  33.858 0.0000000000
78397  -45.028  11.403  34.459 0.0000000000
77430  -44.617  9.910  33.786 0.0000000000
147947  -45.335  9.696  33.787 0.0000000000
76517  -45.733  9.223  33.586 0.0000000000
76524  -46.118  8.767  33.187 0.0000000000
77421  -46.227  10.571  34.191 0.0000000000
79331  -46.351  13.121  35.137 0.0000000000
80319  -46.840  13.900  35.650 0.0000000000
80336  -47.202  13.388  34.976 0.0000000000
68417  -41.903  1.435  37.469 0.0000000000
67386  -42.014  0.499  37.324 0.0000000000
66394  -42.865  -0.750  37.622 0.0000000000
67378  -43.546  0.599  38.547 0.0000000000
137397  -41.199  -2.993  36.718 0.0000000000
144392  -41.672  -2.467  36.884 0.0000000000
63334  -35.866  -4.276  34.130 0.0000000000
134570  -35.708  -3.029  34.097 0.0000000000
64351  -37.149  -1.913  34.918 0.0000000000
65379  -36.378  -1.410  34.520 0.0000000000
65380  -37.083  -0.968  34.932 0.0000000000
67399  -39.982  0.202  36.183 0.0000000000
68430  -40.001  1.116  36.185 0.0000000000
54930  -18.033  -11.853  49.113 0.0000000000
61262  -0.149  -5.825  39.530 0.0000000000
59208  0.004  -8.292  39.392 0.0000000000
59219  -0.046  -7.685  38.997 0.0000000000
58142  -0.040  -8.224  39.220 0.0000000000
144991  -0.430  -8.176  39.157 0.0000000000
58132  -0.293  -8.740  39.626 0.0000000000
54945  -4.186  -11.417  48.267 0.0000000000
54964  -3.706  -11.553  47.429 0.0000000000
54965  -5.487  -11.431  47.401 0.0000000000
54968  -8.174  -11.873  46.917 0.0000000000
54981  -6.587  -11.534  46.564 0.0000000000
54983  -8.333  -11.827  46.029 0.0000000000
55000  -8.396  -11.860  45.163 0.0000000000
51595  -8.900  -14.557  46.722 0.0000000000
51584  -9.160  -13.992  46.880 0.0000000000
50516  -8.972  -14.859  46.087 0.0000000000
50558  -9.034  -15.412  42.902 0.0000000000
50544  -9.191  -14.922  44.364 0.0000000000
137939  -9.454  -13.655  43.143 0.0000000000
50573  -9.350  -14.813  42.134 0.0000000000
50587  -9.288  -15.067  41.288 0.0000000000
50586  -8.957  -15.666  40.911 0.0000000000
48375  -7.351  -17.116  40.238 0.0000000000
133391  -8.055  -16.667  39.847 0.0000000000
47183  -4.569  -18.177  43.180 0.0000000000
47196  -4.029  -18.322  42.315 0.0000000000
47195  -2.994  -18.523  41.999 0.0000000000
49228  -10.304  -17.195  60.076 0.0000000000
48137  -10.289  -18.063  60.119 0.0000000000
44761  -10.035  -20.172  59.630 0.0000000000
45803  -9.914  -18.994  60.342 0.0000000000
45802  -9.350  -19.061  60.291 0.0000000000
146941  -9.042  -18.500  60.427 0.0000000000
45805  -8.997  -19.626  59.795 0.0000000000
44784  -9.484  -20.812  57.539 0.0000000000
45822  -7.695  -19.455  58.077 0.0000000000
45811  -8.103  -19.445  58.615 0.0000000000
45810  -7.289  -18.872  58.105 0.0000000000
130549  -4.439  -18.760  56.295 0.0000000000
45832  -3.947  -18.559  56.036 0.0000000000
126412  -36.012  -6.176  36.836 0.0000000000
61332  -37.382  -6.316  37.269 0.0000000000
58117  -29.569  -8.241  42.558 0.0000000000
58127  -29.342  -7.998  41.793 0.0000000000
61313  -32.369  -5.610  38.856 0.0000000000
126149  -32.616  -5.385  38.068 0.0000000000
127445  -35.805  -5.835  37.931 0.0000000000
126187  -21.201  -12.482  53.860 0.0000000000
127331  -19.880  -12.424  52.998 0.0000000000
54883  -25.724  -11.424  54.641 0.0000000000
54874  -25.910  -11.012  55.188 0.0000000000
133074  -25.404  -11.413  54.932 0.0000000000
54882  -24.819  -11.606  54.988 0.0000000000
53826  -24.535  -11.987  54.265 0.0000000000
53870  -23.761  -13.155  51.429 0.0000000000
127418  -23.346  -12.954  51.968 0.0000000000
53852  -22.761  -12.701  52.643 0.0000000000
53838  -23.255  -12.518  53.439 0.0000000000
148672  -22.169  -12.599  52.850 0.0000000000
54915  -20.503  -11.927  50.257 0.0000000000
53886  -20.644  -12.195  51.082 0.0000000000
54970  -19.108  -11.477  47.188 0.0000000000
144918  -19.029  -11.413  47.940 0.0000000000
76544  -50.528  9.406  29.670 0.0000000000
76545  -51.192  9.841  29.319 0.0000000000
76557  -52.328  9.714  27.251 0.0000000000
58022  -1.579  -8.090  48.099 0.0000000000
56983  0.185  -10.192  48.231 0.0000000000
59056  -0.325  -6.937  51.425 0.0000000000
59078  -0.504  -8.156  50.129 0.0000000000
55912  -0.630  -11.154  50.499 0.0000000000
55911  0.050  -10.827  50.176 0.0000000000
54922  -0.258  -11.198  49.686 0.0000000000
143867  -0.048  -11.216  49.208 0.0000000000
54924  -2.209  -11.550  48.992 0.0000000000
55924  -2.620  -11.410  49.920 0.0000000000
134072  -4.608  -10.682  50.015 0.0000000000
55926  -5.909  -10.521  49.741 0.0000000000
56948  -4.454  -9.757  52.446 0.0000000000
134592  -6.596  -11.245  51.815 0.0000000000
54899  -7.025  -11.584  51.220 0.0000000000
54908  -7.363  -11.603  50.349 0.0000000000
53879  -7.503  -12.468  50.813 0.0000000000
52723  -7.904  -12.887  50.075 0.0000000000
131321  -7.606  -13.389  50.704 0.0000000000
51545  -6.788  -14.566  50.913 0.0000000000
50487  -6.483  -15.562  49.798 0.0000000000
130894  -42.753  10.353  40.818 0.0000000000
61334  -39.190  -6.058  37.431 0.0000000000
145500  -38.767  4.976  36.039 0.0000000000
71813  -38.338  4.706  35.342 0.0000000000
73708  -38.847  7.112  38.038 0.0000000000
73742  -38.175  6.745  36.677 0.0000000000
74613  -38.500  7.467  37.328 0.0000000000
73741  -37.830  7.037  35.964 0.0000000000
75518  -38.614  8.301  36.951 0.0000000000
75507  -39.274  8.666  38.244 0.0000000000
76435  -41.346  9.499  40.060 0.0000000000
76448  -40.494  9.535  39.372 0.0000000000
147332  -41.188  10.037  39.598 0.0000000000
77375  -41.563  10.606  39.387 0.0000000000
48153  -11.294  -18.604  57.687 0.0000000000
47001  -11.906  -19.582  57.460 0.0000000000
45823  -11.743  -19.925  57.755 0.0000000000
45824  -12.228  -19.710  57.225 0.0000000000
147244  -13.122  -18.427  56.691 0.0000000000
47021  -13.387  -18.936  56.293 0.0000000000
45837  -13.145  -19.657  56.380 0.0000000000
45848  -13.100  -20.239  56.020 0.0000000000
126517  -12.447  -20.413  56.561 0.0000000000
43805  -12.184  -21.159  55.153 0.0000000000
44811  -13.095  -21.189  54.555 0.0000000000
44841  -12.967  -20.951  52.590 0.0000000000
44827  -11.844  -21.000  53.236 0.0000000000
44854  -11.109  -20.465  51.751 0.0000000000
146841  -16.945  -12.503  49.971 0.0000000000
52725  -16.131  -12.975  50.985 0.0000000000
52713  -15.521  -13.489  51.438 0.0000000000
51572  -14.471  -14.529  48.786 0.0000000000
51538  -14.517  -14.482  51.482 0.0000000000
51529  -15.001  -13.998  51.892 0.0000000000
142060  -14.943  -14.098  52.648 0.0000000000
51528  -14.567  -14.655  53.084 0.0000000000
50444  -14.351  -15.263  53.890 0.0000000000
49306  -14.252  -15.957  54.868 0.0000000000
50443  -13.983  -15.934  53.543 0.0000000000
48213  -13.385  -18.260  52.690 0.0000000000
47098  -14.018  -19.059  49.161 0.0000000000
141162  -13.794  -18.398  49.683 0.0000000000
45938  -13.779  -19.731  50.005 0.0000000000
135915  -13.780  -19.831  51.421 0.0000000000
148915  -13.532  -20.119  51.064 0.0000000000
59173  -4.516  -7.220  43.742 0.0000000000
60211  -4.151  -6.726  43.418 0.0000000000
60210  -3.162  -6.529  43.120 0.0000000000
57021  -0.904  -9.789  44.553 0.0000000000
148632  -0.370  -9.821  42.933 0.0000000000
58114  -0.456  -9.201  42.532 0.0000000000
58113  0.131  -9.423  41.406 0.0000000000
57052  -0.585  -10.205  41.054 0.0000000000
57064  -1.594  -9.471  40.741 0.0000000000
127584  -5.044  -11.705  44.327 0.0000000000
55016  -4.108  -11.525  44.095 0.0000000000
54014  -7.125  -13.274  41.048 0.0000000000
132973  -6.456  -13.003  41.546 0.0000000000
53979  -5.408  -12.346  42.383 0.0000000000
55055  -4.342  -11.405  42.285 0.0000000000
147634  -3.674  -10.840  42.322 0.0000000000
56010  -4.060  -10.689  41.626 0.0000000000
56025  -4.366  -10.706  40.642 0.0000000000
55834  -2.609  -9.649  59.203 0.0000000000
51486  -9.226  -14.824  60.363 0.0000000000
129309  -7.615  -14.799  60.619 0.0000000000
51484  -8.098  -14.380  60.701 0.0000000000
51483  -7.386  -14.103  60.618 0.0000000000
53775  -7.285  -12.480  60.552 0.0000000000
130020  -6.925  -13.332  60.645 0.0000000000
49226  -5.668  -16.380  58.527 0.0000000000
49221  -6.058  -15.940  59.268 0.0000000000
52658  -5.222  -12.618  60.136 0.0000000000
53778  -4.619  -12.101  59.781 0.0000000000
54846  -3.953  -11.591  58.570 0.0000000000
151484  -3.499  -11.129  58.544 0.0000000000
54845  -3.039  -10.573  58.394 0.0000000000
55839  -3.818  -11.175  57.787 0.0000000000
54855  -4.613  -11.855  56.978 0.0000000000
52675  -5.362  -13.659  56.313 0.0000000000
53800  -5.555  -12.859  55.787 0.0000000000
53811  -6.002  -12.858  54.798 0.0000000000
137962  -3.886  -15.375  55.362 0.0000000000
51501  -4.256  -14.967  55.880 0.0000000000
50429  -3.897  -15.545  54.727 0.0000000000
50453  -4.091  -15.894  52.954 0.0000000000
50430  -4.683  -15.153  54.356 0.0000000000
51526  -5.566  -14.826  52.823 0.0000000000
50454  -5.138  -15.498  52.554 0.0000000000
49334  -3.738  -16.380  51.273 0.0000000000
151387  -4.842  -16.104  51.363 0.0000000000
49349  -4.120  -16.536  50.288 0.0000000000
49363  -4.928  -16.507  49.834 0.0000000000
138679  -2.398  -19.886  54.559 0.0000000000
44821  -1.049  -20.149  53.935 0.0000000000
45859  -1.561  -19.347  54.268 0.0000000000
47030  -1.628  -18.194  54.124 0.0000000000
45858  -1.226  -18.568  53.871 0.0000000000
48195  -1.087  -17.499  53.103 0.0000000000
48212  -1.298  -16.908  52.734 0.0000000000
48211  -0.947  -17.331  52.353 0.0000000000
48239  -1.157  -17.267  50.330 0.0000000000
48240  -1.605  -16.718  50.660 0.0000000000
125728  -1.697  -16.971  49.897 0.0000000000
48267  -2.041  -17.306  48.448 0.0000000000
142139  -2.641  -17.292  47.829 0.0000000000
128939  -2.205  -17.271  47.019 0.0000000000
58035  -32.894  -8.836  49.055 0.0000000000
58020  -33.692  -8.219  49.737 0.0000000000
58002  -33.808  -8.074  50.698 0.0000000000
147540  -31.476  -10.443  48.172 0.0000000000
130610  -31.649  -10.125  48.676 0.0000000000
135145  -32.211  -9.534  48.809 0.0000000000
131751  -30.655  -10.841  49.708 0.0000000000
54937  -30.155  -11.519  49.104 0.0000000000
55932  -30.785  -11.056  49.008 0.0000000000
56966  -31.714  -9.306  51.792 0.0000000000
57987  -32.967  -8.246  51.987 0.0000000000
79301  -43.351  13.137  39.714 0.0000000000
79293  -43.296  13.010  40.556 0.0000000000
77382  -40.620  10.359  38.346 0.0000000000
76476  -40.383  10.241  37.006 0.0000000000
140496  -40.933  10.753  37.669 0.0000000000
78357  -42.150  11.791  37.617 0.0000000000
78365  -42.226  11.767  36.791 0.0000000000
133382  -42.887  12.510  38.967 0.0000000000
61351  -39.542  -5.439  36.836 0.0000000000
61366  -35.557  -6.053  35.278 0.0000000000
61384  -36.182  -5.924  34.609 0.0000000000
49379  -6.841  -15.968  48.145 0.0000000000
50505  -7.596  -15.450  47.735 0.0000000000
48296  -5.483  -16.801  46.107 0.0000000000
48306  -5.457  -17.081  45.438 0.0000000000
142788  -3.034  -17.282  46.013 0.0000000000
45882  -9.022  -20.311  52.993 0.0000000000
145362  -33.189  -6.981  43.669 0.0000000000
60217  -32.949  -6.947  43.051 0.0000000000
60247  -33.054  -6.368  41.793 0.0000000000
61239  -34.598  -5.516  42.209 0.0000000000
57926  -25.778  -8.541  57.263 0.0000000000
52755  -23.668  -13.523  48.078 0.0000000000
78415  -47.838  10.962  34.085 0.0000000000
76520  -48.150  9.540  33.354 0.0000000000
77434  -48.360  10.398  33.675 0.0000000000
77435  -49.100  10.771  33.435 0.0000000000
79378  -49.392  12.458  33.722 0.0000000000
56916  -0.380  -9.103  55.122 0.0000000000
149162  -2.503  -9.227  54.556 0.0000000000
56917  -2.511  -9.159  55.192 0.0000000000
56902  -3.271  -9.388  55.545 0.0000000000
71763  -42.112  4.447  38.973 0.0000000000
72759  -42.662  5.271  40.255 0.0000000000
72778  -42.601  4.682  39.630 0.0000000000
71765  -43.086  4.396  39.803 0.0000000000
139440  -38.776  1.161  35.481 0.0000000000
68447  -39.396  1.581  35.783 0.0000000000
69665  -39.933  2.841  36.204 0.0000000000
70749  -39.841  3.592  36.337 0.0000000000
144203  -40.726  3.554  37.127 0.0000000000
71787  -41.304  4.052  37.879 0.0000000000
49273  -14.008  -16.043  56.943 0.0000000000
53834  -19.381  -12.428  53.523 0.0000000000
59221  -1.258  -7.657  39.140 0.0000000000
130300  -2.418  -7.008  39.217 0.0000000000
56999  0.303  -11.038  46.618 0.0000000000
54978  -0.062  -12.515  45.977 0.0000000000
50630  -8.056  -15.821  38.483 0.0000000000
50648  -7.393  -15.850  37.861 0.0000000000
52668  -9.044  -12.843  58.968 0.0000000000
147086  -8.930  -13.024  59.698 0.0000000000
145556  -4.671  -17.293  57.155 0.0000000000
49250  -2.858  -16.568  55.577 0.0000000000
57004  -32.163  -8.968  47.070 0.0000000000
58080  -32.307  -8.135  45.777 0.0000000000
59162  -32.643  -7.683  45.135 0.0000000000
147020  -29.155  -13.771  46.438 0.0000000000
54905  -29.036  -11.078  51.295 0.0000000000
126435  -26.372  -13.292  49.772 0.0000000000
51561  -26.400  -14.316  49.217 0.0000000000
81269  -46.196  14.642  37.056 0.0000000000
79328  -43.711  12.610  35.974 0.0000000000
78380  -43.956  12.116  35.226 0.0000000000
79346  -44.810  12.193  34.945 0.0000000000
79330  -45.429  12.915  35.342 0.0000000000
79347  -45.800  12.121  34.691 0.0000000000
80304  -45.703  14.022  36.523 0.0000000000
66410  -40.733  -0.306  36.483 0.0000000000
67401  -41.416  0.113  36.853 0.0000000000
66411  -41.553  -0.802  36.834 0.0000000000
144388  -36.916  -2.765  34.782 0.0000000000
140124  -38.298  -1.124  35.499 0.0000000000
131503  -39.058  -0.912  35.808 0.0000000000
53923  -17.448  -11.967  47.521 0.0000000000
59199  -0.112  -7.735  40.439 0.0000000000
58123  0.126  -9.027  40.212 0.0000000000
54947  -6.207  -11.157  48.275 0.0000000000
54966  -6.437  -11.429  47.359 0.0000000000
126727  -7.131  -11.414  48.000 0.0000000000
53930  -8.723  -12.306  46.591 0.0000000000
49422  -8.226  -15.938  45.231 0.0000000000
135875  -8.768  -15.455  44.818 0.0000000000
49436  -8.324  -16.020  44.344 0.0000000000
49447  -8.415  -16.101  43.406 0.0000000000
49458  -8.487  -16.135  42.418 0.0000000000
49466  -8.461  -16.239  41.392 0.0000000000
49465  -7.810  -16.780  41.477 0.0000000000
48361  -7.235  -17.175  41.114 0.0000000000
48374  -6.419  -17.543  40.540 0.0000000000
47233  -5.312  -17.882  40.222 0.0000000000
125578  -4.386  -18.008  40.853 0.0000000000
145509  -10.943  -19.454  58.910 0.0000000000
46989  -10.575  -18.888  59.511 0.0000000000
45808  -10.616  -19.470  59.457 0.0000000000
45813  -10.662  -20.019  59.328 0.0000000000
44764  -9.634  -20.444  59.191 0.0000000000
130106  -8.314  -20.531  56.367 0.0000000000
44783  -8.483  -20.499  57.276 0.0000000000
44782  -7.652  -20.229  56.901 0.0000000000
44767  -6.991  -19.529  57.425 0.0000000000
127805  -6.033  -18.904  57.440 0.0000000000
45835  -5.913  -19.339  56.717 0.0000000000
61316  -36.533  -5.914  38.690 0.0000000000
59201  -30.719  -7.462  41.455 0.0000000000
61271  -33.595  -5.490  40.229 0.0000000000
61292  -33.646  -5.380  39.552 0.0000000000
146699  -34.150  -5.374  38.141 0.0000000000
53823  -21.817  -12.422  54.542 0.0000000000
55878  -26.753  -10.746  55.032 0.0000000000
53840  -25.096  -12.213  53.398 0.0000000000
53889  -22.911  -12.951  50.268 0.0000000000
53888  -22.224  -12.704  50.912 0.0000000000
53868  -21.518  -12.446  51.547 0.0000000000
54932  -19.792  -11.559  49.220 0.0000000000
126414  -19.773  -11.392  47.790 0.0000000000
74685  -48.149  7.685  28.083 0.0000000000
57989  -0.219  -8.972  51.572 0.0000000000
141455  -0.277  -9.074  50.756 0.0000000000
144799  0.030  -9.948  51.307 0.0000000000
55898  -0.156  -10.572  51.132 0.0000000000
55913  -1.738  -11.325  50.694 0.0000000000
55914  -2.952  -11.082  50.761 0.0000000000
55902  -4.263  -10.518  50.742 0.0000000000
55890  -5.627  -10.170  52.145 0.0000000000
53842  -6.834  -12.026  52.129 0.0000000000
52711  -7.349  -13.145  51.513 0.0000000000
51536  -6.583  -14.363  51.747 0.0000000000
76436  -42.379  9.524  40.738 0.0000000000
150446  -42.294  8.972  40.858 0.0000000000
139399  -42.814  9.102  41.354 0.0000000000
72788  -39.856  5.686  38.269 0.0000000000
72808  -38.548  5.726  36.618 0.0000000000
73725  -39.251  6.295  38.122 0.0000000000
73709  -39.456  6.882  38.720 0.0000000000
74601  -39.148  7.830  38.410 0.0000000000
138264  -39.638  8.416  38.980 0.0000000000
75495  -40.222  8.218  39.638 0.0000000000
76434  -40.725  8.853  39.927 0.0000000000
47032  -13.505  -19.259  55.245 0.0000000000
44856  -12.900  -20.614  51.659 0.0000000000
52754  -16.071  -13.001  49.025 0.0000000000
138841  -15.486  -13.392  49.478 0.0000000000
50490  -14.079  -15.178  49.289 0.0000000000
50455  -13.879  -15.907  52.517 0.0000000000
45979  -13.805  -19.365  48.858 0.0000000000
149015  -3.566  -8.018  43.779 0.0000000000
55972  0.279  -11.530  43.805 0.0000000000
55982  0.158  -11.770  42.845 0.0000000000
57031  0.176  -11.100  42.292 0.0000000000
57042  0.008  -10.544  41.508 0.0000000000
56008  -0.834  -10.863  41.737 0.0000000000
142105  -2.041  -10.573  42.082 0.0000000000
126178  -6.021  -11.684  45.292 0.0000000000
126179  -5.123  -11.638  45.147 0.0000000000
55017  -5.829  -11.791  44.633 0.0000000000
55037  -5.675  -11.901  43.901 0.0000000000
54013  -5.988  -13.388  41.059 0.0000000000
53994  -4.879  -12.294  41.116 0.0000000000
55069  -4.556  -11.484  41.380 0.0000000000
55087  -4.455  -11.741  39.549 0.0000000000
49218  -8.875  -16.716  60.662 0.0000000000
50381  -8.786  -15.819  60.751 0.0000000000
49217  -8.059  -16.111  60.543 0.0000000000
50379  -7.420  -15.345  60.420 0.0000000000
50386  -4.947  -15.681  57.920 0.0000000000
51490  -5.161  -14.861  58.707 0.0000000000
51492  -5.099  -14.106  58.728 0.0000000000
53781  -4.495  -12.350  59.255 0.0000000000
53782  -4.579  -12.425  58.496 0.0000000000
53788  -4.954  -12.667  57.574 0.0000000000
49320  -3.590  -16.186  52.270 0.0000000000
141580  -0.980  -20.999  53.735 0.0000000000
45892  -0.558  -19.275  53.224 0.0000000000
142158  -0.524  -18.902  52.377 0.0000000000
48253  -1.397  -17.459  49.155 0.0000000000
53948  -29.549  -12.706  45.826 0.0000000000
55005  -29.676  -11.907  45.742 0.0000000000
55957  -31.268  -10.191  46.991 0.0000000000
55950  -31.432  -10.368  47.657 0.0000000000
56993  -31.767  -9.645  47.395 0.0000000000
52758  -28.247  -13.551  48.082 0.0000000000
146797  -28.646  -13.804  47.464 0.0000000000
53926  -29.554  -12.512  47.967 0.0000000000
52777  -29.102  -13.626  47.009 0.0000000000
53936  -29.485  -13.075  46.666 0.0000000000
55897  -30.364  -10.007  52.441 0.0000000000
56965  -31.023  -9.653  52.120 0.0000000000
54917  -29.183  -11.375  50.292 0.0000000000
53904  -28.118  -12.452  49.084 0.0000000000
81233  -44.552  14.587  39.402 0.0000000000
143283  -44.605  15.168  39.820 0.0000000000
76502  -40.439  9.449  34.985 0.0000000000
76512  -40.928  9.089  34.256 0.0000000000
131814  -41.313  8.811  33.725 0.0000000000
150096  -43.033  10.923  34.765 0.0000000000
78379  -43.170  11.918  35.575 0.0000000000
79314  -42.566  12.197  37.259 0.0000000000
79327  -42.934  12.305  36.518 0.0000000000
79320  -43.688  13.002  36.868 0.0000000000
63316  -40.755  -3.590  36.581 0.0000000000
145289  -33.188  -5.538  34.743 0.0000000000
148854  -33.520  -5.375  33.511 0.0000000000
61413  -33.568  -5.185  32.971 0.0000000000
143084  -34.607  -5.107  33.416 0.0000000000
62363  -35.158  -4.910  33.631 0.0000000000
62354  -36.424  -5.156  34.417 0.0000000000
150727  -36.563  -4.194  34.544 0.0000000000
61231  -2.298  -5.865  42.842 0.0000000000
53911  -8.392  -12.648  48.775 0.0000000000
53921  -8.690  -12.820  47.944 0.0000000000
50515  -8.517  -15.213  46.479 0.0000000000
50514  -7.861  -15.606  46.919 0.0000000000
49407  -8.096  -15.826  46.091 0.0000000000
49435  -7.692  -16.419  44.765 0.0000000000
48323  -7.085  -16.931  44.398 0.0000000000
48335  -6.404  -17.585  43.239 0.0000000000
48345  -5.635  -17.918  42.839 0.0000000000
48334  -5.555  -17.763  43.640 0.0000000000
48332  -3.603  -18.127  43.994 0.0000000000
48320  -4.206  -17.674  44.688 0.0000000000
147690  -2.761  -18.505  43.691 0.0000000000
43785  -11.434  -20.866  56.749 0.0000000000
44794  -9.707  -20.827  55.773 0.0000000000
144489  -9.408  -20.823  54.208 0.0000000000
44793  -8.727  -20.629  55.482 0.0000000000
44807  -7.908  -20.389  54.883 0.0000000000
133740  -34.829  -5.347  39.849 0.0000000000
134234  -36.469  -5.598  40.399 0.0000000000
58104  -30.603  -8.301  43.565 0.0000000000
58103  -29.799  -8.498  43.326 0.0000000000
59193  -30.945  -7.650  42.258 0.0000000000
59213  -31.211  -7.077  40.885 0.0000000000
60273  -30.926  -6.812  40.093 0.0000000000
139624  -31.575  -6.676  40.421 0.0000000000
60257  -32.237  -6.276  40.275 0.0000000000
148894  -32.971  -5.839  40.472 0.0000000000
55869  -24.140  -10.589  56.491 0.0000000000
54872  -24.304  -11.215  55.775 0.0000000000
53872  -25.592  -12.833  51.668 0.0000000000
52705  -25.153  -13.075  51.779 0.0000000000
147385  -25.101  -13.250  51.015 0.0000000000
53915  -23.194  -12.852  48.422 0.0000000000
53903  -23.138  -12.899  49.290 0.0000000000
54955  -22.087  -11.917  48.107 0.0000000000
54972  -21.642  -11.640  47.499 0.0000000000
75590  -47.605  8.006  29.738 0.0000000000
76534  -48.592  9.080  32.074 0.0000000000
144346  -48.157  8.075  29.422 0.0000000000
75597  -48.380  7.924  28.771 0.0000000000
75604  -48.850  7.913  27.975 0.0000000000
75605  -49.706  8.103  27.711 0.0000000000
75593  -50.011  8.814  29.154 0.0000000000
78445  -50.173  10.851  32.371 0.0000000000
56946  -1.407  -10.262  52.758 0.0000000000
56947  -2.645  -9.939  52.916 0.0000000000
132809  -3.720  -9.602  53.037 0.0000000000
56934  -3.931  -9.466  53.804 0.0000000000
56935  -5.101  -9.852  53.473 0.0000000000
55881  -5.462  -10.270  53.381 0.0000000000
54885  -5.774  -11.029  53.812 0.0000000000
136547  -41.909  7.440  40.867 0.0000000000
130485  -42.370  6.621  40.980 0.0000000000
68445  -38.166  1.461  35.073 0.0000000000
72809  -39.335  4.853  36.587 0.0000000000
71799  -39.770  4.207  36.554 0.0000000000
71786  -40.027  4.581  37.109 0.0000000000
73694  -40.625  6.467  39.882 0.0000000000
49255  -12.927  -16.945  56.933 0.0000000000
51597  -14.556  -14.784  46.989 0.0000000000
51585  -14.490  -14.666  47.942 0.0000000000
50508  -14.178  -15.411  47.626 0.0000000000
50500  -14.128  -15.287  48.445 0.0000000000
50499  -13.758  -15.983  48.907 0.0000000000
49365  -13.580  -16.796  49.343 0.0000000000
48269  -13.591  -17.897  48.979 0.0000000000
58060  -3.197  -8.543  46.033 0.0000000000
58073  -3.136  -8.750  44.995 0.0000000000
55962  0.161  -10.869  44.888 0.0000000000
55955  0.354  -11.839  45.850 0.0000000000
53998  -8.737  -13.320  41.436 0.0000000000
53982  -8.404  -12.785  42.092 0.0000000000
52841  -8.700  -13.725  40.786 0.0000000000
54015  -8.126  -13.388  40.810 0.0000000000
52840  -7.394  -13.660  40.320 0.0000000000
51706  -7.666  -14.628  38.921 0.0000000000
134171  -6.680  -14.006  39.919 0.0000000000
52857  -5.480  -14.204  40.046 0.0000000000
54843  -7.809  -11.203  58.550 0.0000000000
55837  -7.413  -10.716  58.779 0.0000000000
55836  -7.056  -10.729  59.574 0.0000000000
55833  -7.236  -11.281  60.007 0.0000000000
55830  -6.739  -11.326  60.312 0.0000000000
48139  -6.480  -17.482  58.408 0.0000000000
49225  -5.195  -16.369  57.920 0.0000000000
130854  -4.218  -15.070  56.583 0.0000000000
50428  -3.249  -15.847  55.245 0.0000000000
49269  -2.852  -16.328  55.481 0.0000000000
49304  -2.548  -16.274  53.926 0.0000000000
55963  -29.762  -10.487  45.458 0.0000000000
57011  -29.918  -9.757  45.236 0.0000000000
56926  -28.242  -9.895  55.567 0.0000000000
53856  -26.042  -12.105  52.283 0.0000000000
54898  -27.761  -11.132  52.666 0.0000000000
54897  -26.734  -11.620  52.419 0.0000000000
53873  -26.004  -12.629  51.651 0.0000000000
127064  -25.538  -13.031  51.064 0.0000000000
51560  -25.838  -14.250  49.383 0.0000000000
51559  -25.212  -14.305  49.086 0.0000000000
77419  -44.247  10.771  34.254 0.0000000000
142453  -44.490  8.874  33.089 0.0000000000
75568  -44.711  8.533  32.581 0.0000000000
76525  -46.974  8.735  33.063 0.0000000000
78398  -46.506  11.434  34.385 0.0000000000
78414  -47.027  10.736  34.187 0.0000000000
78399  -47.351  11.655  34.353 0.0000000000
79349  -47.659  12.643  34.528 0.0000000000
69640  -41.840  2.346  37.670 0.0000000000
69610  -42.395  2.703  38.281 0.0000000000
68418  -42.352  1.802  37.914 0.0000000000
67387  -42.709  0.796  37.863 0.0000000000
64324  -40.934  -2.117  36.575 0.0000000000
65324  -42.505  -1.420  37.340 0.0000000000
67413  -37.970  0.150  35.272 0.0000000000
66427  -38.521  -0.371  35.531 0.0000000000
67414  -38.706  0.389  35.526 0.0000000000
68431  -40.620  1.569  36.582 0.0000000000
53884  -18.271  -12.088  50.666 0.0000000000
53899  -17.454  -12.228  49.581 0.0000000000
144877  -17.008  -12.244  48.094 0.0000000000
53912  -16.566  -12.603  48.573 0.0000000000
52767  -16.003  -13.015  48.192 0.0000000000
52766  -15.439  -13.540  47.604 0.0000000000
60266  -0.165  -6.648  39.030 0.0000000000
58143  -1.314  -8.297  39.550 0.0000000000
54963  -2.564  -11.656  47.529 0.0000000000
143016  -5.281  -11.518  46.619 0.0000000000
127193  -5.901  -11.490  46.780 0.0000000000
126183  -5.739  -11.524  46.018 0.0000000000
55019  -7.771  -11.765  44.800 0.0000000000
55020  -8.328  -12.024  44.328 0.0000000000
131933  -8.832  -12.425  43.676 0.0000000000
52772  -9.221  -13.386  46.534 0.0000000000
53942  -9.253  -12.840  45.732 0.0000000000
50530  -9.160  -14.774  45.328 0.0000000000
51621  -9.403  -14.161  44.658 0.0000000000
52793  -9.385  -13.230  44.992 0.0000000000
53955  -9.211  -12.662  44.252 0.0000000000
142068  -9.279  -12.873  43.343 0.0000000000
52818  -9.294  -13.200  42.553 0.0000000000
51670  -9.371  -14.321  41.562 0.0000000000
50617  -9.062  -15.055  40.140 0.0000000000
49491  -8.516  -16.149  39.470 0.0000000000
49478  -8.572  -16.190  40.377 0.0000000000
49490  -8.024  -16.655  38.991 0.0000000000
48402  -7.401  -17.126  38.516 0.0000000000
49224  -9.946  -16.450  60.472 0.0000000000
48132  -9.830  -17.636  60.568 0.0000000000
48131  -9.348  -17.419  60.633 0.0000000000
147081  -9.054  -17.957  60.571 0.0000000000
46978  -8.607  -18.143  60.161 0.0000000000
44785  -10.666  -20.931  57.322 0.0000000000
44770  -9.529  -20.694  58.535 0.0000000000
44763  -8.991  -20.354  58.940 0.0000000000
45812  -8.669  -19.920  59.163 0.0000000000
45804  -8.384  -19.286  59.296 0.0000000000
46981  -7.371  -17.921  58.864 0.0000000000
46987  -6.882  -18.174  58.149 0.0000000000
46998  -5.627  -17.840  57.523 0.0000000000
45820  -5.410  -18.246  57.338 0.0000000000
47020  -3.219  -18.352  55.613 0.0000000000
58102  -28.954  -8.711  43.125 0.0000000000
126145  -34.025  -5.521  37.087 0.0000000000
61347  -35.398  -5.925  36.260 0.0000000000
53822  -20.886  -12.438  54.962 0.0000000000
53849  -19.492  -12.315  52.256 0.0000000000
56910  -26.031  -9.684  56.471 0.0000000000
55872  -26.444  -10.216  55.765 0.0000000000
55871  -25.614  -10.393  55.989 0.0000000000
53855  -25.310  -12.657  52.378 0.0000000000
53854  -24.783  -12.821  52.660 0.0000000000
53839  -24.244  -12.433  53.457 0.0000000000
53825  -23.640  -12.191  54.249 0.0000000000
53824  -22.654  -12.357  54.191 0.0000000000
126852  -21.639  -12.539  53.080 0.0000000000
53851  -21.177  -12.425  52.377 0.0000000000
53867  -20.003  -12.200  51.638 0.0000000000
54913  -18.969  -11.819  50.274 0.0000000000
54951  -18.579  -11.582  48.519 0.0000000000
75606  -50.464  8.361  27.365 0.0000000000
75612  -50.668  8.214  26.552 0.0000000000
76556  -51.581  9.328  27.527 0.0000000000
75613  -51.287  8.538  26.250 0.0000000000
76567  -52.734  9.251  25.722 0.0000000000
58037  -1.265  -8.748  47.653 0.0000000000
56991  0.283  -10.698  47.393 0.0000000000
55937  0.330  -11.188  47.962 0.0000000000
142127  -0.369  -11.667  48.265 0.0000000000
58003  -0.163  -9.286  49.935 0.0000000000
58021  0.038  -9.672  49.055 0.0000000000
130045  0.224  -10.720  48.828 0.0000000000
54943  -1.512  -11.731  48.061 0.0000000000
55938  -4.727  -11.130  48.977 0.0000000000
55939  -5.627  -10.902  49.012 0.0000000000
55940  -6.408  -10.857  49.148 0.0000000000
55928  -7.137  -11.102  49.316 0.0000000000
56960  -4.351  -10.090  51.656 0.0000000000
56969  -5.210  -10.178  51.085 0.0000000000
55903  -5.772  -10.228  51.441 0.0000000000
55915  -6.037  -10.348  50.543 0.0000000000
54907  -6.836  -10.897  50.513 0.0000000000
55916  -7.187  -11.082  49.923 0.0000000000
53897  -8.054  -12.427  49.487 0.0000000000
52738  -8.276  -13.142  49.325 0.0000000000
51555  -7.709  -14.355  49.670 0.0000000000
51546  -7.468  -14.127  50.479 0.0000000000
50488  -7.215  -15.091  49.346 0.0000000000
50496  -6.652  -15.790  48.983 0.0000000000
49377  -5.005  -16.777  48.873 0.0000000000
78336  -42.916  11.646  40.407 0.0000000000
132994  -42.959  10.993  40.820 0.0000000000
70724  -42.930  3.247  38.981 0.0000000000
71812  -37.781  4.894  34.726 0.0000000000
72819  -37.728  5.657  35.222 0.0000000000
72828  -37.498  5.454  34.358 0.0000000000
73752  -37.646  6.597  35.351 0.0000000000
144999  -37.774  7.262  35.334 0.0000000000
74631  -38.125  7.742  35.668 0.0000000000
75526  -38.547  8.326  36.112 0.0000000000
76456  -39.604  9.380  38.042 0.0000000000
76447  -39.765  9.155  38.794 0.0000000000
76457  -40.177  9.820  38.588 0.0000000000
46999  -10.953  -18.860  58.579 0.0000000000
134331  -12.808  -17.615  56.839 0.0000000000
48164  -12.584  -18.569  56.879 0.0000000000
43786  -12.069  -20.836  56.173 0.0000000000
125549  -11.213  -21.254  53.999 0.0000000000
45897  -10.223  -20.260  51.866 0.0000000000
53864  -17.577  -12.338  51.106 0.0000000000
53847  -17.664  -12.407  52.031 0.0000000000
52704  -16.172  -13.009  52.673 0.0000000000
52739  -14.975  -13.756  49.782 0.0000000000
51548  -14.804  -13.947  50.288 0.0000000000
53831  -15.801  -13.211  53.381 0.0000000000
51514  -14.719  -14.711  55.345 0.0000000000
49321  -13.636  -16.673  52.959 0.0000000000
48197  -13.472  -17.466  53.364 0.0000000000
144782  -13.603  -17.771  50.181 0.0000000000
47087  -14.057  -19.264  49.822 0.0000000000
136895  -13.654  -18.836  51.164 0.0000000000
45915  -11.719  -19.978  50.526 0.0000000000
44855  -11.877  -20.408  51.319 0.0000000000
60224  -1.962  -6.618  42.713 0.0000000000
58086  -3.410  -8.397  44.143 0.0000000000
129369  -2.793  -8.315  43.666 0.0000000000
57033  -0.722  -9.728  43.688 0.0000000000
59190  -1.490  -8.278  43.058 0.0000000000
134556  -1.442  -7.403  42.720 0.0000000000
135804  -0.087  -8.339  41.201 0.0000000000
57051  0.012  -10.089  40.855 0.0000000000
57062  0.026  -9.276  40.249 0.0000000000
58134  -2.401  -9.035  40.462 0.0000000000
126185  -2.328  -11.835  46.157 0.0000000000
126181  -2.604  -11.764  45.275 0.0000000000
126180  -3.968  -11.581  45.062 0.0000000000
55053  -1.993  -11.429  42.979 0.0000000000
53981  -7.483  -12.585  42.449 0.0000000000
53980  -6.332  -12.525  42.721 0.0000000000
55057  -5.557  -12.159  43.153 0.0000000000
53996  -5.908  -12.726  41.979 0.0000000000
139657  -4.217  -11.449  43.144 0.0000000000
55996  -2.669  -10.854  42.520 0.0000000000
57065  -3.302  -9.255  40.258 0.0000000000
57072  -4.553  -9.939  39.014 0.0000000000
57081  -4.835  -9.826  38.414 0.0000000000
51489  -9.469  -14.536  59.722 0.0000000000
52665  -8.500  -12.938  60.152 0.0000000000
51485  -8.773  -15.039  60.697 0.0000000000
52661  -8.331  -13.641  60.471 0.0000000000
53779  -7.949  -12.338  60.212 0.0000000000
149021  -6.923  -12.118  60.560 0.0000000000
54836  -6.417  -11.768  60.517 0.0000000000
148837  -6.808  -16.298  59.537 0.0000000000
49222  -6.711  -15.476  59.928 0.0000000000
147705  -5.502  -14.728  59.350 0.0000000000
51488  -5.832  -14.199  59.910 0.0000000000
51482  -6.166  -13.649  60.332 0.0000000000
52659  -5.977  -12.949  60.445 0.0000000000
53773  -5.722  -12.201  60.472 0.0000000000
54835  -5.435  -11.461  60.423 0.0000000000
54834  -4.543  -11.117  60.251 0.0000000000
54833  -3.832  -10.714  59.967 0.0000000000
135865  -3.378  -10.347  59.648 0.0000000000
53777  -4.050  -11.554  59.526 0.0000000000
54838  -3.576  -10.880  59.615 0.0000000000
55835  -2.998  -10.327  59.260 0.0000000000
55838  -2.438  -9.891  58.666 0.0000000000
55850  -2.254  -9.920  57.896 0.0000000000
55863  -3.740  -9.991  56.118 0.0000000000
146072  -4.454  -10.466  55.700 0.0000000000
55864  -5.140  -11.102  55.245 0.0000000000
125890  -5.597  -12.060  55.146 0.0000000000
52686  -6.349  -13.280  53.908 0.0000000000
51502  -5.047  -14.381  55.729 0.0000000000
51509  -5.306  -14.384  54.783 0.0000000000
52691  -5.945  -14.139  54.091 0.0000000000
151650  -6.237  -13.897  53.430 0.0000000000
51527  -6.263  -14.197  52.673 0.0000000000
50466  -6.063  -15.045  51.307 0.0000000000
50465  -5.377  -15.586  51.729 0.0000000000
50476  -5.540  -15.734  50.959 0.0000000000
50486  -5.695  -15.992  50.223 0.0000000000
47018  -2.228  -17.612  54.442 0.0000000000
131879  -1.872  -17.320  53.771 0.0000000000
49302  -1.616  -16.695  52.998 0.0000000000
49317  -1.433  -16.664  52.387 0.0000000000
45908  -0.621  -19.221  51.634 0.0000000000
47073  -0.609  -18.188  51.695 0.0000000000
49332  -1.736  -16.507  51.983 0.0000000000
48254  -2.123  -16.974  49.318 0.0000000000
49361  -2.773  -16.748  49.546 0.0000000000
49376  -4.021  -16.949  48.608 0.0000000000
48279  -3.173  -17.233  47.147 0.0000000000
48294  -2.626  -17.271  46.446 0.0000000000
47155  -2.160  -18.150  45.276 0.0000000000
44771  -11.001  -20.762  58.142 0.0000000000
45806  -9.686  -19.666  59.990 0.0000000000
46980  -9.957  -18.336  60.465 0.0000000000
46983  -8.704  -18.925  59.998 0.0000000000
46984  -10.239  -18.792  60.138 0.0000000000
47010  -11.847  -19.054  57.348 0.0000000000
48130  -8.705  -17.440  60.475 0.0000000000
48133  -10.044  -18.013  60.438 0.0000000000
48227  -1.482  -16.618  51.576 0.0000000000
48386  -6.857  -17.419  39.753 0.0000000000
49219  -9.603  -16.704  60.642 0.0000000000
49405  -6.517  -16.387  46.747 0.0000000000
49406  -7.327  -16.098  46.479 0.0000000000
49504  -8.261  -16.216  38.795 0.0000000000
50380  -8.008  -15.448  60.681 0.0000000000
50559  -9.224  -14.976  43.600 0.0000000000
50601  -9.136  -15.252  40.634 0.0000000000
51576  -27.332  -14.856  48.298 0.0000000000
51583  -8.845  -14.214  47.315 0.0000000000
51609  -9.401  -14.035  45.410 0.0000000000
51616  -29.001  -14.288  45.918 0.0000000000
51688  -9.245  -14.675  40.839 0.0000000000
51707  -8.467  -14.626  39.598 0.0000000000
52660  -7.688  -13.671  60.627 0.0000000000
52662  -8.702  -14.316  60.491 0.0000000000
52745  -26.690  -13.735  49.343 0.0000000000
52752  -8.561  -13.352  48.461 0.0000000000
52765  -8.968  -12.838  47.087 0.0000000000
52781  -9.371  -13.552  45.795 0.0000000000
52805  -9.431  -13.413  44.011 0.0000000000
52827  -9.263  -13.576  41.830 0.0000000000
52842  -9.180  -13.926  41.100 0.0000000000
53916  -29.233  -12.407  48.316 0.0000000000
53931  -9.083  -12.687  46.342 0.0000000000
53983  -9.042  -13.022  42.122 0.0000000000
53997  -7.403  -12.877  41.750 0.0000000000
54866  -4.677  -11.314  56.115 0.0000000000
54926  -7.636  -11.699  49.559 0.0000000000
54936  -29.397  -11.660  49.402 0.0000000000
54942  -0.371  -11.377  49.051 0.0000000000
54957  -31.142  -11.058  47.951 0.0000000000
54960  0.062  -11.701  47.618 0.0000000000
54980  -3.667  -11.584  46.546 0.0000000000
54982  -7.496  -11.634  46.332 0.0000000000
54999  -7.647  -11.663  45.503 0.0000000000
55012  -0.200  -12.447  44.602 0.0000000000
55039  -7.306  -12.050  44.109 0.0000000000
55861  -24.405  -10.021  57.018 0.0000000000
56975  0.173  -10.362  49.666 0.0000000000
69639  -41.407  2.821  37.437 0.0000000000
70750  -40.292  3.899  36.861 0.0000000000
71773  -42.228  3.697  38.548 0.0000000000
72789  -41.444  4.826  38.744 0.0000000000
74630  -37.605  7.063  34.775 0.0000000000
74677  -47.748  7.820  29.135 0.0000000000
75506  -38.807  8.183  37.719 0.0000000000
75598  -49.344  8.290  28.698 0.0000000000
76465  -39.665  9.551  37.219 0.0000000000
76488  -40.366  9.787  35.719 0.0000000000
76503  -41.416  9.638  34.706 0.0000000000
76515  -43.333  9.329  33.550 0.0000000000
76518  -46.636  9.280  33.702 0.0000000000
76519  -47.450  9.154  33.413 0.0000000000
76526  -47.867  8.854  32.756 0.0000000000
76549  -50.686  9.190  28.787 0.0000000000
77420  -45.317  10.465  34.099 0.0000000000
77431  -46.002  9.794  33.994 0.0000000000
77440  -48.925  9.961  33.210 0.0000000000
78394  -42.785  11.228  35.196 0.0000000000
79329  -44.534  12.760  35.623 0.0000000000
80302  -44.467  13.611  37.188 0.0000000000
126639  -8.336  -12.440  42.945 0.0000000000
126999  -42.646  -0.037  37.605 0.0000000000
127369  -4.743  -17.357  45.251 0.0000000000
127550  -28.367  -11.653  50.591 0.0000000000
128004  -5.766  -12.953  41.389 0.0000000000
128938  -0.281  -12.281  46.544 0.0000000000
132108  -10.246  -20.897  58.128 0.0000000000
133812  -9.167  -12.541  45.055 0.0000000000
135838  -37.488  6.304  34.631 0.0000000000
136440  -9.384  -14.526  42.978 0.0000000000
138051  -29.251  -13.077  47.465 0.0000000000
141272  -4.667  -11.462  47.643 0.0000000000
142269  -0.019  -7.542  39.296 0.0000000000
145577  -4.541  -9.611  53.196 0.0000000000
147238  -4.405  -10.960  49.542 0.0000000000
151168  -39.641  6.236  38.546 0.0000000000
