#!ascii label  , from subject sub-v1s3x0050788_ses-1 vox2ras=TkReg
1560
6220  -8.740  -64.218  -18.214 0.5000000000
4335  -9.176  -67.066  -15.738 0.5000000000
4320  -10.268  -67.601  -15.248 0.5000000000
3816  -9.976  -68.631  -15.419 0.5000000000
7532  -9.436  -62.711  -18.675 0.5000000000
6866  -9.139  -63.543  -18.534 0.5000000000
6867  -9.856  -63.078  -18.045 0.5000000000
6855  -9.585  -63.912  -17.881 0.5000000000
6856  -10.292  -63.513  -17.441 0.6000000238
6213  -9.213  -64.645  -17.570 0.5000000000
2777  -11.069  -69.949  -15.866 0.5000000000
138389  -9.437  -65.857  -16.354 0.5000000000
4932  -9.977  -66.256  -15.907 0.6000000238
132256  -10.884  -69.149  -15.428 0.6000000238
5549  -10.559  -65.973  -15.652 0.6000000238
3817  -10.744  -68.353  -15.150 0.6000000238
2778  -12.077  -70.176  -15.913 0.6999999881
4933  -11.011  -66.603  -15.021 0.6999999881
3266  -11.647  -68.698  -14.931 0.6999999881
143778  -12.130  -67.950  -14.561 0.6999999881
3799  -12.691  -68.714  -14.656 0.6999999881
3283  -12.646  -69.777  -15.423 0.6999999881
8226  -9.680  -61.868  -18.790 0.5000000000
7525  -10.574  -62.654  -17.618 0.6000000238
8227  -10.371  -61.309  -18.358 0.6000000238
8213  -10.856  -61.755  -17.772 0.6000000238
6198  -9.613  -65.102  -16.808 0.5000000000
2796  -12.476  -70.549  -16.594 0.5000000000
2806  -13.027  -70.709  -17.343 0.5000000000
3315  -13.780  -69.969  -18.855 0.6999999881
3310  -13.854  -70.269  -17.361 0.6999999881
5560  -10.129  -65.519  -16.219 0.6000000238
4916  -11.835  -67.076  -14.569 0.6999999881
3311  -14.398  -69.594  -17.347 0.6999999881
135792  -12.579  -67.425  -14.289 0.6999999881
3800  -13.574  -68.629  -14.581 0.6999999881
3268  -13.227  -69.337  -14.981 0.6999999881
3842  -14.862  -68.761  -17.264 0.6999999881
128128  -13.883  -67.954  -14.198 0.6999999881
3818  -15.082  -68.357  -15.342 0.6999999881
3831  -15.091  -68.696  -16.251 0.6999999881
3832  -15.497  -68.041  -15.999 0.6999999881
9005  -10.622  -60.349  -18.659 0.5000000000
9006  -11.602  -60.304  -18.345 0.6000000238
8228  -11.160  -60.911  -17.975 0.6000000238
8983  -12.002  -60.780  -17.706 0.6000000238
6857  -11.017  -63.123  -17.050 0.6000000238
8214  -11.631  -61.464  -17.463 0.6000000238
6845  -10.689  -63.962  -16.800 0.6000000238
3324  -13.462  -69.301  -19.373 0.6999999881
6199  -10.373  -64.743  -16.516 0.6999999881
3851  -13.857  -69.130  -18.691 0.6999999881
3323  -12.891  -68.640  -19.777 0.6999999881
128112  -12.127  -68.110  -20.172 0.6999999881
6200  -11.080  -64.373  -16.165 0.6999999881
4381  -11.445  -67.709  -20.622 0.6999999881
5561  -10.778  -65.158  -15.889 0.6999999881
6183  -11.492  -64.791  -15.533 0.6999999881
147508  -14.096  -69.814  -18.118 0.6999999881
4382  -12.212  -67.347  -20.218 0.6999999881
5538  -11.825  -66.169  -14.662 0.6999999881
5539  -12.596  -65.807  -14.252 0.6999999881
3316  -14.393  -69.012  -18.051 0.6999999881
150996  -14.051  -67.470  -13.937 0.6999999881
134326  -14.553  -68.137  -18.034 0.6999999881
140252  -13.900  -68.226  -18.586 0.6999999881
4306  -14.535  -67.573  -14.216 0.6999999881
3843  -15.350  -68.128  -16.849 0.6999999881
4363  -14.194  -67.441  -18.550 0.6999999881
3819  -15.467  -67.660  -15.237 0.6999999881
4364  -14.826  -67.368  -18.017 0.6999999881
147194  -15.749  -67.431  -15.862 0.6999999881
9772  -11.301  -59.801  -18.964 0.5000000000
9773  -12.199  -59.911  -18.901 0.6000000238
9800  -12.696  -59.656  -19.635 0.5000000000
9774  -13.212  -60.027  -19.029 0.6000000238
146278  -11.172  -59.107  -20.357 0.5000000000
129546  -11.213  -59.429  -19.684 0.5000000000
9007  -12.589  -60.371  -18.287 0.6000000238
9775  -14.179  -60.066  -19.026 0.6000000238
8984  -13.026  -60.899  -17.656 0.6000000238
9008  -13.635  -60.470  -18.302 0.6000000238
7517  -11.743  -62.726  -16.676 0.6000000238
6846  -11.407  -63.569  -16.427 0.6999999881
7518  -12.543  -62.415  -16.438 0.6999999881
6827  -11.790  -63.973  -15.792 0.6999999881
6847  -12.167  -63.165  -16.097 0.6999999881
4993  -10.227  -66.826  -21.416 0.6999999881
6184  -12.225  -64.415  -15.152 0.6999999881
6828  -12.561  -63.585  -15.447 0.6999999881
4984  -11.713  -66.842  -20.674 0.6999999881
4999  -9.941  -66.026  -21.773 0.6999999881
6176  -13.003  -64.060  -14.730 0.6999999881
4985  -12.438  -66.474  -20.280 0.6999999881
134289  -11.332  -66.278  -21.057 0.6999999881
4998  -9.169  -65.971  -22.356 0.6999999881
5522  -14.164  -65.959  -13.526 0.6000000238
4978  -12.870  -66.956  -19.752 0.6999999881
5599  -12.022  -65.755  -20.720 0.6999999881
5609  -10.383  -65.200  -21.692 0.6999999881
5003  -8.585  -65.381  -23.134 0.6999999881
4296  -14.224  -66.903  -13.735 0.6999999881
4974  -14.023  -66.808  -18.950 0.6999999881
4979  -13.572  -66.330  -19.417 0.6000000238
5600  -12.746  -64.831  -20.568 0.6999999881
5610  -11.250  -65.342  -21.247 0.6999999881
4934  -15.875  -66.845  -15.333 0.6000000238
4350  -15.365  -67.407  -17.379 0.6999999881
4365  -15.211  -66.516  -17.960 0.6999999881
4975  -14.561  -66.693  -18.523 0.6999999881
4980  -14.291  -66.094  -19.008 0.6000000238
5601  -13.489  -65.290  -19.914 0.6000000238
4949  -15.987  -66.862  -16.283 0.6000000238
4966  -15.748  -66.725  -17.142 0.6000000238
5585  -14.890  -65.896  -18.619 0.6000000238
5593  -14.657  -65.273  -19.159 0.5000000000
5592  -14.020  -65.573  -19.384 0.5000000000
6240  -13.518  -64.437  -20.354 0.5000000000
5580  -15.780  -65.787  -17.643 0.6000000238
151163  -15.731  -65.301  -18.239 0.5000000000
5586  -15.370  -65.169  -18.762 0.5000000000
9801  -13.721  -59.676  -19.846 0.6000000238
9827  -13.588  -59.290  -20.690 0.6000000238
9776  -14.873  -59.875  -18.846 0.5000000000
9803  -15.225  -59.371  -19.427 0.6999999881
9826  -12.619  -59.062  -20.985 0.5000000000
9839  -13.362  -58.972  -21.452 0.6000000238
9840  -14.175  -59.072  -21.199 0.6000000238
144588  -12.116  -58.600  -22.543 0.6000000238
127845  -11.905  -58.763  -21.742 0.6000000238
9756  -15.160  -60.104  -17.987 0.4000000060
127623  -13.021  -58.751  -22.311 0.6000000238
145561  -14.870  -60.642  -17.575 0.5000000000
133086  -14.164  -60.950  -17.500 0.6000000238
8216  -13.401  -61.457  -17.054 0.6000000238
7502  -12.950  -62.789  -15.792 0.6999999881
8204  -13.497  -62.061  -16.323 0.6000000238
6829  -13.316  -63.253  -15.055 0.6999999881
6161  -14.238  -65.102  -13.530 0.6000000238
6814  -13.772  -63.753  -14.259 0.6000000238
4904  -14.875  -66.316  -13.684 0.6000000238
5611  -11.898  -64.790  -21.043 0.6000000238
135120  -11.412  -64.683  -21.305 0.6000000238
6253  -10.906  -64.480  -21.602 0.6999999881
134443  -9.570  -65.036  -22.251 0.6999999881
5616  -8.853  -64.728  -22.966 0.6999999881
4921  -15.733  -66.330  -14.504 0.6000000238
5638  -7.752  -64.343  -24.622 0.6999999881
146666  -16.386  -65.591  -16.517 0.6000000238
5603  -14.815  -64.666  -19.718 0.4000000060
6256  -13.174  -63.958  -20.838 0.4000000060
6890  -12.787  -63.401  -21.416 0.5000000000
6889  -11.860  -63.376  -21.674 0.6000000238
6270  -10.028  -64.179  -22.226 0.6000000238
5625  -8.288  -64.347  -23.855 0.6000000238
5587  -16.201  -65.107  -17.881 0.5000000000
143617  -16.103  -64.960  -18.583 0.5000000000
5595  -15.994  -64.784  -19.294 0.5000000000
5594  -15.293  -64.824  -19.364 0.5000000000
6906  -12.356  -62.819  -22.139 0.4000000060
6905  -11.302  -62.695  -22.457 0.6000000238
126842  -15.641  -58.620  -20.860 0.6000000238
10590  -15.105  -59.203  -20.219 0.6000000238
10575  -15.734  -58.843  -19.073 0.6000000238
10601  -13.886  -58.829  -22.036 0.6000000238
10602  -14.663  -58.807  -21.785 0.5000000000
10620  -15.595  -58.344  -22.568 0.6000000238
10635  -15.736  -57.982  -23.705 0.6000000238
9777  -15.327  -59.470  -18.639 0.6000000238
10617  -12.430  -58.451  -23.373 0.6999999881
10633  -13.938  -58.401  -24.279 0.6000000238
10634  -14.981  -57.974  -24.976 0.6000000238
8986  -15.190  -60.464  -17.168 0.5000000000
139994  -15.489  -59.424  -17.951 0.6000000238
136808  -12.076  -57.827  -25.389 0.6000000238
10648  -13.872  -57.860  -25.748 0.6999999881
8985  -14.913  -61.064  -16.998 0.5000000000
11445  -13.302  -57.276  -26.630 0.6999999881
8217  -14.323  -61.470  -16.690 0.6000000238
148221  -13.150  -56.892  -26.612 0.6000000238
7503  -13.751  -62.496  -15.474 0.6000000238
8192  -14.362  -61.883  -15.955 0.6000000238
7504  -14.387  -62.224  -15.030 0.6000000238
7481  -14.025  -62.955  -14.582 0.6000000238
6162  -14.934  -64.737  -13.385 0.6000000238
133996  -15.391  -65.082  -13.529 0.6000000238
128202  -17.370  -64.191  -15.909 0.6000000238
4935  -16.210  -65.947  -15.173 0.6000000238
6203  -18.202  -64.099  -17.180 0.6000000238
5582  -16.795  -64.847  -17.426 0.6000000238
6271  -10.812  -63.476  -22.102 0.6000000238
6904  -9.812  -63.310  -22.925 0.6000000238
6280  -8.649  -63.773  -23.662 0.6000000238
5588  -16.797  -64.814  -18.238 0.5000000000
6231  -16.694  -64.646  -19.899 0.5000000000
6230  -15.706  -64.446  -20.003 0.5000000000
5019  -9.022  -64.443  -24.927 0.6000000238
6917  -10.273  -62.666  -23.167 0.6000000238
6916  -9.154  -62.669  -24.072 0.6000000238
131749  -16.366  -57.996  -21.137 0.5000000000
10591  -16.306  -58.164  -20.307 0.6000000238
11391  -16.938  -57.553  -19.833 0.5000000000
10603  -15.322  -58.620  -21.687 0.6000000238
10621  -16.271  -57.769  -22.748 0.6000000238
131975  -15.684  -58.771  -19.903 0.5000000000
10576  -16.310  -58.219  -19.451 0.5000000000
10564  -16.305  -58.261  -18.574 0.5000000000
10604  -15.955  -58.264  -21.794 0.6000000238
11429  -15.883  -57.570  -24.817 0.5000000000
10563  -15.772  -58.849  -18.235 0.6000000238
11462  -14.099  -56.745  -27.153 0.6999999881
11463  -15.215  -56.497  -27.118 0.6000000238
12314  -15.103  -56.213  -27.171 0.6000000238
8945  -15.124  -61.086  -15.757 0.5000000000
12302  -13.090  -56.445  -26.256 0.5000000000
133192  -13.936  -56.489  -27.002 0.6999999881
8193  -14.807  -61.594  -15.473 0.5000000000
7482  -14.668  -62.596  -14.047 0.5000000000
127463  -14.528  -63.449  -13.800 0.6000000238
6179  -17.194  -63.570  -14.534 0.6000000238
6178  -16.556  -64.172  -14.136 0.5000000000
6830  -17.639  -63.672  -15.418 0.6000000238
6186  -16.944  -64.265  -15.109 0.6000000238
6222  -17.528  -64.698  -18.704 0.5000000000
136571  -12.135  -61.520  -23.744 0.5000000000
7583  -10.750  -61.432  -24.242 0.5000000000
6927  -9.305  -62.443  -24.753 0.6000000238
6285  -9.043  -63.444  -24.526 0.6000000238
11407  -16.908  -57.254  -21.412 0.6000000238
11398  -16.924  -57.437  -20.627 0.6000000238
11418  -16.835  -57.109  -22.255 0.6000000238
11383  -17.028  -57.538  -18.933 0.5000000000
145475  -16.806  -56.896  -23.279 0.6000000238
12281  -16.776  -56.449  -24.478 0.6999999881
10549  -16.238  -58.315  -17.656 0.6000000238
12316  -16.223  -55.911  -26.844 0.6000000238
11447  -16.330  -56.749  -25.484 0.6000000238
10548  -15.717  -58.879  -17.393 0.6000000238
12303  -14.322  -55.954  -26.729 0.6000000238
13107  -16.060  -55.843  -27.031 0.6000000238
9743  -15.346  -59.882  -16.385 0.5000000000
8170  -14.812  -61.829  -14.479 0.5000000000
144030  -12.303  -56.093  -24.629 0.5000000000
12291  -13.869  -55.896  -25.206 0.6000000238
6804  -15.279  -63.109  -13.539 0.5000000000
6806  -17.360  -62.925  -14.009 0.6000000238
6816  -16.596  -63.462  -13.723 0.5000000000
6831  -18.306  -63.246  -15.807 0.5000000000
6848  -17.958  -63.875  -16.268 0.5000000000
7594  -9.894  -61.511  -25.169 0.6000000238
7593  -9.789  -61.681  -25.427 0.6000000238
11408  -17.404  -56.470  -21.779 0.6000000238
11399  -17.548  -56.627  -20.955 0.5000000000
11392  -17.680  -56.971  -19.536 0.5000000000
12268  -17.562  -55.949  -22.180 0.6999999881
151880  -17.885  -56.950  -18.951 0.5000000000
13088  -16.972  -55.362  -24.331 0.6999999881
12293  -17.112  -56.070  -23.788 0.6000000238
11371  -17.463  -57.353  -17.378 0.5000000000
12304  -16.552  -55.891  -25.696 0.6000000238
11352  -16.708  -57.821  -17.062 0.5000000000
10523  -15.966  -58.382  -15.546 0.6000000238
13922  -16.056  -54.454  -25.212 0.6999999881
10522  -15.458  -59.215  -15.495 0.6000000238
13087  -15.893  -54.963  -25.736 0.6000000238
12279  -14.452  -55.864  -23.762 0.6999999881
12292  -14.807  -55.383  -25.411 0.6999999881
8946  -15.057  -61.026  -14.804 0.5000000000
133791  -15.229  -60.247  -15.427 0.5000000000
12278  -13.517  -56.183  -23.845 0.6000000238
8171  -15.085  -61.371  -13.945 0.5000000000
138833  -14.289  -56.229  -22.588 0.5000000000
125764  -16.210  -61.994  -13.182 0.6000000238
7483  -15.369  -62.159  -13.598 0.5000000000
12265  -13.555  -56.423  -22.355 0.6000000238
7469  -15.947  -62.784  -13.324 0.5000000000
7505  -17.959  -62.953  -14.881 0.6000000238
6850  -19.056  -62.920  -17.023 0.5000000000
12253  -17.962  -56.023  -21.167 0.6999999881
12239  -18.266  -56.141  -20.427 0.5000000000
150827  -18.253  -56.452  -19.888 0.5000000000
13892  -17.283  -54.950  -22.041 0.8000000119
130768  -17.642  -55.649  -21.627 0.6999999881
11385  -18.579  -56.674  -18.664 0.5000000000
11372  -18.495  -56.840  -17.788 0.5000000000
13899  -16.556  -53.870  -23.972 0.6999999881
130170  -16.983  -54.651  -23.002 0.6999999881
134600  -17.314  -55.348  -22.629 0.8000000119
13912  -16.738  -54.892  -24.764 0.6999999881
11354  -18.021  -57.061  -16.695 0.5000000000
14761  -16.243  -53.887  -24.639 0.6999999881
11330  -16.618  -57.829  -16.124 0.6000000238
11353  -17.207  -57.484  -16.600 0.5000000000
13897  -14.995  -53.326  -24.350 0.6000000238
13910  -15.689  -54.023  -24.826 0.6000000238
10507  -15.753  -58.782  -14.623 0.6000000238
13898  -15.096  -54.302  -24.124 0.6999999881
12280  -15.048  -55.287  -24.235 0.6999999881
8932  -15.247  -60.648  -13.871 0.6000000238
9723  -15.441  -59.857  -13.799 0.6000000238
12267  -14.748  -55.839  -22.844 0.6000000238
8162  -16.487  -61.074  -12.909 0.6000000238
145633  -17.377  -62.321  -13.669 0.6000000238
128745  -13.085  -56.581  -21.508 0.6000000238
7506  -18.483  -62.483  -15.568 0.5000000000
13885  -17.465  -54.912  -20.529 0.6000000238
13068  -17.957  -55.649  -20.812 0.5000000000
12254  -18.460  -55.957  -20.259 0.5000000000
12212  -19.325  -56.381  -18.451 0.5000000000
13891  -16.683  -54.147  -22.569 0.8000000119
12200  -19.615  -56.450  -17.733 0.5000000000
14748  -15.955  -52.948  -24.161 0.6999999881
133123  -16.702  -57.737  -15.114 0.6000000238
12199  -13.230  -56.655  -16.799 0.6000000238
14760  -15.609  -53.066  -24.350 0.8000000119
13049  -13.814  -55.684  -17.661 0.6000000238
13890  -14.520  -53.903  -23.582 0.6999999881
14759  -14.828  -52.657  -24.298 0.8000000119
10508  -16.322  -58.174  -14.458 0.6000000238
12223  -13.630  -56.508  -18.650 0.6000000238
13067  -15.103  -54.772  -22.651 0.6000000238
8925  -15.764  -60.401  -13.199 0.6000000238
8163  -17.399  -61.087  -13.105 0.6000000238
12238  -14.294  -56.240  -19.756 0.6000000238
12252  -14.523  -56.188  -20.736 0.6000000238
13066  -14.977  -55.309  -21.384 0.6000000238
7471  -17.043  -61.863  -13.198 0.6000000238
8164  -18.092  -60.879  -13.646 0.6000000238
145854  -14.202  -56.402  -21.929 0.5000000000
7485  -18.286  -62.087  -14.935 0.5000000000
7507  -18.806  -61.767  -16.143 0.5000000000
8194  -18.768  -61.112  -15.606 0.5000000000
13875  -17.787  -54.948  -19.558 0.5000000000
13876  -18.772  -55.349  -19.234 0.5000000000
13884  -16.503  -54.099  -20.723 0.6000000238
13874  -16.754  -54.390  -19.710 0.5000000000
14738  -16.204  -53.103  -23.398 0.8000000119
14727  -15.826  -53.265  -21.174 0.6999999881
14737  -15.793  -52.654  -22.658 0.8000000119
140722  -15.464  -52.310  -24.060 0.8000000119
11331  -17.322  -57.389  -15.815 0.6000000238
12183  -19.351  -56.599  -15.789 0.5000000000
12182  -12.817  -56.017  -15.767 0.6000000238
15504  -15.183  -51.913  -23.943 0.8000000119
130492  -17.840  -57.096  -14.340 0.5000000000
13852  -13.561  -54.927  -17.674 0.6999999881
13839  -13.436  -55.451  -17.059 0.6000000238
14746  -14.190  -53.047  -24.145 0.8000000119
10493  -16.100  -58.585  -13.942 0.6000000238
11301  -16.616  -58.184  -13.603 0.6000000238
11316  -17.009  -57.571  -14.095 0.6000000238
138976  -13.885  -54.808  -18.449 0.6000000238
8912  -17.067  -59.919  -12.673 0.6000000238
9715  -15.969  -59.548  -13.193 0.6000000238
10475  -16.951  -58.465  -12.959 0.6000000238
12224  -14.114  -56.273  -19.040 0.6000000238
13883  -14.667  -54.414  -21.931 0.6000000238
14736  -13.927  -53.440  -22.806 0.5000000000
8913  -17.736  -60.231  -12.921 0.6000000238
148575  -18.524  -61.428  -15.092 0.6000000238
125850  -18.650  -60.551  -14.263 0.6000000238
8947  -19.188  -60.543  -15.404 0.5000000000
8966  -19.242  -60.776  -16.255 0.5000000000
8206  -19.122  -61.384  -16.969 0.5000000000
8987  -19.597  -60.795  -17.104 0.5000000000
14717  -16.000  -53.641  -20.017 0.6000000238
12180  -11.453  -56.144  -14.543 0.6000000238
13042  -12.345  -55.385  -16.031 0.6000000238
15491  -15.217  -51.897  -23.227 0.8000000119
12164  -18.754  -56.672  -14.645 0.5000000000
148207  -12.131  -54.784  -16.603 0.6000000238
15490  -14.593  -51.506  -23.493 0.8000000119
134371  -19.433  -56.499  -13.942 0.5000000000
13838  -12.962  -55.046  -16.819 0.6999999881
15489  -13.227  -52.125  -23.344 0.8000000119
11285  -18.043  -57.623  -12.979 0.6000000238
11303  -18.488  -57.001  -13.566 0.6000000238
13861  -13.215  -54.259  -18.401 0.8000000119
9693  -16.747  -59.272  -12.798 0.6000000238
10477  -18.659  -58.107  -12.662 0.6000000238
13862  -13.798  -54.459  -19.153 0.6999999881
13872  -13.825  -54.046  -20.285 0.6999999881
13882  -14.208  -54.004  -21.331 0.6000000238
9694  -17.518  -59.411  -12.681 0.6000000238
9695  -19.570  -58.900  -12.969 0.6000000238
13060  -14.661  -55.519  -20.119 0.6000000238
9716  -19.098  -59.419  -13.232 0.5000000000
8933  -19.078  -60.371  -14.767 0.5000000000
14706  -15.380  -53.177  -19.481 0.6000000238
138040  -15.585  -53.570  -18.365 0.5000000000
13014  -10.738  -55.509  -14.202 0.6000000238
15468  -14.892  -52.426  -20.463 0.6999999881
12163  -11.212  -56.398  -13.932 0.6000000238
14726  -15.190  -52.300  -21.673 0.6999999881
15467  -14.284  -51.708  -20.373 0.6000000238
13837  -11.178  -54.915  -16.044 0.6000000238
13825  -10.370  -54.944  -15.301 0.6000000238
15479  -14.573  -51.681  -21.352 0.6000000238
16254  -14.009  -50.743  -21.748 0.6999999881
14692  -11.263  -53.674  -17.622 0.8000000119
16271  -14.033  -50.838  -22.699 0.6999999881
16253  -13.617  -50.173  -22.146 0.6000000238
14705  -12.265  -53.597  -18.458 0.8000000119
16269  -12.649  -50.944  -22.659 0.6999999881
14715  -12.996  -53.595  -19.507 0.6999999881
128671  -13.103  -53.291  -20.646 0.6999999881
14724  -12.682  -52.645  -21.688 0.6000000238
14734  -12.495  -51.953  -22.637 0.8000000119
13001  -10.822  -55.464  -13.674 0.6000000238
13032  -10.260  -54.897  -14.748 0.6000000238
13836  -10.098  -54.250  -15.846 0.6999999881
17009  -13.412  -49.778  -21.271 0.6000000238
13850  -11.170  -54.343  -16.758 0.6999999881
14703  -10.217  -52.985  -17.632 0.6999999881
17045  -13.157  -49.942  -22.240 0.6999999881
14704  -11.236  -53.032  -18.554 0.8000000119
15464  -10.965  -52.458  -19.608 0.6000000238
15465  -11.597  -52.439  -20.472 0.5000000000
15488  -11.803  -51.406  -22.051 0.6999999881
17026  -11.423  -50.171  -21.628 0.6999999881
140553  -12.496  -49.602  -21.830 0.6000000238
142844  -11.960  -52.953  -19.484 0.8000000119
15477  -11.021  -51.805  -20.982 0.6000000238
15478  -11.885  -52.117  -21.535 0.6000000238
12995  -11.020  -55.856  -12.801 0.6000000238
13793  -11.059  -54.792  -13.599 0.6000000238
13824  -9.939  -54.373  -15.061 0.6999999881
13013  -10.402  -54.928  -14.233 0.6000000238
14680  -9.552  -53.413  -16.132 0.6999999881
14691  -10.188  -53.626  -16.758 0.6999999881
15450  -9.525  -52.471  -18.112 0.6000000238
141408  -13.182  -49.452  -21.600 0.6000000238
15451  -10.455  -52.601  -18.589 0.6000000238
15476  -10.360  -51.898  -20.077 0.6000000238
17008  -13.027  -49.446  -20.812 0.5000000000
136846  -11.931  -49.339  -21.485 0.6000000238
17027  -12.591  -49.031  -21.194 0.5000000000
18591  -12.028  -48.026  -19.623 0.5000000000
17770  -10.936  -49.739  -21.093 0.6000000238
144288  -11.738  -48.408  -20.445 0.5000000000
13790  -12.807  -54.802  -11.993 0.6000000238
13789  -11.631  -55.227  -12.889 0.6000000238
13806  -10.157  -54.432  -14.575 0.6999999881
14653  -10.548  -53.933  -14.372 0.6999999881
145045  -9.806  -53.587  -15.382 0.6999999881
14672  -9.719  -53.797  -15.440 0.6999999881
15426  -9.182  -52.726  -16.858 0.6000000238
15438  -9.216  -52.803  -17.291 0.5000000000
15449  -8.982  -52.135  -17.760 0.6999999881
16215  -7.311  -50.959  -17.736 0.6000000238
15462  -9.139  -51.857  -18.740 0.6000000238
16239  -8.689  -51.286  -19.442 0.6000000238
17006  -8.474  -50.810  -19.541 0.6000000238
17007  -9.655  -50.292  -20.415 0.6000000238
17758  -10.642  -49.060  -20.380 0.5000000000
18604  -9.930  -48.571  -19.584 0.5000000000
19479  -10.976  -47.636  -19.650 0.5000000000
15380  -13.008  -52.863  -11.207 0.6999999881
146992  -13.423  -52.328  -11.784 0.6999999881
16148  -13.241  -51.433  -11.678 0.6999999881
14634  -13.140  -53.580  -13.112 0.6000000238
14629  -13.578  -53.080  -12.320 0.6999999881
16154  -13.537  -51.369  -12.074 0.6999999881
16909  -13.733  -50.464  -12.379 0.6999999881
148413  -14.059  -49.709  -12.358 0.6000000238
14633  -11.799  -53.978  -13.793 0.6999999881
14635  -13.439  -52.598  -13.158 0.6999999881
15386  -12.985  -52.103  -13.964 0.6999999881
16919  -13.715  -50.738  -13.382 0.6999999881
147560  -11.535  -53.297  -14.300 0.6999999881
14654  -12.617  -53.008  -13.847 0.6999999881
16934  -13.365  -50.660  -14.304 0.6999999881
16205  -9.439  -52.462  -16.355 0.6999999881
16204  -8.840  -51.462  -16.888 0.6000000238
16216  -8.470  -51.430  -17.517 0.6000000238
17749  -6.902  -50.254  -17.423 0.6000000238
18570  -6.880  -49.221  -17.035 0.6000000238
16226  -7.644  -51.057  -18.586 0.6000000238
16993  -7.525  -50.374  -18.535 0.6000000238
18587  -7.232  -49.431  -17.755 0.6000000238
18588  -8.280  -49.018  -18.672 0.5000000000
18589  -9.132  -47.852  -18.780 0.6000000238
19464  -8.264  -46.976  -17.783 0.6000000238
17757  -8.959  -49.737  -19.635 0.5000000000
19465  -9.966  -46.991  -18.800 0.5000000000
135603  -12.964  -52.086  -11.391 0.6999999881
16899  -13.448  -50.646  -11.887 0.6999999881
146345  -13.727  -49.791  -11.949 0.6000000238
17687  -14.443  -49.266  -12.767 0.6000000238
18504  -14.730  -48.650  -13.454 0.4000000060
17697  -13.745  -50.014  -14.209 0.6000000238
17698  -14.308  -49.311  -13.796 0.5000000000
18515  -14.089  -47.949  -15.045 0.4000000060
151423  -14.716  -46.800  -14.486 0.5000000000
15404  -10.615  -53.171  -14.878 0.6999999881
16177  -11.133  -52.037  -15.148 0.8000000119
16933  -12.730  -50.897  -14.774 0.6999999881
18534  -13.195  -48.943  -15.326 0.5000000000
133018  -13.132  -48.146  -15.460 0.4000000060
19417  -13.365  -47.292  -15.372 0.4000000060
20386  -14.200  -47.130  -14.946 0.4000000060
21379  -13.297  -45.776  -15.282 0.4000000060
16953  -11.001  -51.124  -15.650 0.8000000119
16193  -11.903  -51.172  -15.110 0.8000000119
17718  -12.123  -50.287  -15.357 0.8000000119
128398  -12.390  -49.302  -15.565 0.6000000238
18533  -12.519  -48.632  -15.627 0.5000000000
19416  -12.342  -47.360  -15.718 0.4000000060
20408  -13.546  -46.595  -15.254 0.4000000060
147314  -10.068  -52.802  -15.601 0.6999999881
131698  -9.302  -49.959  -16.392 0.6999999881
17729  -7.734  -49.576  -16.594 0.5000000000
20407  -12.558  -46.403  -15.584 0.4000000060
21378  -12.207  -45.306  -15.582 0.4000000060
16964  -8.103  -50.670  -16.734 0.6000000238
16963  -7.081  -50.327  -16.958 0.5000000000
18552  -7.516  -48.112  -16.664 0.5000000000
19449  -7.228  -46.995  -16.909 0.6000000238
19463  -7.436  -48.156  -17.457 0.6000000238
20442  -7.867  -46.155  -17.055 0.6000000238
16147  -12.335  -51.458  -11.425 0.6000000238
16897  -11.561  -50.734  -11.590 0.5000000000
17675  -13.100  -49.983  -11.682 0.5000000000
18484  -13.730  -48.955  -11.621 0.4000000060
17676  -14.278  -49.155  -12.058 0.5000000000
18494  -14.750  -48.629  -12.427 0.5000000000
19398  -14.898  -47.737  -14.123 0.5000000000
20373  -15.277  -46.761  -13.833 0.5000000000
21355  -14.760  -46.008  -14.389 0.5000000000
21337  -15.353  -45.772  -13.819 0.5000000000
20385  -14.124  -46.269  -14.889 0.5000000000
22350  -15.501  -44.560  -14.466 0.5000000000
137516  -10.770  -50.208  -15.999 0.6999999881
17717  -11.518  -49.547  -15.828 0.6000000238
18554  -10.262  -48.219  -16.244 0.5000000000
18532  -11.576  -48.668  -15.969 0.5000000000
21354  -14.087  -45.274  -14.848 0.5000000000
22349  -14.741  -44.543  -14.712 0.5000000000
16952  -9.728  -51.094  -16.323 0.8000000119
19415  -11.217  -47.562  -16.137 0.5000000000
20406  -11.419  -46.564  -16.017 0.4000000060
22369  -13.003  -44.653  -15.304 0.4000000060
23334  -14.122  -43.777  -15.085 0.5000000000
18553  -8.808  -47.610  -16.364 0.5000000000
130964  -9.919  -47.311  -16.251 0.6000000238
19434  -10.163  -46.563  -16.219 0.5000000000
21377  -10.812  -44.651  -15.934 0.5000000000
131611  -11.796  -44.377  -15.546 0.5000000000
19432  -7.774  -46.870  -16.551 0.5000000000
20426  -8.124  -46.163  -16.543 0.5000000000
20427  -8.985  -45.750  -16.316 0.5000000000
21391  -9.497  -44.708  -16.395 0.5000000000
20425  -7.604  -46.531  -16.819 0.6000000238
22382  -9.247  -44.771  -16.668 0.6000000238
138561  -11.988  -49.815  -11.621 0.5000000000
18482  -11.963  -48.842  -11.652 0.5000000000
135774  -12.892  -49.336  -11.559 0.5000000000
18483  -12.788  -48.686  -11.503 0.4000000060
18485  -14.532  -48.414  -11.796 0.4000000060
18481  -10.912  -49.092  -11.871 0.5000000000
19384  -15.131  -48.156  -12.988 0.6000000238
19385  -15.374  -47.445  -12.954 0.5000000000
20374  -15.692  -46.426  -12.827 0.5000000000
21338  -15.881  -45.481  -13.257 0.4000000060
22339  -16.012  -44.934  -13.698 0.4000000060
22351  -16.312  -44.534  -14.205 0.4000000060
147796  -11.613  -47.496  -11.668 0.4000000060
129289  -13.076  -48.116  -11.407 0.4000000060
129437  -14.071  -48.055  -11.381 0.4000000060
19371  -15.150  -47.918  -12.091 0.5000000000
19360  -15.610  -47.151  -11.932 0.5000000000
19347  -14.259  -47.328  -10.994 0.4000000060
125746  -14.298  -46.673  -10.651 0.4000000060
20331  -14.958  -46.987  -10.831 0.5000000000
20347  -15.938  -46.519  -11.265 0.4000000060
21330  -16.214  -45.852  -12.304 0.4000000060
21339  -16.511  -45.263  -12.800 0.4000000060
22328  -17.176  -44.978  -12.537 0.4000000060
19356  -10.944  -47.241  -11.915 0.4000000060
19357  -12.345  -47.393  -11.455 0.4000000060
19358  -13.285  -47.390  -11.204 0.4000000060
140410  -11.266  -45.986  -11.615 0.4000000060
21316  -11.983  -45.964  -11.310 0.4000000060
20330  -13.468  -46.681  -10.868 0.4000000060
21298  -13.724  -45.980  -10.501 0.4000000060
21299  -14.803  -46.117  -10.353 0.5000000000
20333  -16.108  -46.135  -10.831 0.5000000000
21317  -16.525  -45.879  -11.053 0.4000000060
21318  -16.996  -45.425  -11.656 0.4000000060
22300  -14.028  -45.259  -10.067 0.4000000060
22302  -15.942  -44.995  -9.976 0.4000000060
22303  -16.821  -44.794  -10.257 0.4000000060
22313  -17.156  -45.314  -10.869 0.4000000060
22329  -17.724  -44.717  -11.997 0.4000000060
21315  -10.632  -45.465  -11.833 0.4000000060
22312  -10.961  -44.734  -11.586 0.3000000119
21297  -12.235  -45.219  -10.910 0.3000000119
127924  -13.095  -45.205  -10.472 0.4000000060
23292  -10.568  -43.465  -11.737 0.4000000060
23293  -11.091  -43.977  -11.440 0.3000000119
22299  -11.697  -44.560  -11.146 0.3000000119
144624  -12.552  -44.341  -10.606 0.4000000060
24282  -13.682  -42.669  -10.460 0.5000000000
137467  -15.173  -44.229  -9.766 0.4000000060
23280  -16.158  -44.094  -9.798 0.4000000060
22304  -17.581  -44.571  -10.617 0.4000000060
145100  -18.720  -43.842  -11.644 0.3000000119
136485  -13.120  -41.914  -10.746 0.5000000000
136486  -15.341  -43.289  -9.898 0.4000000060
23281  -17.076  -43.770  -10.104 0.4000000060
23282  -18.019  -43.857  -10.498 0.3000000119
22311  -10.280  -44.187  -11.885 0.4000000060
24304  -10.319  -42.587  -11.859 0.4000000060
23275  -11.192  -43.185  -11.409 0.4000000060
135133  -11.987  -42.933  -11.100 0.5000000000
24281  -12.800  -42.802  -10.745 0.5000000000
132663  -10.488  -41.620  -11.507 0.4000000060
145423  -12.208  -42.098  -11.015 0.5000000000
25290  -15.152  -41.709  -10.487 0.4000000060
24285  -16.559  -42.696  -10.136 0.3000000119
25287  -12.411  -41.134  -10.542 0.3000000119
25288  -13.440  -41.105  -10.543 0.3000000119
23291  -9.815  -43.346  -12.228 0.4000000060
25285  -10.697  -40.944  -11.012 0.4000000060
26207  -15.109  -40.793  -10.820 0.3000000119
141474  -9.462  -41.519  -12.459 0.3000000119
26219  -9.880  -39.406  -11.688 0.3000000119
9828  -14.410  -59.359  -20.427 0.6000000238
10589  -14.905  -58.954  -20.993 0.5000000000
16251  -10.195  -51.394  -20.735 0.6000000238
4319  -9.501  -67.764  -15.454 0.5000000000
149346  -10.644  -67.139  -15.109 0.6000000238
6214  -9.976  -64.347  -17.203 0.5000000000
2779  -12.947  -70.201  -15.953 0.6999999881
2780  -13.644  -69.979  -15.989 0.6999999881
4917  -12.567  -66.697  -14.195 0.6999999881
3285  -14.519  -69.088  -15.537 0.6999999881
3269  -13.954  -69.076  -14.953 0.6999999881
8203  -12.801  -61.851  -16.808 0.5000000000
3858  -13.353  -68.416  -19.158 0.6999999881
5540  -13.400  -65.462  -13.821 0.6999999881
4918  -13.386  -66.380  -13.769 0.6999999881
4375  -13.483  -67.423  -19.141 0.6999999881
4307  -15.347  -67.129  -14.533 0.6999999881
9802  -14.634  -59.622  -19.643 0.6000000238
4986  -12.742  -65.708  -20.274 0.6999999881
5523  -14.855  -65.500  -13.470 0.6000000238
4950  -16.234  -66.174  -15.991 0.6000000238
148481  -15.366  -65.706  -18.260 0.5000000000
10618  -13.455  -58.627  -23.104 0.6999999881
5541  -15.480  -65.764  -13.861 0.6000000238
6269  -9.217  -64.111  -22.823 0.6000000238
5562  -16.517  -65.403  -15.905 0.5000000000
6221  -16.766  -64.786  -19.064 0.5000000000
129855  -15.014  -58.433  -23.385 0.6000000238
10647  -12.910  -57.879  -25.608 0.6999999881
6163  -15.567  -64.410  -13.472 0.5000000000
147691  -16.407  -64.763  -14.485 0.5000000000
6202  -17.371  -64.475  -16.745 0.6000000238
6201  -16.918  -64.707  -15.943 0.5000000000
6215  -17.624  -64.560  -17.832 0.5000000000
6284  -8.577  -63.496  -24.107 0.6000000238
7582  -9.820  -61.973  -24.216 0.6000000238
7595  -11.348  -60.882  -24.869 0.5000000000
13097  -16.265  -55.571  -26.158 0.6000000238
11332  -18.184  -56.944  -15.531 0.5000000000
12210  -13.536  -56.475  -17.755 0.6000000238
12251  -13.685  -56.615  -20.438 0.6000000238
7484  -17.860  -62.281  -14.237 0.6000000238
12211  -14.119  -56.050  -18.384 0.6000000238
15502  -13.966  -51.951  -23.857 0.8000000119
13863  -14.249  -54.998  -18.870 0.6000000238
129042  -18.058  -58.787  -12.654 0.6000000238
129445  -14.553  -54.661  -20.661 0.6000000238
8927  -18.551  -60.078  -13.519 0.6000000238
16270  -13.525  -50.650  -22.691 0.8000000119
11286  -18.771  -57.389  -12.909 0.6000000238
14735  -13.118  -52.596  -22.855 0.6000000238
14725  -13.451  -53.335  -21.601 0.6999999881
14714  -12.369  -52.821  -20.548 0.6000000238
16240  -9.654  -51.633  -19.758 0.6000000238
16252  -10.986  -51.024  -21.603 0.6999999881
16250  -9.518  -51.242  -20.316 0.6000000238
17759  -11.182  -48.234  -20.105 0.5000000000
16203  -7.406  -50.966  -17.103 0.5000000000
17024  -9.169  -50.984  -20.277 0.6000000238
14625  -13.390  -53.308  -11.675 0.6999999881
149775  -13.497  -53.632  -11.987 0.6000000238
16159  -13.577  -51.652  -13.234 0.6999999881
16178  -12.363  -51.638  -14.621 0.8000000119
151881  -13.095  -50.329  -14.808 0.6000000238
16898  -12.698  -50.674  -11.558 0.6000000238
149184  -13.781  -48.576  -15.071 0.5000000000
129620  -13.817  -49.201  -14.710 0.5000000000
143614  -14.804  -45.188  -14.426 0.5000000000
17730  -10.485  -49.243  -16.180 0.6000000238
135597  -8.951  -48.794  -16.347 0.6000000238
137648  -11.169  -48.103  -11.829 0.5000000000
20360  -15.962  -46.431  -11.947 0.5000000000
19359  -14.878  -47.656  -11.383 0.6000000238
20343  -10.654  -46.436  -11.984 0.4000000060
20344  -11.606  -46.728  -11.605 0.4000000060
20345  -12.550  -46.667  -11.243 0.4000000060
21296  -11.470  -45.323  -11.400 0.3000000119
20329  -12.803  -45.945  -10.858 0.4000000060
21300  -15.695  -45.796  -10.366 0.5000000000
21301  -16.459  -45.559  -10.590 0.4000000060
145098  -13.408  -44.554  -10.190 0.4000000060
22301  -14.993  -45.178  -9.898 0.4000000060
22314  -17.717  -44.838  -11.171 0.4000000060
22315  -18.267  -44.344  -11.451 0.4000000060
23276  -11.843  -43.753  -11.060 0.3000000119
23277  -12.494  -43.496  -10.745 0.5000000000
23278  -13.314  -43.652  -10.290 0.4000000060
23279  -14.355  -43.403  -10.039 0.5000000000
133700  -14.185  -44.389  -9.885 0.4000000060
140720  -18.118  -44.360  -10.891 0.4000000060
151391  -14.516  -41.766  -10.468 0.5000000000
24283  -14.639  -42.434  -10.298 0.4000000060
24284  -15.620  -42.534  -10.165 0.4000000060
24280  -11.272  -42.341  -11.280 0.5000000000
25286  -11.418  -41.534  -10.950 0.4000000060
25289  -14.334  -41.153  -10.586 0.4000000060
26206  -11.407  -40.661  -10.548 0.4000000060
25308  -9.890  -40.561  -11.812 0.3000000119
26205  -10.548  -40.151  -10.842 0.3000000119
5061  -10.396  -65.295  -29.122 0.5000000000
5690  -11.142  -64.053  -29.260 0.5000000000
6330  -13.598  -63.849  -29.938 0.5000000000
6328  -11.789  -63.681  -29.168 0.5000000000
6327  -13.992  -63.810  -29.959 0.5000000000
6326  -13.330  -63.836  -29.539 0.5000000000
5693  -14.470  -64.337  -29.528 0.6000000238
5688  -9.749  -64.414  -28.552 0.5000000000
6324  -10.090  -63.834  -28.392 0.5000000000
6325  -10.860  -63.762  -28.766 0.5000000000
5691  -12.397  -63.655  -29.078 0.5000000000
5064  -15.630  -65.987  -28.932 0.6000000238
5687  -13.203  -64.413  -28.532 0.6000000238
5692  -13.891  -64.034  -29.325 0.6000000238
5051  -8.351  -65.540  -27.544 0.4000000060
3361  -8.885  -68.793  -24.218 0.4000000060
3887  -8.475  -68.105  -23.746 0.4000000060
3905  -7.926  -68.563  -25.374 0.5000000000
3904  -7.617  -67.731  -25.672 0.5000000000
4432  -7.940  -67.553  -26.354 0.5000000000
131381  -7.743  -66.519  -26.579 0.5000000000
4424  -7.341  -66.954  -25.436 0.5000000000
4442  -8.271  -66.720  -27.226 0.5000000000
5041  -7.832  -65.528  -26.950 0.5000000000
5065  -16.401  -66.317  -29.064 0.6000000238
4459  -16.798  -67.259  -28.356 0.6000000238
5683  -8.264  -64.457  -27.123 0.5000000000
6323  -9.482  -63.977  -28.026 0.5000000000
6303  -8.200  -63.858  -26.441 0.5000000000
6316  -10.456  -63.679  -28.140 0.5000000000
5686  -12.162  -64.266  -28.070 0.6000000238
5062  -14.101  -65.096  -28.570 0.6000000238
4458  -15.955  -67.086  -28.208 0.6000000238
5054  -13.584  -65.954  -27.682 0.6000000238
5056  -15.162  -66.773  -28.072 0.6000000238
4447  -15.430  -67.723  -27.492 0.6999999881
4445  -13.865  -67.162  -27.163 0.6000000238
4437  -14.917  -68.126  -26.927 0.6999999881
3872  -11.002  -68.478  -21.342 0.6000000238
3871  -9.999  -68.213  -21.506 0.6000000238
4390  -10.083  -67.559  -21.268 0.6000000238
3349  -9.214  -68.530  -22.941 0.5000000000
4395  -9.175  -67.216  -22.194 0.6000000238
4415  -7.424  -67.041  -24.872 0.5000000000
4401  -8.227  -67.006  -23.616 0.5000000000
5018  -7.660  -66.430  -24.348 0.5000000000
5040  -7.427  -65.580  -26.290 0.5000000000
141435  -7.523  -65.249  -24.588 0.5000000000
5674  -7.630  -64.397  -26.402 0.5000000000
4461  -18.911  -67.579  -28.606 0.6999999881
4460  -17.536  -67.314  -28.517 0.6000000238
3941  -18.742  -68.281  -27.963 0.8000000119
6304  -8.791  -63.812  -26.869 0.5000000000
6305  -9.940  -63.799  -27.445 0.5000000000
5677  -10.640  -64.691  -26.915 0.6000000238
4448  -16.370  -68.064  -27.535 0.6999999881
4449  -17.342  -67.952  -27.892 0.6999999881
5053  -12.670  -65.593  -27.433 0.6000000238
3925  -15.596  -68.406  -26.788 0.6999999881
5045  -13.028  -66.857  -26.871 0.6000000238
4427  -13.076  -67.960  -25.331 0.6999999881
3915  -14.817  -68.499  -26.071 0.6999999881
3908  -15.145  -68.724  -25.061 0.6000000238
3873  -12.023  -68.871  -21.107 0.5000000000
4391  -10.672  -67.933  -20.999 0.6000000238
4992  -9.724  -66.909  -21.770 0.6000000238
4394  -8.680  -66.477  -22.944 0.6000000238
128844  -8.055  -65.558  -23.808 0.6000000238
5657  -7.349  -64.490  -25.271 0.5000000000
5658  -7.771  -63.805  -25.328 0.6000000238
3942  -19.451  -68.230  -28.222 0.6999999881
6294  -7.958  -63.635  -25.928 0.5000000000
5659  -8.070  -63.698  -25.288 0.5000000000
149244  -19.242  -68.653  -27.667 0.5000000000
3930  -20.677  -68.857  -27.704 0.6000000238
5675  -8.496  -63.850  -26.025 0.6000000238
3928  -18.033  -68.449  -27.556 0.6000000238
129144  -11.106  -66.350  -26.145 0.5000000000
3927  -17.213  -68.650  -27.140 0.6000000238
5044  -12.098  -66.624  -26.517 0.5000000000
3926  -16.424  -68.745  -26.596 0.6000000238
3909  -15.985  -68.992  -24.870 0.6000000238
4425  -11.400  -67.085  -24.952 0.5000000000
4426  -12.233  -67.561  -25.050 0.6000000238
3907  -14.421  -68.504  -25.174 0.5000000000
4404  -13.747  -67.431  -23.635 0.5000000000
4406  -15.581  -67.669  -23.057 0.5000000000
143659  -12.440  -68.720  -20.425 0.6000000238
144815  -11.539  -68.228  -20.726 0.6000000238
3332  -13.229  -69.551  -20.214 0.4000000060
5639  -8.110  -63.978  -24.550 0.5000000000
3929  -19.426  -69.127  -27.129 0.6000000238
5660  -9.257  -64.713  -25.432 0.5000000000
3919  -18.884  -69.281  -26.716 0.5000000000
5042  -10.187  -65.887  -25.610 0.5000000000
3917  -17.184  -69.108  -26.300 0.5000000000
3410  -18.647  -69.500  -26.042 0.5000000000
3411  -19.596  -69.467  -26.276 0.5000000000
5641  -11.010  -65.661  -24.264 0.5000000000
3408  -16.534  -69.088  -25.707 0.5000000000
3393  -16.797  -69.261  -24.832 0.5000000000
5021  -11.177  -66.531  -24.489 0.6000000238
5642  -11.873  -65.649  -24.042 0.6000000238
3900  -15.431  -68.713  -24.007 0.5000000000
5626  -12.705  -66.245  -23.756 0.6000000238
5627  -13.572  -66.087  -23.705 0.5000000000
2811  -13.549  -70.478  -18.126 0.4000000060
5640  -8.753  -64.038  -24.547 0.5000000000
3396  -19.251  -69.622  -25.359 0.5000000000
5020  -10.030  -65.530  -24.683 0.5000000000
6286  -10.555  -64.628  -24.483 0.5000000000
3380  -17.282  -69.337  -24.042 0.5000000000
3382  -18.962  -69.679  -24.415 0.5000000000
3367  -19.561  -69.543  -23.514 0.5000000000
3368  -20.466  -69.265  -23.222 0.5000000000
3884  -20.983  -68.158  -22.768 0.5000000000
6928  -10.865  -63.544  -25.069 0.6000000238
6287  -11.879  -64.770  -24.456 0.6000000238
3890  -16.651  -68.593  -23.086 0.5000000000
6288  -12.959  -64.692  -24.686 0.6000000238
5010  -16.950  -66.914  -23.217 0.5000000000
6296  -13.248  -63.858  -25.618 0.5000000000
6297  -14.301  -64.232  -25.666 0.5000000000
8300  -9.987  -61.189  -25.920 0.5000000000
3365  -17.909  -69.284  -23.323 0.5000000000
3366  -18.735  -69.301  -23.011 0.5000000000
3353  -19.914  -69.167  -22.892 0.5000000000
3354  -20.406  -68.666  -22.782 0.5000000000
6932  -9.975  -62.318  -25.525 0.5000000000
7605  -10.249  -61.425  -26.123 0.6000000238
3891  -17.446  -68.743  -22.885 0.5000000000
3892  -18.165  -68.923  -22.790 0.5000000000
4397  -19.476  -68.001  -22.606 0.5000000000
4411  -20.901  -67.407  -22.931 0.5000000000
139195  -21.029  -66.518  -23.247 0.5000000000
3880  -17.018  -68.108  -22.724 0.5000000000
5011  -17.889  -66.976  -23.347 0.5000000000
8301  -11.199  -60.536  -26.091 0.5000000000
5012  -18.826  -66.988  -23.494 0.5000000000
4410  -19.190  -67.476  -22.906 0.5000000000
129334  -20.480  -66.896  -23.367 0.5000000000
6281  -20.440  -64.905  -23.657 0.4000000060
5650  -20.169  -65.843  -24.269 0.4000000060
9798  -10.497  -59.691  -19.344 0.4000000060
12198  -12.889  -56.775  -15.865 0.5000000000
130502  -11.433  -57.172  -13.744 0.5000000000
11315  -11.939  -56.855  -14.452 0.5000000000
12148  -10.703  -57.067  -12.573 0.5000000000
148495  -10.979  -57.357  -13.095 0.5000000000
11329  -12.362  -57.240  -15.132 0.5000000000
15369  -12.233  -53.381  -10.662 0.5000000000
15379  -11.965  -52.308  -11.056 0.5000000000
131175  -9.708  -63.166  -24.938 0.5000000000
129778  -9.852  -64.771  -24.532 0.5000000000
5063  -14.886  -65.530  -28.745 0.6000000238
6306  -10.761  -63.764  -27.800 0.6000000238
5055  -14.398  -66.380  -27.883 0.6000000238
5678  -11.697  -65.329  -27.081 0.6000000238
4436  -14.225  -67.995  -26.641 0.6999999881
3877  -9.299  -68.083  -22.049 0.6000000238
5676  -9.457  -64.353  -26.434 0.5000000000
4434  -12.508  -67.554  -25.953 0.6000000238
3906  -13.895  -68.287  -25.688 0.6000000238
4418  -12.946  -67.696  -24.534 0.6000000238
147397  -19.874  -68.765  -27.697 0.6999999881
5034  -9.864  -65.702  -25.108 0.5000000000
5043  -10.998  -66.733  -25.380 0.5000000000
4417  -12.153  -67.167  -24.338 0.6000000238
4403  -12.997  -67.355  -23.919 0.6000000238
4419  -14.150  -68.031  -23.858 0.5000000000
3879  -16.283  -68.104  -22.868 0.5000000000
146053  -17.170  -69.295  -25.563 0.5000000000
3395  -18.384  -69.578  -25.172 0.5000000000
6289  -13.887  -64.766  -24.889 0.5000000000
6295  -12.124  -63.766  -25.272 0.5000000000
6933  -11.086  -62.390  -26.153 0.5000000000
3882  -18.867  -68.654  -22.647 0.5000000000
3881  -17.983  -68.170  -22.645 0.5000000000
4409  -18.334  -67.491  -22.875 0.5000000000
5629  -20.637  -65.910  -23.593 0.5000000000
3934  -24.642  -68.726  -27.198 0.5000000000
3416  -24.080  -69.013  -26.835 0.6000000238
3414  -22.643  -69.375  -26.468 0.6000000238
3425  -22.881  -69.131  -27.209 0.6000000238
3946  -23.548  -68.336  -28.097 0.4000000060
3399  -22.469  -69.430  -25.610 0.4000000060
144912  -20.793  -69.658  -25.104 0.4000000060
3413  -21.697  -69.502  -26.181 0.5000000000
3424  -22.053  -69.263  -27.076 0.6000000238
3412  -20.682  -69.528  -26.102 0.5000000000
3397  -20.046  -69.618  -25.505 0.4000000060
3932  -22.350  -68.792  -27.720 0.5000000000
3422  -20.239  -69.248  -26.990 0.5000000000
3931  -21.528  -68.864  -27.714 0.6000000238
4463  -20.597  -67.517  -28.864 0.6000000238
4462  -19.753  -67.519  -28.794 0.6000000238
4475  -19.194  -66.725  -29.386 0.6000000238
5067  -18.186  -66.851  -29.102 0.6000000238
5075  -18.590  -66.016  -30.114 0.6000000238
5066  -17.238  -66.552  -29.123 0.5000000000
5073  -16.832  -65.547  -30.011 0.5000000000
5699  -15.339  -64.931  -30.306 0.4000000060
5698  -14.493  -64.314  -30.154 0.5000000000
5617  -20.816  -64.972  -23.095 0.3000000119
5695  -12.110  -64.178  -29.637 0.4000000060
12136  -19.383  -56.890  -13.146 0.4000000060
11288  -20.305  -57.566  -12.712 0.4000000060
10478  -19.666  -58.250  -12.729 0.5000000000
20456  -10.478  -46.315  -18.660 0.5000000000
21421  -9.441  -45.729  -17.802 0.5000000000
21422  -10.592  -45.600  -18.366 0.5000000000
22412  -10.584  -44.775  -17.956 0.4000000060
22383  -9.612  -43.755  -16.479 0.4000000060
22415  -14.267  -44.225  -18.763 0.4000000060
22384  -9.914  -43.628  -16.079 0.4000000060
145124  -10.074  -42.513  -16.807 0.4000000060
23382  -10.545  -42.502  -17.246 0.4000000060
22367  -10.903  -43.676  -15.712 0.4000000060
23371  -10.219  -42.541  -16.471 0.4000000060
23394  -13.663  -43.483  -18.594 0.4000000060
23354  -11.218  -42.814  -15.749 0.4000000060
24376  -11.830  -41.774  -16.430 0.4000000060
24403  -14.801  -41.522  -18.592 0.4000000060
22368  -12.078  -43.610  -15.379 0.4000000060
24359  -11.965  -42.035  -15.766 0.4000000060
23333  -13.228  -43.657  -15.256 0.4000000060
128411  -13.460  -42.937  -15.372 0.4000000060
23335  -14.951  -43.991  -14.999 0.4000000060
150423  -17.575  -44.536  -12.995 0.3000000119
144111  -17.229  -44.401  -13.943 0.3000000119
23357  -16.298  -43.693  -15.550 0.3000000119
125933  -16.818  -44.186  -14.814 0.3000000119
22414  -12.624  -44.474  -18.535 0.4000000060
23393  -12.735  -43.605  -18.313 0.4000000060
22400  -10.593  -43.786  -17.577 0.4000000060
22413  -11.642  -44.632  -18.324 0.4000000060
23383  -11.881  -42.735  -17.647 0.4000000060
23395  -14.671  -43.233  -18.842 0.4000000060
24400  -12.932  -42.676  -17.993 0.4000000060
24392  -13.176  -41.768  -17.539 0.4000000060
150224  -11.175  -41.858  -16.948 0.4000000060
4385  -29.387  -67.847  -21.241 0.3000000119
4996  -29.277  -66.530  -21.923 0.3000000119
3874  -30.247  -68.421  -21.529 0.4000000060
4399  -30.076  -67.404  -22.261 0.3000000119
5001  -29.590  -66.653  -22.596 0.4000000060
4413  -31.418  -67.903  -23.600 0.3000000119
129150  -30.230  -67.351  -22.635 0.3000000119
5015  -29.555  -66.542  -23.581 0.4000000060
147606  -31.613  -68.096  -23.822 0.3000000119
5002  -30.413  -67.343  -23.156 0.3000000119
5656  -29.084  -66.045  -24.338 0.3000000119
5016  -30.739  -67.391  -24.084 0.3000000119
5031  -29.920  -66.815  -24.619 0.3000000119
128156  -28.407  -65.176  -25.518 0.3000000119
146552  -30.463  -66.839  -25.478 0.3000000119
5037  -28.964  -66.074  -26.067 0.3000000119
5672  -28.134  -65.073  -26.002 0.3000000119
146818  -30.044  -66.454  -26.953 0.3000000119
5049  -28.684  -66.065  -26.631 0.3000000119
149300  -27.764  -66.151  -26.857 0.3000000119
3937  -30.586  -67.408  -27.318 0.3000000119
4455  -30.606  -66.874  -27.273 0.3000000119
133152  -29.463  -66.320  -27.426 0.3000000119
5048  -28.463  -66.236  -27.294 0.3000000119
4440  -27.556  -66.566  -27.219 0.3000000119
5059  -30.071  -66.574  -27.844 0.4000000060
5624  -29.041  -65.754  -22.900 0.3000000119
3875  -31.107  -68.892  -21.944 0.4000000060
5637  -28.746  -65.431  -23.614 0.4000000060
4414  -31.492  -68.356  -23.238 0.3000000119
126293  -28.448  -65.098  -24.642 0.4000000060
4430  -31.286  -67.635  -25.242 0.3000000119
5671  -27.437  -64.753  -25.965 0.4000000060
5681  -26.932  -65.046  -26.298 0.4000000060
3913  -31.399  -68.079  -25.045 0.3000000119
5047  -27.082  -66.149  -26.613 0.4000000060
3922  -30.781  -67.908  -26.636 0.3000000119
3406  -30.687  -68.514  -25.779 0.4000000060
4439  -26.769  -67.260  -26.983 0.4000000060
4452  -27.143  -67.138  -27.868 0.3000000119
5000  -28.961  -65.546  -22.182 0.3000000119
5614  -28.591  -64.657  -21.625 0.3000000119
4995  -28.785  -65.418  -21.453 0.3000000119
5623  -28.543  -64.945  -22.682 0.3000000119
6279  -28.045  -64.666  -23.037 0.3000000119
2829  -30.639  -71.005  -20.871 0.4000000060
6292  -27.785  -64.679  -24.282 0.3000000119
6291  -26.870  -64.759  -24.360 0.3000000119
3895  -31.501  -68.334  -23.494 0.3000000119
3348  -31.385  -69.627  -22.034 0.4000000060
5655  -27.209  -64.649  -25.258 0.4000000060
5654  -26.143  -64.987  -24.881 0.3000000119
5670  -26.575  -64.916  -25.835 0.4000000060
5669  -25.739  -65.495  -25.500 0.4000000060
4423  -31.572  -67.976  -24.306 0.3000000119
2857  -30.562  -70.316  -23.074 0.3000000119
5036  -26.269  -65.572  -26.076 0.4000000060
145901  -25.431  -66.360  -25.676 0.4000000060
3391  -31.409  -68.583  -24.071 0.3000000119
137517  -29.705  -70.327  -23.488 0.3000000119
4429  -25.221  -67.585  -25.867 0.4000000060
3911  -23.905  -68.631  -25.471 0.5000000000
129940  -30.664  -69.352  -24.409 0.3000000119
4438  -25.887  -67.766  -26.620 0.4000000060
149905  -24.501  -68.763  -26.534 0.4000000060
3400  -23.301  -69.261  -25.916 0.5000000000
3405  -29.518  -69.114  -25.956 0.3000000119
131538  -28.284  -64.463  -21.925 0.3000000119
6266  -28.424  -64.140  -21.001 0.3000000119
2402  -30.383  -71.370  -21.515 0.4000000060
5653  -25.239  -65.482  -24.744 0.4000000060
4421  -24.064  -67.301  -24.635 0.4000000060
2849  -30.671  -70.894  -22.160 0.4000000060
4428  -24.477  -67.649  -25.252 0.4000000060
3903  -23.697  -68.137  -24.743 0.5000000000
3384  -22.310  -69.278  -24.740 0.4000000060
2848  -29.812  -70.898  -22.758 0.3000000119
3910  -23.126  -68.972  -25.094 0.4000000060
2847  -28.919  -70.544  -23.086 0.3000000119
3398  -21.661  -69.554  -25.294 0.4000000060
140981  -20.572  -69.614  -24.053 0.4000000060
151342  -29.897  -69.694  -24.644 0.3000000119
145215  -30.238  -69.268  -25.187 0.3000000119
3389  -29.253  -69.484  -25.188 0.3000000119
6283  -27.048  -64.763  -23.310 0.3000000119
5635  -26.100  -64.999  -23.894 0.3000000119
5652  -24.419  -65.865  -24.435 0.3000000119
135205  -29.127  -71.978  -21.726 0.4000000060
4420  -23.420  -67.559  -24.094 0.5000000000
3901  -22.065  -68.908  -23.865 0.4000000060
2399  -28.494  -71.508  -22.098 0.4000000060
3383  -21.451  -69.492  -24.439 0.4000000060
2845  -26.973  -70.082  -22.318 0.3000000119
2836  -27.485  -71.085  -21.955 0.3000000119
2846  -27.803  -70.213  -22.660 0.3000000119
2855  -27.886  -69.611  -23.470 0.3000000119
3388  -28.139  -69.299  -24.795 0.3000000119
131064  -27.785  -69.339  -24.091 0.3000000119
132928  -24.719  -65.447  -24.040 0.3000000119
5651  -23.500  -65.938  -23.812 0.4000000060
3894  -22.504  -67.837  -23.466 0.4000000060
2834  -25.567  -70.213  -21.635 0.3000000119
3359  -26.952  -69.546  -22.958 0.3000000119
2844  -26.193  -69.842  -22.309 0.3000000119
3373  -27.258  -69.342  -23.687 0.3000000119
2833  -24.587  -70.108  -21.371 0.3000000119
3345  -24.510  -69.896  -22.138 0.3000000119
3346  -25.354  -69.845  -22.211 0.3000000119
3357  -25.080  -69.656  -22.740 0.3000000119
3358  -25.940  -69.525  -22.892 0.3000000119
5632  -22.909  -65.612  -23.229 0.3000000119
5014  -22.285  -66.766  -23.276 0.4000000060
3344  -23.215  -69.821  -21.470 0.3000000119
3355  -22.857  -70.128  -22.070 0.3000000119
6261  -23.333  -64.519  -21.258 0.3000000119
6275  -22.768  -64.780  -21.946 0.3000000119
5631  -22.026  -65.773  -23.153 0.3000000119
6260  -22.503  -64.208  -21.527 0.3000000119
6274  -21.929  -64.533  -22.134 0.3000000119
6273  -21.288  -64.409  -22.513 0.3000000119
21404  -8.547  -45.547  -16.940 0.5000000000
23355  -14.359  -43.227  -15.384 0.5000000000
22399  -9.637  -44.045  -17.052 0.4000000060
3943  -21.052  -68.283  -28.327 0.6000000238
3423  -21.151  -69.303  -26.978 0.5000000000
144605  -19.874  -69.681  -24.653 0.4000000060
3893  -21.603  -68.416  -23.172 0.4000000060
127529  -21.651  -67.562  -23.045 0.4000000060
5013  -21.537  -66.629  -23.212 0.4000000060
5630  -21.227  -65.776  -23.193 0.3000000119
20457  -11.603  -46.261  -18.863 0.5000000000
21424  -12.486  -45.292  -18.651 0.4000000060
4400  -30.934  -67.911  -22.759 0.3000000119
5050  -30.832  -66.900  -26.514 0.3000000119
4441  -30.902  -67.301  -26.589 0.3000000119
3347  -31.045  -70.260  -21.548 0.4000000060
5046  -26.250  -66.795  -26.290 0.4000000060
2837  -30.798  -70.871  -21.434 0.4000000060
2850  -31.364  -69.656  -22.385 0.3000000119
5668  -25.068  -65.910  -25.135 0.4000000060
3902  -22.900  -68.519  -24.277 0.4000000060
2856  -28.950  -69.763  -24.203 0.3000000119
4412  -23.123  -66.809  -23.623 0.4000000060
2389  -26.988  -71.610  -21.301 0.3000000119
3387  -27.148  -69.231  -24.393 0.3000000119
134189  -24.227  -69.879  -22.823 0.3000000119
5074  -17.700  -65.894  -29.976 0.5000000000
151946  -18.741  -65.687  -30.853 0.5000000000
5076  -19.504  -65.960  -30.549 0.5000000000
4477  -21.018  -66.669  -29.590 0.5000000000
4465  -22.339  -67.463  -28.787 0.4000000060
8313  -10.609  -60.959  -26.389 0.4000000060
3933  -23.708  -68.870  -27.384 0.5000000000
3947  -25.029  -68.293  -27.897 0.3000000119
150113  -27.691  -66.600  -28.532 0.3000000119
140626  -26.214  -67.759  -27.452 0.4000000060
5058  -29.365  -66.365  -28.185 0.3000000119
4453  -27.968  -66.430  -28.058 0.3000000119
2390  -27.935  -72.187  -21.492 0.3000000119
2379  -27.409  -72.649  -20.734 0.3000000119
151499  -28.557  -72.342  -21.436 0.3000000119
3869  -30.564  -69.306  -21.313 0.3000000119
1938  -26.402  -72.508  -20.046 0.3000000119
1940  -28.101  -73.436  -20.310 0.3000000119
1950  -29.151  -72.615  -21.002 0.3000000119
2380  -29.848  -72.159  -20.574 0.3000000119
2371  -29.744  -72.200  -20.000 0.3000000119
1931  -29.234  -73.057  -19.625 0.3000000119
1939  -27.421  -73.415  -19.988 0.3000000119
1546  -27.985  -73.969  -19.728 0.3000000119
1941  -28.699  -73.231  -20.377 0.3000000119
140367  -28.267  -74.062  -19.415 0.3000000119
2828  -30.216  -70.806  -20.521 0.3000000119
3339  -30.008  -69.841  -20.623 0.3000000119
1534  -26.468  -73.672  -18.929 0.3000000119
2821  -29.708  -71.344  -19.926 0.3000000119
1923  -29.325  -72.664  -19.383 0.3000000119
5697  -13.705  -64.325  -30.215 0.3000000119
3945  -22.724  -68.234  -28.232 0.5000000000
4464  -21.451  -67.496  -28.839 0.4000000060
4476  -20.118  -66.674  -29.564 0.5000000000
4451  -26.394  -67.443  -28.341 0.3000000119
24412  -15.741  -41.955  -19.250 0.3000000119
24402  -14.465  -42.221  -18.600 0.3000000119
25354  -13.270  -41.771  -16.089 0.3000000119
5700  -16.317  -65.146  -30.678 0.4000000060
5708  -18.589  -65.978  -31.697 0.4000000060
3458  -23.266  -69.068  -31.797 0.4000000060
4498  -22.301  -67.483  -32.210 0.4000000060
5103  -22.036  -66.708  -31.978 0.4000000060
5078  -21.475  -66.085  -30.571 0.4000000060
4478  -21.929  -66.654  -29.540 0.4000000060
5090  -19.981  -65.966  -31.498 0.4000000060
5077  -20.543  -66.015  -30.635 0.4000000060
2901  -24.195  -70.361  -30.460 0.3000000119
3459  -24.209  -68.801  -31.632 0.4000000060
5104  -23.627  -66.895  -31.849 0.4000000060
5089  -19.083  -65.867  -31.394 0.4000000060
3970  -22.695  -68.291  -32.196 0.4000000060
5102  -21.252  -66.585  -31.983 0.4000000060
3450  -23.746  -69.795  -31.139 0.3000000119
3971  -23.735  -68.074  -32.089 0.4000000060
135545  -22.815  -66.814  -31.965 0.4000000060
5091  -20.920  -66.051  -31.530 0.4000000060
5093  -23.107  -66.452  -31.237 0.4000000060
5079  -22.446  -66.201  -30.540 0.4000000060
2902  -25.115  -70.118  -30.282 0.3000000119
3451  -24.685  -69.565  -31.005 0.3000000119
4500  -24.108  -67.323  -31.948 0.3000000119
3460  -25.101  -68.552  -31.416 0.3000000119
5081  -24.311  -66.581  -30.347 0.3000000119
4480  -23.817  -66.898  -29.429 0.3000000119
5080  -23.407  -66.404  -30.294 0.3000000119
4481  -24.797  -66.987  -29.561 0.3000000119
4467  -24.345  -67.820  -28.598 0.3000000119
4466  -23.258  -67.572  -28.732 0.3000000119
4479  -22.859  -66.708  -29.454 0.3000000119
3258  -18.682  -69.509  -13.044 0.3000000119
3785  -18.698  -68.682  -12.499 0.3000000119
3328  -23.759  -69.634  -19.893 0.3000000119
4297  -19.698  -68.002  -13.857 0.3000000119
4308  -20.314  -67.571  -14.716 0.3000000119
4337  -20.964  -67.740  -16.401 0.3000000119
136403  -21.635  -67.175  -16.980 0.3000000119
4352  -21.859  -67.409  -17.717 0.3000000119
4367  -22.527  -67.889  -18.703 0.3000000119
3855  -23.166  -68.135  -18.809 0.3000000119
151789  -23.694  -69.241  -19.331 0.3000000119
4298  -20.196  -66.735  -14.000 0.3000000119
135276  -20.710  -66.736  -14.790 0.3000000119
4338  -21.453  -66.816  -16.160 0.3000000119
4951  -22.053  -66.607  -16.685 0.3000000119
143494  -22.172  -66.948  -17.299 0.3000000119
5105  -24.296  -66.983  -31.686 0.3000000119
3803  -19.521  -68.993  -14.050 0.3000000119
3833  -20.758  -68.557  -17.035 0.3000000119
3804  -19.915  -68.511  -14.608 0.3000000119
3821  -20.418  -68.145  -15.420 0.3000000119
4321  -20.836  -67.175  -15.506 0.3000000119
4922  -20.865  -66.060  -14.330 0.3000000119
1535  -27.419  -73.991  -19.359 0.3000000119
1538  -28.957  -73.405  -19.885 0.3000000119
1547  -28.452  -73.704  -19.856 0.3000000119
1930  -26.695  -73.311  -19.549 0.3000000119
1942  -29.334  -72.838  -20.204 0.3000000119
1949  -28.297  -72.857  -20.932 0.3000000119
2372  -30.135  -71.651  -20.522 0.4000000060
2391  -29.914  -71.988  -21.286 0.4000000060
2392  -30.391  -71.530  -20.938 0.4000000060
2400  -29.206  -71.360  -22.355 0.3000000119
2401  -29.850  -71.475  -21.985 0.4000000060
2797  -13.369  -70.347  -16.610 0.6999999881
2822  -30.128  -71.451  -20.414 0.3000000119
2835  -26.498  -70.570  -21.763 0.3000000119
2838  -31.207  -70.274  -21.935 0.4000000060
2858  -31.100  -69.904  -22.989 0.3000000119
3267  -12.418  -69.275  -15.003 0.6999999881
3282  -11.799  -69.548  -15.395 0.6999999881
3284  -13.809  -69.514  -15.458 0.6999999881
3300  -14.089  -69.980  -16.602 0.6999999881
3301  -14.602  -69.366  -16.497 0.6999999881
3340  -30.772  -70.201  -21.114 0.3000000119
3352  -19.352  -69.183  -22.850 0.5000000000
3356  -23.678  -70.035  -22.164 0.3000000119
3360  -31.465  -69.178  -22.429 0.4000000060
3364  -17.114  -69.042  -23.370 0.5000000000
3369  -21.236  -69.205  -23.553 0.4000000060
3372  -26.563  -69.343  -23.614 0.3000000119
3374  -30.168  -69.930  -23.963 0.3000000119
3375  -31.007  -69.547  -23.590 0.3000000119
3376  -31.555  -69.094  -23.025 0.3000000119
3379  -16.392  -68.996  -23.823 0.5000000000
3381  -18.108  -69.547  -24.245 0.5000000000
3394  -17.576  -69.455  -24.972 0.5000000000
3409  -17.814  -69.424  -25.838 0.5000000000
3415  -23.442  -69.186  -26.698 0.6000000238
3801  -14.422  -68.413  -14.713 0.6999999881
3802  -15.026  -67.809  -14.669 0.6999999881
3876  -31.406  -68.994  -22.188 0.4000000060
3883  -19.724  -68.644  -22.682 0.5000000000
3885  -31.350  -68.625  -22.531 0.3000000119
3886  -31.543  -68.789  -22.806 0.3000000119
3889  -15.848  -68.432  -23.316 0.5000000000
3896  -7.558  -67.850  -25.115 0.5000000000
3898  -13.749  -68.190  -24.654 0.6000000238
3899  -14.606  -68.445  -24.308 0.5000000000
3912  -24.597  -68.433  -25.933 0.4000000060
3916  -15.729  -68.809  -25.883 0.6000000238
3918  -18.052  -69.115  -26.730 0.5000000000
3920  -23.996  -68.990  -26.223 0.4000000060
3921  -25.126  -68.406  -26.551 0.4000000060
3935  -25.468  -68.310  -27.268 0.4000000060
3944  -21.894  -68.264  -28.302 0.6000000238
3972  -24.600  -67.820  -31.818 0.3000000119
3974  -22.103  -68.084  -32.314 0.4000000060
4303  -11.119  -67.643  -14.854 0.6999999881
4304  -13.055  -68.045  -14.283 0.6999999881
4305  -13.405  -67.305  -13.947 0.6999999881
4322  -21.336  -66.328  -15.210 0.3000000119
4336  -15.667  -67.477  -16.585 0.6999999881
4349  -15.037  -67.987  -17.530 0.6999999881
4353  -22.552  -67.321  -17.852 0.3000000119
4374  -12.701  -67.864  -19.614 0.6999999881
4389  -9.628  -67.651  -21.701 0.6000000238
4392  -29.773  -67.549  -21.753 0.3000000119
4393  -30.707  -68.188  -22.126 0.3000000119
4396  -18.764  -67.909  -22.647 0.5000000000
4398  -20.275  -68.074  -22.662 0.5000000000
4402  -8.819  -67.657  -22.818 0.5000000000
4407  -16.525  -67.534  -22.900 0.5000000000
4408  -17.419  -67.517  -22.847 0.5000000000
4416  -7.837  -67.576  -24.401 0.5000000000
4422  -31.521  -67.856  -24.401 0.3000000119
4431  -7.395  -66.787  -26.018 0.5000000000
4433  -11.684  -67.170  -25.623 0.5000000000
4435  -13.394  -67.772  -26.322 0.6999999881
4446  -14.656  -67.436  -27.375 0.6999999881
4450  -18.124  -67.764  -28.266 0.6000000238
4454  -30.342  -66.977  -28.055 0.3000000119
4469  -27.294  -66.689  -29.161 0.3000000119
4497  -21.601  -67.217  -32.160 0.4000000060
4499  -23.243  -67.429  -32.118 0.4000000060
4919  -14.932  -67.019  -14.013 0.6999999881
4920  -15.283  -66.540  -14.074 0.6000000238
4931  -9.792  -66.966  -15.607 0.6000000238
4967  -16.111  -66.119  -16.796 0.6000000238
4994  -10.867  -67.134  -21.104 0.6999999881
5004  -11.953  -66.389  -23.940 0.6000000238
5005  -12.598  -66.841  -23.779 0.6000000238
5006  -13.285  -66.779  -23.589 0.6000000238
5017  -7.293  -65.974  -25.011 0.5000000000
5026  -19.381  -66.458  -24.258 0.5000000000
5027  -20.079  -66.463  -23.865 0.5000000000
5028  -23.905  -66.559  -24.279 0.4000000060
5029  -24.661  -66.578  -24.953 0.4000000060
5030  -29.199  -66.220  -25.254 0.3000000119
5032  -31.095  -67.333  -25.072 0.3000000119
5033  -7.249  -65.724  -25.675 0.5000000000
5035  -10.583  -66.460  -25.025 0.5000000000
5038  -30.265  -66.624  -26.118 0.3000000119
5039  -31.062  -67.070  -25.819 0.3000000119
5057  -28.687  -66.339  -28.363 0.3000000119
5072  -15.998  -65.196  -29.922 0.5000000000
5088  -18.050  -65.538  -30.754 0.5000000000
5092  -21.785  -66.154  -31.467 0.4000000060
5094  -23.925  -66.605  -31.162 0.3000000119
5095  -24.719  -66.795  -31.175 0.3000000119
5524  -15.982  -64.870  -13.829 0.6000000238
5542  -16.076  -65.503  -14.431 0.5000000000
5550  -11.255  -65.642  -15.294 0.6999999881
5551  -11.968  -65.266  -14.869 0.6999999881
5563  -16.690  -65.001  -16.645 0.5000000000
5581  -16.312  -65.369  -17.163 0.6000000238
5602  -14.191  -65.007  -19.582 0.5000000000
5618  -21.502  -65.033  -22.794 0.3000000119
5619  -22.292  -65.110  -22.659 0.3000000119
5636  -28.286  -64.915  -23.652 0.3000000119
5643  -12.762  -65.520  -23.999 0.6000000238
5673  -7.316  -64.561  -25.886 0.5000000000
5682  -27.761  -65.385  -26.440 0.3000000119
5684  -8.962  -64.712  -27.932 0.5000000000
5685  -11.359  -64.176  -27.674 0.6000000238
5689  -10.403  -64.065  -28.890 0.5000000000
5694  -15.186  -64.762  -29.720 0.6000000238
5701  -17.204  -65.286  -30.777 0.4000000060
5702  -14.188  -64.829  -30.397 0.3000000119
5707  -18.343  -65.697  -31.311 0.4000000060
6164  -16.163  -64.136  -13.622 0.5000000000
6177  -13.566  -64.586  -14.003 0.6000000238
6185  -16.519  -65.077  -15.183 0.5000000000
6232  -17.554  -64.724  -19.576 0.5000000000
6241  -14.152  -64.514  -20.057 0.4000000060
6254  -11.533  -64.110  -21.400 0.6000000238
6255  -12.331  -64.032  -21.078 0.6000000238
6272  -20.707  -64.207  -23.018 0.3000000119
6293  -7.599  -63.843  -25.825 0.5000000000
6314  -8.920  -63.895  -27.339 0.5000000000
6315  -9.640  -63.841  -27.737 0.5000000000
6317  -11.356  -63.722  -28.517 0.5000000000
6329  -12.754  -63.851  -29.568 0.5000000000
6331  -14.198  -63.976  -30.128 0.3000000119
6805  -15.829  -63.579  -13.409 0.5000000000
6815  -14.388  -64.289  -13.636 0.6000000238
6849  -18.562  -63.452  -16.652 0.5000000000
6903  -9.109  -63.421  -23.392 0.6000000238
6915  -8.722  -63.182  -23.941 0.6000000238
6926  -8.883  -63.001  -24.163 0.6000000238
7470  -16.697  -62.655  -13.446 0.5000000000
7519  -18.747  -62.732  -16.291 0.5000000000
7526  -11.319  -62.276  -17.258 0.6000000238
7527  -12.065  -61.977  -16.954 0.6000000238
7533  -10.150  -62.243  -18.237 0.6000000238
7570  -10.750  -62.122  -23.362 0.5000000000
7571  -11.726  -62.132  -23.021 0.5000000000
7581  -9.406  -61.950  -24.811 0.6000000238
8143  -17.026  -60.517  -12.759 0.6000000238
8161  -15.618  -61.274  -13.363 0.6000000238
8172  -17.719  -61.686  -13.678 0.6000000238
8173  -18.274  -61.429  -14.395 0.6000000238
8174  -18.700  -60.865  -14.965 0.5000000000
8205  -14.897  -61.378  -16.292 0.6000000238
8215  -12.476  -61.385  -17.262 0.5000000000
8914  -18.309  -59.455  -12.835 0.6000000238
8926  -16.461  -60.119  -12.805 0.6000000238
8934  -19.710  -60.071  -14.906 0.5000000000
8965  -15.193  -60.804  -16.408 0.5000000000
8988  -20.079  -60.693  -17.773 0.5000000000
9009  -14.543  -60.405  -18.208 0.5000000000
9714  -15.739  -59.135  -13.860 0.6000000238
9731  -15.404  -59.527  -14.589 0.6000000238
9757  -15.439  -59.645  -17.263 0.6000000238
9799  -11.898  -59.617  -19.477 0.6000000238
10476  -17.696  -58.240  -12.755 0.6000000238
10494  -16.307  -58.830  -13.331 0.6000000238
10536  -15.576  -58.963  -16.469 0.6000000238
10537  -16.087  -58.352  -16.705 0.6000000238
10588  -11.593  -58.913  -20.966 0.5000000000
10619  -14.378  -58.672  -22.760 0.6000000238
10631  -11.740  -58.017  -24.608 0.6000000238
10632  -12.765  -58.284  -24.357 0.6999999881
10649  -15.517  -57.132  -26.055 0.6000000238
11287  -19.478  -57.495  -12.740 0.4000000060
11302  -17.259  -57.834  -13.240 0.6000000238
11314  -11.810  -57.638  -14.456 0.5000000000
11370  -12.908  -57.087  -17.601 0.6000000238
11382  -13.119  -56.874  -18.278 0.6000000238
11384  -17.674  -57.169  -18.253 0.5000000000
11430  -16.362  -57.341  -24.041 0.5000000000
11446  -14.405  -57.324  -26.666 0.6999999881
11464  -16.102  -56.302  -26.852 0.6000000238
12149  -10.980  -56.334  -13.265 0.6000000238
12181  -12.333  -56.486  -15.176 0.5000000000
12225  -18.523  -56.473  -19.354 0.5000000000
12266  -14.659  -56.098  -21.832 0.5000000000
12282  -17.251  -56.361  -22.722 0.6000000238
12289  -12.062  -56.448  -25.410 0.5000000000
12290  -12.804  -56.177  -25.249 0.5000000000
12305  -16.870  -55.726  -24.730 0.6999999881
12315  -15.899  -56.064  -27.202 0.6000000238
13033  -10.757  -55.464  -14.887 0.6000000238
13034  -11.986  -55.841  -15.252 0.6000000238
13041  -11.278  -55.366  -15.500 0.6000000238
13043  -13.151  -55.665  -16.414 0.6000000238
13054  -14.075  -55.342  -18.346 0.6000000238
13055  -14.382  -55.669  -19.112 0.6000000238
13061  -18.338  -55.558  -20.021 0.5000000000
13074  -15.072  -55.421  -22.705 0.6000000238
13079  -17.247  -55.669  -23.243 0.8000000119
13086  -15.516  -55.608  -26.706 0.6000000238
13096  -16.109  -55.424  -26.164 0.6000000238
13098  -16.623  -55.301  -25.235 0.6000000238
13783  -13.307  -54.038  -11.719 0.6000000238
13794  -12.555  -54.457  -12.959 0.6999999881
13807  -10.591  -54.450  -14.113 0.6999999881
13851  -12.455  -54.340  -17.436 0.6999999881
13873  -14.390  -54.847  -19.610 0.6000000238
13900  -17.011  -54.823  -23.908 0.6999999881
13911  -16.580  -54.417  -24.621 0.6999999881
13923  -16.400  -54.871  -25.308 0.6000000238
14628  -13.343  -53.982  -12.347 0.6000000238
14652  -9.883  -53.963  -14.881 0.6999999881
14716  -15.450  -52.955  -20.487 0.6000000238
14745  -13.560  -52.677  -23.763 0.8000000119
14747  -15.625  -52.355  -23.798 0.8000000119
15383  -13.611  -52.047  -12.415 0.6999999881
15405  -11.943  -52.511  -14.488 0.8000000119
15427  -9.527  -53.306  -15.954 0.6999999881
15463  -10.024  -52.175  -19.143 0.6000000238
15503  -14.774  -51.836  -24.053 0.8000000119
15513  -14.331  -52.370  -24.172 0.8000000119
15514  -15.098  -52.152  -24.177 0.8000000119
16179  -13.228  -51.281  -14.107 0.6999999881
16192  -10.194  -51.965  -15.826 0.8000000119
16227  -8.268  -51.411  -18.335 0.6999999881
16284  -13.101  -51.409  -23.028 0.8000000119
16285  -13.813  -51.288  -23.320 0.6999999881
16910  -14.077  -49.931  -13.087 0.6000000238
16979  -6.972  -50.639  -17.285 0.6000000238
16992  -7.054  -50.827  -17.847 0.6000000238
17025  -10.158  -50.764  -21.006 0.6000000238
17028  -13.428  -49.764  -21.818 0.6000000238
17044  -12.073  -50.478  -22.163 0.6999999881
17706  -13.141  -49.692  -15.078 0.5000000000
17728  -6.994  -49.251  -16.944 0.5000000000
17739  -6.879  -50.034  -17.083 0.6000000238
17771  -11.823  -48.846  -20.998 0.5000000000
18516  -14.337  -48.578  -14.432 0.5000000000
18606  -12.151  -48.565  -20.447 0.5000000000
19431  -7.217  -47.154  -16.869 0.6000000238
19433  -8.778  -46.569  -16.335 0.5000000000
20332  -15.547  -46.519  -10.778 0.5000000000
20346  -15.371  -47.104  -11.251 0.5000000000
20361  -16.306  -46.033  -11.582 0.4000000060
20428  -10.350  -45.613  -16.162 0.5000000000
20455  -9.063  -46.292  -17.932 0.5000000000
21356  -15.401  -45.038  -14.106 0.5000000000
21389  -8.018  -46.048  -16.773 0.6000000238
21390  -8.622  -45.566  -16.584 0.6000000238
21405  -9.558  -45.029  -17.408 0.5000000000
21423  -11.624  -45.494  -18.626 0.4000000060
22340  -16.778  -44.791  -13.380 0.4000000060
22348  -13.973  -44.406  -14.950 0.5000000000
22366  -10.146  -43.074  -15.967 0.4000000060
23336  -15.836  -44.143  -14.944 0.3000000119
23381  -9.830  -43.077  -16.842 0.4000000060
23392  -11.674  -43.650  -17.987 0.4000000060
24360  -12.836  -42.167  -15.636 0.4000000060
24374  -10.489  -42.063  -17.005 0.4000000060
24375  -11.119  -42.119  -16.445 0.4000000060
24377  -14.052  -41.816  -16.222 0.3000000119
24390  -11.119  -41.944  -17.111 0.4000000060
24391  -12.217  -41.985  -17.281 0.4000000060
24401  -13.820  -42.462  -18.318 0.3000000119
24411  -15.124  -42.474  -18.925 0.3000000119
25365  -11.823  -41.721  -16.896 0.4000000060
125774  -10.657  -66.145  -21.357 0.6999999881
125981  -13.653  -51.239  -12.584 0.6999999881
126454  -18.881  -58.786  -12.770 0.6000000238
126938  -31.141  -67.681  -25.891 0.3000000119
127058  -16.448  -57.750  -21.848 0.5000000000
127391  -15.101  -63.959  -13.422 0.5000000000
128269  -27.966  -64.664  -25.392 0.4000000060
129238  -18.998  -56.744  -16.643 0.5000000000
130050  -31.110  -67.305  -26.012 0.3000000119
131742  -12.046  -59.342  -20.209 0.5000000000
131853  -14.560  -51.380  -22.506 0.6000000238
132650  -16.938  -54.518  -21.442 0.8000000119
133185  -20.018  -67.496  -22.880 0.5000000000
134055  -16.324  -53.617  -21.951 0.6999999881
134623  -12.136  -48.089  -11.591 0.4000000060
134714  -13.399  -44.243  -18.666 0.4000000060
134937  -12.435  -42.729  -15.394 0.4000000060
135363  -16.848  -57.719  -17.960 0.5000000000
135431  -11.515  -45.730  -15.898 0.5000000000
135667  -12.965  -59.413  -20.279 0.5000000000
135736  -12.743  -64.918  -14.462 0.6999999881
135933  -14.049  -56.508  -21.386 0.5000000000
136663  -13.973  -41.815  -10.507 0.5000000000
136908  -20.974  -68.749  -22.962 0.4000000060
137277  -13.558  -55.966  -16.876 0.6000000238
138589  -10.355  -66.744  -15.441 0.6000000238
138620  -10.402  -60.937  -25.635 0.5000000000
138733  -15.223  -60.224  -14.470 0.5000000000
138747  -23.037  -68.709  -27.724 0.4000000060
138810  -7.032  -48.069  -16.910 0.6000000238
139340  -13.580  -50.027  -21.666 0.6000000238
139818  -18.645  -69.541  -23.636 0.5000000000
140202  -16.182  -43.270  -9.879 0.4000000060
140248  -20.227  -68.263  -28.317 0.6999999881
140602  -9.769  -43.006  -16.357 0.4000000060
141210  -12.191  -48.086  -15.791 0.5000000000
141323  -17.368  -58.798  -12.703 0.6000000238
141332  -9.369  -53.123  -16.809 0.5000000000
142247  -13.501  -67.793  -24.092 0.6000000238
142901  -16.326  -56.141  -26.379 0.6000000238
143402  -17.373  -57.340  -14.932 0.6000000238
143555  -12.637  -58.834  -21.758 0.6000000238
143643  -25.727  -67.170  -26.055 0.4000000060
143766  -14.986  -67.400  -14.331 0.6999999881
144299  -18.725  -68.843  -27.309 0.5000000000
144326  -17.513  -55.169  -21.247 0.6999999881
144329  -18.575  -61.781  -15.480 0.5000000000
144451  -17.597  -56.860  -20.217 0.5000000000
144556  -15.047  -58.623  -22.382 0.5000000000
144828  -18.947  -62.124  -16.777 0.5000000000
145084  -19.670  -66.940  -23.489 0.5000000000
145241  -14.186  -69.667  -15.975 0.6999999881
145250  -9.545  -63.724  -22.790 0.6000000238
146125  -24.263  -68.480  -27.832 0.5000000000
146136  -25.720  -67.998  -27.899 0.3000000119
146314  -31.095  -70.225  -22.453 0.3000000119
146662  -31.188  -69.581  -21.757 0.4000000060
146750  -13.213  -56.152  -16.260 0.5000000000
146779  -22.445  -66.369  -31.493 0.4000000060
147122  -8.386  -63.756  -24.140 0.5000000000
147389  -13.022  -66.160  -19.941 0.6999999881
147462  -25.470  -65.228  -24.245 0.3000000119
147966  -22.736  -66.017  -23.455 0.4000000060
148065  -14.418  -44.824  -14.728 0.5000000000
148093  -13.274  -69.794  -15.537 0.6999999881
148534  -24.996  -67.000  -25.371 0.4000000060
148607  -25.421  -69.523  -23.151 0.3000000119
148653  -15.277  -47.507  -11.629 0.5000000000
148815  -18.768  -56.797  -17.212 0.5000000000
149499  -13.418  -49.530  -11.676 0.5000000000
149835  -22.063  -67.645  -18.310 0.3000000119
149918  -13.512  -65.313  -24.240 0.5000000000
150051  -17.673  -57.391  -13.597 0.6000000238
150404  -21.213  -69.571  -25.667 0.4000000060
150482  -10.415  -44.845  -11.842 0.3000000119
151273  -16.233  -63.121  -13.413 0.5000000000
151292  -8.616  -45.861  -17.370 0.5000000000
151667  -9.482  -66.493  -15.939 0.5000000000
