#!ascii label  , from subject sub-v1s3x0050808_ses-1 vox2ras=TkReg
1143
2425  19.893  -78.395  -21.019 0.5000000000
6495  18.443  -70.362  -15.568 0.6000000238
127157  19.177  -70.080  -15.085 0.6000000238
130013  18.882  -70.694  -14.624 0.6000000238
6482  19.409  -70.238  -14.351 0.6999999881
130990  19.290  -70.624  -13.775 0.6000000238
7063  19.822  -69.757  -14.543 0.6999999881
7044  19.730  -70.010  -13.611 0.6000000238
4323  16.751  -74.948  -21.671 0.5000000000
133328  20.078  -74.412  -23.184 0.6000000238
4337  19.556  -74.464  -22.405 0.6000000238
4339  17.577  -74.817  -22.209 0.5000000000
4360  21.612  -74.479  -25.331 0.5000000000
4349  20.583  -74.391  -23.882 0.4000000060
135153  19.268  -74.519  -23.317 0.5000000000
4338  18.528  -74.633  -22.429 0.6000000238
4251  17.446  -74.193  -15.678 0.5000000000
2835  22.888  -77.373  -25.256 0.4000000060
4815  16.679  -73.405  -16.102 0.5000000000
128912  18.002  -74.138  -15.032 0.5000000000
5364  17.079  -72.699  -15.777 0.6000000238
5923  17.443  -71.452  -15.784 0.6000000238
6507  17.949  -70.005  -16.395 0.6000000238
7090  18.539  -69.598  -16.846 0.6999999881
5922  18.181  -71.053  -15.265 0.6000000238
7077  18.852  -69.823  -15.909 0.6999999881
7108  19.563  -69.365  -17.115 0.6000000238
7089  19.504  -69.533  -16.235 0.6999999881
7861  20.388  -68.695  -18.327 0.6000000238
7088  20.389  -69.276  -16.584 0.6000000238
7075  20.264  -69.412  -15.727 0.6999999881
7846  21.362  -68.481  -17.901 0.6999999881
6466  19.402  -70.490  -12.920 0.6000000238
4307  16.163  -74.678  -20.138 0.5000000000
4322  17.854  -74.688  -21.323 0.6000000238
128444  16.761  -74.784  -20.881 0.5000000000
140992  20.820  -74.321  -23.048 0.6000000238
4336  20.291  -74.346  -22.466 0.6999999881
4368  21.923  -74.833  -26.431 0.4000000060
5377  15.589  -72.585  -17.031 0.5000000000
125789  21.043  -77.665  -22.144 0.5000000000
5365  16.208  -72.648  -16.446 0.5000000000
6509  16.153  -70.868  -17.272 0.6999999881
5924  16.766  -71.973  -16.155 0.6000000238
6508  16.894  -70.295  -16.959 0.6999999881
5937  16.604  -71.152  -16.563 0.6000000238
7091  17.547  -69.777  -17.108 0.6999999881
124955  17.579  -70.683  -16.085 0.6000000238
146165  18.820  -69.374  -17.598 0.6000000238
7862  19.565  -68.834  -18.585 0.6000000238
7875  20.074  -68.392  -19.069 0.6000000238
7860  20.893  -68.090  -18.746 0.6999999881
147254  20.503  -69.418  -13.313 0.6999999881
6455  19.390  -70.227  -12.041 0.5000000000
7832  21.322  -68.893  -16.905 0.6999999881
7074  20.940  -69.259  -15.175 0.6999999881
7043  20.250  -69.574  -13.764 0.6000000238
4305  18.581  -74.393  -20.500 0.5000000000
4306  17.449  -74.528  -20.283 0.5000000000
4303  20.501  -73.971  -21.076 0.6999999881
4335  21.609  -74.227  -22.876 0.5000000000
130942  20.935  -74.138  -22.074 0.6999999881
4320  20.008  -74.305  -21.708 0.6000000238
4321  19.054  -74.482  -21.498 0.6000000238
4358  23.488  -74.907  -25.740 0.4000000060
134507  22.134  -74.418  -24.499 0.4000000060
4348  21.383  -74.356  -24.008 0.5000000000
5946  15.893  -71.474  -17.334 0.5000000000
146423  15.716  -71.984  -17.124 0.5000000000
131497  15.959  -71.842  -16.797 0.5000000000
143335  16.308  -70.407  -17.743 0.6000000238
146821  16.021  -71.283  -16.968 0.5000000000
141343  16.882  -69.665  -18.395 0.6999999881
146215  17.129  -69.470  -19.502 0.6000000238
7110  16.823  -69.861  -17.709 0.6999999881
7877  17.836  -69.142  -19.844 0.6000000238
7125  17.672  -69.348  -18.893 0.6000000238
7109  17.785  -69.489  -17.807 0.6999999881
8575  19.376  -67.613  -20.476 0.6999999881
7876  18.942  -68.766  -19.276 0.6000000238
7124  18.731  -69.196  -18.337 0.6000000238
9302  19.761  -66.767  -20.414 0.6000000238
8559  19.669  -68.119  -19.811 0.6999999881
10031  20.150  -65.938  -20.263 0.6000000238
9301  20.350  -66.787  -19.880 0.6000000238
8574  19.984  -67.415  -20.016 0.6999999881
7025  20.411  -69.150  -12.096 0.6000000238
8558  20.475  -67.577  -19.436 0.6999999881
7034  20.163  -69.606  -12.950 0.6000000238
10021  20.767  -65.642  -19.680 0.6999999881
138080  20.637  -66.256  -19.700 0.6000000238
8557  21.162  -67.285  -18.923 0.8000000119
148551  21.479  -67.758  -18.405 0.6999999881
7845  22.108  -68.336  -17.044 0.6999999881
7831  22.011  -68.621  -16.216 0.6999999881
4294  18.143  -74.170  -19.532 0.6000000238
4868  20.068  -73.744  -20.138 0.6999999881
4304  19.591  -74.203  -20.771 0.6000000238
4319  21.872  -73.929  -22.029 0.5000000000
126697  23.018  -74.523  -24.424 0.4000000060
128148  22.254  -74.328  -23.571 0.5000000000
5386  15.642  -72.883  -17.575 0.5000000000
4843  15.696  -73.352  -18.060 0.5000000000
5385  15.750  -72.091  -17.451 0.5000000000
6519  16.005  -70.883  -17.993 0.6000000238
145616  16.322  -70.374  -19.274 0.6000000238
6531  16.215  -70.750  -18.842 0.6999999881
7141  16.418  -70.316  -19.999 0.6999999881
7127  16.314  -70.217  -18.472 0.6999999881
7878  17.539  -69.132  -20.623 0.6000000238
7140  16.775  -69.669  -20.150 0.6000000238
7126  16.599  -69.795  -19.216 0.6999999881
8577  17.722  -67.774  -22.031 0.6999999881
8576  18.589  -67.753  -21.193 0.6999999881
7769  21.858  -68.011  -12.354 0.6000000238
9304  18.243  -66.885  -21.623 0.6000000238
7890  18.614  -68.469  -20.406 0.6999999881
10801  18.412  -64.377  -20.856 0.6000000238
10022  19.396  -65.121  -20.691 0.6000000238
10033  18.252  -65.278  -21.317 0.6000000238
144559  18.599  -66.187  -21.358 0.6000000238
9303  19.096  -66.876  -21.028 0.6999999881
138623  21.552  -68.629  -12.954 0.6000000238
10800  19.548  -64.244  -20.419 0.6000000238
10032  19.302  -66.004  -20.887 0.6000000238
8519  22.630  -67.412  -16.305 0.6999999881
133981  22.302  -68.426  -14.875 0.6000000238
7061  21.576  -68.898  -14.466 0.6999999881
141926  20.785  -69.149  -12.845 0.6000000238
124130  18.482  -63.478  -20.495 0.5000000000
10799  20.419  -64.202  -19.924 0.6000000238
10010  20.967  -64.854  -19.585 0.8000000119
10009  21.386  -65.567  -19.045 0.8000000119
9273  21.733  -66.125  -18.301 0.8000000119
8533  22.012  -67.725  -17.800 0.8000000119
7830  22.498  -68.044  -16.305 0.6999999881
7815  22.441  -68.228  -15.551 0.6999999881
10020  21.030  -66.147  -19.359 0.8000000119
8542  21.677  -67.021  -18.362 0.8000000119
4293  19.162  -73.998  -19.789 0.6999999881
4855  17.610  -73.793  -18.850 0.6999999881
4295  16.909  -74.277  -19.408 0.6000000238
4879  21.376  -73.733  -21.264 0.6999999881
4283  16.251  -73.921  -18.690 0.5000000000
4842  16.867  -73.237  -18.414 0.5000000000
11422  20.261  -63.657  -10.811 0.6000000238
5396  16.067  -72.260  -18.000 0.5000000000
10685  20.812  -64.257  -11.102 0.5000000000
5958  16.654  -71.802  -18.382 0.5000000000
144174  21.393  -64.844  -11.295 0.6000000238
5971  16.336  -71.146  -19.032 0.6999999881
5959  16.118  -71.274  -18.266 0.6000000238
6559  16.595  -70.772  -20.529 0.6999999881
9174  22.246  -65.963  -11.856 0.6000000238
7158  16.906  -69.599  -21.012 0.6999999881
7159  16.627  -70.244  -20.985 0.6000000238
8586  16.789  -67.503  -22.752 0.6999999881
7902  17.010  -68.775  -22.552 0.6999999881
7891  17.606  -68.783  -21.456 0.6999999881
8463  22.335  -67.322  -12.529 0.6000000238
9191  22.545  -66.487  -12.601 0.6000000238
9314  17.186  -66.743  -22.335 0.6000000238
128583  22.873  -66.897  -14.213 0.6000000238
8464  21.908  -67.462  -11.911 0.6000000238
10034  16.659  -65.058  -21.826 0.6000000238
9219  22.841  -66.875  -15.116 0.6999999881
8477  22.680  -67.589  -13.951 0.6000000238
7786  22.330  -67.981  -13.251 0.6000000238
10770  22.094  -64.250  -18.237 0.6000000238
9992  22.247  -65.227  -17.352 0.6000000238
9246  22.571  -66.786  -16.706 0.6999999881
9234  22.734  -66.841  -15.926 0.6000000238
7787  21.836  -68.622  -13.674 0.6000000238
11500  21.787  -63.647  -18.730 0.6000000238
141434  22.088  -65.819  -17.707 0.8000000119
10785  21.568  -64.474  -18.998 0.6000000238
9993  21.927  -65.159  -18.198 0.6999999881
8532  22.468  -67.594  -16.981 0.8000000119
4852  20.501  -73.255  -19.542 0.6999999881
4853  19.653  -73.469  -19.229 0.6999999881
4854  18.720  -73.671  -18.968 0.6999999881
4866  21.758  -73.294  -20.533 0.6999999881
4867  20.922  -73.501  -20.415 0.6999999881
4841  18.187  -73.218  -18.541 0.6000000238
12131  21.663  -62.375  -11.292 0.6000000238
12132  20.916  -62.476  -10.659 0.6000000238
12143  21.291  -62.855  -11.980 0.6000000238
12144  20.393  -62.986  -10.928 0.6000000238
5395  17.401  -72.493  -18.331 0.6000000238
11421  20.859  -63.335  -11.518 0.5000000000
5970  17.113  -71.489  -18.935 0.6999999881
11437  21.623  -63.483  -13.079 0.4000000060
10702  21.243  -64.140  -11.832 0.5000000000
6558  16.887  -71.017  -20.843 0.6999999881
6544  16.607  -71.096  -19.976 0.8000000119
10710  21.878  -64.177  -13.575 0.5000000000
6572  16.792  -70.687  -21.262 0.6000000238
6545  16.386  -70.802  -19.701 0.6999999881
10701  22.072  -64.792  -12.889 0.6000000238
7178  16.904  -69.723  -21.874 0.6999999881
9945  22.630  -65.777  -14.663 0.6999999881
9933  22.390  -65.182  -13.615 0.6000000238
8587  16.428  -66.961  -22.956 0.6999999881
8594  16.699  -68.046  -23.026 0.6999999881
10733  22.334  -64.683  -15.261 0.5000000000
9207  22.748  -66.188  -13.495 0.6000000238
10055  15.934  -65.731  -23.119 0.6000000238
10045  16.188  -65.480  -22.584 0.6000000238
139804  17.524  -65.962  -21.804 0.6000000238
124740  22.352  -64.613  -16.951 0.5000000000
9960  22.430  -65.403  -15.736 0.6000000238
10814  17.115  -64.386  -21.423 0.6000000238
131165  21.958  -63.040  -18.577 0.6000000238
10769  22.349  -64.046  -17.488 0.5000000000
137132  22.515  -66.030  -16.267 0.6999999881
130814  21.456  -63.001  -19.108 0.6000000238
144447  20.817  -72.756  -19.142 0.6999999881
4839  20.119  -72.881  -18.823 0.6999999881
4840  19.228  -73.067  -18.598 0.6000000238
5394  18.640  -72.452  -18.389 0.6000000238
12863  21.718  -62.111  -10.454 0.4000000060
12120  21.383  -62.026  -9.982 0.5000000000
5957  17.962  -71.932  -18.447 0.6000000238
136379  22.009  -62.391  -12.195 0.5000000000
12134  19.220  -62.734  -9.971 0.6000000238
5969  18.631  -71.480  -18.769 0.6999999881
12157  21.576  -62.899  -12.717 0.5000000000
133746  17.799  -70.994  -20.748 0.6999999881
11436  21.965  -63.456  -13.768 0.4000000060
7209  17.608  -69.559  -23.576 0.6999999881
7196  17.035  -70.039  -22.921 0.6999999881
6583  17.216  -70.385  -22.434 0.6999999881
133343  22.056  -63.902  -14.233 0.6000000238
8606  17.415  -67.635  -23.775 0.6999999881
7916  17.318  -68.931  -23.735 0.6999999881
132610  16.900  -69.671  -22.729 0.6999999881
6584  16.902  -70.290  -22.041 0.6999999881
11456  22.564  -63.287  -15.288 0.5000000000
10721  22.255  -64.559  -14.400 0.5000000000
143166  16.148  -65.905  -23.216 0.6000000238
8598  16.536  -66.989  -23.190 0.6999999881
7917  16.871  -68.454  -23.317 0.6999999881
7911  16.792  -69.008  -23.060 0.6999999881
128467  22.262  -63.944  -14.899 0.5000000000
127270  15.889  -64.780  -22.799 0.5000000000
137992  15.770  -65.560  -23.065 0.6000000238
5392  20.637  -72.210  -18.656 0.6999999881
5393  19.697  -72.248  -18.468 0.6999999881
127393  22.395  -61.820  -10.609 0.4000000060
5955  20.597  -71.516  -18.598 0.6999999881
138715  19.009  -71.856  -18.465 0.6999999881
5956  19.792  -71.499  -18.584 0.6999999881
12122  19.721  -62.155  -9.654 0.6000000238
6542  18.787  -70.944  -19.578 0.8000000119
6530  19.777  -70.937  -18.915 0.6999999881
6557  18.401  -70.649  -21.422 0.6000000238
13600  17.790  -60.814  -9.827 0.6000000238
7195  17.620  -70.123  -22.949 0.6999999881
7177  17.886  -70.520  -22.304 0.6999999881
7915  18.148  -68.964  -24.122 0.6000000238
9338  17.850  -67.200  -23.855 0.6000000238
131948  17.517  -60.154  -11.286 0.5000000000
9328  16.781  -65.926  -23.430 0.6000000238
9339  17.140  -66.688  -23.557 0.6999999881
10063  16.677  -65.132  -23.282 0.5000000000
12848  21.337  -61.419  -9.275 0.4000000060
6556  19.855  -70.458  -19.746 0.8000000119
12849  20.217  -61.553  -9.238 0.5000000000
7157  19.812  -70.081  -20.835 0.8000000119
139919  19.060  -60.810  -9.117 0.4000000060
12840  20.493  -60.839  -8.808 0.4000000060
143252  18.948  -70.611  -20.451 0.6999999881
136601  18.489  -59.900  -9.693 0.4000000060
144018  18.423  -61.388  -9.447 0.5000000000
126723  18.757  -68.227  -24.383 0.6000000238
7194  18.653  -69.730  -23.351 0.6000000238
14359  19.129  -59.047  -9.572 0.4000000060
8597  18.727  -67.257  -24.108 0.6000000238
8605  18.092  -67.769  -24.106 0.6000000238
14376  18.729  -58.525  -11.385 0.4000000060
9327  17.910  -66.530  -23.717 0.6000000238
134653  18.004  -65.725  -23.530 0.5000000000
10053  18.377  -64.885  -23.194 0.5000000000
13598  22.026  -60.901  -8.911 0.4000000060
6541  20.795  -70.502  -19.064 0.8000000119
7156  20.761  -69.945  -19.971 0.6999999881
13580  19.716  -60.215  -8.752 0.4000000060
7193  19.787  -69.625  -22.653 0.6000000238
7176  19.133  -70.105  -21.941 0.6999999881
7208  18.792  -69.268  -24.033 0.6000000238
7207  19.702  -69.412  -23.701 0.6000000238
15088  19.438  -58.252  -9.562 0.4000000060
14365  18.943  -58.778  -10.442 0.4000000060
9326  18.978  -66.400  -23.794 0.6000000238
15106  18.755  -57.970  -11.634 0.4000000060
10062  19.293  -65.672  -23.513 0.4000000060
13578  22.293  -60.231  -8.529 0.4000000060
136406  20.882  -69.573  -20.754 0.6999999881
13579  20.631  -60.010  -8.446 0.4000000060
140218  20.877  -69.369  -22.227 0.6999999881
7175  20.414  -69.573  -21.591 0.6000000238
14350  20.091  -59.304  -8.494 0.4000000060
128766  19.707  -68.359  -24.679 0.6000000238
7219  19.826  -69.085  -24.371 0.6000000238
15095  19.287  -57.852  -10.161 0.4000000060
9337  19.596  -66.941  -24.160 0.6000000238
15894  18.668  -57.777  -11.305 0.3000000119
9325  19.979  -66.338  -23.900 0.4000000060
10061  20.387  -65.664  -23.522 0.4000000060
10060  21.394  -65.613  -23.540 0.4000000060
15083  20.276  -58.513  -8.183 0.4000000060
146649  19.833  -57.956  -8.458 0.4000000060
8603  20.514  -68.041  -24.929 0.6000000238
9336  20.346  -67.081  -24.399 0.6000000238
9335  21.251  -67.216  -24.602 0.6000000238
9323  21.995  -66.342  -24.135 0.5000000000
10050  21.880  -64.996  -22.974 0.4000000060
15852  15.455  -57.562  -8.434 0.3000000119
10059  22.374  -65.508  -23.546 0.4000000060
15823  22.113  -57.371  -6.599 0.4000000060
15838  17.241  -57.055  -7.831 0.3000000119
16700  12.658  -56.538  -8.019 0.4000000060
16675  22.461  -56.662  -6.323 0.4000000060
135128  20.421  -55.851  -6.233 0.4000000060
142669  17.429  -55.785  -7.318 0.3000000119
16679  19.069  -55.871  -6.862 0.3000000119
15840  14.847  -57.185  -7.900 0.3000000119
15839  15.610  -57.179  -7.866 0.3000000119
16699  13.302  -57.005  -8.073 0.3000000119
17512  21.763  -55.405  -5.630 0.4000000060
17513  20.898  -55.286  -5.767 0.4000000060
16678  19.727  -55.678  -6.491 0.4000000060
16690  16.269  -56.759  -7.656 0.3000000119
16691  15.293  -56.612  -7.660 0.3000000119
18495  9.342  -54.851  -10.698 0.4000000060
17589  8.795  -55.408  -13.156 0.3000000119
18522  9.434  -54.657  -13.645 0.3000000119
16692  14.397  -56.536  -7.689 0.3000000119
17535  13.085  -55.811  -7.732 0.3000000119
18414  20.550  -54.500  -5.856 0.4000000060
17522  19.278  -55.171  -6.478 0.4000000060
17529  18.560  -55.204  -6.771 0.3000000119
17531  17.108  -55.096  -7.339 0.3000000119
17532  15.808  -55.856  -7.533 0.3000000119
17556  10.148  -55.593  -9.073 0.3000000119
17533  14.917  -55.774  -7.606 0.3000000119
18508  9.339  -54.717  -12.019 0.3000000119
17534  13.941  -55.616  -7.663 0.3000000119
19471  10.834  -53.603  -11.780 0.4000000060
18507  10.033  -54.065  -12.580 0.3000000119
132815  11.398  -53.312  -12.805 0.3000000119
18521  10.152  -54.033  -14.010 0.3000000119
18416  18.888  -54.645  -6.589 0.4000000060
18431  18.290  -54.512  -6.860 0.4000000060
18432  17.603  -54.418  -7.241 0.3000000119
18480  10.320  -54.701  -9.449 0.4000000060
18434  15.491  -55.045  -7.642 0.3000000119
18479  11.214  -54.228  -9.299 0.3000000119
18494  9.931  -54.173  -11.156 0.4000000060
148384  11.400  -53.748  -10.038 0.4000000060
19483  11.339  -53.170  -13.812 0.3000000119
19391  18.836  -53.983  -6.667 0.4000000060
125165  18.194  -53.718  -7.173 0.4000000060
18433  16.848  -54.388  -7.559 0.4000000060
18457  15.279  -54.316  -7.995 0.4000000060
18435  14.660  -54.952  -7.759 0.3000000119
19427  13.392  -53.802  -8.885 0.3000000119
19440  12.801  -53.700  -9.249 0.3000000119
19441  12.112  -53.621  -9.840 0.3000000119
19452  12.734  -53.243  -10.809 0.5000000000
19453  11.719  -53.448  -10.894 0.4000000060
19470  11.804  -53.198  -12.050 0.4000000060
20373  11.467  -52.657  -13.843 0.3000000119
20303  17.973  -53.073  -7.797 0.4000000060
19411  16.647  -53.713  -7.982 0.4000000060
19425  15.153  -53.737  -8.732 0.3000000119
19450  14.372  -53.169  -10.028 0.3000000119
144999  14.852  -52.698  -9.986 0.3000000119
20340  14.234  -52.454  -10.439 0.3000000119
18458  14.489  -54.254  -8.215 0.3000000119
19426  14.264  -53.678  -9.053 0.3000000119
19451  13.586  -53.058  -10.619 0.3000000119
20358  13.327  -52.416  -11.073 0.3000000119
19439  13.647  -53.483  -9.727 0.3000000119
19468  12.864  -52.776  -11.413 0.3000000119
19469  12.268  -52.721  -12.213 0.3000000119
21289  11.449  -51.450  -13.667 0.3000000119
20282  20.243  -52.750  -6.659 0.3000000119
20301  19.255  -52.701  -7.261 0.3000000119
20311  18.553  -52.488  -7.871 0.3000000119
20313  17.076  -52.474  -8.739 0.3000000119
21243  16.118  -51.780  -9.340 0.3000000119
21245  14.855  -51.372  -9.838 0.3000000119
20312  17.846  -52.452  -8.327 0.3000000119
20325  16.337  -52.526  -9.174 0.3000000119
20326  15.532  -52.486  -9.622 0.3000000119
21244  15.416  -51.587  -9.634 0.3000000119
21260  14.362  -51.555  -10.235 0.3000000119
21273  12.982  -51.704  -11.438 0.3000000119
20359  12.532  -52.254  -12.069 0.3000000119
21274  12.401  -51.359  -12.279 0.3000000119
20372  11.953  -52.381  -13.055 0.3000000119
138610  12.100  -51.734  -13.060 0.3000000119
21196  21.711  -51.863  -6.771 0.3000000119
21221  19.180  -51.921  -7.855 0.3000000119
21231  18.468  -51.826  -8.291 0.3000000119
21233  16.838  -51.838  -8.973 0.3000000119
22167  15.850  -50.937  -9.253 0.3000000119
22183  13.799  -50.759  -10.302 0.3000000119
22189  13.107  -50.785  -10.941 0.3000000119
22190  12.601  -50.798  -11.639 0.3000000119
22211  11.775  -50.482  -13.457 0.3000000119
137574  15.506  -50.125  -9.133 0.3000000119
138923  14.788  -50.044  -9.450 0.3000000119
23135  12.706  -49.828  -11.545 0.3000000119
22198  12.322  -50.357  -12.545 0.3000000119
21288  11.808  -51.166  -13.448 0.3000000119
23144  12.253  -49.604  -13.257 0.3000000119
23104  15.892  -49.295  -8.800 0.3000000119
135615  14.585  -49.232  -9.492 0.3000000119
23128  13.408  -49.844  -10.572 0.3000000119
23103  16.836  -49.419  -8.613 0.3000000119
138616  15.173  -48.776  -9.020 0.3000000119
24008  13.912  -48.926  -10.199 0.3000000119
24009  13.299  -48.845  -11.169 0.3000000119
24018  12.844  -48.729  -12.336 0.3000000119
132811  12.256  -49.054  -13.384 0.3000000119
2428  20.156  -78.292  -21.982 0.5000000000
2833  21.044  -77.580  -23.907 0.5000000000
2832  22.091  -77.391  -24.065 0.4000000060
7076  19.615  -69.676  -15.421 0.6999999881
7062  20.580  -69.389  -14.430 0.6999999881
4367  22.885  -75.114  -26.593 0.4000000060
2827  22.413  -77.346  -23.300 0.5000000000
127865  15.937  -71.557  -17.790 0.5000000000
6543  17.439  -71.252  -19.866 0.8000000119
6571  17.252  -70.743  -21.690 0.6000000238
10839  17.040  -64.282  -23.081 0.5000000000
7210  16.993  -69.393  -23.254 0.6999999881
13616  18.087  -59.772  -10.630 0.4000000060
10838  18.465  -63.988  -22.754 0.5000000000
8604  19.647  -67.677  -24.530 0.6000000238
10052  19.726  -65.121  -23.178 0.4000000060
125820  20.700  -69.387  -23.218 0.6000000238
7922  20.282  -68.748  -24.711 0.6000000238
15865  19.138  -57.622  -9.744 0.3000000119
9324  20.914  -66.354  -24.027 0.4000000060
16676  21.645  -56.711  -6.249 0.4000000060
19409  18.853  -53.378  -6.984 0.3000000119
20300  20.785  -51.939  -7.027 0.3000000119
143696  22.409  -69.293  -22.031 0.5000000000
7155  21.615  -69.588  -20.195 0.6999999881
7138  22.232  -69.860  -19.584 0.6999999881
6529  21.156  -71.010  -18.667 0.6000000238
7192  21.630  -69.328  -22.616 0.5000000000
7174  21.669  -69.317  -21.319 0.6000000238
5414  22.085  -72.732  -19.888 0.6000000238
4851  21.289  -73.018  -19.747 0.6000000238
7137  23.017  -69.832  -19.740 0.6999999881
5968  22.476  -71.422  -19.105 0.6000000238
149544  21.906  -71.750  -18.947 0.6000000238
6539  22.658  -70.319  -19.327 0.6999999881
5953  21.847  -71.141  -18.776 0.6000000238
5404  21.497  -72.337  -19.141 0.6000000238
7191  22.472  -69.415  -23.071 0.5000000000
5402  24.408  -71.248  -19.853 0.6999999881
5403  23.201  -71.743  -19.493 0.6999999881
5413  22.982  -72.529  -19.872 0.6000000238
4865  22.638  -73.153  -20.487 0.6000000238
6555  23.731  -70.112  -19.897 0.6000000238
144782  23.296  -70.331  -19.541 0.6999999881
127844  22.365  -72.098  -19.374 0.6000000238
6570  24.760  -70.270  -20.855 0.6000000238
7205  22.642  -69.439  -24.270 0.5000000000
6554  24.479  -70.637  -20.113 0.6999999881
5412  23.851  -72.272  -19.883 0.6000000238
4878  22.242  -73.587  -21.238 0.6000000238
7217  22.598  -69.114  -24.785 0.5000000000
7206  21.537  -69.335  -23.941 0.5000000000
148849  23.338  -68.774  -25.118 0.5000000000
124135  21.862  -69.142  -24.660 0.5000000000
8601  23.063  -68.061  -24.970 0.4000000060
6467  19.054  -71.154  -13.097 0.4000000060
143137  18.965  -71.134  -13.910 0.4000000060
5909  18.601  -71.450  -14.429 0.5000000000
5351  18.505  -72.296  -14.189 0.5000000000
7920  21.764  -68.834  -24.960 0.5000000000
5910  18.085  -71.838  -15.063 0.5000000000
3716  17.954  -74.913  -13.762 0.6000000238
138333  22.197  -68.358  -25.003 0.4000000060
136275  17.464  -72.125  -15.555 0.5000000000
5352  18.005  -72.729  -15.000 0.5000000000
4237  18.166  -74.505  -14.299 0.5000000000
5895  18.776  -71.793  -13.500 0.5000000000
5339  18.580  -72.791  -13.076 0.5000000000
4773  18.196  -73.498  -12.442 0.5000000000
130610  18.444  -73.202  -14.000 0.5000000000
4788  18.356  -73.693  -13.282 0.5000000000
4224  18.135  -74.362  -13.534 0.5000000000
9334  22.269  -67.411  -24.710 0.5000000000
4802  18.199  -73.650  -14.612 0.5000000000
8600  23.919  -67.335  -24.927 0.4000000060
145163  23.173  -67.129  -24.677 0.4000000060
9333  23.798  -66.424  -24.517 0.4000000060
7035  19.835  -69.647  -12.068 0.5000000000
4756  17.867  -73.178  -11.756 0.5000000000
7921  21.002  -68.645  -24.954 0.5000000000
7757  20.558  -68.499  -11.256 0.5000000000
7758  19.655  -68.801  -10.777 0.5000000000
7748  18.189  -68.638  -10.374 0.5000000000
149682  19.958  -69.161  -11.393 0.5000000000
144656  22.829  -66.593  -24.392 0.4000000060
7747  19.075  -68.226  -10.410 0.5000000000
8450  20.954  -67.673  -10.888 0.5000000000
8438  19.616  -67.408  -10.406 0.5000000000
149638  18.324  -68.021  -10.311 0.5000000000
7749  17.008  -68.113  -10.443 0.4000000060
8437  20.448  -67.226  -10.541 0.5000000000
8440  17.884  -67.524  -10.415 0.6000000238
8452  16.432  -67.596  -11.073 0.6000000238
8449  21.602  -67.225  -11.324 0.5000000000
132077  20.014  -66.653  -10.397 0.5000000000
9166  19.225  -66.762  -10.368 0.5000000000
138365  17.817  -66.785  -10.683 0.6000000238
8451  17.187  -67.163  -10.823 0.6000000238
8465  16.066  -67.275  -11.784 0.6000000238
8467  14.732  -67.966  -12.750 0.5000000000
8479  14.475  -67.703  -13.516 0.5000000000
8488  14.215  -67.449  -14.204 0.5000000000
9175  21.726  -66.446  -11.244 0.5000000000
9897  21.651  -65.583  -11.238 0.5000000000
9879  20.441  -65.939  -10.500 0.5000000000
146797  18.843  -66.230  -10.488 0.5000000000
9167  18.718  -65.578  -10.565 0.6000000238
9177  16.670  -66.695  -11.662 0.6000000238
9192  16.097  -66.719  -12.389 0.6000000238
8478  15.084  -67.197  -13.178 0.6000000238
9210  14.761  -66.944  -13.880 0.5000000000
138681  14.289  -63.206  -15.952 0.5000000000
9236  13.687  -66.565  -15.930 0.5000000000
9920  21.955  -64.998  -11.967 0.5000000000
10661  20.916  -65.198  -10.732 0.5000000000
137808  20.062  -65.107  -10.497 0.6000000238
140305  19.202  -64.970  -10.439 0.6000000238
10686  17.576  -64.822  -11.241 0.6000000238
9899  17.029  -65.883  -11.945 0.6000000238
9921  17.058  -65.121  -12.208 0.6000000238
128844  16.575  -66.059  -12.445 0.6000000238
9934  16.539  -65.390  -12.969 0.6000000238
9193  15.655  -66.770  -12.935 0.6000000238
9220  15.007  -66.333  -14.283 0.5000000000
9221  14.477  -66.743  -14.553 0.5000000000
9947  14.830  -65.964  -14.987 0.5000000000
9962  14.723  -65.227  -15.573 0.5000000000
142151  14.195  -65.318  -16.147 0.5000000000
10751  14.364  -64.574  -16.088 0.5000000000
10663  19.572  -64.144  -10.472 0.6000000238
10664  18.636  -64.234  -10.346 0.6000000238
10665  17.890  -64.318  -10.562 0.6000000238
10687  16.869  -64.167  -11.826 0.6000000238
132796  16.279  -64.868  -13.642 0.6000000238
10703  16.576  -64.401  -12.960 0.6000000238
9935  15.978  -65.550  -13.683 0.5000000000
9946  15.453  -65.705  -14.327 0.5000000000
10722  15.651  -64.288  -14.780 0.5000000000
11446  15.797  -63.565  -14.620 0.6000000238
10734  15.071  -64.434  -15.415 0.5000000000
11458  14.673  -63.785  -15.729 0.5000000000
132055  14.845  -63.014  -15.494 0.5000000000
12928  14.178  -61.298  -15.640 0.5000000000
11423  17.216  -63.904  -10.854 0.6000000238
11410  16.635  -63.160  -11.316 0.6000000238
11430  16.511  -63.478  -12.447 0.6000000238
10712  16.187  -64.090  -14.034 0.6000000238
12188  15.522  -62.784  -14.886 0.6000000238
12204  14.910  -62.164  -15.314 0.5000000000
11409  17.117  -63.112  -10.516 0.6000000238
11445  16.138  -63.002  -14.136 0.6000000238
134525  15.879  -62.039  -14.415 0.6000000238
12927  15.016  -61.371  -15.059 0.5000000000
12851  17.732  -61.654  -9.759 0.6000000238
12136  17.548  -62.457  -10.033 0.6000000238
12865  16.683  -61.449  -11.083 0.6000000238
12889  16.455  -61.717  -12.041 0.6000000238
126388  16.241  -62.039  -13.859 0.6000000238
12913  16.238  -61.070  -14.160 0.5000000000
13617  17.265  -60.787  -10.615 0.6000000238
140273  16.684  -60.890  -11.990 0.6000000238
13629  16.971  -60.695  -11.346 0.6000000238
12898  16.405  -61.346  -13.606 0.6000000238
13647  17.146  -59.771  -13.504 0.6000000238
14398  16.990  -59.215  -13.797 0.5000000000
13635  17.623  -59.547  -12.850 0.4000000060
5954  21.288  -71.651  -18.707 0.6000000238
6540  21.828  -70.497  -19.019 0.6999999881
142292  20.539  -69.242  -24.177 0.5000000000
7218  21.032  -69.027  -24.714 0.5000000000
7223  23.306  -69.236  -25.010 0.5000000000
7930  22.667  -68.821  -24.984 0.5000000000
4207  17.945  -74.206  -12.791 0.6000000238
9168  18.140  -66.087  -10.845 0.6000000238
9881  18.030  -65.402  -10.895 0.6000000238
9961  15.367  -65.105  -14.956 0.5000000000
12145  16.513  -62.281  -11.382 0.6000000238
12158  16.416  -62.587  -12.187 0.6000000238
136397  16.646  -60.586  -13.596 0.6000000238
13660  16.625  -60.029  -14.009 0.6000000238
2420  19.830  -78.520  -20.358 0.4000000060
3230  20.612  -76.624  -17.499 0.5000000000
3237  21.164  -76.423  -18.476 0.5000000000
3251  20.563  -77.000  -18.862 0.4000000060
2807  20.691  -77.154  -19.759 0.4000000060
2813  20.935  -77.263  -20.610 0.4000000060
2821  20.515  -77.765  -21.238 0.4000000060
3772  21.840  -75.953  -18.005 0.5000000000
3229  21.023  -76.222  -17.759 0.5000000000
3268  21.604  -76.801  -20.100 0.5000000000
3280  21.822  -76.943  -20.840 0.5000000000
2820  21.484  -77.295  -21.444 0.4000000060
133149  22.806  -75.790  -18.169 0.5000000000
3249  22.419  -76.434  -19.529 0.5000000000
3267  22.744  -76.639  -20.497 0.5000000000
3279  22.505  -76.933  -21.459 0.5000000000
2819  22.211  -77.265  -22.380 0.4000000060
3235  23.171  -76.068  -18.880 0.5000000000
3248  23.504  -76.303  -19.699 0.5000000000
3266  23.928  -76.485  -20.535 0.5000000000
3278  23.521  -76.726  -21.348 0.5000000000
124663  23.352  -76.972  -22.292 0.5000000000
140758  23.081  -77.355  -24.136 0.4000000060
4318  22.710  -73.879  -21.870 0.5000000000
4334  22.433  -74.175  -22.662 0.4000000060
131994  23.068  -74.365  -23.290 0.4000000060
4347  23.755  -74.595  -23.905 0.4000000060
4357  24.145  -74.894  -24.952 0.4000000060
4366  23.767  -75.481  -26.666 0.4000000060
126989  24.331  -76.882  -22.165 0.5000000000
3310  25.159  -76.588  -26.870 0.4000000060
3311  24.620  -77.018  -27.149 0.4000000060
3307  23.804  -77.325  -26.500 0.4000000060
147813  25.032  -76.854  -21.985 0.4000000060
3291  24.485  -77.231  -23.395 0.5000000000
145442  23.998  -77.438  -25.245 0.4000000060
3292  23.235  -77.208  -23.219 0.4000000060
141185  23.255  -74.183  -22.423 0.4000000060
134779  25.159  -75.470  -25.448 0.4000000060
3819  24.633  -75.584  -26.269 0.4000000060
142223  25.260  -76.694  -21.459 0.4000000060
3305  25.490  -77.071  -26.415 0.4000000060
3306  24.773  -77.304  -26.298 0.4000000060
3290  25.391  -77.182  -22.920 0.4000000060
3301  25.331  -77.429  -25.147 0.4000000060
140802  24.017  -77.370  -24.171 0.4000000060
4877  23.153  -73.559  -21.099 0.5000000000
147931  23.480  -73.921  -21.688 0.4000000060
4317  24.151  -74.242  -22.107 0.4000000060
4332  25.005  -74.671  -22.960 0.4000000060
4345  25.878  -75.364  -23.974 0.4000000060
3814  26.158  -75.990  -25.374 0.4000000060
3303  26.608  -76.850  -25.016 0.4000000060
3309  25.882  -76.677  -26.072 0.4000000060
3289  26.704  -77.432  -23.635 0.4000000060
3300  26.507  -77.276  -24.759 0.4000000060
3304  26.150  -77.087  -25.688 0.4000000060
4864  23.600  -73.027  -20.387 0.5000000000
4876  24.322  -73.697  -21.081 0.5000000000
3813  26.889  -76.181  -24.471 0.4000000060
3298  27.390  -76.748  -24.013 0.4000000060
4875  25.335  -73.898  -21.247 0.4000000060
4863  24.541  -72.750  -20.333 0.5000000000
4315  26.047  -74.371  -21.777 0.4000000060
4331  26.263  -75.064  -22.986 0.4000000060
132408  26.004  -73.619  -21.159 0.5000000000
147057  26.662  -74.065  -21.622 0.4000000060
4330  27.237  -74.947  -22.506 0.4000000060
149284  25.384  -72.292  -20.473 0.6000000238
5411  24.559  -71.920  -20.003 0.6000000238
142062  26.751  -73.206  -21.346 0.5000000000
4874  27.707  -73.438  -21.884 0.4000000060
7154  22.496  -69.491  -20.332 0.5000000000
11408  17.885  -63.505  -10.222 0.5000000000
12123  18.837  -62.138  -9.570 0.5000000000
11406  19.674  -63.219  -10.451 0.5000000000
12135  18.368  -62.744  -9.873 0.5000000000
3236  22.128  -76.200  -18.731 0.5000000000
4333  23.959  -74.473  -23.074 0.4000000060
4346  24.855  -74.979  -24.182 0.4000000060
130072  25.839  -77.486  -24.063 0.4000000060
4316  25.157  -74.346  -21.901 0.4000000060
3299  27.118  -77.208  -24.333 0.4000000060
3806  27.446  -75.926  -23.747 0.4000000060
4862  25.313  -73.217  -20.717 0.5000000000
4861  25.963  -72.938  -20.827 0.6000000238
4314  27.519  -74.143  -21.958 0.5000000000
5410  26.229  -72.386  -20.932 0.5000000000
7202  26.826  -68.911  -24.423 0.3000000119
7214  26.554  -69.356  -25.386 0.3000000119
129713  25.907  -69.391  -25.555 0.3000000119
7919  26.384  -68.417  -25.068 0.3000000119
7914  26.452  -68.124  -24.280 0.3000000119
8592  26.039  -67.764  -22.213 0.3000000119
149403  26.263  -67.229  -23.496 0.3000000119
7220  27.086  -70.394  -25.728 0.3000000119
6601  26.742  -71.238  -25.765 0.4000000060
140679  25.730  -70.742  -25.423 0.4000000060
6598  24.882  -70.463  -25.097 0.4000000060
147795  25.593  -70.034  -25.564 0.4000000060
144847  23.521  -69.768  -24.367 0.4000000060
128110  26.579  -68.470  -23.415 0.3000000119
7927  25.475  -68.719  -25.503 0.3000000119
7215  24.101  -69.747  -25.140 0.4000000060
9330  26.367  -66.782  -25.137 0.3000000119
8609  25.782  -67.862  -25.421 0.3000000119
6012  26.382  -71.726  -25.194 0.4000000060
6006  26.441  -71.688  -23.996 0.4000000060
6581  25.451  -70.615  -22.522 0.4000000060
6582  24.754  -70.039  -21.931 0.4000000060
6018  26.308  -71.388  -25.410 0.4000000060
6007  25.665  -71.239  -24.483 0.4000000060
127755  24.748  -70.345  -23.286 0.4000000060
7203  24.073  -69.746  -22.758 0.4000000060
7213  27.347  -69.728  -25.146 0.3000000119
6013  25.617  -71.092  -25.115 0.4000000060
6592  24.048  -70.135  -24.015 0.4000000060
7173  22.845  -69.345  -21.190 0.4000000060
7201  27.494  -69.520  -23.969 0.3000000119
7190  23.293  -69.429  -22.174 0.4000000060
7188  26.922  -69.034  -23.092 0.3000000119
7216  23.420  -69.550  -24.744 0.4000000060
8611  24.028  -68.291  -25.238 0.4000000060
6005  27.366  -72.056  -22.996 0.4000000060
5990  26.562  -71.792  -21.441 0.4000000060
5446  27.872  -72.723  -25.497 0.4000000060
5439  27.054  -72.261  -24.772 0.4000000060
5997  26.690  -71.568  -22.471 0.4000000060
5991  26.125  -71.072  -21.857 0.4000000060
6600  28.621  -71.442  -26.276 0.3000000119
6016  27.419  -72.069  -26.113 0.4000000060
7200  28.141  -70.149  -23.330 0.3000000119
7189  24.047  -69.622  -21.815 0.4000000060
7187  27.572  -69.616  -22.663 0.3000000119
147176  26.822  -72.448  -21.402 0.4000000060
5989  27.225  -72.161  -21.869 0.4000000060
8610  24.630  -67.502  -25.273 0.3000000119
125625  24.984  -68.089  -25.446 0.3000000119
7153  23.353  -69.617  -20.399 0.4000000060
6569  25.429  -70.650  -21.310 0.4000000060
138068  25.790  -71.455  -20.822 0.4000000060
5421  27.324  -72.754  -21.657 0.4000000060
7221  26.252  -70.227  -25.641 0.3000000119
8599  26.349  -67.665  -24.989 0.3000000119
9321  26.411  -67.237  -24.402 0.3000000119
6017  26.829  -71.798  -25.676 0.4000000060
140906  24.982  -70.026  -25.382 0.4000000060
6591  24.874  -70.642  -24.528 0.4000000060
6593  24.145  -70.083  -24.741 0.4000000060
7204  23.317  -69.636  -23.478 0.4000000060
7928  24.604  -69.113  -25.451 0.4000000060
5447  27.214  -72.232  -25.754 0.4000000060
5998  25.967  -71.128  -23.190 0.4000000060
136141  25.315  -70.819  -23.664 0.4000000060
6597  27.920  -70.629  -25.652 0.3000000119
7212  28.056  -70.175  -24.675 0.3000000119
5450  28.047  -72.622  -26.314 0.4000000060
133046  28.299  -72.265  -26.525 0.3000000119
142995  28.712  -70.550  -23.919 0.3000000119
2361  22.126  -78.338  -13.547 0.3000000119
2371  22.547  -78.681  -14.316 0.3000000119
131492  21.512  -77.490  -13.130 0.3000000119
2350  22.358  -78.655  -12.748 0.3000000119
143000  21.633  -77.767  -13.803 0.3000000119
2372  21.861  -78.123  -14.411 0.3000000119
3191  21.172  -76.686  -12.913 0.3000000119
2752  21.539  -77.291  -12.255 0.3000000119
2351  21.890  -78.010  -12.637 0.3000000119
3182  20.890  -75.972  -13.145 0.3000000119
2760  21.165  -77.116  -13.802 0.3000000119
2378  21.327  -77.955  -15.322 0.3000000119
2802  20.420  -77.252  -18.042 0.3000000119
3678  22.551  -75.846  -10.790 0.3000000119
2734  22.175  -76.941  -10.784 0.3000000119
3697  21.348  -75.202  -12.070 0.3000000119
137303  21.790  -76.415  -11.179 0.3000000119
2741  22.170  -77.696  -11.013 0.3000000119
2779  20.564  -76.912  -15.528 0.3000000119
3224  20.562  -76.477  -16.749 0.3000000119
2797  20.428  -77.136  -17.168 0.3000000119
3698  21.014  -75.337  -12.898 0.3000000119
3206  20.612  -76.113  -14.398 0.3000000119
3715  20.748  -75.585  -13.787 0.3000000119
4249  20.915  -75.123  -14.989 0.3000000119
3743  20.658  -75.722  -15.498 0.3000000119
139738  20.526  -76.348  -15.951 0.3000000119
3751  21.280  -75.512  -16.565 0.3000000119
3771  23.805  -75.553  -18.251 0.4000000060
3758  22.472  -75.520  -17.516 0.4000000060
1536  25.760  -80.730  -8.453 0.3000000119
1146  26.596  -81.831  -8.146 0.3000000119
2344  22.314  -78.436  -11.739 0.3000000119
1962  22.849  -79.248  -12.326 0.3000000119
2726  24.462  -78.141  -9.566 0.3000000119
2330  23.947  -78.596  -9.655 0.3000000119
1537  24.885  -79.773  -8.928 0.3000000119
1163  24.717  -80.731  -9.682 0.3000000119
1162  25.539  -81.386  -9.170 0.3000000119
144756  23.991  -76.519  -10.381 0.3000000119
2336  23.289  -78.365  -10.132 0.3000000119
1953  23.649  -79.226  -9.977 0.3000000119
1557  24.307  -80.475  -10.336 0.3000000119
1173  24.902  -81.095  -10.195 0.3000000119
139765  22.822  -77.493  -10.373 0.3000000119
2337  22.676  -78.356  -10.732 0.3000000119
1958  23.404  -79.538  -10.788 0.3000000119
1565  23.902  -80.239  -11.158 0.3000000119
1959  22.881  -79.085  -11.258 0.3000000119
134593  23.370  -79.693  -11.668 0.3000000119
2765  21.229  -77.518  -14.527 0.3000000119
2379  20.694  -77.578  -15.928 0.3000000119
3160  22.696  -76.607  -10.527 0.3000000119
3218  20.540  -76.242  -15.118 0.3000000119
1535  26.836  -80.748  -7.841 0.3000000119
1571  23.914  -80.190  -12.112 0.3000000119
3159  23.374  -76.962  -10.195 0.3000000119
2329  24.625  -78.946  -9.239 0.3000000119
1954  23.141  -78.922  -10.539 0.3000000119
1558  23.824  -79.926  -10.338 0.3000000119
136058  24.472  -80.526  -11.747 0.3000000119
3750  22.175  -75.253  -16.840 0.3000000119
4847  29.083  -73.488  -20.214 0.3000000119
4848  28.465  -73.903  -19.844 0.3000000119
4291  27.528  -75.106  -19.716 0.3000000119
4292  26.900  -75.520  -19.640 0.4000000060
3781  26.165  -75.829  -19.601 0.4000000060
3246  25.597  -76.229  -20.088 0.3000000119
3265  24.956  -76.455  -20.698 0.3000000119
4860  29.080  -74.594  -20.412 0.3000000119
4302  29.051  -75.673  -20.731 0.4000000060
3791  28.060  -76.413  -20.781 0.4000000060
3262  28.569  -76.752  -21.670 0.4000000060
125094  25.940  -77.021  -22.285 0.3000000119
3287  28.124  -76.636  -22.867 0.4000000060
3275  28.093  -76.967  -22.426 0.4000000060
3288  27.519  -77.137  -23.444 0.3000000119
3805  27.984  -76.166  -23.255 0.3000000119
6537  28.742  -70.981  -19.147 0.3000000119
5966  28.543  -71.911  -19.407 0.3000000119
4836  27.358  -73.432  -19.190 0.4000000060
145001  26.786  -74.929  -19.332 0.4000000060
3768  26.244  -75.157  -19.136 0.3000000119
3782  25.150  -75.844  -19.298 0.3000000119
5399  29.174  -72.463  -19.960 0.3000000119
5409  29.797  -73.078  -20.548 0.3000000119
4859  29.776  -74.193  -20.759 0.3000000119
4300  30.327  -74.825  -21.467 0.3000000119
4301  29.723  -75.279  -21.110 0.3000000119
3790  28.858  -76.386  -21.164 0.4000000060
4873  30.793  -74.398  -21.761 0.3000000119
4328  30.723  -74.712  -22.360 0.3000000119
4313  30.166  -75.644  -21.800 0.3000000119
3789  29.545  -76.142  -21.595 0.4000000060
3274  28.856  -76.680  -22.193 0.4000000060
138684  30.226  -75.360  -22.349 0.3000000119
142687  29.485  -75.845  -22.512 0.4000000060
139096  28.710  -76.043  -22.732 0.4000000060
4886  28.424  -73.509  -22.412 0.3000000119
4329  28.709  -74.629  -22.546 0.4000000060
127969  28.188  -75.235  -22.624 0.4000000060
5430  28.823  -73.158  -22.948 0.3000000119
5431  27.932  -72.732  -22.248 0.3000000119
7814  27.517  -68.829  -15.312 0.3000000119
7085  27.164  -69.105  -15.786 0.3000000119
6505  25.923  -70.343  -16.170 0.3000000119
5934  25.873  -70.828  -16.791 0.3000000119
6527  28.275  -70.557  -18.574 0.3000000119
128688  27.481  -70.008  -17.618 0.3000000119
5943  27.116  -71.224  -18.148 0.3000000119
5945  25.584  -71.496  -17.075 0.3000000119
126600  29.608  -70.653  -19.461 0.3000000119
6526  29.014  -70.078  -18.746 0.3000000119
5950  27.903  -71.365  -18.740 0.3000000119
5951  27.299  -71.937  -18.574 0.3000000119
5391  26.254  -72.842  -18.284 0.3000000119
4838  25.982  -73.822  -18.398 0.3000000119
4270  25.286  -74.135  -18.062 0.3000000119
4282  25.106  -74.931  -18.304 0.3000000119
3770  24.467  -75.114  -18.064 0.3000000119
4272  23.016  -75.088  -17.110 0.3000000119
5964  30.133  -71.135  -20.076 0.3000000119
4885  30.500  -74.285  -22.989 0.3000000119
127828  29.868  -75.278  -22.567 0.3000000119
4892  30.504  -73.512  -24.492 0.3000000119
124576  29.429  -74.044  -22.762 0.3000000119
5438  28.890  -73.094  -24.553 0.3000000119
139154  28.098  -72.592  -23.628 0.3000000119
7805  28.088  -68.587  -14.859 0.3000000119
7829  27.639  -68.625  -15.977 0.3000000119
127311  27.309  -69.199  -16.477 0.3000000119
6518  26.406  -70.317  -16.879 0.3000000119
7105  28.352  -69.106  -17.515 0.3000000119
7107  26.996  -69.758  -17.019 0.3000000119
4261  22.635  -74.716  -16.459 0.3000000119
138143  29.704  -68.591  -14.534 0.3000000119
7804  28.756  -67.989  -14.964 0.3000000119
8503  28.930  -67.646  -15.458 0.3000000119
7828  28.288  -68.276  -16.317 0.3000000119
7106  27.678  -69.431  -17.262 0.3000000119
7122  29.528  -69.272  -18.570 0.3000000119
7803  29.391  -67.866  -14.730 0.3000000119
8486  29.370  -67.468  -15.021 0.3000000119
8517  29.279  -67.339  -16.074 0.3000000119
7843  28.502  -68.530  -17.043 0.3000000119
3783  24.189  -75.922  -19.056 0.3000000119
3247  24.545  -76.222  -19.848 0.3000000119
3264  26.130  -76.640  -21.237 0.3000000119
3276  27.145  -77.164  -22.511 0.4000000060
5400  28.502  -72.913  -19.643 0.3000000119
4290  28.351  -74.922  -20.103 0.3000000119
5401  27.777  -72.496  -19.146 0.3000000119
3780  27.583  -75.819  -20.142 0.4000000060
3792  27.142  -76.149  -20.257 0.4000000060
3263  27.498  -76.752  -21.348 0.4000000060
3286  29.149  -76.351  -22.351 0.4000000060
5965  29.358  -71.518  -19.704 0.3000000119
4837  26.680  -73.613  -18.791 0.3000000119
5390  27.016  -72.718  -18.695 0.3000000119
4280  26.411  -74.455  -18.901 0.4000000060
3769  25.546  -75.352  -18.884 0.3000000119
5978  29.902  -72.046  -20.351 0.3000000119
5408  30.549  -72.694  -20.970 0.3000000119
4858  30.437  -73.796  -21.184 0.3000000119
3799  29.931  -76.060  -21.983 0.4000000060
145379  29.802  -73.514  -23.712 0.3000000119
5944  26.336  -71.172  -17.504 0.3000000119
5952  26.626  -71.958  -18.196 0.3000000119
5382  25.906  -72.087  -17.717 0.3000000119
5437  29.733  -73.347  -25.494 0.3000000119
4814  17.585  -73.426  -15.380 0.4000000060
1550  24.894  -80.517  -9.086 0.3000000119
1551  24.278  -79.974  -9.613 0.3000000119
1564  24.636  -80.773  -11.047 0.3000000119
1949  24.263  -79.265  -9.466 0.3000000119
1961  23.474  -79.747  -12.455 0.3000000119
2345  21.878  -77.727  -11.760 0.3000000119
2377  22.275  -78.487  -15.057 0.3000000119
2417  19.952  -78.345  -19.790 0.4000000060
2727  23.639  -77.786  -9.912 0.3000000119
2742  21.758  -77.124  -11.407 0.3000000119
2761  20.812  -76.371  -13.780 0.3000000119
2766  20.727  -76.806  -14.622 0.3000000119
2778  20.802  -77.361  -15.186 0.3000000119
2814  20.197  -77.833  -20.303 0.4000000060
2828  21.551  -77.557  -23.055 0.5000000000
3171  21.521  -75.829  -11.608 0.3000000119
3181  21.156  -75.924  -12.391 0.3000000119
3238  20.681  -76.692  -18.143 0.5000000000
3245  26.532  -76.330  -20.436 0.3000000119
3250  21.340  -76.613  -19.268 0.5000000000
3260  29.490  -76.398  -22.036 0.4000000060
3261  29.146  -76.582  -21.791 0.4000000060
3277  24.459  -76.650  -21.317 0.3000000119
3316  24.610  -76.615  -27.211 0.4000000060
3732  20.668  -75.604  -14.670 0.3000000119
3757  23.846  -74.952  -17.488 0.3000000119
3759  21.558  -75.718  -17.300 0.3000000119
3760  20.827  -76.037  -17.047 0.5000000000
3779  28.257  -75.801  -20.415 0.4000000060
3798  30.314  -75.527  -22.090 0.3000000119
3818  25.622  -76.136  -26.234 0.4000000060
4236  20.865  -74.970  -14.163 0.3000000119
4281  25.777  -74.691  -18.586 0.4000000060
4312  30.653  -75.070  -21.989 0.3000000119
4359  22.497  -74.613  -25.494 0.4000000060
4801  18.356  -73.914  -13.932 0.5000000000
4844  15.400  -73.803  -17.868 0.5000000000
4849  27.788  -74.172  -19.556 0.3000000119
4850  27.051  -74.287  -19.280 0.4000000060
5967  23.104  -70.932  -19.269 0.6999999881
5979  24.985  -71.399  -20.246 0.6000000238
6445  19.301  -69.638  -11.166 0.5000000000
6517  26.979  -70.486  -17.572 0.3000000119
6528  27.628  -70.557  -18.150 0.3000000119
6538  23.846  -70.819  -19.616 0.6999999881
6553  25.149  -70.867  -20.553 0.4000000060
7086  26.593  -69.631  -16.132 0.3000000119
7087  21.175  -69.129  -16.013 0.6999999881
7123  28.152  -69.853  -18.037 0.3000000119
7139  21.480  -70.016  -19.495 0.6999999881
7152  24.106  -69.924  -20.507 0.6000000238
7171  24.302  -69.807  -21.211 0.4000000060
7172  23.688  -69.532  -21.167 0.4000000060
7222  25.302  -69.484  -25.524 0.3000000119
7746  20.099  -68.015  -10.582 0.5000000000
7756  21.397  -67.931  -11.581 0.6000000238
7770  21.137  -68.585  -12.136 0.6000000238
7788  21.012  -69.169  -13.628 0.6000000238
7806  22.371  -68.256  -14.157 0.6000000238
7813  28.258  -68.237  -15.499 0.3000000119
7816  21.827  -68.791  -15.393 0.6999999881
7844  27.913  -68.807  -16.768 0.3000000119
7847  20.480  -69.044  -17.495 0.6000000238
7848  19.603  -69.146  -17.927 0.6000000238
7909  27.018  -69.113  -21.992 0.3000000119
7918  16.807  -67.646  -23.362 0.6999999881
7923  19.269  -68.799  -24.386 0.6000000238
7924  17.745  -68.371  -24.026 0.6000000238
7925  17.129  -68.126  -23.657 0.6999999881
7929  23.807  -69.114  -25.251 0.4000000060
8436  21.169  -66.904  -10.766 0.5000000000
8439  18.767  -67.473  -10.345 0.5000000000
8448  22.158  -66.802  -11.867 0.6000000238
8466  15.478  -67.448  -12.361 0.6000000238
8485  29.947  -67.305  -14.783 0.3000000119
8487  22.693  -67.703  -14.788 0.6000000238
8504  22.682  -67.555  -15.657 0.6999999881
8505  13.987  -67.213  -14.781 0.5000000000
8518  28.661  -67.761  -16.027 0.3000000119
8595  16.584  -67.368  -23.134 0.6999999881
8602  21.461  -68.178  -25.025 0.5000000000
8607  16.918  -67.299  -23.486 0.6999999881
9164  21.174  -66.120  -10.724 0.5000000000
9165  20.678  -66.587  -10.549 0.5000000000
9176  17.415  -66.341  -11.275 0.6000000238
9208  16.099  -66.150  -13.052 0.6000000238
9209  15.449  -66.371  -13.634 0.6000000238
9235  14.112  -66.620  -15.219 0.5000000000
9260  22.211  -66.723  -17.611 0.8000000119
9287  21.329  -66.483  -18.921 0.8000000119
9288  20.863  -66.751  -19.393 0.6000000238
9315  16.295  -66.513  -22.897 0.6000000238
9320  16.228  -66.421  -23.069 0.6999999881
9329  16.348  -66.497  -23.136 0.6000000238
9880  19.538  -65.900  -10.435 0.5000000000
9898  17.541  -65.590  -11.445 0.6000000238
9919  22.438  -65.607  -12.684 0.6000000238
9976  22.356  -65.270  -16.576 0.5000000000
10054  15.862  -65.021  -22.789 0.6000000238
10064  15.929  -65.951  -23.043 0.6000000238
10662  20.325  -64.482  -10.691 0.5000000000
10711  21.575  -64.127  -12.658 0.4000000060
10713  15.866  -64.918  -14.273 0.5000000000
11407  18.866  -63.442  -10.163 0.5000000000
11429  21.324  -63.417  -12.327 0.5000000000
11438  16.372  -63.581  -13.377 0.6000000238
11457  15.326  -63.650  -15.195 0.5000000000
12121  20.623  -62.096  -9.820 0.6000000238
12124  18.117  -62.088  -9.640 0.5000000000
12133  20.045  -62.652  -10.287 0.6000000238
12137  16.797  -62.363  -10.637 0.6000000238
12172  16.345  -62.795  -13.183 0.6000000238
12239  20.877  -62.316  -19.258 0.6000000238
12839  21.391  -60.567  -8.629 0.4000000060
12841  19.732  -61.012  -8.973 0.4000000060
12850  19.340  -61.554  -9.286 0.5000000000
12864  17.210  -61.589  -10.224 0.6000000238
12914  15.664  -61.255  -14.609 0.5000000000
13599  18.977  -60.012  -9.127 0.4000000060
13628  17.326  -60.165  -12.069 0.6000000238
13636  17.025  -60.336  -12.898 0.6000000238
14358  19.469  -59.255  -8.913 0.4000000060
14377  18.137  -59.285  -11.989 0.4000000060
14397  17.600  -59.022  -13.374 0.4000000060
15096  19.095  -57.964  -10.902 0.4000000060
15841  13.997  -57.121  -7.932 0.3000000119
15864  19.412  -57.810  -9.228 0.4000000060
15881  18.969  -57.683  -10.477 0.3000000119
16667  22.096  -56.097  -5.851 0.4000000060
16668  21.275  -56.021  -5.913 0.4000000060
16693  13.540  -56.494  -7.774 0.3000000119
17520  22.730  -56.063  -6.130 0.4000000060
17521  20.048  -55.145  -6.134 0.4000000060
17530  17.838  -55.136  -7.055 0.3000000119
18415  19.590  -54.360  -6.297 0.4000000060
18436  13.964  -54.797  -7.865 0.3000000119
18456  16.066  -54.373  -7.791 0.3000000119
18493  10.686  -53.952  -10.321 0.4000000060
19410  17.404  -53.711  -7.626 0.4000000060
19423  17.263  -53.091  -8.263 0.3000000119
19424  15.915  -53.749  -8.372 0.3000000119
19438  15.051  -53.209  -9.531 0.3000000119
19482  11.776  -52.887  -13.033 0.3000000119
19484  10.781  -53.607  -13.248 0.3000000119
20302  18.571  -53.059  -7.429 0.3000000119
20339  14.915  -52.090  -10.014 0.3000000119
20385  11.673  -51.982  -13.690 0.3000000119
21232  17.675  -51.724  -8.608 0.3000000119
21261  13.705  -51.708  -10.760 0.3000000119
21279  12.103  -51.008  -13.041 0.3000000119
22153  16.286  -50.206  -8.819 0.3000000119
22168  15.137  -50.793  -9.521 0.3000000119
22182  14.476  -50.744  -9.836 0.3000000119
22210  12.032  -50.363  -13.372 0.3000000119
23118  15.164  -49.489  -9.133 0.3000000119
23127  14.097  -49.930  -9.885 0.3000000119
23136  12.492  -49.473  -12.640 0.3000000119
24030  12.555  -48.851  -13.185 0.3000000119
123996  23.233  -75.401  -17.684 0.3000000119
124954  22.067  -61.723  -9.871 0.4000000060
124962  20.301  -64.985  -20.205 0.6999999881
125207  19.920  -51.992  -7.368 0.3000000119
126245  22.716  -67.089  -13.331 0.6000000238
127055  21.418  -76.560  -11.905 0.3000000119
127127  12.434  -53.074  -11.563 0.4000000060
127245  18.377  -64.905  -10.621 0.6000000238
128028  13.044  -53.436  -10.106 0.3000000119
128935  15.435  -61.955  -14.846 0.5000000000
129321  16.311  -55.082  -7.512 0.3000000119
129416  28.808  -68.494  -14.647 0.3000000119
129481  27.662  -71.408  -26.093 0.3000000119
130507  22.658  -66.203  -15.531 0.6999999881
130840  22.247  -64.664  -17.637 0.6000000238
131316  18.455  -66.818  -10.463 0.6000000238
131631  22.343  -65.946  -17.056 0.6999999881
132609  16.344  -61.947  -12.963 0.6000000238
133942  19.745  -58.464  -8.719 0.4000000060
134435  14.233  -65.909  -15.740 0.5000000000
135372  19.714  -51.422  -7.837 0.3000000119
135993  18.197  -55.807  -7.115 0.3000000119
136893  29.870  -75.979  -22.179 0.4000000060
137205  9.901  -54.493  -10.184 0.4000000060
137280  20.937  -62.825  -11.380 0.6000000238
138197  27.983  -73.364  -19.456 0.3000000119
138245  19.718  -69.983  -12.760 0.5000000000
138380  24.747  -75.472  -18.610 0.3000000119
138956  16.653  -55.832  -7.456 0.3000000119
139034  28.809  -69.380  -18.160 0.3000000119
139844  20.183  -69.490  -15.046 0.6999999881
139972  16.531  -61.139  -12.855 0.6000000238
142488  20.449  -71.043  -18.696 0.6999999881
142765  18.494  -60.605  -9.431 0.6000000238
142960  20.704  -75.873  -16.297 0.3000000119
143118  18.591  -70.049  -22.680 0.6999999881
143624  22.218  -76.295  -10.803 0.3000000119
144113  17.733  -68.219  -10.339 0.5000000000
144934  23.941  -71.546  -19.672 0.6999999881
145395  19.299  -58.204  -10.232 0.4000000060
145849  22.399  -70.814  -18.994 0.6000000238
146556  24.583  -76.703  -10.400 0.3000000119
147916  17.068  -56.426  -7.521 0.3000000119
148323  23.548  -71.255  -19.484 0.6999999881
148554  21.785  -77.927  -13.301 0.3000000119
148644  20.421  -69.028  -24.587 0.6000000238
148668  16.794  -65.591  -12.409 0.6000000238
149610  20.201  -71.853  -18.502 0.6999999881
