#!ascii label  , from subject sub-v1s3x0050783_ses-1 vox2ras=TkReg
1190
25636  25.253  -42.769  -13.860 0.8999999762
25637  24.799  -43.546  -13.894 0.8000000119
25651  25.414  -43.057  -14.549 0.8000000119
24869  24.317  -44.266  -15.577 0.6999999881
25672  24.835  -43.692  -15.975 0.8000000119
25638  24.104  -43.504  -12.974 0.8999999762
26499  25.943  -42.557  -15.001 1.0000000000
25671  25.492  -43.160  -15.421 0.8999999762
25686  24.958  -43.678  -16.858 0.8000000119
25685  25.466  -43.151  -16.355 0.8999999762
25696  25.092  -43.559  -17.777 0.6999999881
24891  25.269  -44.512  -18.030 0.6999999881
26454  23.789  -42.671  -12.580 0.8000000119
27278  24.207  -41.978  -12.702 0.8999999762
27259  23.456  -41.755  -12.488 0.8999999762
129334  21.417  -42.430  -12.483 0.8999999762
26480  25.699  -42.339  -14.287 1.0000000000
26511  26.059  -42.594  -15.828 0.8999999762
26521  26.086  -42.563  -16.740 0.8999999762
128394  25.429  -43.073  -17.250 0.8999999762
130903  25.155  -43.978  -18.461 0.6999999881
27277  24.763  -41.662  -13.095 0.8999999762
27258  24.191  -41.165  -12.757 0.8999999762
27260  22.513  -41.816  -12.409 0.8999999762
28092  22.045  -41.145  -12.651 0.8999999762
26469  25.325  -42.043  -13.602 0.8999999762
26498  26.424  -41.979  -15.349 1.0000000000
115514  25.338  -42.861  -18.099 0.8000000119
25707  25.125  -43.330  -18.652 0.8000000119
25717  24.845  -43.308  -19.646 0.8000000119
25727  25.084  -44.109  -20.013 0.8000000119
25728  24.267  -43.841  -20.796 0.8000000119
28090  23.506  -40.935  -12.620 0.8999999762
28114  21.728  -40.581  -13.201 0.8999999762
28115  21.034  -40.699  -13.648 0.8999999762
28111  24.830  -40.954  -13.125 0.8999999762
119840  22.253  -40.013  -13.388 0.8999999762
28127  21.520  -40.020  -13.860 0.8000000119
27292  20.374  -40.908  -14.148 0.8000000119
27276  25.343  -41.222  -13.487 0.8999999762
29063  21.251  -39.400  -14.313 0.6999999881
28128  20.826  -40.152  -14.283 0.6999999881
28129  20.107  -40.296  -14.675 0.6999999881
27291  25.906  -41.524  -14.101 0.8999999762
29064  20.472  -39.498  -14.615 0.6999999881
29065  19.714  -39.576  -15.007 0.6999999881
27290  26.464  -41.350  -14.805 1.0000000000
30115  19.210  -38.827  -15.233 0.6000000238
27313  26.902  -41.158  -15.697 1.0000000000
26510  26.587  -41.956  -16.222 1.0000000000
26520  26.599  -41.892  -17.119 1.0000000000
26533  26.046  -42.431  -17.630 0.8999999762
26532  26.487  -41.789  -17.841 0.8999999762
26542  25.238  -42.709  -19.054 0.8000000119
26543  24.590  -42.462  -19.874 0.8000000119
119145  24.206  -43.060  -20.401 0.8000000119
25729  23.321  -43.247  -21.413 0.8000000119
26555  23.850  -42.576  -20.627 0.8000000119
26567  22.079  -43.060  -22.411 0.8000000119
28112  23.836  -40.462  -12.821 0.8999999762
129569  22.373  -40.573  -12.872 0.8999999762
28113  23.063  -40.266  -12.893 0.8999999762
29049  22.010  -39.325  -13.893 0.8999999762
120901  25.318  -40.338  -13.440 0.8999999762
28110  25.825  -40.811  -13.818 0.8999999762
30099  20.810  -38.667  -14.537 0.6000000238
30100  19.946  -38.732  -14.790 0.6000000238
28126  26.263  -40.852  -14.281 1.0000000000
113561  18.770  -38.169  -15.465 0.5000000000
31204  18.831  -37.350  -15.505 0.5000000000
118310  27.021  -41.284  -16.653 1.0000000000
27346  25.880  -41.336  -18.904 0.8999999762
120014  25.328  -41.955  -19.286 0.8000000119
130926  24.677  -41.723  -19.813 0.8000000119
27354  25.203  -41.192  -19.512 0.8999999762
27366  23.915  -41.809  -20.488 0.8000000119
123937  21.999  -42.055  -22.341 0.8000000119
123905  22.156  -41.125  -22.168 0.8000000119
26568  21.491  -42.826  -23.007 0.8000000119
29048  22.833  -39.429  -13.473 0.8999999762
123033  24.476  -40.356  -13.081 0.8999999762
29046  24.771  -39.513  -13.335 0.8999999762
28109  26.207  -40.102  -13.950 0.8999999762
31193  20.196  -37.860  -14.626 0.6000000238
31194  19.387  -37.997  -14.994 0.6000000238
31203  19.620  -37.119  -14.863 0.6000000238
28125  26.797  -40.421  -14.840 1.0000000000
32196  19.197  -36.446  -15.417 0.5000000000
32209  18.681  -36.629  -16.244 0.5000000000
28145  27.300  -40.236  -15.773 1.0000000000
28146  27.267  -40.678  -16.360 1.0000000000
27327  27.319  -40.684  -16.955 1.0000000000
27336  26.966  -41.131  -17.527 1.0000000000
27345  26.486  -41.306  -18.273 0.8999999762
29092  27.538  -39.990  -16.669 1.0000000000
28167  27.301  -40.253  -17.480 0.8999999762
28173  26.819  -40.531  -18.143 0.8999999762
28174  26.268  -40.754  -18.631 0.8999999762
28183  25.656  -40.547  -19.174 0.8999999762
27355  24.435  -41.067  -20.135 0.8999999762
123906  23.668  -40.994  -20.722 0.8999999762
29113  26.190  -39.903  -18.702 0.8999999762
28184  24.823  -40.369  -19.782 0.8999999762
28200  22.876  -40.393  -21.414 0.8999999762
29122  24.382  -39.492  -20.191 0.8999999762
29047  23.783  -39.651  -13.210 0.8999999762
30080  22.583  -38.519  -13.867 0.8999999762
122734  23.360  -38.884  -13.546 0.8999999762
133115  22.755  -37.640  -13.855 1.0000000000
30098  21.666  -38.588  -14.283 0.8000000119
124450  24.169  -38.784  -13.433 0.8999999762
29045  25.663  -39.391  -13.581 0.8999999762
31192  21.139  -37.789  -14.440 0.6999999881
117200  20.488  -36.939  -14.534 0.6999999881
29062  26.782  -39.502  -14.441 1.0000000000
33188  19.483  -35.653  -15.441 0.5000000000
122526  18.995  -35.892  -16.245 0.5000000000
28124  27.247  -39.598  -15.159 1.0000000000
114085  27.533  -39.438  -15.933 1.0000000000
112830  27.629  -38.194  -15.636 1.0000000000
29102  27.449  -39.403  -17.335 1.0000000000
116791  27.638  -39.072  -16.621 1.0000000000
112950  27.670  -38.263  -16.438 1.0000000000
29112  26.387  -39.000  -18.480 0.8999999762
120970  25.689  -39.075  -19.095 0.8999999762
27376  26.725  -41.267  -20.981 0.6999999881
28209  25.880  -40.466  -21.091 0.8000000119
28210  24.815  -40.345  -21.771 0.8000000119
128009  25.175  -38.522  -13.448 0.8999999762
115833  24.402  -38.067  -13.464 1.0000000000
114392  23.517  -38.053  -13.614 1.0000000000
31173  23.335  -37.105  -13.655 1.0000000000
30097  22.030  -37.716  -14.208 0.6999999881
29044  26.344  -39.249  -13.890 0.8999999762
30079  26.124  -38.560  -13.654 0.8999999762
123323  21.463  -36.850  -14.300 0.6999999881
32195  19.890  -36.217  -14.786 0.6000000238
29061  27.206  -38.989  -14.745 1.0000000000
30096  26.834  -38.622  -14.152 0.8999999762
33201  19.298  -35.105  -16.345 0.4000000060
30114  27.464  -38.886  -15.356 1.0000000000
30136  27.045  -38.803  -17.838 1.0000000000
31226  27.649  -37.657  -17.006 1.0000000000
29159  22.722  -39.243  -22.737 0.8999999762
28195  29.232  -40.369  -21.538 0.6000000238
27365  27.535  -41.070  -20.879 0.6000000238
28198  26.956  -40.452  -20.623 0.8000000119
29147  25.230  -39.401  -21.551 0.8000000119
28211  23.782  -40.068  -22.660 0.8999999762
29158  22.810  -39.612  -23.051 0.8999999762
115452  25.893  -37.641  -13.478 0.8999999762
112641  25.006  -37.584  -13.375 0.8999999762
31191  22.422  -36.780  -13.941 0.8000000119
33174  20.837  -35.896  -14.450 0.6999999881
34090  20.798  -34.885  -14.620 0.6000000238
34101  19.670  -34.348  -15.934 0.4000000060
30095  27.392  -38.242  -14.781 1.0000000000
31202  27.653  -37.597  -15.221 1.0000000000
31217  27.797  -37.391  -16.058 1.0000000000
32221  27.252  -37.042  -17.565 1.0000000000
124441  22.674  -38.785  -22.276 0.8999999762
30177  22.976  -37.910  -21.983 0.8999999762
30190  23.790  -38.597  -22.704 0.8999999762
115203  23.232  -38.848  -22.767 0.8999999762
29144  29.995  -39.047  -22.587 0.6000000238
29145  29.703  -39.744  -21.938 0.6000000238
133347  28.553  -40.551  -20.883 0.6000000238
116255  27.532  -39.833  -20.370 0.8000000119
129192  26.111  -39.804  -20.846 0.8000000119
29148  24.235  -39.322  -22.466 0.8999999762
113411  24.177  -37.362  -13.470 0.8999999762
32177  23.210  -36.246  -13.637 0.6999999881
32176  24.031  -36.533  -13.445 0.8999999762
32186  21.845  -35.972  -14.155 0.6000000238
128845  26.641  -37.833  -13.791 1.0000000000
32173  26.574  -37.048  -13.603 1.0000000000
128488  26.025  -36.860  -13.377 1.0000000000
118950  21.537  -35.125  -14.317 0.6000000238
34911  20.893  -34.045  -14.893 0.5000000000
31172  27.115  -37.868  -14.185 1.0000000000
32172  27.128  -37.209  -13.926 1.0000000000
31190  27.446  -37.381  -14.551 1.0000000000
118722  27.755  -36.809  -16.832 1.0000000000
134125  26.647  -37.130  -18.176 1.0000000000
32234  26.122  -36.788  -18.767 1.0000000000
31234  26.214  -37.558  -18.569 1.0000000000
31235  25.401  -37.233  -19.346 1.0000000000
30161  24.913  -37.833  -19.675 0.8999999762
30148  25.690  -38.216  -19.015 0.8999999762
124469  22.932  -38.538  -21.626 0.8999999762
120762  23.192  -38.199  -22.376 0.8999999762
122977  24.504  -38.642  -22.351 0.8999999762
31304  30.853  -37.295  -24.020 0.6000000238
31293  30.514  -37.859  -23.403 0.6000000238
30187  30.034  -38.983  -21.447 0.6000000238
29132  29.471  -39.636  -20.954 0.6000000238
134061  26.686  -39.642  -20.561 0.8000000119
32175  24.845  -36.795  -13.321 0.8999999762
33162  23.919  -35.688  -13.454 0.6999999881
32185  22.542  -35.933  -13.845 0.6000000238
33173  22.330  -35.233  -13.997 0.6000000238
111972  26.452  -36.288  -13.424 0.8999999762
34088  22.129  -34.334  -14.288 0.6000000238
34089  21.390  -34.422  -14.537 0.5000000000
32184  27.516  -36.572  -14.295 1.0000000000
116549  27.108  -36.432  -13.718 0.8999999762
32194  27.835  -36.758  -15.182 1.0000000000
32193  28.137  -35.995  -15.491 1.0000000000
32208  28.036  -36.441  -16.082 1.0000000000
33200  28.014  -36.015  -16.858 1.0000000000
32220  27.486  -36.312  -17.576 1.0000000000
32233  26.804  -36.522  -18.227 1.0000000000
32251  24.899  -36.728  -19.984 1.0000000000
31265  23.755  -37.212  -20.972 0.8999999762
31266  23.405  -37.383  -21.670 0.8999999762
30202  24.240  -37.204  -22.563 0.8999999762
31292  31.028  -37.133  -23.056 0.6000000238
30186  30.469  -38.297  -22.107 0.6000000238
30172  29.739  -38.696  -20.645 0.6000000238
29120  28.611  -39.016  -20.055 0.6999999881
30174  27.167  -38.330  -20.268 0.6999999881
29146  26.012  -39.054  -20.921 0.6999999881
30188  25.259  -38.284  -21.779 0.8000000119
31282  24.872  -37.293  -22.492 0.8999999762
32318  31.414  -36.886  -24.461 0.6000000238
31264  26.572  -37.468  -20.785 0.6999999881
30175  26.214  -38.251  -20.894 0.8000000119
31281  25.720  -37.463  -21.630 0.8999999762
33163  23.112  -35.420  -13.674 0.6999999881
32174  25.632  -36.261  -13.258 0.8999999762
33161  24.758  -35.966  -13.275 0.8000000119
34071  24.644  -35.100  -13.334 0.6999999881
33160  26.263  -35.528  -13.277 0.8000000119
33158  27.565  -35.747  -13.990 1.0000000000
33159  27.017  -35.625  -13.523 0.8000000119
33172  28.089  -35.097  -14.432 0.8999999762
33186  27.950  -35.899  -14.753 1.0000000000
33199  28.335  -35.649  -16.157 1.0000000000
33214  28.372  -35.207  -17.017 1.0000000000
33215  27.769  -35.607  -17.658 1.0000000000
32232  27.081  -35.834  -18.340 1.0000000000
32249  26.358  -36.077  -18.906 1.0000000000
32250  25.572  -36.334  -19.533 1.0000000000
32271  24.290  -36.670  -20.754 0.8999999762
32272  23.712  -36.694  -21.704 0.8999999762
31283  23.435  -37.324  -22.109 0.8999999762
131186  24.193  -36.713  -22.469 0.8999999762
30171  30.326  -38.188  -20.973 0.6000000238
30160  28.173  -38.455  -19.866 0.6999999881
32310  31.804  -36.234  -24.239 0.6000000238
32311  31.361  -36.665  -23.694 0.6000000238
31263  27.529  -37.598  -20.120 0.6999999881
34072  23.793  -34.815  -13.558 0.6999999881
34073  22.962  -34.575  -13.829 0.6000000238
111626  25.478  -35.380  -13.208 0.8000000119
34891  24.516  -34.174  -13.493 0.6999999881
111388  26.759  -34.821  -13.346 0.6999999881
34070  26.054  -34.856  -13.184 0.8000000119
34087  27.573  -34.828  -13.760 0.6999999881
34086  28.161  -34.439  -14.168 0.6999999881
34099  28.594  -34.362  -14.837 0.8000000119
34924  29.032  -33.848  -15.508 0.8000000119
127415  28.746  -34.507  -15.614 0.8000000119
34114  28.629  -34.894  -16.195 0.8999999762
116069  28.705  -34.525  -16.832 0.8999999762
33226  27.451  -35.150  -18.422 1.0000000000
129819  26.033  -35.728  -19.503 1.0000000000
33242  26.672  -35.312  -19.135 1.0000000000
32270  24.877  -36.167  -20.460 1.0000000000
33266  24.276  -36.030  -21.478 0.8999999762
32290  24.050  -35.956  -22.051 0.8999999762
121468  24.326  -36.123  -22.347 0.8999999762
32299  31.524  -36.441  -22.620 0.6000000238
31279  31.207  -36.996  -21.943 0.6000000238
31262  29.896  -37.914  -20.278 0.6000000238
31246  29.331  -37.696  -19.801 0.6999999881
32301  24.771  -36.422  -22.593 0.8999999762
32289  25.375  -36.786  -22.330 0.8999999762
124394  27.979  -36.979  -19.892 0.6999999881
32269  27.046  -36.654  -20.678 0.6999999881
113933  26.116  -36.735  -21.625 0.8999999762
32288  25.560  -36.128  -22.420 0.8999999762
111624  25.394  -34.524  -13.276 0.6999999881
35807  24.367  -33.125  -13.748 0.6000000238
34893  22.842  -33.718  -14.140 0.6000000238
112522  27.229  -34.038  -13.443 0.6999999881
111515  25.306  -33.569  -13.419 0.6000000238
34069  27.940  -33.961  -13.815 0.6999999881
34068  28.414  -33.885  -14.282 0.6999999881
34923  29.315  -33.209  -15.450 0.8000000119
34940  28.950  -34.168  -16.249 0.8000000119
34953  28.986  -33.817  -17.183 0.8000000119
133678  28.047  -35.016  -17.804 1.0000000000
34127  28.453  -34.497  -17.555 0.8000000119
34154  27.221  -34.582  -19.090 1.0000000000
33244  25.496  -35.693  -20.139 1.0000000000
34155  26.536  -34.607  -19.808 1.0000000000
33243  26.048  -35.208  -19.946 1.0000000000
33264  25.487  -35.179  -20.627 1.0000000000
34172  24.957  -34.774  -21.454 1.0000000000
34184  24.390  -35.129  -21.951 1.0000000000
31261  30.451  -37.340  -20.535 0.6000000238
124258  24.780  -35.718  -22.574 0.8999999762
33299  31.899  -35.974  -23.291 0.6000000238
32285  31.434  -36.219  -21.587 0.6000000238
32267  29.966  -37.085  -19.908 0.6999999881
32300  25.116  -35.699  -22.676 0.8999999762
32247  29.337  -36.785  -19.658 0.6999999881
32268  27.783  -36.282  -20.294 0.6999999881
32287  26.449  -35.974  -21.681 0.8999999762
111623  26.084  -32.993  -13.316 0.6000000238
35806  25.256  -32.608  -13.576 0.5000000000
34890  26.912  -33.220  -13.306 0.6999999881
34889  27.701  -33.264  -13.574 0.6999999881
34888  28.403  -33.259  -13.986 0.6999999881
35803  28.177  -32.533  -13.696 0.6999999881
34908  28.920  -33.390  -14.750 0.6999999881
35823  29.419  -32.635  -15.083 0.6999999881
34939  29.370  -33.331  -16.256 0.8000000119
34952  29.413  -32.914  -17.244 0.8000000119
34964  28.910  -33.146  -18.020 0.8000000119
34965  28.278  -33.132  -18.806 0.8999999762
35881  28.626  -32.587  -18.563 0.8000000119
34966  27.671  -33.789  -19.065 0.8999999762
34984  27.012  -34.052  -19.679 1.0000000000
34996  26.356  -33.855  -20.588 1.0000000000
34171  25.826  -34.621  -20.636 1.0000000000
116041  24.519  -34.184  -22.045 1.0000000000
34185  24.666  -34.598  -22.186 0.8999999762
33289  24.523  -35.410  -22.282 0.8999999762
33288  24.998  -35.056  -22.690 0.8999999762
34196  25.696  -34.544  -22.723 0.8999999762
33286  31.896  -35.550  -22.183 0.6000000238
32265  31.195  -35.956  -20.701 0.6000000238
32248  28.504  -36.442  -19.797 0.6999999881
132222  27.498  -35.186  -21.094 0.8000000119
33277  26.795  -35.240  -21.736 0.8999999762
33285  32.371  -35.175  -23.056 0.6000000238
32246  29.899  -36.165  -19.677 0.6999999881
33262  28.140  -35.596  -20.338 0.6999999881
34183  26.447  -34.597  -22.442 0.8999999762
36668  25.233  -31.736  -13.651 0.5000000000
35804  27.390  -32.510  -13.429 0.6999999881
111617  26.010  -32.082  -13.419 0.5000000000
35824  28.924  -32.416  -14.317 0.6999999881
35841  29.738  -32.080  -15.638 0.6999999881
119731  29.553  -32.743  -15.765 0.6999999881
35854  29.714  -32.367  -16.521 0.8000000119
35867  29.612  -32.187  -17.409 0.8000000119
35880  29.240  -32.406  -18.030 0.8000000119
34983  27.137  -33.381  -19.923 0.8999999762
34997  25.284  -34.025  -21.414 1.0000000000
35896  28.049  -32.360  -19.285 0.8000000119
35009  25.414  -33.217  -21.510 0.8999999762
35010  24.611  -33.475  -22.008 1.0000000000
35011  24.583  -33.881  -22.010 1.0000000000
34197  25.116  -34.324  -22.500 1.0000000000
32266  30.563  -36.359  -20.167 0.6999999881
114008  25.711  -34.030  -22.745 0.8999999762
33276  31.572  -35.524  -21.248 0.6000000238
33259  31.350  -35.146  -20.545 0.6000000238
34195  26.299  -33.994  -22.773 0.8999999762
34168  30.873  -34.736  -19.905 0.6999999881
33240  29.718  -35.263  -19.650 0.6999999881
33261  28.852  -34.942  -20.054 0.6999999881
34170  27.976  -34.712  -20.815 0.6999999881
34181  27.662  -34.033  -21.488 0.8000000119
34169  28.574  -33.971  -20.571 0.6999999881
113699  26.967  -34.028  -22.354 0.8000000119
35022  26.853  -33.425  -22.735 0.8999999762
35805  26.665  -32.473  -13.347 0.6000000238
126884  26.962  -31.580  -13.378 0.5000000000
127035  27.814  -31.946  -13.517 0.6999999881
36667  27.848  -31.342  -13.528 0.5000000000
36686  29.122  -31.472  -14.338 0.6999999881
126855  28.775  -31.200  -14.036 0.6999999881
37525  29.646  -30.840  -14.823 0.6999999881
37526  29.034  -30.755  -14.278 0.6999999881
36701  29.910  -31.280  -15.507 0.6999999881
37555  30.121  -30.875  -16.135 0.6999999881
36718  29.970  -31.537  -16.285 0.6999999881
112711  29.879  -31.608  -17.133 0.8000000119
36743  29.494  -31.564  -18.030 0.8000000119
36717  29.842  -30.975  -17.566 0.8000000119
37578  29.460  -30.601  -18.229 0.8000000119
36754  28.090  -31.480  -19.311 0.8000000119
35897  27.281  -32.589  -20.008 0.8000000119
35909  26.480  -32.928  -20.756 0.8999999762
37587  28.023  -30.664  -19.346 0.8000000119
36755  27.385  -31.775  -19.922 0.8000000119
35925  24.786  -33.132  -22.015 1.0000000000
34180  31.875  -34.723  -21.307 0.6000000238
35024  25.262  -33.637  -22.453 1.0000000000
124726  30.250  -34.782  -19.657 0.6999999881
34153  29.609  -34.276  -19.794 0.6999999881
35023  26.174  -33.353  -22.862 1.0000000000
34995  29.345  -33.490  -20.193 0.6999999881
35908  28.739  -33.060  -20.768 0.8000000119
35008  27.385  -33.580  -22.154 0.8000000119
118533  29.361  -30.197  -14.606 0.6999999881
127264  29.323  -29.554  -14.657 0.6999999881
38446  29.806  -29.819  -15.107 0.6999999881
37539  30.061  -30.457  -15.577 0.6999999881
129927  30.181  -29.749  -15.775 0.6999999881
37554  30.231  -30.120  -16.468 0.6999999881
37567  29.969  -30.125  -17.494 0.6999999881
38465  30.241  -29.359  -17.083 0.6999999881
120076  28.677  -30.181  -18.866 0.8000000119
38477  29.418  -29.584  -18.355 0.8000000119
36762  26.525  -32.065  -20.646 0.8999999762
35910  25.460  -32.370  -21.423 0.8999999762
130795  26.554  -31.110  -20.392 0.8000000119
36763  25.524  -31.620  -21.169 0.8999999762
35924  24.794  -32.661  -21.975 0.8999999762
34167  31.480  -34.274  -20.400 0.6000000238
36764  24.818  -31.332  -21.626 0.8999999762
36775  24.726  -32.026  -21.938 0.8999999762
35936  25.376  -32.806  -22.479 1.0000000000
34179  32.374  -34.040  -21.755 0.6000000238
34981  30.035  -33.437  -19.733 0.6999999881
35944  26.388  -32.400  -22.983 0.8999999762
35007  27.990  -33.378  -21.472 0.8000000119
35923  27.524  -33.011  -22.315 0.8999999762
36784  27.069  -32.597  -23.038 0.8000000119
39397  29.597  -28.812  -15.013 0.6999999881
38458  30.296  -29.262  -16.369 0.6999999881
38466  29.920  -29.280  -17.715 0.6999999881
39417  30.094  -28.646  -17.436 0.6999999881
37588  27.177  -30.431  -19.806 0.8000000119
133989  26.041  -30.674  -20.547 0.8000000119
133973  26.357  -30.313  -20.232 0.8000000119
37589  25.508  -30.290  -20.642 0.8000000119
34151  31.088  -33.814  -19.848 0.6000000238
116794  25.455  -30.939  -20.930 0.8000000119
37599  24.756  -30.457  -21.294 0.8999999762
36785  24.747  -31.301  -22.135 0.8999999762
112201  25.479  -31.947  -22.543 0.8999999762
35006  32.020  -33.792  -20.907 0.6000000238
34980  30.685  -33.430  -19.697 0.6999999881
36796  26.415  -31.656  -23.078 0.8999999762
35907  29.647  -32.650  -20.191 0.6999999881
36795  27.183  -31.598  -23.335 0.8000000119
36773  28.955  -31.477  -21.270 0.6999999881
35935  27.716  -32.395  -22.424 0.8000000119
39396  29.966  -28.214  -15.687 0.6999999881
39406  30.252  -28.479  -16.344 0.6999999881
40354  30.207  -27.926  -17.050 0.6999999881
38486  27.775  -29.698  -19.410 0.8000000119
38487  26.705  -29.669  -19.824 0.8000000119
38498  24.778  -29.561  -20.778 0.8000000119
36776  24.565  -31.036  -21.856 0.8999999762
37616  24.913  -30.795  -22.298 0.8999999762
35906  31.691  -32.657  -20.225 0.6000000238
117274  25.707  -31.180  -22.659 0.8999999762
35894  31.214  -32.274  -19.863 0.6999999881
127513  30.478  -31.738  -19.965 0.6999999881
37624  26.799  -30.839  -23.362 0.8999999762
36761  29.757  -31.002  -20.595 0.6999999881
36774  28.266  -31.929  -21.909 0.8000000119
127037  29.145  -30.752  -21.425 0.6999999881
37608  28.447  -31.065  -22.310 0.8000000119
36783  27.679  -31.743  -22.896 0.8000000119
128078  29.809  -27.437  -15.729 0.6999999881
40343  30.123  -27.678  -16.340 0.6000000238
35905  32.247  -32.390  -20.668 0.6000000238
37600  24.469  -29.740  -21.227 0.8000000119
121211  24.727  -30.254  -22.153 0.8999999762
121384  25.778  -30.285  -22.622 0.8999999762
36760  31.749  -31.793  -20.277 0.6000000238
38525  26.793  -29.962  -23.290 0.8999999762
115152  29.522  -31.833  -20.538 0.8000000119
36794  27.919  -30.978  -23.270 0.8000000119
37598  29.745  -30.082  -20.906 0.6999999881
37615  28.379  -30.434  -23.041 0.8000000119
37622  28.098  -30.263  -23.543 0.8000000119
134511  31.234  -31.717  -19.960 0.6999999881
38516  24.533  -29.695  -21.913 0.8000000119
113047  31.289  -31.157  -20.130 0.5000000000
37596  31.352  -30.247  -20.419 0.6000000238
133831  30.143  -30.433  -20.505 0.6999999881
38524  27.597  -29.997  -23.630 0.8000000119
115265  30.538  -30.020  -20.495 0.6000000238
38496  30.316  -29.470  -20.789 0.6000000238
37607  29.018  -30.061  -22.139 0.6999999881
38513  28.561  -29.722  -23.301 0.8000000119
37623  27.582  -30.746  -23.475 0.8000000119
38504  29.757  -29.230  -21.384 0.6000000238
38515  24.960  -29.547  -22.240 0.8000000119
38514  26.075  -29.353  -22.658 0.8000000119
37595  32.085  -29.998  -20.735 0.6000000238
39471  28.607  -28.821  -23.771 0.8000000119
38523  28.163  -29.540  -23.814 0.8000000119
134398  27.881  -29.420  -23.866 0.8000000119
38512  29.205  -29.022  -22.564 0.6000000238
39473  26.174  -28.531  -22.620 0.8000000119
39483  27.267  -29.125  -23.564 0.8000000119
38495  31.049  -29.387  -20.621 0.6000000238
39458  31.159  -28.600  -20.964 0.6000000238
119597  28.070  -28.914  -24.020 0.8000000119
112732  30.675  -28.175  -21.323 0.6000000238
39481  28.798  -28.059  -24.024 0.6999999881
39482  27.729  -28.276  -23.946 0.8000000119
40390  30.471  -27.532  -21.863 0.6000000238
39470  29.243  -28.159  -23.117 0.6000000238
40389  31.196  -27.753  -21.452 0.6000000238
116029  26.246  -27.206  -22.126 0.8000000119
39472  27.005  -28.294  -23.300 0.8000000119
39469  32.570  -28.533  -21.743 0.6000000238
40404  26.395  -27.896  -22.610 0.8000000119
39468  33.131  -28.532  -22.538 0.5000000000
40415  27.971  -27.553  -24.162 0.8000000119
115108  32.629  -27.893  -22.125 0.6000000238
39457  31.833  -28.496  -21.222 0.6000000238
40414  28.564  -27.497  -24.203 0.6000000238
40398  33.081  -27.681  -22.784 0.5000000000
40388  32.011  -27.735  -21.604 0.6000000238
40400  31.525  -27.150  -21.817 0.6000000238
40401  30.010  -26.768  -22.969 0.6000000238
40399  32.295  -27.056  -22.207 0.6000000238
41314  30.915  -26.889  -21.999 0.6000000238
41326  30.715  -26.148  -22.749 0.6000000238
40403  27.239  -27.687  -23.364 0.8000000119
41328  27.276  -26.623  -22.628 0.6999999881
41340  27.582  -27.061  -23.557 0.6999999881
40412  32.937  -26.749  -23.012 0.6000000238
41338  28.960  -26.567  -24.278 0.6000000238
41339  28.317  -26.899  -24.161 0.6999999881
41337  29.700  -25.931  -24.053 0.6000000238
41336  32.806  -25.828  -23.396 0.5000000000
42316  31.351  -25.706  -22.843 0.6000000238
42317  30.538  -25.572  -23.504 0.6000000238
42339  33.362  -25.648  -24.266 0.5000000000
41315  26.424  -26.281  -21.466 0.6999999881
41327  27.981  -26.407  -23.643 0.6000000238
42332  28.730  -26.079  -24.182 0.6000000238
42331  29.187  -25.609  -24.391 0.6000000238
42340  32.588  -24.976  -24.027 0.5000000000
42328  31.917  -25.274  -23.288 0.6000000238
42329  30.908  -25.057  -23.620 0.6000000238
43326  28.954  -25.147  -24.172 0.6000000238
43334  32.241  -24.228  -24.669 0.6000000238
43324  31.404  -24.462  -24.185 0.6000000238
43333  33.165  -24.777  -24.770 0.5000000000
43344  32.751  -23.991  -25.338 0.5000000000
44296  33.136  -23.666  -26.046 0.4000000060
44308  32.722  -22.942  -26.489 0.5000000000
42319  27.619  -25.962  -22.303 0.6000000238
42318  28.349  -25.678  -23.402 0.6000000238
43325  30.155  -24.688  -24.547 0.6000000238
42341  29.555  -24.975  -24.471 0.6000000238
129147  31.363  -23.918  -24.782 0.6000000238
43335  30.507  -24.072  -24.746 0.6000000238
44285  31.808  -23.592  -25.202 0.6000000238
45346  32.009  -22.607  -26.115 0.5000000000
45359  32.498  -22.175  -26.789 0.4000000060
43336  29.921  -24.423  -24.654 0.6000000238
124046  29.543  -24.443  -24.317 0.5000000000
43316  28.572  -24.778  -22.735 0.5000000000
133429  29.782  -24.838  -24.597 0.6000000238
44288  29.925  -23.767  -24.558 0.5000000000
44286  30.922  -23.468  -25.015 0.6000000238
44298  31.393  -23.006  -25.583 0.5000000000
45360  31.892  -21.954  -26.335 0.4000000060
44287  30.357  -23.657  -24.777 0.6000000238
122894  31.204  -22.618  -25.485 0.4000000060
44299  30.820  -23.062  -25.162 0.6000000238
45348  30.928  -22.374  -25.206 0.6000000238
46299  31.388  -21.872  -25.757 0.4000000060
122305  29.974  -22.861  -23.856 0.4000000060
126484  30.422  -22.895  -24.685 0.4000000060
47270  32.583  -20.209  -27.263 0.4000000060
46300  30.966  -21.482  -25.261 0.4000000060
123071  28.606  -23.016  -21.833 0.4000000060
45325  29.534  -22.648  -22.996 0.4000000060
46293  30.558  -21.638  -24.635 0.4000000060
47271  31.939  -19.689  -26.640 0.4000000060
47264  31.252  -20.492  -25.682 0.4000000060
45326  28.820  -22.270  -22.254 0.4000000060
46277  29.381  -21.815  -22.950 0.4000000060
132928  29.764  -22.281  -23.382 0.4000000060
45332  30.017  -21.826  -23.787 0.4000000060
27378  24.293  -41.127  -22.324 0.8000000119
28222  23.175  -40.704  -23.150 0.8999999762
29172  22.265  -40.050  -23.007 0.8999999762
28223  22.422  -40.463  -23.207 0.8999999762
28241  21.896  -40.667  -23.103 0.8999999762
31227  26.998  -37.848  -17.777 1.0000000000
28199  23.962  -40.283  -20.507 0.8999999762
29121  25.285  -39.665  -19.455 0.8999999762
29136  22.452  -39.419  -21.930 0.8999999762
30162  24.166  -37.870  -20.365 0.8999999762
43315  29.114  -24.186  -23.295 0.4000000060
44278  29.590  -23.550  -23.613 0.4000000060
44269  28.666  -23.818  -22.042 0.4000000060
26470  24.647  -42.619  -13.176 0.8999999762
26456  22.079  -42.501  -12.330 0.8999999762
121287  25.923  -42.090  -18.489 0.8000000119
26556  23.053  -42.353  -21.394 0.8000000119
27367  22.978  -41.436  -21.385 0.8000000119
28212  22.127  -40.414  -22.446 0.8999999762
27379  21.638  -41.456  -22.904 0.8000000119
29103  27.002  -39.676  -18.037 0.8999999762
29135  23.348  -39.410  -21.036 0.8999999762
134145  19.704  -34.987  -15.500 0.4000000060
33187  20.114  -35.351  -14.892 0.4000000060
30135  27.516  -38.523  -17.189 1.0000000000
26566  24.833  -42.287  -22.167 0.6999999881
29149  22.355  -39.750  -22.643 0.8999999762
28208  28.178  -41.077  -21.122 0.6000000238
29157  23.364  -39.287  -22.906 0.8999999762
34100  20.246  -34.529  -15.199 0.4000000060
30203  23.735  -38.001  -22.579 0.8999999762
30189  24.279  -37.929  -22.581 0.8999999762
112526  28.611  -39.829  -20.445 0.6999999881
29133  27.871  -39.173  -20.051 0.6999999881
115716  24.824  -38.662  -19.735 0.8999999762
31248  24.539  -37.246  -20.138 0.8999999762
30176  23.402  -37.847  -21.254 0.8999999762
123705  23.766  -38.598  -20.636 0.8999999762
31294  23.778  -37.286  -22.424 0.8999999762
127502  22.238  -33.491  -14.462 0.5000000000
32302  23.856  -36.633  -22.232 0.8999999762
33185  28.421  -35.223  -15.331 0.8999999762
130879  28.779  -37.178  -19.654 0.6999999881
34892  23.638  -33.910  -13.759 0.6000000238
111625  26.265  -34.007  -13.253 0.8000000119
34137  27.883  -34.487  -18.370 1.0000000000
33265  24.882  -35.507  -21.059 1.0000000000
33287  25.794  -35.297  -22.571 0.8999999762
34909  23.468  -33.064  -14.110 0.5000000000
34136  28.439  -33.839  -18.183 0.8999999762
126475  24.572  -32.186  -13.884 0.5000000000
36685  29.557  -31.806  -14.879 0.6999999881
37511  26.553  -30.511  -13.428 0.5000000000
126641  28.491  -31.694  -13.819 0.6999999881
118726  28.740  -31.063  -18.721 0.8000000119
37509  28.354  -30.794  -13.784 0.6999999881
130231  30.118  -30.898  -16.858 0.6999999881
130542  24.889  -31.964  -21.784 0.8999999762
35921  28.847  -32.263  -20.999 0.8000000119
35922  28.166  -32.669  -21.635 0.8000000119
117831  30.101  -29.059  -15.648 0.6999999881
39416  30.298  -28.732  -16.884 0.6999999881
37609  24.512  -30.223  -21.712 0.8999999762
39460  29.917  -28.261  -21.766 0.6000000238
40402  29.779  -27.549  -22.571 0.6000000238
115778  28.334  -28.186  -24.166 0.8000000119
40413  29.152  -27.468  -23.890 0.6000000238
41325  31.480  -26.474  -22.278 0.6000000238
42330  29.781  -25.234  -24.422 0.6000000238
44268  29.160  -23.241  -22.545 0.4000000060
123744  30.558  -20.542  -24.863 0.4000000060
28224  21.860  -40.558  -22.996 0.8999999762
23327  21.720  -46.795  -17.192 0.4000000060
23312  21.797  -46.736  -16.511 0.4000000060
22437  21.840  -47.335  -15.508 0.4000000060
23311  22.383  -46.464  -16.556 0.4000000060
22436  22.191  -46.734  -15.670 0.4000000060
22421  21.733  -47.970  -14.511 0.4000000060
23310  23.166  -46.041  -16.517 0.3000000119
123529  22.322  -46.375  -16.102 0.4000000060
23309  23.962  -45.705  -16.736 0.4000000060
23324  24.751  -46.255  -17.229 0.4000000060
23323  25.360  -45.902  -17.657 0.4000000060
23336  25.717  -46.258  -18.230 0.4000000060
22420  22.352  -47.227  -14.593 0.5000000000
22398  21.868  -47.623  -13.704 0.4000000060
24087  22.861  -45.875  -16.029 0.4000000060
125550  22.711  -46.420  -15.242 0.4000000060
24098  23.458  -45.367  -16.218 0.5000000000
24108  24.659  -45.425  -17.081 0.4000000060
24118  25.641  -45.444  -18.321 0.5000000000
24130  25.795  -45.404  -19.141 0.6000000238
115844  25.756  -45.911  -19.942 0.5000000000
24142  25.307  -45.770  -21.214 0.6000000238
23278  22.782  -46.695  -14.265 0.5000000000
22399  21.172  -47.798  -13.221 0.5000000000
22400  20.343  -47.829  -12.992 0.5000000000
23293  23.140  -45.850  -15.294 0.6000000238
24086  23.413  -45.317  -15.693 0.5000000000
24097  24.065  -44.976  -16.506 0.5000000000
121215  24.576  -44.750  -16.892 0.4000000060
24107  25.099  -45.019  -17.496 0.6000000238
24904  25.570  -44.726  -18.824 0.6000000238
24927  24.987  -44.752  -20.871 0.6000000238
24928  24.057  -44.670  -21.690 0.6000000238
24914  25.556  -44.908  -19.852 0.6000000238
24934  24.364  -45.468  -22.183 0.6000000238
24935  23.181  -45.036  -22.780 0.6000000238
23257  22.405  -46.916  -13.505 0.5000000000
23258  21.668  -47.134  -12.972 0.5000000000
23259  20.878  -47.207  -12.720 0.5000000000
22378  20.069  -47.091  -12.617 0.5000000000
24069  23.516  -45.491  -14.745 0.6000000238
23256  22.916  -46.352  -13.644 0.6000000238
24881  23.762  -44.730  -15.983 0.6000000238
24870  23.878  -44.844  -15.160 0.6000000238
24880  24.403  -44.289  -16.407 0.6000000238
24892  24.818  -44.203  -17.237 0.6000000238
25716  25.235  -44.001  -19.189 0.6000000238
24161  22.722  -44.903  -23.596 0.6999999881
23241  21.276  -46.539  -12.581 0.6000000238
23242  20.566  -46.598  -12.527 0.5000000000
23243  19.890  -46.275  -12.510 0.5000000000
24050  23.382  -45.679  -13.695 0.6000000238
24052  22.114  -46.389  -12.777 0.6000000238
23244  19.117  -45.899  -12.721 0.5000000000
23260  18.352  -46.342  -13.174 0.5000000000
128820  22.365  -43.768  -22.442 0.6999999881
24033  22.165  -45.547  -12.526 0.6000000238
24034  21.546  -45.908  -12.466 0.6000000238
24035  20.693  -45.811  -12.411 0.6000000238
130018  23.168  -45.436  -13.082 0.6000000238
117484  21.405  -45.180  -12.370 0.6000000238
24036  19.789  -45.416  -12.537 0.6000000238
24037  19.057  -45.079  -12.847 0.6000000238
24053  18.546  -45.502  -13.102 0.6000000238
24840  22.819  -45.147  -12.693 0.6000000238
24054  17.925  -45.504  -13.503 0.5000000000
24855  23.914  -45.001  -14.086 0.6000000238
24842  17.724  -44.864  -13.823 0.6000000238
24937  22.034  -44.184  -23.274 0.6999999881
24827  22.170  -44.636  -12.382 0.6000000238
125449  19.630  -44.692  -12.661 0.6000000238
24826  23.001  -44.388  -12.545 0.6000000238
124399  21.339  -44.413  -12.332 0.6000000238
24828  19.109  -44.295  -13.048 0.6000000238
24841  18.391  -44.741  -13.400 0.6000000238
24839  23.492  -44.903  -13.152 0.6000000238
119830  18.599  -43.859  -13.619 0.6000000238
24838  24.134  -44.293  -13.539 0.6000000238
25652  24.949  -43.739  -14.972 0.6000000238
123613  21.676  -43.052  -23.239 0.6999999881
26594  21.870  -42.597  -23.404 0.6999999881
115544  23.619  -44.138  -12.851 0.6000000238
25622  20.828  -43.689  -12.425 0.6999999881
25623  19.843  -43.975  -12.663 0.6999999881
27388  22.473  -41.557  -23.366 0.6999999881
25621  21.805  -43.824  -12.284 0.6999999881
25619  23.208  -43.503  -12.468 0.6999999881
25620  22.522  -43.918  -12.359 0.6999999881
26457  20.819  -42.737  -12.582 0.6999999881
26458  20.048  -43.088  -12.839 0.6999999881
25639  19.308  -43.463  -13.281 0.6999999881
26472  19.584  -42.573  -13.570 0.6000000238
25653  18.799  -42.955  -14.017 0.5000000000
123327  22.352  -43.232  -12.301 0.6999999881
119448  21.555  -43.070  -12.344 0.6999999881
27262  20.971  -41.962  -12.764 0.6999999881
26471  20.298  -42.242  -13.162 0.6999999881
25673  18.163  -42.989  -14.665 0.5000000000
27280  20.628  -41.448  -13.424 0.6999999881
27281  19.940  -41.710  -13.875 0.6000000238
26482  18.679  -42.287  -14.749 0.6000000238
38497  25.807  -29.638  -20.260 0.6999999881
38478  28.613  -29.409  -18.929 0.6999999881
39427  29.678  -28.699  -18.113 0.6000000238
39438  26.810  -28.775  -19.583 0.6999999881
124927  26.064  -29.076  -19.923 0.6999999881
39463  24.304  -28.829  -21.241 0.6999999881
121918  29.348  -28.010  -18.472 0.6000000238
39437  28.076  -28.784  -19.235 0.6999999881
41276  29.837  -26.507  -17.267 0.6000000238
39450  25.204  -28.911  -20.327 0.6999999881
39452  24.183  -28.286  -20.990 0.6999999881
39461  25.031  -27.951  -21.828 0.6999999881
125106  29.847  -27.927  -17.799 0.6000000238
40366  29.488  -27.203  -18.251 0.6000000238
40367  28.876  -27.423  -18.775 0.6000000238
116819  27.274  -27.996  -19.370 0.6999999881
39451  24.673  -28.118  -20.493 0.6999999881
40391  24.258  -27.864  -21.112 0.6999999881
116030  29.842  -27.121  -17.522 0.6000000238
41291  28.766  -26.643  -18.769 0.5000000000
40373  27.690  -27.186  -19.214 0.6000000238
40374  26.240  -27.308  -19.355 0.5000000000
39440  24.863  -27.425  -19.869 0.6999999881
132030  24.391  -26.904  -20.205 0.6999999881
41317  24.567  -27.268  -20.923 0.6999999881
50001  33.819  -17.121  -28.083 0.3000000119
48273  32.867  -18.780  -27.589 0.3000000119
46307  31.894  -21.022  -26.449 0.3000000119
22452  21.151  -46.933  -17.314 0.4000000060
21571  21.300  -47.366  -16.391 0.3000000119
21553  20.915  -48.495  -16.073 0.4000000060
23326  22.673  -46.674  -16.995 0.3000000119
117268  21.429  -48.251  -15.288 0.4000000060
23325  23.862  -46.454  -16.960 0.4000000060
21532  21.124  -48.688  -14.417 0.4000000060
22468  25.479  -46.858  -17.792 0.4000000060
23358  25.550  -46.869  -21.055 0.4000000060
21511  20.657  -48.501  -13.611 0.4000000060
22401  19.485  -47.641  -12.958 0.5000000000
22402  18.621  -47.349  -13.150 0.5000000000
22379  19.235  -46.776  -12.765 0.5000000000
24944  22.281  -44.254  -23.459 0.6000000238
23261  17.460  -46.265  -13.699 0.5000000000
24070  17.273  -45.443  -14.044 0.4000000060
25764  21.850  -43.481  -23.416 0.6999999881
24856  17.948  -44.197  -13.962 0.5000000000
26579  22.712  -42.695  -23.440 0.6999999881
25654  17.669  -43.697  -14.569 0.5000000000
27387  23.517  -41.867  -22.962 0.8000000119
25674  17.528  -43.074  -15.374 0.5000000000
26500  18.150  -42.369  -15.342 0.6000000238
38430  28.691  -29.915  -14.214 0.6000000238
41263  30.065  -27.095  -16.856 0.6000000238
41290  29.530  -26.134  -18.062 0.5000000000
42274  28.481  -25.632  -18.784 0.5000000000
41300  27.618  -26.321  -19.134 0.5000000000
123574  25.626  -26.582  -19.064 0.5000000000
40375  24.933  -26.937  -19.267 0.5000000000
41302  24.358  -26.663  -19.592 0.5000000000
41316  25.144  -26.688  -20.897 0.5000000000
49988  33.302  -16.510  -27.672 0.3000000119
118925  33.216  -17.219  -28.022 0.3000000119
24854  24.408  -44.336  -14.512 0.6000000238
27279  21.305  -41.251  -12.973 0.8000000119
25736  23.201  -44.186  -22.041 0.6999999881
25737  21.686  -43.755  -23.009 0.6999999881
26580  21.608  -42.123  -23.109 0.6999999881
39428  29.013  -28.760  -18.709 0.6999999881
39474  25.001  -28.749  -22.137 0.6999999881
21510  21.400  -48.201  -13.849 0.5000000000
130192  25.912  -46.100  -18.949 0.3000000119
132401  25.287  -46.677  -21.977 0.4000000060
21512  19.677  -48.519  -13.380 0.5000000000
39439  25.570  -28.360  -19.898 0.6999999881
39462  24.387  -28.419  -21.454 0.6999999881
114756  28.478  -28.038  -19.018 0.6999999881
112167  25.922  -27.797  -19.542 0.6999999881
40383  24.464  -27.400  -20.512 0.6999999881
41310  24.336  -26.655  -20.019 0.5000000000
42256  29.489  -25.194  -17.722 0.5000000000
42286  23.886  -26.063  -19.152 0.5000000000
26578  23.923  -42.974  -22.994 0.6000000238
26564  27.016  -42.448  -21.942 0.5000000000
26576  26.341  -43.198  -22.751 0.6000000238
26565  26.018  -42.526  -21.850 0.6000000238
28240  28.937  -40.888  -23.308 0.5000000000
27374  28.290  -41.443  -21.795 0.5000000000
124882  26.658  -41.939  -21.432 0.6000000238
29077  18.978  -39.629  -15.467 0.5000000000
27377  25.617  -41.483  -21.486 0.6000000238
29171  29.852  -39.624  -23.916 0.5000000000
28221  28.831  -40.984  -22.105 0.5000000000
30228  30.117  -39.017  -24.018 0.5000000000
30116  18.490  -38.854  -15.828 0.4000000060
119580  18.146  -39.250  -16.498 0.4000000060
31205  18.381  -37.965  -16.015 0.4000000060
28220  29.320  -40.371  -22.514 0.5000000000
30227  30.540  -38.561  -24.128 0.5000000000
30214  29.926  -39.015  -23.668 0.5000000000
31218  18.476  -37.295  -16.323 0.4000000060
31305  30.589  -37.932  -24.209 0.5000000000
30213  30.269  -38.475  -23.903 0.5000000000
34910  21.605  -33.707  -14.655 0.4000000060
34925  21.106  -33.204  -15.118 0.4000000060
34926  20.301  -33.632  -15.587 0.3000000119
112510  25.139  -31.014  -13.668 0.4000000060
36669  24.570  -31.442  -13.906 0.4000000060
35825  23.269  -32.345  -14.382 0.4000000060
126852  22.727  -32.921  -14.421 0.4000000060
36687  23.168  -31.650  -14.482 0.4000000060
112570  21.910  -32.810  -14.767 0.4000000060
35826  22.563  -32.176  -14.643 0.4000000060
132472  24.132  -31.838  -14.164 0.4000000060
36670  23.890  -31.281  -14.238 0.4000000060
126669  23.688  -31.898  -14.332 0.4000000060
37512  25.506  -30.144  -13.508 0.4000000060
133204  24.510  -30.631  -13.818 0.4000000060
37513  23.846  -30.631  -14.119 0.4000000060
37527  23.198  -30.856  -14.418 0.4000000060
38431  22.910  -30.238  -14.328 0.4000000060
35827  21.951  -32.012  -14.943 0.4000000060
120996  21.816  -30.671  -14.946 0.4000000060
35842  21.229  -32.280  -15.283 0.4000000060
37510  27.457  -30.660  -13.480 0.4000000060
113539  25.143  -29.115  -13.449 0.4000000060
38415  24.555  -29.745  -13.620 0.4000000060
127055  24.056  -30.149  -13.854 0.4000000060
38413  27.077  -29.846  -13.450 0.4000000060
133592  25.899  -29.282  -13.406 0.4000000060
39364  24.278  -28.912  -13.514 0.4000000060
114189  23.807  -29.550  -13.735 0.4000000060
38417  22.983  -29.540  -13.991 0.4000000060
38432  22.264  -29.930  -14.509 0.4000000060
38412  27.875  -29.930  -13.662 0.5000000000
128918  27.438  -29.276  -13.623 0.5000000000
39363  26.678  -29.023  -13.468 0.4000000060
117863  25.823  -28.406  -13.400 0.4000000060
118918  24.815  -28.236  -13.398 0.4000000060
39365  23.439  -28.796  -13.619 0.4000000060
127242  26.652  -28.190  -13.531 0.4000000060
40309  25.344  -27.497  -13.375 0.4000000060
40310  24.437  -27.413  -13.369 0.4000000060
39362  27.432  -28.457  -13.740 0.4000000060
40308  26.243  -27.517  -13.478 0.4000000060
41235  24.963  -26.698  -13.343 0.4000000060
42215  27.127  -26.001  -13.869 0.4000000060
42229  26.788  -25.295  -13.850 0.4000000060
42216  26.226  -25.854  -13.598 0.4000000060
42217  25.453  -25.366  -13.513 0.4000000060
115268  28.869  -28.979  -14.445 0.5000000000
40321  28.423  -27.460  -14.442 0.5000000000
41246  27.632  -26.872  -14.042 0.4000000060
43226  26.141  -24.921  -13.678 0.4000000060
43227  25.399  -24.579  -13.609 0.4000000060
43228  24.775  -24.340  -13.574 0.3000000119
40307  27.078  -27.577  -13.691 0.4000000060
41234  25.830  -26.711  -13.455 0.4000000060
114061  24.658  -25.846  -13.385 0.4000000060
41233  26.703  -26.749  -13.642 0.4000000060
116813  25.440  -26.080  -13.447 0.4000000060
41245  28.490  -26.553  -14.628 0.5000000000
128639  27.842  -26.061  -14.310 0.5000000000
44164  25.983  -24.089  -13.854 0.4000000060
44165  25.181  -23.845  -13.737 0.3000000119
41255  29.160  -26.193  -15.287 0.5000000000
42228  27.553  -25.292  -14.320 0.4000000060
126956  26.898  -24.478  -14.168 0.4000000060
44178  25.664  -23.311  -14.157 0.4000000060
44179  24.862  -23.098  -13.990 0.3000000119
45216  24.080  -22.902  -13.914 0.3000000119
41254  29.684  -26.669  -15.796 0.4000000060
40344  29.972  -27.038  -16.263 0.5000000000
43240  27.797  -24.565  -14.675 0.3000000119
44177  26.533  -23.532  -14.400 0.4000000060
45228  25.313  -22.580  -14.476 0.3000000119
45230  23.780  -22.201  -14.318 0.3000000119
43239  28.493  -24.763  -15.161 0.3000000119
42238  29.096  -25.353  -15.551 0.4000000060
42237  29.570  -25.888  -15.988 0.4000000060
133577  29.649  -25.672  -16.610 0.4000000060
45226  27.069  -22.875  -14.996 0.3000000119
133268  24.573  -21.469  -15.041 0.3000000119
45229  24.540  -22.384  -14.396 0.3000000119
47151  22.830  -20.825  -14.889 0.3000000119
46193  22.598  -21.505  -14.446 0.3000000119
44175  28.167  -24.148  -15.124 0.3000000119
46191  24.258  -21.720  -14.723 0.3000000119
46192  23.475  -21.433  -14.699 0.3000000119
43250  29.055  -24.586  -15.925 0.3000000119
43256  29.316  -24.444  -16.726 0.3000000119
113023  29.714  -25.824  -17.235 0.4000000060
42273  29.221  -25.208  -18.270 0.4000000060
42283  26.639  -25.663  -18.989 0.4000000060
44188  27.842  -23.063  -15.422 0.3000000119
44176  27.549  -23.724  -14.826 0.3000000119
123344  28.593  -24.158  -15.612 0.3000000119
43276  29.199  -24.544  -18.052 0.4000000060
119548  28.738  -24.059  -18.336 0.3000000119
43277  28.631  -24.720  -18.558 0.4000000060
42284  24.473  -25.720  -18.714 0.4000000060
41301  24.089  -26.258  -18.929 0.4000000060
119485  28.828  -23.754  -16.317 0.3000000119
43278  27.739  -24.096  -18.770 0.3000000119
43287  25.701  -24.819  -18.729 0.4000000060
42285  23.802  -25.594  -18.823 0.4000000060
43299  24.429  -25.102  -19.588 0.4000000060
42299  25.790  -25.091  -20.420 0.4000000060
42308  26.994  -25.353  -21.079 0.4000000060
44214  28.420  -23.299  -18.342 0.3000000119
44226  26.138  -23.968  -18.777 0.3000000119
43288  23.971  -25.037  -18.573 0.4000000060
43289  24.024  -25.139  -18.620 0.4000000060
43306  26.887  -24.615  -20.741 0.3000000119
42307  28.017  -25.264  -21.976 0.4000000060
43305  27.888  -24.433  -21.377 0.3000000119
44215  27.485  -23.367  -18.764 0.3000000119
44227  24.523  -24.470  -18.589 0.3000000119
113710  24.071  -24.517  -18.591 0.3000000119
44244  24.359  -24.166  -19.513 0.3000000119
43298  25.542  -24.406  -20.276 0.3000000119
44252  27.034  -23.844  -20.763 0.3000000119
45280  26.514  -23.215  -18.977 0.3000000119
124194  24.587  -24.029  -18.566 0.3000000119
44243  25.879  -23.715  -20.526 0.3000000119
45293  26.906  -22.954  -21.018 0.3000000119
44251  27.945  -23.373  -21.333 0.3000000119
45307  27.952  -22.491  -21.626 0.3000000119
46261  28.037  -21.723  -21.994 0.3000000119
39361  28.101  -29.140  -13.947 0.5000000000
25763  22.275  -43.605  -23.533 0.6000000238
25744  24.157  -44.005  -23.499 0.5000000000
26577  25.190  -43.211  -22.607 0.5000000000
127968  27.158  -42.689  -22.742 0.5000000000
29186  30.015  -39.600  -24.039 0.5000000000
121692  29.233  -40.858  -24.090 0.5000000000
27386  27.723  -42.122  -22.273 0.5000000000
27293  19.639  -41.162  -14.663 0.6000000238
27294  19.062  -41.654  -14.882 0.6000000238
28147  19.432  -40.395  -15.169 0.6000000238
28148  18.747  -40.422  -15.668 0.5000000000
127259  18.231  -40.409  -16.219 0.5000000000
29078  18.408  -39.740  -16.011 0.5000000000
29093  17.934  -39.893  -16.720 0.5000000000
30129  18.157  -38.541  -16.731 0.4000000060
31219  18.277  -37.720  -17.022 0.4000000060
32210  18.499  -36.920  -17.214 0.4000000060
33202  18.717  -36.161  -17.195 0.4000000060
111879  20.604  -32.839  -15.566 0.4000000060
38433  21.468  -29.900  -14.917 0.4000000060
123405  23.926  -28.104  -13.437 0.4000000060
133363  22.382  -29.344  -14.185 0.4000000060
39367  21.832  -28.274  -13.911 0.4000000060
40311  23.078  -28.012  -13.504 0.4000000060
41236  24.084  -26.620  -13.355 0.4000000060
117772  22.591  -27.240  -13.490 0.4000000060
120256  24.777  -24.981  -13.483 0.4000000060
117144  24.318  -23.746  -13.652 0.4000000060
42218  24.161  -25.248  -13.416 0.4000000060
44166  23.611  -23.401  -13.675 0.3000000119
45217  23.321  -22.768  -13.844 0.3000000119
45231  23.028  -22.085  -14.187 0.3000000119
29185  31.048  -38.941  -24.131 0.5000000000
134068  18.955  -35.557  -17.091 0.4000000060
39382  21.788  -29.146  -14.387 0.4000000060
118354  23.547  -27.317  -13.406 0.4000000060
27375  27.558  -41.682  -21.455 0.5000000000
111616  25.901  -31.164  -13.491 0.4000000060
41264  29.838  -26.378  -16.568 0.5000000000
38414  26.347  -29.751  -13.420 0.4000000060
40333  29.569  -27.941  -15.240 0.5000000000
42300  24.552  -26.022  -20.076 0.4000000060
132387  23.694  -25.699  -19.048 0.4000000060
27385  28.314  -41.694  -22.974 0.5000000000
28253  29.727  -40.531  -24.115 0.5000000000
131211  22.393  -31.359  -14.745 0.4000000060
37528  22.527  -30.625  -14.590 0.4000000060
36688  21.602  -31.458  -15.157 0.4000000060
132347  22.406  -27.963  -13.617 0.4000000060
39381  27.758  -27.734  -14.014 0.5000000000
39379  29.065  -28.110  -14.700 0.5000000000
39380  28.269  -28.316  -14.219 0.5000000000
42227  28.433  -25.592  -14.798 0.5000000000
40320  29.250  -27.178  -15.084 0.5000000000
131794  28.079  -25.043  -14.696 0.4000000060
43249  29.432  -25.167  -16.293 0.3000000119
42244  29.564  -25.109  -17.014 0.4000000060
43268  29.331  -24.469  -17.470 0.3000000119
43286  27.627  -24.944  -18.883 0.4000000060
45237  28.356  -22.947  -16.111 0.3000000119
44245  24.006  -24.038  -18.664 0.3000000119
24857  17.273  -44.565  -14.442 0.4000000060
24871  17.039  -43.884  -15.112 0.4000000060
25675  16.916  -43.461  -15.809 0.3000000119
25687  17.158  -42.881  -16.417 0.3000000119
24173  23.595  -45.610  -24.023 0.5000000000
27316  18.113  -41.813  -15.875 0.5000000000
26501  17.651  -42.309  -16.109 0.3000000119
24959  23.050  -45.130  -23.806 0.5000000000
25762  23.148  -44.634  -23.815 0.5000000000
24958  23.912  -45.466  -24.153 0.5000000000
27314  19.041  -41.097  -15.319 0.5000000000
27328  18.335  -41.126  -15.974 0.4000000060
25761  24.641  -44.903  -24.197 0.5000000000
25745  23.103  -43.635  -23.568 0.5000000000
25743  25.420  -44.087  -23.581 0.4000000060
25759  26.853  -43.904  -25.045 0.3000000119
25760  25.948  -44.737  -24.741 0.3000000119
122671  26.298  -43.888  -24.132 0.3000000119
26574  28.223  -42.321  -24.642 0.3000000119
26592  27.500  -43.142  -24.881 0.3000000119
26593  26.975  -43.248  -23.912 0.4000000060
29104  17.853  -39.243  -17.523 0.3000000119
27401  29.338  -41.339  -24.564 0.4000000060
27402  28.781  -41.408  -24.242 0.4000000060
26575  27.620  -42.488  -23.536 0.4000000060
30137  18.124  -38.305  -18.030 0.3000000119
35843  20.379  -32.192  -15.801 0.3000000119
36702  21.233  -30.937  -15.314 0.3000000119
36703  20.845  -31.492  -15.503 0.3000000119
37540  21.188  -30.421  -15.240 0.3000000119
37541  20.546  -30.684  -15.618 0.3000000119
38447  20.780  -29.905  -15.349 0.3000000119
39383  21.128  -28.518  -14.504 0.3000000119
40312  21.939  -27.627  -13.663 0.3000000119
40313  21.170  -27.673  -14.021 0.3000000119
40322  20.462  -27.300  -14.377 0.3000000119
114060  23.743  -25.865  -13.373 0.3000000119
41237  23.197  -26.529  -13.397 0.3000000119
41238  22.263  -26.261  -13.495 0.3000000119
41239  21.697  -26.999  -13.599 0.3000000119
42219  23.387  -25.074  -13.449 0.3000000119
42220  22.469  -25.336  -13.483 0.3000000119
42221  21.509  -25.506  -13.550 0.3000000119
43230  22.706  -24.472  -13.520 0.3000000119
127114  21.992  -24.805  -13.513 0.3000000119
118254  24.162  -24.575  -13.492 0.3000000119
43229  23.502  -24.129  -13.549 0.3000000119
125620  21.952  -23.218  -13.603 0.3000000119
24150  23.639  -45.655  -23.552 0.5000000000
121589  18.352  -37.361  -18.354 0.3000000119
114059  23.003  -25.826  -13.410 0.3000000119
123139  17.715  -41.603  -16.595 0.3000000119
28161  17.718  -40.717  -16.907 0.3000000119
29094  17.668  -40.064  -17.509 0.3000000119
20643  20.104  -49.143  -13.864 0.4000000060
20644  19.276  -49.398  -13.775 0.4000000060
21513  18.695  -48.795  -13.497 0.4000000060
21515  16.873  -48.850  -13.687 0.4000000060
118787  17.137  -47.972  -13.766 0.3000000119
119766  18.118  -48.050  -13.436 0.4000000060
22403  17.739  -47.166  -13.506 0.4000000060
125280  16.150  -46.868  -14.526 0.3000000119
23279  16.747  -46.173  -14.255 0.3000000119
22404  16.919  -47.016  -13.975 0.4000000060
24072  15.867  -45.704  -15.181 0.3000000119
23280  15.614  -46.378  -15.056 0.3000000119
24088  16.064  -44.949  -15.408 0.3000000119
24071  16.564  -45.346  -14.672 0.3000000119
24858  16.649  -44.551  -15.025 0.3000000119
20645  18.327  -49.678  -13.657 0.4000000060
21514  17.749  -48.830  -13.576 0.4000000060
24872  16.389  -44.117  -15.835 0.3000000119
132834  20.590  -48.956  -14.065 0.3000000119
24883  15.666  -44.700  -16.309 0.3000000119
23277  23.165  -46.158  -14.473 0.6000000238
24051  22.795  -45.900  -12.989 0.6000000238
24936  22.219  -44.420  -23.002 0.6999999881
25746  21.754  -43.653  -23.220 0.6999999881
26455  22.915  -42.587  -12.344 0.6999999881
26479  26.151  -41.987  -14.693 1.0000000000
26481  19.297  -42.062  -14.314 0.6000000238
27261  21.693  -41.840  -12.534 0.8999999762
27315  18.605  -41.717  -15.364 0.5000000000
27389  21.715  -41.184  -23.065 0.8999999762
27403  21.850  -41.379  -23.239 0.6999999881
28091  22.829  -41.052  -12.557 0.8999999762
28196  29.009  -40.319  -20.956 0.6000000238
28197  27.959  -40.540  -20.649 0.8000000119
28207  28.708  -40.804  -21.365 0.6000000238
28239  29.447  -40.282  -23.675 0.5000000000
29134  26.879  -39.058  -20.403 0.6999999881
29156  29.634  -39.638  -23.192 0.5000000000
30147  26.494  -38.283  -18.314 1.0000000000
30158  29.424  -38.365  -20.131 0.6000000238
30159  28.936  -38.431  -19.868 0.6999999881
30173  29.173  -39.018  -20.295 0.6999999881
30201  30.186  -38.529  -23.227 0.5000000000
30226  31.148  -38.227  -24.420 0.5000000000
31247  28.524  -37.777  -19.734 0.6999999881
31280  30.764  -37.550  -21.422 0.6000000238
32286  31.026  -36.784  -20.979 0.6000000238
32317  32.023  -36.474  -24.952 0.6000000238
33239  30.396  -35.494  -19.799 0.6999999881
33241  29.092  -35.865  -19.678 0.6999999881
33260  30.878  -35.537  -20.155 0.6999999881
33263  27.279  -35.801  -20.940 0.8000000119
33298  32.208  -35.668  -23.843 0.6000000238
34152  30.443  -34.081  -19.687 0.6999999881
34182  27.230  -34.622  -21.669 0.8000000119
34979  31.196  -33.057  -19.810 0.6000000238
34982  27.711  -33.044  -19.427 0.8000000119
34993  32.062  -33.074  -20.618 0.6000000238
34994  31.586  -33.440  -20.260 0.6000000238
35808  23.921  -32.399  -14.144 0.4000000060
35895  30.563  -32.759  -19.750 0.6999999881
37597  30.602  -30.736  -20.254 0.6000000238
38416  23.490  -30.166  -14.091 0.4000000060
38499  24.295  -29.080  -21.052 0.6999999881
38505  24.429  -29.426  -21.450 0.8000000119
39366  22.553  -28.722  -13.817 0.4000000060
39459  30.495  -28.817  -21.030 0.6000000238
39475  24.485  -29.076  -21.768 0.8000000119
41324  32.163  -26.086  -22.658 0.6000000238
44187  28.282  -23.602  -15.532 0.3000000119
44297  32.281  -23.280  -25.812 0.5000000000
45347  31.543  -22.431  -25.823 0.5000000000
45358  33.209  -22.476  -27.231 0.4000000060
111438  31.704  -29.233  -20.835 0.6000000238
113097  27.462  -31.088  -19.743 0.8000000119
115168  31.962  -30.892  -20.507 0.5000000000
116968  32.546  -35.224  -23.891 0.6000000238
117787  22.569  -46.406  -13.183 0.5000000000
119029  24.456  -28.770  -20.811 0.6999999881
119600  28.700  -31.908  -18.658 0.8000000119
120634  30.811  -37.564  -22.367 0.6000000238
122593  20.482  -44.734  -12.425 0.6000000238
122716  18.919  -48.099  -13.234 0.5000000000
122936  33.385  -16.657  -26.912 0.3000000119
127289  25.486  -37.034  -13.352 0.8999999762
129318  30.374  -39.063  -24.068 0.5000000000
130206  18.237  -43.555  -14.162 0.5000000000
130773  23.036  -39.894  -23.181 0.8999999762
130993  24.548  -30.782  -22.025 0.8999999762
132036  27.632  -38.769  -15.995 1.0000000000
132194  16.193  -46.105  -14.726 0.3000000119
132223  31.584  -29.704  -20.632 0.6000000238
