#!ascii label  , from subject sub-v1s3x0050783_ses-1 vox2ras=TkReg
1562
5710  16.212  -68.079  -24.951 0.6999999881
5711  15.828  -68.763  -24.577 0.8000000119
5084  15.450  -69.229  -23.182 0.8000000119
5074  15.111  -69.331  -22.592 0.6999999881
116980  15.845  -68.161  -27.052 0.6000000238
5724  15.850  -68.584  -25.385 0.6000000238
5098  15.351  -69.547  -24.048 0.6000000238
5758  15.996  -67.972  -27.621 0.6000000238
114535  16.159  -68.174  -22.806 0.8000000119
5688  15.541  -68.859  -22.419 0.6999999881
5667  15.006  -68.497  -21.304 0.6999999881
5668  14.498  -68.201  -21.478 0.6999999881
5741  16.355  -68.102  -26.450 0.6000000238
114104  16.155  -68.204  -24.304 0.6999999881
5056  14.655  -68.831  -21.809 0.6999999881
5782  16.544  -68.263  -29.232 0.6000000238
116820  16.712  -68.481  -30.134 0.6000000238
5783  15.452  -67.903  -29.851 0.6000000238
5802  16.268  -68.940  -32.371 0.6000000238
5797  15.677  -68.608  -31.640 0.6000000238
113686  16.159  -67.718  -21.399 0.8000000119
6912  15.786  -66.913  -19.933 0.8000000119
6285  15.271  -67.360  -20.325 0.6999999881
7591  15.066  -65.964  -19.386 0.6999999881
7609  13.686  -65.662  -20.746 0.6999999881
6315  16.453  -67.546  -22.354 0.8000000119
5655  15.223  -67.957  -20.773 0.6999999881
6913  14.797  -66.887  -20.247 0.6999999881
6325  16.726  -67.406  -23.314 0.6999999881
5665  15.898  -68.286  -21.914 0.8000000119
6297  14.818  -67.658  -20.751 0.6999999881
127010  16.665  -67.675  -24.280 0.6999999881
121319  16.440  -68.123  -27.077 0.6999999881
131226  17.493  -68.632  -28.843 0.6000000238
5771  16.499  -68.115  -28.287 0.6000000238
5176  17.185  -68.767  -31.966 0.6000000238
5790  16.238  -68.453  -31.129 0.6000000238
5186  16.985  -69.022  -32.855 0.6000000238
4006  16.752  -70.918  -33.292 0.6999999881
4007  15.802  -71.213  -33.403 0.6000000238
3004  16.921  -73.934  -33.468 0.5000000000
122965  16.274  -72.104  -33.425 0.6000000238
2549  17.233  -74.739  -33.515 0.5000000000
7607  16.709  -65.742  -20.092 0.8999999762
6897  15.660  -66.368  -19.552 0.8000000119
125517  14.970  -65.239  -19.040 0.6999999881
112340  16.660  -66.944  -21.842 0.6999999881
6924  16.844  -66.402  -21.268 0.8999999762
117633  14.370  -65.339  -19.345 0.6999999881
6324  17.286  -67.164  -23.854 0.8000000119
6942  16.991  -66.825  -22.623 0.8000000119
6351  17.775  -67.578  -25.243 0.8000000119
5756  18.216  -68.428  -27.402 0.6999999881
6364  17.075  -67.878  -25.879 0.6999999881
5757  17.045  -68.204  -27.523 0.8000000119
5770  17.844  -68.580  -28.162 0.8000000119
5157  17.630  -68.860  -29.653 0.6999999881
5167  17.566  -68.933  -30.946 0.6999999881
5795  17.460  -68.972  -32.667 0.6000000238
4577  17.332  -69.858  -33.353 0.6999999881
123519  17.028  -72.897  -33.247 0.6999999881
7629  16.927  -65.892  -20.797 0.8999999762
7589  16.383  -65.377  -19.414 0.8000000119
7577  14.101  -64.831  -18.812 0.6999999881
6956  17.609  -66.257  -22.642 0.8000000119
6941  17.271  -66.229  -22.028 0.8000000119
6969  18.146  -66.710  -23.832 0.6999999881
5740  18.615  -68.166  -26.654 0.6999999881
6350  18.755  -67.428  -25.332 0.6000000238
6363  18.110  -67.854  -25.971 0.8000000119
5769  18.937  -68.967  -27.975 0.8000000119
5145  18.550  -69.158  -28.914 0.8000000119
5166  18.601  -69.311  -31.333 0.6999999881
5184  18.242  -69.108  -32.955 0.8000000119
5175  18.013  -69.003  -32.189 0.6999999881
120568  18.567  -69.387  -33.220 0.8000000119
117325  18.878  -71.612  -33.169 0.6999999881
4005  17.973  -70.887  -33.180 0.6999999881
5185  17.696  -69.062  -32.934 0.6999999881
3487  17.944  -72.256  -32.809 0.6999999881
3488  17.163  -71.808  -33.153 0.6999999881
11311  8.037  -60.720  -21.049 0.6000000238
12141  7.026  -59.349  -22.318 0.6000000238
12967  7.452  -59.015  -21.134 0.6000000238
13777  6.205  -57.458  -20.702 0.6999999881
8320  16.934  -64.843  -19.953 0.8999999762
133681  15.553  -64.515  -18.725 0.6999999881
6968  19.073  -66.433  -24.165 0.6000000238
119713  19.139  -67.763  -25.983 0.6000000238
6986  19.333  -66.842  -24.831 0.6000000238
5755  19.270  -68.581  -27.220 0.6999999881
119281  20.240  -69.764  -29.048 0.6999999881
5134  19.980  -69.101  -27.711 0.6999999881
10496  14.023  -61.378  -19.208 0.6999999881
125536  12.718  -62.506  -19.160 0.6999999881
5155  19.468  -69.597  -29.474 0.8000000119
124517  19.643  -69.424  -28.530 0.8000000119
10503  13.679  -60.795  -19.851 0.6000000238
9797  12.297  -61.968  -20.032 0.6000000238
5156  18.559  -69.311  -30.099 0.6999999881
10505  11.974  -61.523  -20.683 0.5000000000
9798  11.432  -62.392  -20.717 0.6999999881
5183  19.089  -69.480  -33.229 0.8000000119
5174  18.755  -69.255  -32.470 0.8000000119
10504  12.766  -60.971  -20.315 0.5000000000
10513  12.136  -60.725  -20.995 0.5000000000
4004  19.243  -70.474  -33.746 0.6999999881
11319  11.617  -60.478  -21.631 0.5000000000
11331  11.161  -60.227  -22.282 0.6000000238
126899  10.514  -60.682  -22.556 0.5000000000
10521  10.165  -61.530  -22.627 0.6000000238
9815  9.639  -62.597  -22.877 0.6999999881
9809  7.736  -62.577  -22.154 0.6999999881
11332  9.782  -60.829  -23.147 0.5000000000
125364  9.053  -62.521  -23.483 0.6000000238
9817  8.092  -62.919  -23.499 0.6000000238
11320  7.769  -60.968  -22.042 0.6000000238
12156  10.643  -59.986  -23.031 0.6000000238
10537  8.219  -62.126  -23.695 0.6000000238
10538  7.936  -61.293  -23.715 0.6000000238
11349  9.912  -60.012  -23.548 0.5000000000
10536  8.784  -61.837  -23.583 0.5000000000
12157  6.768  -59.667  -23.442 0.6000000238
12968  6.436  -58.487  -21.985 0.6000000238
13799  5.800  -57.651  -21.713 0.6999999881
14669  4.887  -56.376  -21.880 0.6000000238
14650  4.748  -56.094  -20.700 0.6999999881
11351  8.090  -60.846  -24.076 0.6000000238
11352  7.437  -60.159  -24.453 0.6000000238
12158  5.913  -58.788  -23.261 0.6000000238
12969  5.292  -57.889  -22.796 0.6999999881
14682  4.958  -56.422  -22.414 0.5000000000
8304  16.521  -64.477  -19.259 0.8999999762
125150  18.215  -66.029  -23.029 0.6000000238
7645  18.023  -65.480  -22.290 0.6999999881
8285  15.986  -64.005  -18.687 0.8000000119
7578  13.102  -65.145  -18.498 0.6999999881
9010  14.589  -63.431  -18.430 0.6999999881
129507  15.540  -62.653  -18.701 0.8000000119
5739  19.627  -68.138  -26.543 0.6999999881
10495  14.821  -61.367  -19.209 0.8000000119
9786  13.591  -62.218  -18.829 0.6000000238
130179  14.800  -60.564  -20.046 0.6999999881
11316  14.520  -60.143  -21.255 0.6000000238
5173  19.542  -69.618  -32.470 0.8000000119
5164  19.930  -69.988  -31.291 0.8000000119
4567  20.084  -69.943  -33.196 0.8000000119
11317  13.547  -59.940  -21.196 0.5000000000
5190  19.634  -69.970  -33.653 0.8000000119
11318  12.535  -59.932  -21.537 0.5000000000
12154  13.227  -59.646  -22.802 0.5000000000
117813  12.519  -59.552  -23.115 0.6000000238
11330  12.494  -59.650  -22.354 0.6000000238
12173  11.134  -59.606  -23.672 0.6000000238
12174  10.381  -59.744  -23.740 0.6000000238
15538  4.952  -55.014  -21.531 0.5000000000
11370  8.634  -60.003  -24.580 0.5000000000
14670  4.822  -55.841  -21.680 0.5000000000
14651  4.611  -55.659  -20.902 0.6000000238
11371  7.660  -59.742  -25.285 0.6000000238
12177  5.965  -59.260  -24.247 0.6999999881
13008  5.161  -58.526  -24.562 0.6999999881
13800  4.960  -57.138  -22.486 0.6999999881
12194  8.776  -59.666  -25.353 0.6000000238
13851  4.706  -57.557  -23.896 0.6000000238
12210  6.781  -59.024  -26.230 0.6999999881
13018  5.075  -58.217  -25.509 0.6000000238
13878  5.017  -57.511  -25.230 0.5000000000
133417  17.622  -65.001  -21.345 0.6999999881
9051  17.316  -64.256  -20.596 0.6999999881
8303  17.002  -63.950  -19.824 0.6999999881
121987  16.533  -63.600  -19.220 0.8000000119
132798  16.313  -62.245  -19.713 0.6999999881
117601  15.688  -61.185  -20.064 0.6999999881
10494  15.493  -61.542  -19.428 0.6999999881
17376  6.576  -53.165  -21.826 0.5000000000
12190  13.117  -59.747  -24.721 0.5000000000
112048  12.078  -59.517  -23.781 0.6000000238
126736  5.829  -53.723  -21.687 0.5000000000
113220  11.794  -59.578  -25.608 0.5000000000
12204  12.719  -59.797  -25.671 0.5000000000
12192  11.510  -59.527  -24.591 0.6000000238
12175  9.638  -59.759  -24.343 0.6000000238
14696  4.835  -57.041  -23.838 0.5000000000
12205  11.887  -59.731  -26.713 0.5000000000
112210  10.851  -59.529  -25.487 0.6000000238
12208  9.051  -59.402  -26.346 0.6000000238
133534  9.668  -59.422  -26.352 0.6000000238
8337  17.639  -64.520  -21.340 0.6999999881
121412  16.839  -63.248  -19.782 0.6999999881
128253  7.473  -58.093  -26.723 0.5000000000
11395  12.293  -59.857  -27.371 0.5000000000
13877  5.871  -57.342  -25.789 0.5000000000
12218  10.427  -59.233  -27.090 0.5000000000
12220  8.763  -58.901  -26.811 0.5000000000
12209  8.033  -59.226  -26.282 0.5000000000
13029  5.844  -58.502  -26.222 0.5000000000
116023  8.378  -57.419  -25.700 0.5000000000
117771  8.900  -57.622  -24.178 0.5000000000
13905  10.640  -57.748  -26.875 0.5000000000
133545  9.895  -57.551  -26.606 0.5000000000
117402  6.685  -57.606  -26.347 0.5000000000
13050  10.842  -58.534  -27.312 0.5000000000
131575  9.935  -57.876  -26.996 0.5000000000
13039  8.292  -58.275  -26.863 0.5000000000
12217  11.370  -59.459  -27.183 0.5000000000
12219  9.622  -58.928  -27.094 0.5000000000
113874  11.022  -57.408  -26.372 0.5000000000
130359  7.366  -53.034  -20.862 0.6000000238
16432  6.564  -53.338  -20.488 0.6000000238
18248  8.308  -52.083  -21.849 0.5000000000
17342  9.121  -53.536  -20.971 0.6999999881
16431  7.652  -54.042  -20.415 0.6000000238
16398  6.358  -54.381  -19.148 0.6000000238
15495  7.266  -55.325  -18.081 0.6999999881
16429  9.546  -54.426  -20.427 0.6000000238
16414  8.105  -54.923  -19.805 0.6999999881
15509  7.456  -55.168  -19.005 0.6999999881
15496  6.438  -54.651  -18.267 0.6999999881
128320  8.094  -55.795  -18.321 0.8000000119
117814  10.039  -53.597  -20.881 0.5000000000
17356  9.611  -52.668  -21.386 0.5000000000
113372  8.704  -55.702  -19.140 0.8000000119
16413  9.085  -55.160  -19.898 0.6000000238
14591  9.013  -56.791  -17.294 0.6999999881
119754  11.750  -52.359  -21.233 0.5000000000
18245  11.229  -51.795  -21.667 0.5000000000
14621  8.866  -56.210  -18.446 0.6999999881
14606  8.499  -56.303  -17.643 0.6999999881
124162  10.454  -54.365  -20.404 0.6999999881
13721  9.118  -57.099  -16.532 0.6999999881
14604  10.161  -56.950  -18.223 0.6999999881
118143  10.984  -53.529  -20.722 0.6000000238
15508  9.670  -55.791  -19.438 0.8000000119
13669  14.476  -57.863  -13.198 0.6999999881
12878  14.183  -58.624  -13.082 0.8000000119
19084  13.657  -51.490  -20.819 0.4000000060
12926  10.540  -58.148  -16.357 0.6999999881
18235  13.247  -52.135  -20.463 0.5000000000
133970  10.226  -57.514  -17.277 0.6999999881
17340  11.783  -53.021  -20.764 0.6000000238
16427  11.845  -53.890  -20.364 0.6000000238
14620  9.657  -56.362  -18.804 0.6999999881
16428  10.885  -55.031  -20.021 0.8000000119
14636  10.988  -56.310  -19.270 0.8000000119
18999  4.756  -51.697  -14.306 0.5000000000
18998  6.123  -51.518  -13.541 0.5000000000
18981  7.247  -51.513  -12.831 0.5000000000
16343  11.881  -55.034  -14.239 0.5000000000
15415  13.185  -56.053  -13.526 0.6000000238
15430  12.552  -55.389  -13.961 0.6000000238
16328  11.627  -55.016  -13.511 0.6000000238
17262  9.936  -53.010  -11.684 0.6000000238
14547  13.199  -56.340  -12.723 0.6999999881
15431  12.114  -55.398  -13.752 0.6999999881
14546  14.045  -56.982  -13.027 0.6999999881
113616  11.760  -58.732  -16.361 0.6999999881
12906  12.663  -59.104  -15.914 0.6999999881
12083  13.400  -59.263  -15.346 0.8000000119
18226  13.617  -52.538  -19.807 0.5000000000
13719  10.652  -57.805  -17.120 0.6999999881
16426  12.496  -53.279  -20.331 0.6000000238
13736  10.543  -57.436  -17.705 0.8000000119
15506  11.335  -55.640  -19.583 0.6999999881
13752  11.889  -57.421  -18.344 0.8000000119
14619  10.595  -56.683  -18.798 0.8000000119
19019  3.999  -51.488  -15.428 0.5000000000
120831  5.718  -51.433  -14.951 0.6000000238
19830  4.761  -50.741  -16.960 0.5000000000
18997  7.015  -51.449  -13.993 0.6000000238
18996  7.957  -51.616  -13.639 0.6000000238
19018  7.677  -51.571  -14.594 0.6000000238
18166  8.788  -52.131  -13.585 0.5000000000
16351  12.147  -54.820  -14.364 0.5000000000
16352  11.561  -54.474  -14.533 0.5000000000
16342  12.902  -54.943  -13.964 0.6000000238
130833  10.615  -54.000  -14.411 0.6000000238
16329  11.040  -54.321  -12.950 0.6999999881
18160  9.057  -52.303  -12.667 0.6000000238
14555  13.891  -56.265  -13.435 0.6000000238
15411  12.557  -55.847  -12.120 0.6999999881
15417  12.019  -55.419  -12.857 0.6999999881
16322  11.489  -54.710  -12.254 0.8000000119
17272  10.420  -53.545  -12.484 0.6999999881
14554  14.536  -56.855  -13.529 0.6999999881
133457  14.485  -57.298  -13.354 0.6999999881
124260  14.789  -57.361  -13.687 0.6999999881
13679  14.738  -58.055  -13.902 0.8000000119
12904  14.629  -58.508  -15.519 0.8000000119
12885  14.265  -58.838  -14.054 0.8000000119
17329  13.496  -53.948  -19.368 0.5000000000
15493  13.538  -55.411  -18.926 0.6000000238
12939  12.852  -58.434  -17.207 0.8000000119
12924  13.307  -58.797  -16.452 0.8000000119
123062  12.481  -55.101  -19.534 0.6000000238
16410  13.148  -54.904  -19.345 0.6999999881
13734  12.367  -57.947  -17.774 0.8000000119
15494  12.777  -55.919  -19.159 0.6999999881
14617  12.327  -56.814  -18.799 0.6999999881
14635  11.831  -56.258  -19.271 0.8000000119
20687  3.613  -50.431  -16.170 0.4000000060
19831  3.944  -50.418  -16.874 0.5000000000
19040  6.036  -51.145  -16.211 0.4000000060
117391  6.864  -51.378  -15.011 0.5000000000
18182  8.517  -52.009  -14.637 0.5000000000
17284  12.527  -54.333  -14.079 0.5000000000
16353  11.043  -54.194  -14.687 0.6000000238
17296  10.537  -53.617  -15.010 0.6000000238
18165  9.492  -52.788  -13.569 0.6000000238
15429  13.516  -55.608  -13.617 0.6000000238
17285  10.125  -53.484  -13.551 0.6999999881
15428  14.585  -56.107  -13.553 0.6000000238
12892  14.731  -58.391  -14.660 0.8000000119
14615  13.982  -56.570  -18.326 0.6999999881
13750  13.625  -57.341  -18.123 0.6999999881
13733  13.249  -57.949  -17.736 0.8000000119
129900  14.396  -58.171  -16.910 0.8000000119
124670  13.557  -56.051  -18.712 0.6999999881
20686  3.935  -49.886  -16.707 0.4000000060
20672  4.035  -49.867  -15.640 0.4000000060
20653  3.832  -50.159  -14.538 0.4000000060
129170  5.073  -49.993  -17.808 0.5000000000
20702  4.492  -49.714  -17.392 0.4000000060
19029  7.536  -51.517  -15.667 0.5000000000
18193  9.402  -52.409  -15.727 0.5000000000
121865  9.170  -52.542  -15.317 0.5000000000
19027  9.457  -52.046  -15.991 0.5000000000
17286  9.960  -53.446  -14.586 0.6999999881
14553  15.260  -56.545  -13.871 0.6000000238
13702  15.217  -57.920  -15.512 0.8000000119
15478  15.025  -55.661  -17.745 0.6000000238
112447  15.031  -56.874  -17.468 0.6000000238
13731  15.522  -56.887  -16.900 0.6999999881
14577  15.707  -57.263  -15.384 0.6999999881
13749  14.414  -57.139  -17.809 0.6999999881
20629  4.465  -49.513  -12.958 0.3000000119
20701  5.048  -49.048  -17.346 0.4000000060
20685  4.762  -49.289  -16.525 0.3000000119
20671  5.682  -49.427  -14.529 0.4000000060
20652  5.049  -49.613  -13.874 0.4000000060
19843  5.720  -50.484  -17.328 0.4000000060
21519  5.540  -49.222  -13.065 0.3000000119
19039  7.177  -50.975  -16.618 0.4000000060
18192  9.964  -52.779  -15.655 0.5000000000
19028  8.150  -51.563  -16.317 0.4000000060
18191  10.480  -52.900  -15.433 0.6000000238
19842  7.004  -50.421  -17.386 0.4000000060
19026  10.111  -52.104  -15.752 0.4000000060
18200  8.848  -51.851  -16.277 0.5000000000
13688  15.255  -57.705  -14.692 0.6999999881
13732  14.891  -57.558  -17.083 0.6999999881
20651  6.219  -49.221  -13.528 0.4000000060
22407  6.851  -47.728  -12.966 0.3000000119
19859  5.915  -49.947  -17.880 0.3000000119
19038  8.141  -51.111  -16.854 0.4000000060
19829  9.569  -51.312  -16.160 0.4000000060
19037  8.925  -51.396  -16.531 0.4000000060
20684  6.454  -49.182  -15.108 0.3000000119
20670  7.027  -49.220  -14.005 0.3000000119
20650  7.091  -48.730  -13.385 0.3000000119
21559  5.690  -48.701  -16.864 0.3000000119
19858  6.968  -49.737  -17.838 0.3000000119
20700  8.460  -49.795  -17.554 0.3000000119
19841  7.825  -50.320  -17.518 0.3000000119
19840  9.058  -50.568  -16.770 0.3000000119
21540  7.714  -48.949  -14.579 0.3000000119
22406  8.565  -48.049  -13.649 0.3000000119
21539  8.577  -48.503  -14.365 0.3000000119
20717  7.132  -48.847  -18.112 0.3000000119
20699  9.353  -49.541  -17.035 0.3000000119
21498  5.264  -48.736  -12.578 0.3000000119
21558  7.113  -48.711  -15.921 0.3000000119
118090  8.330  -48.578  -15.323 0.3000000119
21610  8.318  -48.106  -18.539 0.3000000119
9806  10.790  -62.405  -21.507 0.6000000238
10515  10.510  -62.053  -22.093 0.6999999881
9808  9.119  -63.643  -22.800 0.6999999881
9075  8.202  -63.823  -23.035 0.6999999881
18194  8.573  -52.007  -15.692 0.4000000060
17297  9.832  -53.114  -15.343 0.6000000238
123609  7.781  -47.964  -13.289 0.3000000119
115714  15.472  -69.530  -24.945 0.6999999881
6298  14.221  -66.812  -21.518 0.6999999881
122812  17.384  -68.101  -26.716 0.8000000119
5193  16.819  -69.329  -33.053 0.6000000238
5192  17.690  -69.248  -33.099 0.6999999881
6334  18.440  -67.096  -24.635 0.6000000238
8287  14.318  -64.171  -18.489 0.6999999881
5165  19.357  -69.671  -30.612 0.8000000119
4576  18.417  -69.740  -33.434 0.6999999881
4575  19.761  -70.324  -33.851 0.8000000119
13778  5.265  -56.830  -21.368 0.6999999881
10520  10.840  -61.040  -22.001 0.5000000000
10523  7.946  -62.175  -23.380 0.6000000238
14639  4.191  -55.373  -19.991 0.6000000238
12195  6.606  -59.504  -25.391 0.6999999881
10484  14.441  -62.038  -18.744 0.8000000119
12153  13.885  -59.804  -22.127 0.5000000000
12139  13.147  -59.692  -21.975 0.6000000238
12193  10.569  -59.579  -24.471 0.6000000238
13735  11.404  -57.808  -17.647 0.8000000119
2518  18.467  -74.736  -28.721 0.4000000060
2511  18.273  -74.994  -27.948 0.4000000060
1733  17.900  -77.197  -30.901 0.3000000119
2122  18.123  -74.639  -29.473 0.4000000060
2519  17.792  -74.334  -28.611 0.4000000060
1344  20.643  -77.586  -30.120 0.4000000060
1339  20.266  -77.860  -29.869 0.5000000000
1340  20.089  -77.895  -29.434 0.5000000000
1345  20.025  -77.639  -30.586 0.3000000119
132503  19.641  -77.741  -30.095 0.4000000060
118806  19.315  -76.105  -29.121 0.4000000060
1353  18.818  -77.722  -31.191 0.3000000119
2129  18.684  -75.978  -29.914 0.3000000119
2121  18.833  -75.119  -29.107 0.3000000119
1348  18.314  -77.668  -31.143 0.3000000119
1739  19.767  -77.148  -31.253 0.4000000060
120848  20.590  -76.639  -30.671 0.4000000060
1731  21.338  -77.063  -29.876 0.5000000000
133409  19.912  -76.202  -31.359 0.3000000119
1740  19.097  -77.314  -31.624 0.3000000119
1747  17.933  -76.671  -32.585 0.4000000060
1746  18.651  -76.520  -32.265 0.3000000119
2145  17.407  -75.359  -33.412 0.4000000060
130996  17.101  -75.982  -33.415 0.4000000060
115360  16.698  -75.438  -33.622 0.4000000060
2128  20.893  -75.098  -30.487 0.4000000060
2535  20.586  -74.047  -30.674 0.4000000060
2135  20.229  -75.116  -31.028 0.4000000060
2541  19.869  -74.168  -31.428 0.4000000060
3464  22.038  -72.795  -31.214 0.5000000000
2136  19.520  -75.242  -31.707 0.4000000060
2996  19.684  -73.453  -32.087 0.4000000060
2142  18.080  -75.571  -32.881 0.4000000060
2548  17.859  -74.670  -33.168 0.5000000000
3000  19.120  -73.599  -32.453 0.4000000060
3489  15.379  -72.332  -33.514 0.6000000238
3005  16.032  -73.373  -33.568 0.4000000060
3470  22.908  -72.595  -32.145 0.6000000238
3471  21.781  -72.663  -32.817 0.6000000238
3472  20.522  -72.789  -32.525 0.6000000238
3477  21.146  -72.441  -33.669 0.6000000238
2999  20.215  -72.482  -33.200 0.6000000238
3484  20.697  -72.011  -34.099 0.6999999881
3001  18.517  -73.668  -32.705 0.5000000000
3486  18.741  -72.660  -32.741 0.6000000238
128753  19.977  -70.795  -34.064 0.6999999881
3482  22.557  -72.052  -34.202 0.6999999881
4012  22.128  -71.217  -34.674 0.6999999881
3476  22.675  -72.445  -33.348 0.6000000238
3492  22.011  -71.731  -34.540 0.6999999881
4566  21.089  -70.486  -33.225 0.6999999881
4561  20.497  -70.290  -32.155 0.6999999881
5154  20.301  -70.085  -30.026 0.6999999881
3494  20.992  -71.375  -34.472 0.6999999881
120363  20.243  -70.348  -33.828 0.6999999881
4013  20.428  -70.834  -34.212 0.6999999881
4571  23.271  -70.481  -34.355 0.5000000000
4565  22.135  -70.586  -33.720 0.6000000238
4573  21.272  -70.744  -34.276 0.6999999881
115538  21.986  -70.586  -32.569 0.6000000238
4560  21.436  -70.542  -31.834 0.6999999881
4552  21.741  -70.456  -30.757 0.6999999881
4586  21.147  -70.924  -34.425 0.6999999881
4553  20.844  -70.413  -30.977 0.6999999881
4559  22.224  -70.433  -31.601 0.6000000238
5172  22.857  -70.035  -31.500 0.6000000238
4545  21.976  -70.184  -29.808 0.6000000238
4551  22.391  -70.220  -30.664 0.6000000238
6349  19.680  -67.227  -25.435 0.5000000000
6316  13.876  -66.377  -22.325 0.6000000238
112328  13.721  -67.607  -22.610 0.6000000238
130851  21.162  -69.956  -29.176 0.6000000238
5144  20.633  -69.504  -28.338 0.6000000238
128519  21.293  -68.154  -26.743 0.5000000000
6362  20.074  -67.628  -25.990 0.5000000000
7632  12.934  -65.400  -22.054 0.6000000238
7630  13.699  -65.726  -21.359 0.6000000238
7631  13.305  -65.482  -22.070 0.6000000238
5153  22.416  -69.596  -29.368 0.6000000238
5133  21.117  -68.974  -27.539 0.5000000000
5754  20.284  -68.541  -26.995 0.5000000000
6287  11.464  -67.691  -20.348 0.6000000238
6271  12.222  -66.693  -19.258 0.6000000238
6286  12.185  -66.977  -20.168 0.6000000238
6927  12.597  -66.121  -21.254 0.6000000238
7610  13.280  -65.595  -21.363 0.6000000238
7592  13.657  -65.267  -18.942 0.6000000238
122647  13.823  -65.488  -19.830 0.6000000238
7644  18.452  -64.733  -22.376 0.6000000238
5143  21.576  -69.472  -28.370 0.6000000238
8290  11.877  -65.004  -18.479 0.6000000238
6898  12.895  -65.784  -18.832 0.6000000238
119112  12.972  -63.991  -18.337 0.6000000238
8289  12.622  -64.735  -18.390 0.6000000238
9031  12.404  -63.354  -18.815 0.5000000000
9011  13.738  -63.666  -18.383 0.6000000238
9766  14.065  -62.837  -18.438 0.5000000000
5656  10.964  -68.181  -20.503 0.6999999881
5644  11.009  -68.142  -19.951 0.6000000238
6885  11.924  -66.292  -18.698 0.6000000238
8305  11.619  -64.476  -18.827 0.6000000238
113388  11.863  -62.939  -19.643 0.6000000238
7596  7.842  -66.007  -19.982 0.6000000238
6899  11.414  -67.013  -19.036 0.6000000238
7580  11.524  -65.810  -18.669 0.6000000238
8321  11.061  -64.171  -19.704 0.5000000000
7594  10.581  -66.153  -19.170 0.6000000238
8323  8.743  -65.508  -21.095 0.6000000238
7613  8.034  -65.756  -20.714 0.6000000238
8306  7.819  -65.376  -20.448 0.6000000238
6900  10.525  -66.937  -19.184 0.6000000238
119564  11.125  -63.329  -20.341 0.6000000238
7611  9.707  -65.827  -20.036 0.6000000238
8322  10.074  -64.982  -20.414 0.5000000000
8338  9.456  -64.790  -21.340 0.6000000238
9033  7.778  -64.541  -20.508 0.5000000000
9799  10.600  -63.180  -21.264 0.6000000238
9066  9.563  -64.048  -21.890 0.6000000238
8339  8.555  -64.873  -21.825 0.6000000238
9054  7.794  -64.293  -21.554 0.6000000238
125050  7.831  -63.131  -20.943 0.6999999881
9787  8.573  -62.739  -19.514 0.6999999881
119764  9.005  -61.817  -19.274 0.6999999881
10485  9.383  -61.087  -18.770 0.6999999881
9067  8.385  -64.308  -22.430 0.6000000238
9055  7.753  -63.416  -21.922 0.6999999881
10506  8.215  -61.480  -20.610 0.6999999881
9800  8.291  -62.309  -20.187 0.6999999881
10498  8.591  -61.400  -19.916 0.6999999881
11302  8.755  -60.041  -19.411 0.6000000238
10507  7.877  -61.636  -21.514 0.6000000238
6985  20.115  -66.528  -25.079 0.5000000000
6967  19.786  -66.108  -24.498 0.5000000000
8358  20.020  -64.661  -24.217 0.5000000000
7661  20.016  -65.318  -24.272 0.5000000000
7653  19.529  -64.947  -23.550 0.6000000238
9096  19.954  -63.731  -25.155 0.6000000238
8357  20.403  -64.364  -24.853 0.6000000238
8351  19.554  -64.228  -23.742 0.6000000238
8352  18.959  -64.335  -22.943 0.6000000238
9063  18.178  -64.207  -22.103 0.6000000238
9097  19.042  -63.428  -24.946 0.5000000000
9088  18.800  -63.408  -24.001 0.6000000238
9064  17.578  -63.831  -21.334 0.6000000238
9090  16.884  -63.184  -24.638 0.6000000238
9074  17.170  -63.045  -22.588 0.5000000000
9073  17.844  -63.633  -22.119 0.6000000238
9065  17.105  -63.077  -21.583 0.6000000238
9082  17.020  -63.057  -23.569 0.5000000000
11306  15.140  -60.542  -20.487 0.5000000000
10512  15.787  -61.304  -21.743 0.5000000000
10493  16.244  -61.859  -20.351 0.6000000238
112389  16.565  -62.420  -21.647 0.6000000238
123699  17.755  -73.712  -33.103 0.6000000238
3485  19.802  -72.020  -33.473 0.6999999881
6954  19.534  -65.717  -23.953 0.5000000000
9053  10.352  -64.085  -20.867 0.6000000238
9801  7.896  -62.385  -21.140 0.6999999881
7654  18.838  -65.117  -22.862 0.6000000238
9805  16.700  -62.518  -20.892 0.6000000238
10502  15.790  -61.116  -20.864 0.6000000238
2130  17.594  -75.628  -30.487 0.3000000119
1732  18.649  -77.351  -30.586 0.3000000119
1341  19.226  -77.264  -29.968 0.4000000060
1360  18.399  -77.385  -31.928 0.3000000119
128300  19.311  -76.393  -31.821 0.4000000060
2141  18.858  -75.456  -32.327 0.4000000060
2991  21.235  -73.293  -30.674 0.4000000060
2544  19.187  -74.393  -32.150 0.3000000119
2995  20.412  -73.376  -31.382 0.5000000000
2990  21.114  -72.880  -31.626 0.6000000238
2545  18.549  -74.558  -32.664 0.5000000000
3478  19.359  -72.811  -32.695 0.5000000000
117284  21.939  -72.365  -34.008 0.6000000238
7593  10.960  -65.226  -19.170 0.6000000238
11291  9.198  -60.363  -18.751 0.6000000238
115375  19.479  -63.702  -24.219 0.6000000238
119494  18.217  -63.442  -25.728 0.5000000000
9080  19.088  -63.823  -23.415 0.6000000238
111370  18.545  -63.853  -22.741 0.6000000238
9098  18.031  -63.283  -24.752 0.5000000000
9089  17.873  -63.238  -23.830 0.6000000238
124903  17.168  -63.374  -25.576 0.5000000000
9813  16.571  -62.587  -22.347 0.5000000000
10519  16.166  -62.006  -22.083 0.5000000000
317  19.117  -81.518  -16.525 0.4000000060
511  19.790  -80.904  -16.136 0.4000000060
323  20.001  -81.337  -17.034 0.5000000000
320  15.966  -82.755  -16.862 0.5000000000
122968  15.005  -82.388  -16.430 0.5000000000
89  13.695  -83.982  -16.639 0.5000000000
133561  16.906  -82.373  -16.844 0.5000000000
510  20.406  -80.585  -16.287 0.4000000060
509  21.052  -80.220  -16.423 0.4000000060
524  21.485  -80.257  -17.771 0.5000000000
1694  16.529  -77.117  -26.474 0.3000000119
1050  16.020  -77.714  -26.579 0.3000000119
129848  16.560  -76.779  -27.619 0.3000000119
2109  16.859  -75.610  -27.734 0.3000000119
115000  15.724  -81.699  -16.506 0.4000000060
124866  14.573  -82.059  -15.822 0.5000000000
169  14.275  -83.129  -15.753 0.5000000000
514  16.701  -81.185  -16.522 0.4000000060
513  17.909  -81.035  -16.395 0.4000000060
120028  18.475  -80.346  -16.326 0.3000000119
115941  22.600  -79.632  -18.832 0.4000000060
738  21.450  -79.860  -16.395 0.3000000119
751  22.516  -79.449  -16.948 0.4000000060
114917  22.096  -79.885  -18.281 0.5000000000
737  22.185  -79.445  -16.674 0.3000000119
820  15.683  -79.446  -26.774 0.3000000119
1704  16.912  -76.468  -27.005 0.3000000119
2095  17.321  -76.577  -26.644 0.3000000119
119455  17.516  -75.578  -27.470 0.3000000119
515  15.537  -80.666  -16.334 0.3000000119
321  14.825  -81.078  -15.977 0.4000000060
115157  16.179  -80.297  -16.473 0.3000000119
983  21.708  -79.222  -16.499 0.3000000119
766  23.292  -79.317  -18.949 0.4000000060
767  22.789  -79.592  -19.819 0.4000000060
759  22.848  -79.508  -17.803 0.4000000060
127280  22.666  -78.791  -16.783 0.3000000119
1684  15.589  -77.144  -24.537 0.4000000060
1312  15.401  -77.772  -25.030 0.4000000060
1313  15.073  -78.122  -24.355 0.4000000060
1045  15.168  -78.377  -23.776 0.4000000060
805  15.284  -79.146  -24.075 0.4000000060
803  17.103  -79.552  -23.735 0.5000000000
1693  17.168  -76.785  -25.523 0.3000000119
2108  17.986  -75.537  -27.404 0.3000000119
2113  18.979  -75.638  -28.297 0.3000000119
745  14.867  -79.697  -15.873 0.3000000119
1000  24.524  -78.516  -18.172 0.3000000119
1010  24.092  -78.803  -19.150 0.3000000119
775  24.077  -78.465  -21.349 0.4000000060
786  23.652  -78.634  -22.091 0.4000000060
1254  21.615  -78.020  -16.956 0.3000000119
993  23.988  -78.514  -17.492 0.3000000119
994  23.520  -78.622  -17.149 0.3000000119
750  23.302  -79.049  -17.203 0.3000000119
1040  19.897  -78.974  -23.479 0.5000000000
1039  21.274  -78.907  -23.817 0.5000000000
2482  16.997  -74.537  -24.489 0.3000000119
2075  16.208  -75.764  -24.216 0.3000000119
2085  17.224  -75.831  -24.664 0.3000000119
2076  15.845  -76.446  -24.274 0.3000000119
1305  15.197  -77.412  -23.974 0.4000000060
1300  16.611  -77.659  -22.095 0.5000000000
1030  18.059  -78.436  -22.580 0.5000000000
1034  15.186  -77.671  -23.495 0.4000000060
1033  15.351  -77.965  -22.961 0.4000000060
1043  16.529  -78.886  -23.101 0.5000000000
1042  17.585  -79.022  -23.079 0.5000000000
1703  18.025  -76.980  -25.592 0.3000000119
2094  17.931  -76.638  -26.470 0.3000000119
2107  18.528  -76.699  -26.927 0.3000000119
2106  19.228  -77.187  -27.240 0.3000000119
1721  19.570  -77.169  -28.235 0.4000000060
1008  25.218  -77.927  -20.380 0.3000000119
1025  24.133  -78.111  -21.810 0.4000000060
1265  22.395  -77.598  -17.207 0.3000000119
127067  24.239  -78.211  -17.371 0.3000000119
992  24.754  -78.118  -17.625 0.3000000119
1264  23.279  -78.199  -17.145 0.3000000119
1027  22.799  -78.934  -23.240 0.4000000060
122672  22.182  -78.744  -23.581 0.5000000000
1295  21.391  -77.282  -22.480 0.4000000060
130316  21.413  -78.051  -23.084 0.5000000000
2946  17.161  -73.039  -24.089 0.3000000119
1297  19.522  -77.659  -22.475 0.5000000000
1028  20.284  -78.231  -23.018 0.5000000000
2478  15.970  -74.970  -23.584 0.3000000119
1288  18.026  -77.052  -21.745 0.4000000060
129874  18.926  -77.186  -22.082 0.5000000000
2070  15.611  -75.820  -23.429 0.4000000060
2065  15.518  -75.807  -22.593 0.4000000060
125060  17.110  -77.190  -21.742 0.5000000000
1298  18.507  -77.751  -22.249 0.5000000000
1678  15.405  -76.696  -23.664 0.4000000060
127715  15.272  -77.321  -22.885 0.5000000000
1301  15.770  -77.368  -22.305 0.5000000000
1691  18.487  -76.840  -25.402 0.3000000119
1690  19.036  -77.027  -25.703 0.4000000060
1715  19.309  -77.243  -26.420 0.3000000119
3991  14.851  -71.186  -30.492 0.5000000000
1728  19.764  -77.590  -29.264 0.3000000119
1644  22.191  -76.622  -17.299 0.3000000119
1263  24.063  -78.032  -17.217 0.3000000119
1284  24.587  -77.554  -21.197 0.3000000119
1660  23.658  -77.285  -21.383 0.3000000119
1287  22.053  -77.194  -22.024 0.5000000000
1672  20.590  -76.639  -22.205 0.4000000060
1662  21.228  -76.531  -21.924 0.3000000119
112719  17.626  -72.259  -23.852 0.3000000119
1664  19.849  -76.156  -21.893 0.5000000000
2953  16.870  -73.766  -24.214 0.3000000119
123227  18.198  -76.175  -21.497 0.4000000060
1665  18.965  -76.549  -21.809 0.4000000060
2474  15.689  -75.044  -22.789 0.4000000060
1668  15.763  -76.031  -21.947 0.4000000060
1667  16.288  -76.257  -21.640 0.4000000060
1666  17.162  -76.461  -21.504 0.4000000060
2491  17.795  -74.932  -24.884 0.3000000119
2490  18.540  -75.382  -25.179 0.3000000119
1290  15.864  -76.646  -21.935 0.4000000060
1289  16.399  -76.939  -21.769 0.5000000000
2093  19.482  -76.396  -25.767 0.3000000119
128243  19.505  -77.054  -26.097 0.4000000060
1701  19.926  -77.313  -26.771 0.4000000060
3979  15.182  -69.684  -28.965 0.5000000000
1714  19.830  -77.572  -27.457 0.4000000060
1713  20.485  -77.597  -27.577 0.5000000000
4555  14.685  -70.589  -31.612 0.5000000000
1643  23.166  -77.062  -17.365 0.3000000119
6944  12.321  -65.963  -22.076 0.5000000000
1663  20.549  -75.947  -21.747 0.3000000119
2055  21.208  -75.781  -21.321 0.3000000119
7646  13.027  -65.234  -22.709 0.5000000000
6318  10.733  -67.190  -22.597 0.6000000238
3932  18.217  -71.483  -23.709 0.3000000119
3415  17.104  -72.629  -23.191 0.3000000119
3426  18.332  -72.289  -25.053 0.3000000119
2947  16.599  -73.483  -23.342 0.3000000119
2943  16.355  -73.730  -22.237 0.3000000119
2058  18.412  -75.470  -21.297 0.4000000060
2057  19.891  -75.422  -21.563 0.4000000060
5701  13.658  -68.864  -22.931 0.5000000000
125311  8.220  -68.630  -22.186 0.5000000000
131981  15.996  -74.520  -22.266 0.3000000119
118128  16.418  -75.198  -21.499 0.3000000119
2059  16.746  -75.707  -21.413 0.3000000119
113682  17.082  -74.900  -21.115 0.3000000119
4482  14.253  -70.068  -23.774 0.5000000000
2500  19.214  -75.107  -25.631 0.3000000119
4515  15.224  -70.170  -25.680 0.5000000000
2499  19.982  -75.248  -26.268 0.3000000119
4535  15.225  -70.319  -27.307 0.5000000000
2092  20.202  -76.519  -26.460 0.4000000060
5146  14.962  -68.339  -28.576 0.6000000238
117708  21.164  -76.004  -27.163 0.4000000060
2105  20.807  -77.050  -27.213 0.5000000000
4547  14.994  -69.110  -30.111 0.5000000000
1712  21.508  -77.449  -27.783 0.4000000060
1325  20.906  -77.835  -28.171 0.3000000119
1334  20.053  -77.883  -28.473 0.4000000060
4562  14.921  -69.452  -31.698 0.6000000238
2111  24.190  -75.475  -28.321 0.3000000119
2118  23.652  -75.839  -28.533 0.4000000060
1337  21.688  -77.574  -28.867 0.4000000060
1333  20.394  -77.893  -28.688 0.3000000119
5178  15.200  -69.394  -32.175 0.6000000238
4563  14.806  -70.099  -32.329 0.5000000000
2517  24.608  -74.820  -28.294 0.3000000119
133857  23.974  -75.320  -28.718 0.5000000000
123518  22.481  -75.519  -29.592 0.4000000060
2127  21.528  -75.952  -30.030 0.4000000060
4580  14.707  -70.819  -32.992 0.6000000238
2981  24.691  -74.056  -28.938 0.3000000119
2982  24.214  -74.070  -29.379 0.5000000000
2527  22.732  -74.384  -29.680 0.4000000060
2983  23.397  -73.977  -29.618 0.5000000000
2534  21.623  -74.379  -30.093 0.4000000060
2533  22.486  -73.352  -30.177 0.5000000000
6317  11.221  -67.241  -22.003 0.6000000238
132925  10.298  -67.702  -22.349 0.6000000238
4501  18.945  -70.874  -23.960 0.3000000119
3933  17.565  -71.851  -22.999 0.3000000119
3416  16.697  -72.993  -22.554 0.3000000119
6300  10.656  -67.779  -21.895 0.6000000238
5690  9.845  -68.203  -22.035 0.6000000238
3946  18.705  -71.543  -24.640 0.3000000119
3406  16.663  -72.999  -21.765 0.3000000119
2941  16.677  -73.639  -21.318 0.3000000119
5057  8.503  -69.189  -21.225 0.6000000238
4514  20.351  -70.911  -25.410 0.3000000119
2471  16.440  -74.481  -21.525 0.3000000119
5058  7.649  -69.433  -20.807 0.6000000238
120893  19.669  -74.238  -26.303 0.3000000119
5648  7.225  -69.060  -19.503 0.6000000238
132394  6.604  -69.062  -20.307 0.6000000238
5650  5.971  -68.403  -19.273 0.6000000238
6277  5.740  -67.997  -18.837 0.5000000000
1711  22.558  -77.047  -27.933 0.4000000060
1725  23.162  -76.523  -28.288 0.4000000060
2988  24.574  -73.131  -29.600 0.4000000060
2989  23.754  -73.250  -30.002 0.5000000000
4480  19.665  -70.340  -24.074 0.3000000119
5083  19.130  -70.219  -23.227 0.3000000119
4481  18.561  -70.821  -23.296 0.3000000119
3918  18.050  -71.121  -22.814 0.3000000119
3405  17.025  -72.284  -22.224 0.3000000119
3394  16.953  -72.467  -21.333 0.3000000119
3387  17.241  -72.776  -20.666 0.3000000119
6299  11.235  -67.695  -21.207 0.5000000000
4500  19.482  -70.980  -24.786 0.3000000119
134307  19.153  -71.457  -25.094 0.3000000119
5657  10.393  -68.439  -20.214 0.5000000000
5670  9.454  -68.762  -21.206 0.6000000238
126545  20.139  -70.468  -24.688 0.3000000119
2938  17.501  -73.497  -20.582 0.3000000119
5046  9.021  -69.080  -20.419 0.6000000238
5038  7.632  -69.394  -19.955 0.6000000238
2508  22.595  -75.355  -27.311 0.3000000119
2509  21.705  -74.956  -27.341 0.3000000119
6261  6.653  -67.883  -18.386 0.6000000238
6876  6.647  -66.763  -17.396 0.6000000238
5036  9.498  -68.727  -19.984 0.6000000238
124265  9.487  -68.351  -19.714 0.5000000000
6275  8.653  -67.871  -19.507 0.6000000238
6276  7.848  -68.323  -19.331 0.6000000238
6887  7.408  -67.091  -18.231 0.6000000238
6251  6.935  -67.325  -17.881 0.6000000238
7565  7.652  -66.002  -16.979 0.6000000238
6874  7.619  -66.327  -17.613 0.6000000238
7554  8.223  -65.342  -16.714 0.5000000000
5645  10.290  -68.276  -19.787 0.5000000000
6901  8.656  -67.063  -19.705 0.5000000000
6903  7.790  -67.552  -19.163 0.5000000000
8292  8.345  -65.202  -18.201 0.6000000238
9726  10.041  -62.173  -15.876 0.5000000000
12111  9.315  -60.027  -17.474 0.6000000238
10457  9.788  -60.772  -16.704 0.6000000238
130051  9.920  -61.479  -16.000 0.5000000000
12096  9.138  -59.951  -16.718 0.6000000238
11262  9.503  -60.982  -15.606 0.6000000238
6915  8.110  -66.410  -20.086 0.5000000000
8291  8.606  -64.293  -18.518 0.5000000000
9013  9.234  -63.537  -18.144 0.5000000000
8275  8.837  -65.013  -17.041 0.6000000238
9768  9.175  -62.667  -18.712 0.6000000238
9749  9.858  -62.639  -17.713 0.5000000000
8987  9.830  -63.373  -16.314 0.5000000000
115607  9.654  -61.747  -18.344 0.6000000238
11310  8.428  -60.572  -20.135 0.6000000238
11290  9.722  -60.728  -17.985 0.6000000238
12097  8.505  -59.508  -16.295 0.5000000000
12879  9.509  -58.390  -12.482 0.5000000000
7612  8.570  -66.074  -20.517 0.5000000000
115432  7.790  -65.588  -19.550 0.5000000000
9014  8.384  -63.654  -19.260 0.6000000238
12042  10.823  -59.983  -11.872 0.5000000000
11215  10.573  -60.937  -10.708 0.6000000238
12054  10.161  -59.277  -12.319 0.6000000238
113387  10.376  -58.801  -13.724 0.6000000238
12043  9.853  -59.600  -11.685 0.5000000000
12887  9.606  -58.224  -13.385 0.5000000000
13681  8.437  -56.829  -13.488 0.5000000000
12927  7.156  -58.336  -16.311 0.5000000000
12098  7.948  -58.883  -16.728 0.5000000000
12071  13.524  -59.356  -14.490 0.6000000238
12050  13.567  -59.255  -12.735 0.6999999881
12072  12.743  -59.571  -14.036 0.6000000238
12051  13.015  -59.569  -12.290 0.6999999881
12040  12.555  -59.760  -11.078 0.6000000238
11213  12.157  -60.135  -10.664 0.6000000238
12061  12.861  -59.612  -13.132 0.6000000238
112074  12.446  -59.808  -11.772 0.6000000238
12084  12.649  -59.449  -14.983 0.6000000238
12893  11.768  -59.387  -14.471 0.6000000238
12052  12.229  -59.755  -12.556 0.6000000238
11229  11.918  -60.237  -11.252 0.5000000000
11214  11.486  -60.623  -10.530 0.6000000238
12907  11.780  -59.155  -15.473 0.6000000238
132165  11.426  -59.354  -13.937 0.6000000238
12053  11.222  -59.620  -12.701 0.5000000000
11230  11.153  -60.445  -11.256 0.6000000238
116663  10.926  -58.925  -15.008 0.6000000238
12063  11.025  -59.302  -13.546 0.6000000238
12908  10.259  -58.290  -15.443 0.6000000238
12894  10.917  -59.072  -14.199 0.6000000238
12895  10.076  -58.414  -14.414 0.6000000238
13689  9.203  -57.641  -14.031 0.5000000000
133718  7.732  -55.996  -13.188 0.5000000000
14567  7.308  -55.480  -14.304 0.5000000000
15456  6.521  -54.886  -14.579 0.5000000000
115234  5.658  -54.736  -14.107 0.5000000000
12039  13.140  -59.307  -11.490 0.6000000238
12861  12.789  -58.868  -10.328 0.6999999881
114773  11.050  -58.654  -15.852 0.5000000000
114017  9.465  -57.689  -14.985 0.6000000238
13704  8.879  -57.094  -15.485 0.6000000238
13690  8.662  -57.022  -14.510 0.5000000000
14578  8.281  -56.495  -15.926 0.6000000238
14579  7.468  -55.721  -15.315 0.5000000000
112972  6.961  -55.283  -16.537 0.6000000238
15457  5.741  -54.543  -14.997 0.6000000238
14564  16.220  -56.055  -14.804 0.4000000060
14541  12.976  -56.512  -11.538 0.6999999881
14536  12.097  -56.092  -10.296 0.5000000000
14531  11.991  -56.741  -9.770 0.5000000000
131645  16.239  -56.111  -15.506 0.6000000238
14565  15.742  -56.790  -14.547 0.5000000000
14535  12.647  -56.775  -10.615 0.6000000238
13650  12.062  -57.652  -9.534 0.5000000000
14589  16.153  -55.619  -16.168 0.5000000000
14540  13.611  -57.172  -11.956 0.6000000238
13655  13.058  -57.687  -10.724 0.8000000119
13670  14.067  -58.055  -12.310 0.6999999881
12860  13.229  -58.568  -10.923 0.8000000119
118804  12.503  -58.320  -9.869 0.6999999881
14592  8.453  -56.499  -16.811 0.6000000238
14593  7.674  -55.920  -16.395 0.6000000238
15405  11.220  -55.183  -9.849 0.5000000000
15446  15.903  -55.868  -14.145 0.5000000000
14524  11.244  -56.314  -9.144 0.5000000000
16373  16.283  -54.809  -15.716 0.4000000060
15455  16.355  -55.420  -15.223 0.4000000060
16374  15.927  -54.585  -16.444 0.4000000060
121244  15.021  -54.825  -17.780 0.5000000000
16396  14.514  -54.177  -18.360 0.4000000060
15409  11.692  -55.330  -10.505 0.5000000000
16316  10.687  -54.607  -9.618 0.5000000000
15427  15.465  -55.423  -13.618 0.3000000119
16340  14.641  -55.181  -13.301 0.3000000119
15412  11.957  -55.239  -11.566 0.6000000238
17317  15.260  -53.285  -17.319 0.4000000060
17318  14.771  -53.225  -18.017 0.4000000060
17325  14.067  -53.794  -18.929 0.4000000060
16319  11.288  -54.463  -11.055 0.6000000238
17324  14.368  -53.310  -18.604 0.4000000060
16315  11.134  -54.712  -10.257 0.5000000000
17282  15.720  -53.241  -12.891 0.3000000119
16327  14.801  -54.190  -12.834 0.3000000119
16341  13.986  -54.600  -13.189 0.3000000119
19063  14.747  -51.817  -18.785 0.3000000119
18218  13.937  -53.040  -19.176 0.4000000060
19072  14.546  -51.643  -19.544 0.4000000060
17283  13.303  -53.987  -13.336 0.4000000060
16323  10.925  -53.970  -11.819 0.6000000238
17257  10.320  -53.608  -10.470 0.4000000060
113690  16.139  -52.816  -13.058 0.3000000119
18157  15.683  -52.561  -12.646 0.3000000119
130235  10.428  -53.463  -11.538 0.5000000000
17294  11.927  -54.153  -14.536 0.4000000060
17295  11.197  -53.850  -14.885 0.4000000060
17308  10.284  -53.230  -15.372 0.5000000000
18179  11.726  -53.230  -14.499 0.4000000060
18180  11.087  -53.078  -15.093 0.4000000060
20669  11.779  -49.775  -14.546 0.3000000119
20682  11.052  -49.862  -15.063 0.3000000119
19822  11.336  -50.665  -14.627 0.3000000119
129966  10.437  -50.811  -15.478 0.3000000119
19839  9.815  -50.162  -16.205 0.3000000119
20673  3.441  -50.439  -15.489 0.4000000060
128029  11.540  -49.285  -15.057 0.3000000119
2466  17.668  -74.208  -20.740 0.3000000119
2104  22.046  -76.432  -27.499 0.4000000060
15479  7.620  -55.710  -17.344 0.6000000238
125368  3.546  -50.235  -13.765 0.4000000060
15467  15.614  -55.355  -17.124 0.5000000000
19017  10.940  -51.916  -15.002 0.3000000119
1338  21.041  -77.715  -29.441 0.3000000119
2119  22.826  -76.341  -28.985 0.4000000060
7581  7.750  -66.216  -18.671 0.5000000000
512  19.002  -81.103  -16.189 0.4000000060
319  17.713  -81.924  -16.651 0.5000000000
534  21.470  -80.129  -18.859 0.5000000000
1317  15.317  -78.593  -25.692 0.4000000060
1683  16.278  -76.994  -25.127 0.4000000060
815  15.230  -79.588  -24.915 0.4000000060
310  14.408  -81.313  -14.852 0.3000000119
116952  20.823  -78.424  -16.616 0.3000000119
758  23.727  -79.013  -17.963 0.3000000119
114663  23.641  -79.057  -20.336 0.4000000060
129218  23.600  -79.036  -21.457 0.4000000060
2086  16.789  -76.521  -24.808 0.3000000119
1692  17.827  -76.710  -25.078 0.4000000060
1018  24.484  -78.424  -20.377 0.4000000060
794  23.205  -79.001  -22.839 0.4000000060
1299  17.534  -77.759  -22.084 0.5000000000
3973  15.142  -71.039  -28.047 0.5000000000
1702  18.608  -77.118  -25.871 0.4000000060
1262  24.929  -77.761  -17.439 0.3000000119
1285  24.126  -77.962  -21.846 0.4000000060
1294  23.427  -78.450  -22.356 0.4000000060
125251  22.414  -78.090  -22.762 0.5000000000
1296  20.531  -77.414  -22.615 0.5000000000
2473  16.043  -74.278  -23.024 0.3000000119
2084  18.234  -76.202  -24.986 0.3000000119
2083  18.897  -76.316  -25.311 0.3000000119
3990  14.991  -70.000  -30.779 0.6000000238
1661  22.604  -76.884  -21.431 0.3000000119
1286  23.133  -77.696  -22.054 0.4000000060
117164  17.575  -75.626  -21.287 0.3000000119
125528  15.371  -69.682  -26.703 0.5000000000
2052  20.878  -74.885  -20.842 0.3000000119
121890  18.038  -74.933  -20.982 0.3000000119
2112  23.873  -76.109  -27.971 0.4000000060
1720  22.663  -76.977  -28.143 0.4000000060
1332  21.051  -77.863  -28.769 0.4000000060
2977  24.923  -74.070  -28.319 0.3000000119
3919  17.513  -71.472  -22.136 0.3000000119
5646  8.713  -68.709  -19.718 0.6000000238
1710  23.283  -76.512  -27.919 0.3000000119
3902  17.208  -71.855  -21.551 0.3000000119
112405  17.229  -71.930  -20.859 0.3000000119
4513  21.290  -70.793  -25.380 0.3000000119
8997  9.738  -63.567  -17.189 0.5000000000
10471  10.100  -61.635  -17.411 0.6000000238
12870  13.600  -58.621  -11.736 0.6999999881
13649  12.548  -57.543  -10.121 0.6999999881
13663  13.531  -57.903  -11.414 0.6999999881
15408  12.379  -55.916  -11.032 0.6000000238
16339  15.799  -54.509  -13.549 0.3000000119
17270  15.103  -53.357  -12.605 0.3000000119
5773  15.068  -67.933  -28.526 0.5000000000
5759  15.550  -68.073  -27.712 0.5000000000
131220  23.089  -71.022  -34.649 0.6000000238
111196  7.927  -64.794  -19.497 0.4000000060
116375  7.978  -63.402  -20.263 0.5000000000
120754  8.673  -59.436  -17.152 0.5000000000
12130  8.034  -59.120  -20.163 0.5000000000
12129  8.463  -59.286  -19.412 0.5000000000
12952  8.355  -58.834  -18.628 0.5000000000
12942  7.404  -58.326  -17.237 0.5000000000
12953  7.651  -58.300  -18.144 0.5000000000
12959  7.468  -58.458  -20.242 0.5000000000
119079  7.746  -58.273  -18.890 0.5000000000
13738  6.859  -57.773  -17.748 0.5000000000
12928  6.567  -57.779  -16.798 0.5000000000
114964  6.488  -57.417  -19.823 0.6000000238
120417  6.657  -57.465  -19.110 0.5000000000
13739  5.960  -57.253  -17.311 0.5000000000
16364  5.137  -54.327  -15.629 0.5000000000
14622  5.814  -56.916  -19.246 0.6000000238
13723  4.733  -56.140  -15.869 0.5000000000
15458  4.261  -54.689  -15.764 0.5000000000
13755  6.158  -57.239  -18.329 0.6000000238
13756  5.324  -56.734  -17.698 0.6000000238
13722  5.671  -57.104  -16.365 0.5000000000
13765  5.527  -56.775  -20.231 0.6000000238
14638  4.569  -56.034  -19.496 0.6000000238
14623  5.031  -56.444  -18.462 0.6000000238
15470  3.826  -54.703  -16.337 0.6000000238
131133  3.832  -55.157  -19.166 0.6000000238
16376  4.597  -54.114  -16.275 0.5000000000
15469  6.085  -54.565  -15.993 0.5000000000
116155  3.407  -54.808  -17.605 0.6000000238
14594  4.315  -55.778  -16.558 0.6000000238
12011  11.730  -59.852  -9.375 0.5000000000
123879  11.783  -59.082  -9.172 0.5000000000
12010  12.338  -59.230  -9.735 0.5000000000
15480  6.472  -54.840  -17.190 0.6000000238
133537  3.477  -53.864  -18.686 0.6000000238
16384  5.001  -53.929  -17.360 0.6000000238
127589  3.315  -53.972  -17.935 0.6000000238
16385  4.014  -53.950  -16.787 0.6000000238
16400  4.412  -53.551  -18.416 0.6000000238
120463  12.590  -53.291  -13.662 0.3000000119
19020  3.216  -51.438  -15.200 0.3000000119
3463  23.207  -72.699  -30.831 0.4000000060
4008  14.946  -71.476  -33.328 0.5000000000
4579  15.462  -70.458  -33.130 0.5000000000
126515  23.876  -71.958  -33.167 0.4000000060
114499  15.762  -69.188  -32.446 0.4000000060
4583  23.463  -70.462  -34.348 0.4000000060
5135  15.300  -68.735  -27.690 0.4000000060
5784  14.957  -67.881  -29.958 0.4000000060
126755  14.841  -67.929  -28.955 0.4000000060
5168  14.987  -68.145  -30.614 0.4000000060
5798  15.500  -68.787  -31.850 0.4000000060
5806  24.133  -68.955  -33.809 0.4000000060
116717  23.510  -69.625  -33.630 0.4000000060
5182  22.712  -70.258  -32.752 0.4000000060
118193  15.519  -69.184  -26.272 0.4000000060
5197  23.915  -69.712  -34.204 0.4000000060
130687  23.674  -69.903  -34.209 0.4000000060
5171  23.384  -69.215  -31.334 0.4000000060
5152  22.993  -69.309  -29.843 0.5000000000
15510  3.721  -54.388  -19.400 0.5000000000
16451  4.611  -54.354  -20.754 0.5000000000
17331  4.441  -53.446  -19.458 0.5000000000
16433  4.838  -53.487  -20.402 0.5000000000
18237  6.696  -52.709  -21.247 0.5000000000
16417  5.238  -53.608  -19.274 0.5000000000
17344  6.902  -52.659  -21.140 0.5000000000
132583  11.620  -57.869  -9.098 0.4000000060
13634  11.481  -57.160  -9.099 0.4000000060
17345  5.996  -52.916  -20.801 0.5000000000
16399  5.512  -54.032  -18.516 0.5000000000
4572  22.508  -70.853  -34.536 0.5000000000
4582  24.194  -69.936  -34.276 0.4000000060
5181  23.389  -69.452  -32.447 0.4000000060
177  14.549  -83.307  -16.563 0.4000000060
88  14.410  -83.854  -17.709 0.4000000060
761  14.459  -79.578  -18.452 0.4000000060
176  15.496  -83.430  -17.416 0.4000000060
113502  15.346  -79.994  -18.713 0.4000000060
96  15.256  -83.766  -18.435 0.4000000060
120361  16.965  -79.123  -19.698 0.4000000060
121182  16.217  -80.475  -18.873 0.4000000060
529  15.620  -81.520  -18.936 0.4000000060
174  17.846  -82.560  -17.100 0.5000000000
175  16.827  -83.095  -17.422 0.5000000000
181  17.385  -83.105  -17.931 0.4000000060
95  16.367  -83.510  -18.152 0.4000000060
173  18.492  -82.102  -16.936 0.5000000000
328  19.606  -81.427  -17.598 0.5000000000
180  18.177  -82.468  -17.526 0.5000000000
184  17.298  -83.016  -18.567 0.4000000060
185  16.495  -83.201  -19.038 0.4000000060
117738  19.373  -81.202  -18.234 0.4000000060
329  18.715  -82.077  -17.823 0.4000000060
541  19.438  -79.899  -20.235 0.4000000060
768  18.934  -79.694  -19.612 0.4000000060
127436  17.549  -79.830  -19.077 0.4000000060
528  17.125  -80.882  -18.877 0.4000000060
114096  16.535  -82.101  -19.076 0.4000000060
769  17.845  -79.362  -19.721 0.4000000060
128378  16.684  -79.641  -19.064 0.4000000060
535  19.613  -80.278  -19.052 0.5000000000
526  18.687  -81.436  -18.408 0.4000000060
330  17.948  -82.400  -18.385 0.4000000060
331  17.301  -82.512  -18.835 0.4000000060
122399  20.133  -80.232  -19.558 0.5000000000
134327  19.525  -79.922  -19.634 0.4000000060
536  18.442  -80.060  -19.006 0.4000000060
527  17.971  -81.264  -18.714 0.4000000060
336  20.289  -81.292  -22.080 0.3000000119
345  20.506  -81.568  -23.139 0.3000000119
560  20.969  -81.219  -22.649 0.4000000060
123847  20.593  -80.809  -21.347 0.3000000119
559  21.689  -80.710  -22.841 0.4000000060
549  21.036  -80.918  -21.909 0.4000000060
371  20.441  -81.262  -25.700 0.3000000119
367  20.808  -81.411  -25.111 0.4000000060
344  21.294  -81.162  -23.619 0.4000000060
569  21.864  -80.460  -24.053 0.4000000060
573  21.092  -80.851  -25.274 0.4000000060
356  21.398  -80.972  -24.668 0.4000000060
799  22.194  -79.762  -24.142 0.4000000060
798  22.619  -79.387  -23.462 0.3000000119
550  19.856  -80.680  -21.168 0.3000000119
547  22.443  -79.981  -21.652 0.3000000119
548  21.695  -80.521  -21.763 0.4000000060
574  20.491  -80.829  -25.595 0.4000000060
568  22.405  -80.036  -23.453 0.3000000119
117259  21.634  -79.756  -24.453 0.4000000060
124339  22.073  -79.330  -24.033 0.4000000060
540  20.442  -80.431  -20.505 0.4000000060
115891  21.142  -80.545  -20.909 0.4000000060
582  19.975  -81.194  -26.034 0.4000000060
811  18.990  -80.304  -24.839 0.4000000060
575  19.703  -80.840  -25.840 0.4000000060
802  18.243  -79.649  -23.852 0.4000000060
801  19.433  -79.642  -24.099 0.4000000060
809  21.054  -80.368  -24.969 0.4000000060
127657  20.883  -80.298  -19.482 0.4000000060
538  22.251  -79.950  -20.457 0.3000000119
539  21.565  -80.162  -20.030 0.4000000060
787  23.231  -79.293  -22.084 0.3000000119
812  17.790  -80.244  -24.639 0.4000000060
813  16.611  -80.101  -24.485 0.4000000060
1041  18.714  -79.049  -23.202 0.4000000060
800  20.659  -79.618  -24.403 0.4000000060
327  20.340  -80.962  -17.481 0.4000000060
533  22.091  -79.874  -19.381 0.3000000119
520  20.582  -80.782  -16.742 0.4000000060
525  20.127  -80.684  -18.339 0.4000000060
119855  20.842  -80.491  -18.154 0.4000000060
5781  22.923  -68.960  -29.101 0.4000000060
810  20.147  -80.280  -25.027 0.4000000060
94  16.711  -83.323  -18.592 0.4000000060
101  15.912  -83.551  -18.859 0.4000000060
183  17.870  -82.692  -18.109 0.4000000060
314  14.500  -81.121  -15.365 0.4000000060
316  19.900  -81.153  -16.497 0.4000000060
318  18.424  -81.757  -16.579 0.4000000060
324  19.372  -81.665  -17.103 0.5000000000
325  18.803  -82.030  -17.186 0.5000000000
357  20.793  -81.562  -24.175 0.4000000060
368  20.183  -81.846  -25.412 0.3000000119
516  14.920  -80.225  -16.018 0.3000000119
519  21.780  -79.861  -16.636 0.4000000060
523  22.069  -79.925  -17.255 0.5000000000
558  22.747  -79.611  -22.767 0.3000000119
572  21.596  -80.343  -24.687 0.4000000060
736  22.896  -79.115  -16.853 0.3000000119
744  15.436  -79.735  -16.268 0.3000000119
776  23.003  -79.542  -20.978 0.3000000119
804  16.024  -79.422  -23.755 0.4000000060
991  25.420  -77.760  -17.741 0.3000000119
1009  24.929  -78.332  -19.343 0.3000000119
1011  17.054  -78.992  -19.993 0.4000000060
1029  19.142  -78.389  -22.765 0.4000000060
1031  17.019  -78.382  -22.519 0.5000000000
1032  16.026  -78.206  -22.604 0.5000000000
1038  22.408  -79.293  -23.748 0.4000000060
1044  15.640  -78.658  -23.323 0.4000000060
1048  15.066  -78.875  -24.623 0.4000000060
1324  21.878  -77.542  -28.273 0.4000000060
1326  20.219  -77.837  -28.107 0.4000000060
1346  19.576  -77.693  -30.397 0.4000000060
1347  19.034  -77.749  -30.691 0.3000000119
1352  19.459  -77.661  -31.039 0.3000000119
1354  18.123  -77.560  -31.563 0.3000000119
1673  19.751  -76.900  -22.223 0.5000000000
1674  15.448  -76.639  -22.520 0.4000000060
1675  15.205  -76.980  -23.247 0.4000000060
1726  22.395  -77.095  -28.606 0.4000000060
1727  21.957  -77.192  -29.240 0.4000000060
2060  16.144  -75.670  -21.648 0.4000000060
2061  15.876  -75.245  -21.939 0.4000000060
2120  22.056  -76.496  -29.530 0.4000000060
2467  17.006  -74.053  -20.887 0.3000000119
2477  16.443  -74.303  -23.851 0.3000000119
2525  24.269  -74.806  -28.827 0.3000000119
2526  23.577  -75.090  -29.197 0.5000000000
2939  17.030  -73.433  -20.842 0.3000000119
3395  16.833  -73.061  -21.118 0.3000000119
3475  23.527  -72.332  -32.743 0.4000000060
3481  23.234  -72.080  -33.691 0.4000000060
3483  21.412  -71.954  -34.407 0.6000000238
3493  21.675  -71.300  -34.610 0.6999999881
3945  19.576  -71.453  -25.537 0.3000000119
3947  18.094  -72.023  -24.392 0.3000000119
3986  15.074  -70.531  -29.772 0.5000000000
4002  22.498  -71.381  -34.578 0.6999999881
4003  20.350  -71.371  -34.166 0.6999999881
4011  23.907  -70.545  -34.358 0.4000000060
4539  15.247  -69.583  -28.071 0.5000000000
4544  22.540  -69.860  -30.003 0.6000000238
4546  21.249  -70.308  -30.093 0.6000000238
4554  14.912  -68.814  -31.042 0.6000000238
4568  15.264  -69.892  -32.702 0.6000000238
4569  14.768  -70.408  -32.647 0.5000000000
4574  20.195  -70.449  -33.930 0.6999999881
4578  16.342  -70.112  -33.286 0.6000000238
4584  22.493  -71.028  -34.703 0.5000000000
4585  21.983  -71.054  -34.633 0.6999999881
5037  8.513  -69.154  -19.931 0.6000000238
5039  6.833  -69.228  -19.878 0.6000000238
5047  8.289  -69.369  -20.381 0.6000000238
5048  6.985  -69.378  -20.483 0.6000000238
5055  15.017  -69.070  -21.924 0.6999999881
5075  14.464  -69.290  -22.473 0.6999999881
5082  19.960  -69.715  -23.506 0.3000000119
5085  14.828  -69.672  -23.306 0.6999999881
5086  14.054  -69.657  -23.139 0.5000000000
5112  15.590  -69.164  -25.697 0.6999999881
5126  15.573  -68.577  -26.983 0.5000000000
5142  22.292  -69.309  -28.611 0.4000000060
5158  14.849  -67.983  -29.423 0.4000000060
5163  22.948  -69.664  -30.581 0.4000000060
5177  15.165  -68.634  -31.459 0.4000000060
5189  22.994  -70.330  -34.060 0.4000000060
5191  19.372  -69.852  -33.591 0.8000000119
5194  15.978  -69.549  -32.976 0.4000000060
5635  7.138  -68.506  -18.980 0.6000000238
5636  6.279  -68.288  -18.795 0.6000000238
5647  7.863  -68.976  -19.553 0.6000000238
5649  6.599  -68.736  -19.360 0.6000000238
5658  6.190  -68.650  -20.028 0.6000000238
5666  15.503  -68.187  -21.194 0.8000000119
5669  10.433  -68.398  -21.076 0.6999999881
5689  14.076  -68.552  -22.117 0.6999999881
5691  8.983  -68.565  -21.882 0.6000000238
5699  16.242  -68.099  -23.658 0.6999999881
5700  15.838  -68.759  -23.825 0.8000000119
5723  16.262  -68.061  -25.699 0.6999999881
5738  20.446  -68.001  -26.462 0.5000000000
5742  15.804  -68.455  -26.260 0.6000000238
5772  15.443  -67.812  -28.796 0.5000000000
5791  15.133  -68.222  -30.718 0.4000000060
5796  16.608  -68.809  -32.206 0.6000000238
5801  17.031  -68.990  -32.704 0.6000000238
5805  24.482  -68.185  -33.645 0.4000000060
5808  24.437  -68.778  -33.770 0.4000000060
6252  6.332  -67.390  -17.892 0.6000000238
6260  7.275  -67.837  -18.598 0.6000000238
6262  6.078  -67.857  -18.364 0.5000000000
6270  15.201  -66.697  -19.810 0.6999999881
6272  11.587  -67.472  -19.709 0.6000000238
6273  10.849  -67.685  -19.473 0.6000000238
6274  9.717  -67.598  -19.507 0.6000000238
6284  15.799  -67.521  -20.616 0.6999999881
6335  17.514  -67.338  -24.501 0.8000000119
6352  16.856  -67.736  -25.119 0.6999999881
6867  7.026  -66.198  -16.856 0.6000000238
6875  7.215  -66.603  -17.409 0.6000000238
6886  11.233  -66.466  -18.867 0.6000000238
6896  16.169  -66.233  -19.643 0.8999999762
6902  8.105  -67.032  -19.619 0.5000000000
6911  16.386  -66.656  -20.352 0.8000000119
6914  13.143  -65.932  -20.264 0.6000000238
6925  14.180  -66.140  -21.076 0.6999999881
6926  13.824  -65.772  -21.912 0.6000000238
6928  11.783  -66.757  -21.674 0.6000000238
6945  11.606  -66.378  -22.498 0.5000000000
6946  11.069  -66.420  -23.119 0.6000000238
6955  18.968  -65.836  -23.488 0.5000000000
6966  20.408  -65.738  -24.861 0.5000000000
6984  20.803  -66.192  -25.404 0.5000000000
7564  8.138  -65.697  -17.391 0.6000000238
7575  16.038  -64.889  -18.884 0.8000000119
7576  14.938  -64.625  -18.758 0.6999999881
7579  12.276  -65.484  -18.500 0.6000000238
7590  15.761  -65.664  -19.165 0.6999999881
7595  9.309  -66.614  -19.795 0.5000000000
7597  7.858  -66.754  -19.403 0.5000000000
7606  17.278  -65.115  -20.780 0.6999999881
7608  14.220  -65.752  -20.231 0.6999999881
7628  17.426  -65.542  -21.481 0.8000000119
7647  12.493  -65.476  -22.706 0.5000000000
7660  20.532  -65.015  -24.741 0.5000000000
8261  9.366  -64.215  -16.682 0.5000000000
8274  9.145  -64.368  -17.536 0.6000000238
8286  15.149  -64.010  -18.549 0.6999999881
8288  13.431  -64.426  -18.429 0.6000000238
8324  8.010  -65.162  -21.365 0.5000000000
8340  8.012  -64.724  -22.067 0.6000000238
8986  10.117  -62.931  -16.910 0.5000000000
9008  16.068  -63.101  -18.784 0.8000000119
9009  15.403  -63.299  -18.552 0.8000000119
9012  12.284  -64.162  -18.517 0.6000000238
9032  11.755  -63.741  -19.083 0.6000000238
9052  17.117  -63.338  -20.541 0.6999999881
9068  7.944  -64.159  -22.442 0.6000000238
9069  7.887  -63.433  -22.961 0.6999999881
9081  17.912  -63.340  -22.923 0.6000000238
9087  19.964  -64.074  -24.372 0.6000000238
9739  10.148  -62.582  -16.406 0.5000000000
9740  9.952  -62.813  -15.852 0.5000000000
9765  14.889  -62.677  -18.520 0.8000000119
9767  13.174  -63.177  -18.517 0.5000000000
9785  15.946  -62.266  -19.122 0.6999999881
9796  16.696  -62.639  -20.078 0.6999999881
9807  10.101  -63.010  -22.134 0.6999999881
9814  16.001  -62.189  -22.861 0.5000000000
9816  8.611  -63.164  -23.411 0.6000000238
9818  7.797  -62.674  -23.008 0.6999999881
9825  8.545  -62.611  -23.642 0.6000000238
10442  9.668  -61.782  -15.339 0.5000000000
10456  10.181  -61.806  -16.557 0.5000000000
10470  10.234  -62.329  -16.999 0.6000000238
10483  15.225  -62.034  -18.847 0.8000000119
10497  13.156  -61.595  -19.538 0.6999999881
10511  16.249  -61.835  -21.261 0.6000000238
10514  11.323  -61.541  -21.363 0.5000000000
10516  7.751  -61.925  -22.550 0.6000000238
10522  9.495  -61.919  -23.154 0.6000000238
11196  12.085  -60.116  -10.037 0.6000000238
11197  11.400  -60.639  -9.730 0.6000000238
11269  9.093  -60.192  -15.960 0.6000000238
11300  15.128  -60.870  -19.762 0.6999999881
11301  14.484  -60.794  -19.693 0.6999999881
11307  14.275  -60.328  -20.380 0.6000000238
11308  13.414  -60.386  -20.482 0.6000000238
11309  12.866  -60.287  -20.856 0.5000000000
11333  7.405  -60.458  -23.756 0.6000000238
11350  9.066  -60.463  -23.871 0.5000000000
12028  12.920  -59.229  -10.812 0.6000000238
12029  12.523  -59.566  -10.423 0.5000000000
12041  11.668  -59.993  -11.907 0.5000000000
12060  13.597  -59.323  -13.573 0.6999999881
12062  11.928  -59.598  -13.500 0.6000000238
12070  14.166  -59.015  -14.977 0.8000000119
12112  8.835  -59.436  -17.990 0.5000000000
12122  9.265  -59.997  -18.185 0.6000000238
12123  8.862  -59.626  -18.730 0.6000000238
12134  8.366  -59.756  -19.962 0.6000000238
12135  8.066  -59.832  -20.675 0.6000000238
12140  7.702  -59.990  -21.622 0.6000000238
12155  11.678  -59.675  -22.833 0.6000000238
12176  6.626  -59.794  -24.452 0.6999999881
12191  12.443  -59.596  -24.692 0.5000000000
12196  5.732  -59.077  -25.385 0.6000000238
12206  11.063  -59.538  -26.568 0.5000000000
12207  10.216  -59.439  -26.417 0.6000000238
12211  6.085  -59.116  -25.962 0.6999999881
12221  7.613  -58.626  -26.626 0.5000000000
12232  10.982  -59.131  -27.347 0.5000000000
12233  10.325  -58.777  -27.266 0.5000000000
12234  9.725  -58.302  -27.120 0.5000000000
12843  11.998  -58.425  -9.355 0.6999999881
12886  10.286  -58.997  -13.044 0.6000000238
12905  13.899  -58.992  -15.779 0.8000000119
12923  14.194  -58.591  -16.377 0.8000000119
12925  12.506  -58.715  -16.646 0.6999999881
12938  13.708  -58.387  -17.112 0.8000000119
12940  12.018  -58.393  -17.147 0.6999999881
12941  8.207  -58.830  -17.661 0.5000000000
12956  7.972  -58.608  -19.475 0.5000000000
12960  6.808  -58.147  -20.987 0.6999999881
12989  4.774  -57.975  -23.784 0.6000000238
13009  4.676  -57.889  -24.618 0.5000000000
13038  9.070  -58.472  -27.033 0.5000000000
13040  6.721  -58.265  -26.654 0.5000000000
13049  11.472  -58.605  -27.373 0.5000000000
13051  10.421  -58.134  -27.171 0.5000000000
13664  13.207  -57.191  -11.190 0.6999999881
13678  15.202  -57.306  -14.131 0.6999999881
13680  8.952  -57.512  -13.285 0.5000000000
13703  9.670  -57.688  -15.941 0.6000000238
13717  15.458  -57.474  -16.229 0.6999999881
13718  14.864  -58.104  -16.281 0.8000000119
13720  9.962  -57.597  -16.778 0.6999999881
13737  9.751  -57.191  -17.440 0.6999999881
13740  5.078  -56.540  -16.888 0.6000000238
13751  12.776  -57.432  -18.296 0.8000000119
13753  11.018  -57.237  -18.311 0.8000000119
13754  7.140  -57.798  -18.632 0.5000000000
13764  7.287  -57.951  -19.489 0.5000000000
13776  6.932  -57.881  -20.234 0.6000000238
13824  4.781  -57.032  -23.063 0.5000000000
13879  4.768  -57.455  -24.469 0.6000000238
13894  8.673  -57.582  -26.554 0.5000000000
13895  7.608  -57.596  -26.440 0.5000000000
13896  6.221  -57.851  -26.412 0.5000000000
13897  5.483  -57.851  -25.976 0.5000000000
13906  9.030  -57.894  -26.902 0.5000000000
13907  7.955  -57.857  -26.654 0.5000000000
13908  7.070  -57.868  -26.581 0.5000000000
13914  11.109  -58.008  -27.131 0.5000000000
14556  7.930  -56.203  -13.997 0.5000000000
14566  8.092  -56.384  -14.946 0.6000000238
14580  4.500  -55.210  -15.231 0.5000000000
14590  15.983  -56.671  -16.079 0.6000000238
14595  4.058  -55.200  -16.015 0.5000000000
14602  15.339  -56.242  -17.366 0.5000000000
14603  14.705  -56.355  -17.894 0.6000000238
14605  9.337  -56.647  -18.009 0.6999999881
14616  13.173  -56.736  -18.608 0.6999999881
14618  11.442  -56.831  -18.822 0.8000000119
14624  3.925  -55.464  -18.453 0.6000000238
14637  10.263  -56.252  -19.215 0.6999999881
15406  10.873  -55.439  -9.186 0.5000000000
15416  12.568  -55.754  -13.326 0.6999999881
15468  6.777  -55.118  -15.637 0.6000000238
15481  3.576  -54.323  -16.988 0.6000000238
15492  14.316  -55.476  -18.392 0.6000000238
15497  3.416  -54.551  -18.519 0.6000000238
15505  12.046  -55.579  -19.499 0.6999999881
15507  10.503  -55.726  -19.578 0.8000000119
15520  10.003  -55.142  -19.975 0.8000000119
15521  4.223  -54.832  -20.335 0.5000000000
15539  4.608  -55.211  -21.036 0.6000000238
16320  10.731  -54.121  -10.338 0.5000000000
16326  15.479  -53.918  -12.988 0.3000000119
16344  11.217  -54.549  -14.184 0.6000000238
16365  4.520  -54.413  -15.730 0.5000000000
16375  5.451  -54.286  -16.446 0.5000000000
16377  4.031  -54.366  -16.281 0.6000000238
16383  15.453  -54.271  -17.183 0.4000000060
16397  13.855  -54.600  -18.909 0.4000000060
16401  3.759  -53.637  -18.541 0.6000000238
16411  12.651  -54.177  -19.839 0.6000000238
16412  11.784  -54.822  -19.908 0.6000000238
16415  7.080  -54.405  -19.800 0.6000000238
16416  6.099  -53.816  -19.816 0.6000000238
16418  3.883  -53.594  -19.278 0.5000000000
16430  8.616  -54.344  -20.426 0.6999999881
16434  4.153  -53.857  -19.971 0.5000000000
16450  5.203  -53.953  -21.243 0.5000000000
16465  5.502  -54.668  -22.010 0.5000000000
17273  9.733  -52.889  -12.592 0.6000000238
17307  10.685  -53.372  -15.190 0.5000000000
17330  5.377  -53.234  -20.162 0.5000000000
17341  10.421  -52.893  -21.243 0.5000000000
17343  8.185  -53.351  -20.913 0.6999999881
17346  5.112  -53.241  -20.226 0.5000000000
17358  7.748  -52.590  -21.393 0.6000000238
17359  5.728  -53.040  -20.957 0.5000000000
17375  7.503  -53.085  -22.433 0.5000000000
18181  9.305  -52.715  -14.599 0.5000000000
18225  14.242  -52.214  -19.266 0.3000000119
18227  13.014  -52.756  -20.269 0.5000000000
18236  11.098  -52.619  -21.267 0.5000000000
19030  4.421  -51.130  -16.313 0.5000000000
19031  3.566  -50.905  -16.010 0.4000000060
19073  13.938  -51.891  -19.988 0.4000000060
19823  3.267  -50.933  -15.537 0.4000000060
19844  4.658  -50.245  -17.339 0.5000000000
19857  7.694  -49.511  -17.940 0.3000000119
20654  3.135  -50.455  -13.664 0.4000000060
20683  10.483  -49.783  -15.706 0.3000000119
20697  10.996  -49.161  -15.648 0.3000000119
20716  8.111  -48.800  -18.320 0.3000000119
20718  5.347  -49.347  -17.861 0.3000000119
21497  6.125  -48.526  -12.851 0.3000000119
21518  7.894  -48.721  -13.850 0.3000000119
111067  15.889  -77.348  -25.541 0.4000000060
111240  4.961  -56.602  -23.018 0.5000000000
112457  16.456  -62.685  -23.240 0.5000000000
112538  9.901  -67.593  -22.797 0.6000000238
113094  9.830  -59.559  -25.451 0.6000000238
114333  11.565  -55.835  -9.761 0.5000000000
114420  17.486  -71.177  -21.217 0.3000000119
114421  4.278  -55.882  -17.457 0.6000000238
115121  9.602  -59.224  -26.839 0.6000000238
115484  19.105  -75.753  -21.554 0.4000000060
116554  3.654  -55.063  -16.717 0.6000000238
117350  7.428  -60.306  -22.713 0.6000000238
117581  7.038  -69.222  -21.208 0.6000000238
117964  11.851  -67.094  -20.887 0.5000000000
118130  3.818  -53.737  -17.612 0.6000000238
118198  17.280  -74.165  -29.261 0.4000000060
118594  14.082  -57.839  -17.541 0.6999999881
118667  19.002  -69.842  -33.610 0.8000000119
118710  13.226  -53.288  -19.821 0.5000000000
119757  8.936  -60.864  -19.402 0.6999999881
120825  7.699  -61.313  -23.149 0.6000000238
120882  14.030  -67.655  -21.938 0.6999999881
121288  13.831  -58.749  -12.359 0.6999999881
121835  6.227  -49.282  -17.934 0.3000000119
122260  11.247  -58.256  -16.865 0.6999999881
122334  15.324  -76.347  -23.103 0.4000000060
122827  17.951  -64.873  -21.800 0.6999999881
123484  14.911  -67.863  -29.231 0.4000000060
123492  16.935  -80.369  -16.495 0.3000000119
124577  16.465  -62.826  -19.397 0.6999999881
124825  18.493  -74.353  -20.734 0.3000000119
124836  15.805  -56.186  -16.777 0.6999999881
125120  15.267  -54.636  -13.185 0.3000000119
125383  17.469  -66.714  -23.244 0.6999999881
125530  10.681  -53.746  -10.993 0.5000000000
126565  21.788  -80.300  -20.957 0.4000000060
126750  15.548  -67.875  -28.154 0.6000000238
127369  15.333  -68.648  -21.693 0.6999999881
127548  19.740  -71.222  -33.876 0.6999999881
127684  20.495  -77.881  -29.232 0.3000000119
127740  21.379  -80.344  -16.906 0.5000000000
128183  18.524  -63.520  -23.329 0.6000000238
128573  9.771  -68.706  -20.516 0.5000000000
128854  16.410  -69.124  -32.727 0.4000000060
129058  16.501  -75.055  -24.220 0.3000000119
129234  22.256  -80.227  -22.515 0.4000000060
129434  21.905  -69.770  -29.030 0.6000000238
129482  21.789  -76.508  -21.529 0.3000000119
129638  20.935  -80.607  -17.369 0.5000000000
129719  4.813  -57.482  -23.342 0.6999999881
129795  13.504  -59.151  -12.092 0.6999999881
129803  8.452  -50.702  -16.993 0.4000000060
130080  15.199  -68.489  -31.239 0.4000000060
130217  16.402  -67.149  -21.007 0.8000000119
130499  16.057  -56.632  -15.266 0.6000000238
130577  15.027  -58.175  -15.066 0.8000000119
130669  24.538  -77.903  -21.413 0.4000000060
130678  15.493  -65.009  -18.881 0.6999999881
130724  17.548  -76.031  -33.142 0.4000000060
130743  22.996  -71.625  -34.337 0.6999999881
130758  15.749  -61.598  -22.464 0.5000000000
130916  22.920  -70.828  -34.564 0.5000000000
131124  12.855  -58.199  -10.376 0.6999999881
131327  11.454  -63.517  -19.675 0.6000000238
131972  10.651  -54.062  -13.572 0.6999999881
131974  11.141  -58.465  -16.371 0.5000000000
132666  19.749  -72.929  -32.541 0.5000000000
132676  11.866  -59.850  -22.067 0.6000000238
132822  13.316  -59.079  -15.895 0.8000000119
132847  12.733  -63.704  -18.498 0.6000000238
132910  8.093  -51.742  -15.110 0.5000000000
133157  19.112  -80.368  -18.850 0.4000000060
133362  19.240  -69.537  -31.655 0.8000000119
133364  8.088  -56.154  -17.053 0.6000000238
133540  15.985  -61.772  -19.710 0.6999999881
133633  11.209  -54.337  -20.316 0.6000000238
133945  8.097  -63.443  -23.345 0.6999999881
134295  4.421  -53.442  -19.810 0.5000000000
134299  15.011  -53.964  -17.738 0.5000000000
134343  15.880  -68.648  -23.182 0.8000000119
