#!ascii label  , from subject sub-v1s3x0050826_ses-1 vox2ras=TkReg
213
59885  25.158  6.456  -30.554 0.0000000000
54124  26.150  -1.357  -28.112 0.0000000000
105257  22.248  9.847  -29.950 0.0000000000
68788  22.009  18.398  -32.313 0.0000000000
51335  24.482  -3.652  -27.845 0.0000000000
64402  25.243  12.734  -30.473 0.0000000000
66004  23.994  14.189  -30.708 0.0000000000
58457  24.050  3.903  -32.253 0.0000000000
56748  25.351  2.510  -30.777 0.0000000000
59192  27.472  5.633  -29.394 0.0000000000
62013  27.328  9.137  -29.633 0.0000000000
60576  28.383  7.753  -28.261 0.0000000000
106332  24.165  7.993  -30.366 0.0000000000
62734  25.804  10.561  -30.591 0.0000000000
102215  22.011  16.358  -31.533 0.0000000000
66772  24.035  15.974  -32.932 0.0000000000
55030  27.182  1.081  -28.415 0.0000000000
92085  22.309  13.172  -30.642 0.0000000000
92493  21.857  14.008  -31.051 0.0000000000
59208  24.147  5.066  -30.805 0.0000000000
58448  25.409  4.528  -30.675 0.0000000000
59883  26.433  6.446  -30.480 0.0000000000
52276  24.845  -2.476  -28.664 0.0000000000
61287  22.461  9.126  -29.961 0.0000000000
62032  24.943  9.404  -30.339 0.0000000000
62752  24.316  10.232  -30.249 0.0000000000
65208  25.506  13.702  -30.629 0.0000000000
64401  26.229  12.978  -30.526 0.0000000000
68783  20.634  18.487  -31.552 0.0000000000
92192  18.834  16.064  -32.399 0.0000000000
68097  21.591  17.367  -31.566 0.0000000000
104319  23.056  14.935  -37.189 0.0000000000
91271  23.740  15.113  -35.721 0.0000000000
67468  23.716  16.206  -33.614 0.0000000000
66785  24.701  15.070  -34.343 0.0000000000
66771  25.170  14.998  -33.643 0.0000000000
56728  27.029  2.978  -29.126 0.0000000000
55899  26.507  2.147  -29.320 0.0000000000
50506  23.309  -4.766  -27.774 0.0000000000
62753  23.327  10.778  -30.155 0.0000000000
90151  22.648  12.263  -30.200 0.0000000000
65209  24.628  13.572  -30.441 0.0000000000
65221  24.913  14.177  -30.819 0.0000000000
56760  24.399  2.342  -31.974 0.0000000000
57633  25.052  3.861  -31.222 0.0000000000
57621  26.298  3.927  -30.170 0.0000000000
58420  27.568  4.620  -28.858 0.0000000000
60579  26.428  7.895  -30.602 0.0000000000
102025  26.783  7.200  -30.471 0.0000000000
61285  27.519  8.432  -29.471 0.0000000000
59895  22.793  5.715  -31.064 0.0000000000
60607  22.355  6.636  -30.879 0.0000000000
60595  24.402  7.114  -30.523 0.0000000000
62031  25.431  8.639  -30.427 0.0000000000
61995  26.588  9.875  -30.344 0.0000000000
63532  27.339  10.858  -30.140 0.0000000000
63544  25.574  11.784  -30.637 0.0000000000
63542  27.100  11.764  -30.400 0.0000000000
92092  20.510  14.844  -31.426 0.0000000000
99062  22.140  17.651  -34.517 0.0000000000
67469  22.845  16.888  -33.660 0.0000000000
66762  22.968  16.032  -31.975 0.0000000000
66749  23.350  15.275  -31.747 0.0000000000
66748  24.214  15.115  -31.888 0.0000000000
66747  25.008  14.825  -31.840 0.0000000000
54144  25.041  -1.056  -29.753 0.0000000000
55919  25.306  1.590  -30.714 0.0000000000
59871  27.621  6.599  -29.365 0.0000000000
59179  28.491  5.559  -28.035 0.0000000000
98733  25.765  5.971  -30.482 0.0000000000
59884  25.862  6.869  -30.725 0.0000000000
48578  22.768  -6.423  -26.042 0.0000000000
49525  23.244  -5.639  -26.508 0.0000000000
53230  25.493  -1.836  -28.473 0.0000000000
91674  23.219  9.784  -30.018 0.0000000000
65219  26.387  14.013  -30.679 0.0000000000
68098  19.845  17.849  -31.936 0.0000000000
68105  22.236  17.721  -32.058 0.0000000000
66065  24.181  14.217  -35.267 0.0000000000
66052  24.954  14.058  -34.642 0.0000000000
57607  27.507  3.598  -28.674 0.0000000000
56727  27.538  2.735  -28.457 0.0000000000
52293  24.218  -2.437  -29.526 0.0000000000
90150  22.505  11.366  -30.073 0.0000000000
92151  21.751  11.856  -30.263 0.0000000000
90148  23.068  13.891  -30.667 0.0000000000
65195  23.848  13.545  -30.331 0.0000000000
69349  21.100  19.429  -32.783 0.0000000000
57642  24.456  3.453  -31.848 0.0000000000
58456  24.584  4.035  -31.719 0.0000000000
58447  26.055  4.614  -30.407 0.0000000000
58435  26.595  4.756  -30.034 0.0000000000
57620  26.899  3.999  -29.460 0.0000000000
58434  27.072  4.928  -29.592 0.0000000000
51326  24.042  -4.281  -27.388 0.0000000000
61286  26.943  8.507  -30.147 0.0000000000
59215  23.421  4.997  -31.388 0.0000000000
60597  21.878  7.516  -30.634 0.0000000000
60596  23.163  7.518  -30.400 0.0000000000
61303  25.062  7.956  -30.519 0.0000000000
62743  25.345  10.101  -30.416 0.0000000000
62015  25.886  9.384  -30.361 0.0000000000
61996  26.023  10.093  -30.481 0.0000000000
62732  27.048  10.402  -30.332 0.0000000000
62733  26.418  10.518  -30.543 0.0000000000
63545  24.654  11.926  -30.465 0.0000000000
102506  24.076  11.251  -30.311 0.0000000000
63543  26.417  11.882  -30.608 0.0000000000
64385  27.666  12.192  -30.054 0.0000000000
67456  20.742  16.736  -31.382 0.0000000000
92537  19.687  16.080  -31.879 0.0000000000
66751  21.266  15.597  -31.301 0.0000000000
104163  23.079  16.069  -36.449 0.0000000000
94865  22.005  15.430  -37.565 0.0000000000
90197  22.517  16.905  -35.349 0.0000000000
67462  23.264  16.448  -32.631 0.0000000000
66761  23.805  15.739  -32.354 0.0000000000
66750  22.443  15.381  -31.537 0.0000000000
66760  24.674  15.386  -32.671 0.0000000000
66040  25.667  14.637  -32.636 0.0000000000
66025  25.731  14.568  -31.541 0.0000000000
53239  24.585  -1.540  -30.083 0.0000000000
55920  24.871  1.865  -31.452 0.0000000000
110577  26.947  1.706  -28.730 0.0000000000
55913  25.813  1.422  -29.792 0.0000000000
55900  26.482  1.185  -29.032 0.0000000000
55032  25.852  0.543  -29.445 0.0000000000
60577  27.707  7.567  -29.215 0.0000000000
101135  27.306  7.110  -29.984 0.0000000000
59870  28.113  6.908  -28.543 0.0000000000
104161  21.787  12.566  -30.623 0.0000000000
66013  23.357  14.367  -30.965 0.0000000000
58450  24.106  4.357  -31.651 0.0000000000
58449  24.711  4.448  -30.991 0.0000000000
59206  25.761  5.181  -30.493 0.0000000000
59193  26.889  5.600  -30.063 0.0000000000
52262  24.920  -3.118  -28.181 0.0000000000
51334  25.179  -3.228  -27.484 0.0000000000
52261  25.581  -2.619  -27.977 0.0000000000
52260  26.102  -2.327  -27.524 0.0000000000
61993  27.674  9.837  -29.369 0.0000000000
62012  27.936  9.204  -28.852 0.0000000000
61305  22.403  8.311  -30.247 0.0000000000
61304  23.468  8.674  -30.113 0.0000000000
95740  24.556  8.670  -30.282 0.0000000000
62033  24.118  9.350  -30.104 0.0000000000
111404  25.881  12.302  -30.619 0.0000000000
64416  27.078  13.391  -30.476 0.0000000000
67455  22.559  16.902  -31.932 0.0000000000
103667  23.482  13.818  -36.438 0.0000000000
91405  23.458  16.250  -34.849 0.0000000000
104320  24.128  15.564  -34.528 0.0000000000
67467  24.483  15.705  -33.568 0.0000000000
66051  25.671  14.027  -33.936 0.0000000000
111507  26.463  3.099  -29.813 0.0000000000
56740  25.923  2.327  -30.156 0.0000000000
106807  27.093  2.294  -28.755 0.0000000000
50497  22.842  -5.383  -27.324 0.0000000000
97084  24.150  -3.279  -28.702 0.0000000000
53231  24.884  -1.662  -29.154 0.0000000000
90142  21.496  10.343  -30.009 0.0000000000
91107  22.423  10.535  -29.997 0.0000000000
106605  23.274  11.544  -30.174 0.0000000000
103611  23.698  12.134  -30.203 0.0000000000
91999  23.287  13.015  -30.223 0.0000000000
64386  24.226  12.843  -30.227 0.0000000000
65220  25.709  14.318  -30.916 0.0000000000
68789  21.237  18.854  -32.194 0.0000000000
68794  21.838  18.794  -32.939 0.0000000000
56749  24.839  2.897  -31.293 0.0000000000
105685  25.330  3.276  -30.849 0.0000000000
57632  25.703  3.903  -30.644 0.0000000000
57622  25.887  3.177  -30.411 0.0000000000
97553  28.106  4.029  -28.151 0.0000000000
60594  25.569  7.371  -30.690 0.0000000000
60593  26.130  7.397  -30.756 0.0000000000
60578  27.151  7.789  -30.137 0.0000000000
61284  28.092  8.428  -28.642 0.0000000000
109662  28.365  8.991  -28.289 0.0000000000
61283  28.768  8.673  -27.773 0.0000000000
105332  23.544  5.587  -30.734 0.0000000000
59886  24.255  5.977  -30.549 0.0000000000
59894  23.363  6.392  -30.571 0.0000000000
61302  25.887  7.951  -30.759 0.0000000000
61301  26.207  8.602  -30.407 0.0000000000
62014  26.703  9.186  -30.108 0.0000000000
61994  27.196  9.800  -30.018 0.0000000000
62731  27.494  10.399  -29.808 0.0000000000
63538  25.121  10.980  -30.541 0.0000000000
62742  26.060  11.108  -30.706 0.0000000000
63537  26.865  11.099  -30.505 0.0000000000
63536  27.447  11.422  -30.104 0.0000000000
91925  21.668  14.618  -31.299 0.0000000000
68120  21.747  18.411  -34.137 0.0000000000
68114  22.396  17.920  -32.953 0.0000000000
67463  22.715  17.188  -32.512 0.0000000000
66028  22.789  14.655  -31.205 0.0000000000
66027  23.682  14.683  -31.343 0.0000000000
66026  24.502  14.583  -31.294 0.0000000000
99834  25.159  14.490  -31.217 0.0000000000
54143  25.551  -0.932  -28.920 0.0000000000
105119  24.743  0.203  -31.958 0.0000000000
55040  25.249  0.696  -30.445 0.0000000000
55041  25.008  -0.027  -31.212 0.0000000000
54152  25.216  -0.193  -29.891 0.0000000000
95416  25.957  -0.139  -29.061 0.0000000000
59872  27.154  6.426  -30.091 0.0000000000
59857  27.996  6.047  -28.669 0.0000000000
59180  27.938  5.320  -28.648 0.0000000000
59205  26.299  5.427  -30.350 0.0000000000
59207  25.045  5.371  -30.579 0.0000000000
63531  27.710  11.048  -29.551 0.0000000000
90135  21.502  9.523  -30.072 0.0000000000
