#!ascii label  , from subject sub-v1s3x0050785_ses-1 vox2ras=TkReg
2141
103484  -47.743  23.770  11.804 0.6999999881
61113  -48.598  23.603  11.419 0.6999999881
61107  -48.414  23.419  12.281 0.8000000119
61114  -49.397  23.266  12.059 0.6999999881
61117  -47.482  23.710  10.458 0.6999999881
61118  -48.489  23.705  10.179 0.6999999881
61116  -45.716  23.820  10.246 0.6000000238
61124  -49.511  23.606  10.217 0.6999999881
61112  -46.584  23.815  11.266 0.6000000238
61119  -49.605  23.476  11.379 0.8000000119
61105  -46.316  24.150  13.026 0.5000000000
61120  -50.481  23.515  11.175 0.8000000119
59671  -49.531  20.255  6.652 0.8999999762
59164  -48.630  19.994  6.963 0.8999999762
57479  -45.220  16.559  4.512 0.8000000119
86959  -46.398  23.738  9.676 0.6999999881
88038  -48.327  23.706  8.875 0.6999999881
61125  -50.710  23.999  10.564 0.6999999881
61132  -50.531  23.772  9.141 0.6999999881
61126  -51.915  24.251  10.637 0.8000000119
60657  -51.570  23.854  10.913 0.6999999881
61127  -53.074  24.286  10.384 0.8000000119
61133  -51.828  24.099  9.229 0.6999999881
60663  -53.113  23.679  10.357 0.6999999881
60659  -53.457  24.191  10.470 0.8000000119
60671  -54.886  23.844  7.443 0.8000000119
60164  -53.751  23.043  9.245 0.6999999881
60676  -55.169  23.115  7.208 0.8000000119
60169  -52.512  21.970  8.044 0.8000000119
60174  -54.317  22.291  6.542 0.8999999762
59673  -51.427  20.942  6.053 0.8999999762
60185  -52.705  21.492  5.664 0.8999999762
59672  -50.441  20.519  6.375 0.8999999762
59685  -50.645  20.344  5.458 0.8999999762
59686  -51.672  20.773  4.978 0.8999999762
59154  -45.616  19.382  7.504 0.8999999762
59670  -47.886  19.718  7.208 0.8999999762
58596  -43.834  18.564  7.787 0.8000000119
58597  -44.605  19.079  7.122 0.8000000119
56919  -42.614  15.640  8.031 0.8000000119
90984  -42.822  14.655  7.893 0.8000000119
103540  -43.076  13.921  7.652 0.8000000119
56927  -43.070  15.255  7.256 0.8999999762
56936  -43.347  15.627  6.702 0.8000000119
56408  -43.567  14.969  6.431 0.8000000119
57471  -44.223  15.876  5.632 0.8000000119
58037  -45.665  17.123  4.379 0.8000000119
58047  -46.200  17.275  2.971 0.8000000119
86430  -47.308  23.748  9.011 0.6000000238
61122  -45.449  23.754  9.017 0.5000000000
61131  -49.263  23.583  8.722 0.6999999881
61139  -53.636  24.219  7.536 0.6999999881
61135  -54.340  24.272  8.557 0.8000000119
61141  -55.824  24.104  6.281 0.8999999762
60175  -55.609  22.930  5.855 1.0000000000
60186  -54.355  22.181  5.040 1.0000000000
60198  -52.866  21.501  4.379 0.8999999762
59163  -47.463  19.275  7.088 0.8999999762
86077  -48.091  19.328  6.606 0.8999999762
59684  -49.774  20.014  5.813 0.8999999762
58009  -42.821  17.339  7.631 0.8000000119
92644  -43.320  18.028  7.186 0.8000000119
59155  -46.690  19.349  7.340 0.8999999762
59176  -48.930  19.679  6.156 1.0000000000
58606  -43.960  18.555  6.778 0.8000000119
86536  -47.172  18.982  6.733 0.8000000119
102548  -47.620  19.077  6.690 0.8999999762
57453  -42.927  16.310  7.279 0.8000000119
58608  -45.376  19.167  6.522 0.8999999762
57454  -43.284  17.168  6.808 0.8999999762
58021  -44.330  18.193  6.198 0.8999999762
58617  -45.057  18.102  5.714 0.8000000119
58626  -46.158  17.866  4.826 0.8000000119
58627  -46.802  18.167  4.549 0.8000000119
58637  -47.575  18.291  3.148 0.8999999762
58031  -44.533  17.393  5.802 0.8000000119
98013  -45.635  17.680  5.159 0.8000000119
58636  -46.931  17.816  3.591 0.8000000119
58038  -46.299  17.410  3.955 0.8000000119
58036  -38.930  17.012  3.802 0.1000000015
58057  -46.075  17.323  1.799 0.6999999881
58042  -39.295  17.402  3.156 0.1000000015
57482  -39.623  16.851  3.439 0.2000000030
58044  -40.947  16.848  2.833 0.2000000030
58055  -44.412  17.464  3.046 0.6999999881
93732  -45.582  16.988  3.448 0.8000000119
57489  -41.857  16.509  2.702 0.4000000060
58053  -42.378  17.118  2.494 0.5000000000
58046  -44.186  16.803  3.336 0.6999999881
61123  -46.302  23.690  8.634 0.6000000238
60669  -50.594  23.443  7.928 0.6999999881
60674  -51.674  23.496  7.494 0.6999999881
95772  -55.372  24.279  5.984 0.8000000119
83445  -50.096  22.117  4.864 0.6999999881
85493  -51.351  22.409  4.401 0.6999999881
61163  -55.539  23.678  4.801 1.0000000000
60187  -55.354  22.805  4.515 1.0000000000
60199  -54.268  22.224  3.664 1.0000000000
59695  -52.940  21.559  3.076 1.0000000000
59694  -52.072  20.734  3.750 0.8999999762
59706  -52.490  20.834  2.397 1.0000000000
59693  -50.835  20.279  4.254 1.0000000000
59692  -50.019  19.964  4.991 1.0000000000
59184  -49.177  19.555  5.072 1.0000000000
59174  -47.599  18.998  6.009 0.8999999762
59182  -47.841  18.879  5.190 1.0000000000
59183  -48.367  19.081  4.646 1.0000000000
59173  -45.970  19.007  5.911 0.8999999762
58620  -47.201  18.658  5.234 1.0000000000
58020  -43.796  17.789  6.437 0.8999999762
98312  -45.353  18.850  5.967 0.8999999762
58619  -46.472  18.522  5.343 0.8000000119
58628  -47.589  18.547  4.300 0.8000000119
58625  -37.823  18.042  3.901 0.1000000015
58048  -46.835  17.572  2.499 0.8000000119
58633  -38.285  18.423  3.253 0.1000000015
58035  -38.145  17.280  4.197 0.1000000015
58634  -38.947  18.086  2.840 0.1000000015
58041  -38.555  17.690  3.519 0.1000000015
58051  -39.789  17.906  2.691 0.2000000030
58052  -40.682  17.674  2.592 0.3000000119
98730  -41.581  17.411  2.453 0.4000000060
58635  -43.585  17.806  3.011 0.6999999881
58045  -43.222  16.960  2.943 0.6000000238
85386  -44.757  23.664  8.163 0.5000000000
61130  -47.439  23.676  7.908 0.6000000238
60668  -49.502  23.168  7.462 0.6999999881
60675  -52.343  23.454  6.376 0.6999999881
83443  -48.997  21.913  5.145 0.6999999881
60690  -52.388  23.037  5.119 0.6999999881
61155  -55.126  23.987  4.982 0.8000000119
85102  -49.480  21.649  4.173 0.6999999881
99701  -53.905  23.399  4.593 0.6999999881
60703  -54.794  23.236  3.808 0.8999999762
60195  -46.656  21.653  4.447 0.6999999881
60196  -47.508  21.662  4.464 0.6999999881
60197  -48.435  21.619  4.404 0.6999999881
85763  -50.647  21.963  3.694 0.8000000119
84869  -51.801  22.257  3.204 0.8000000119
60213  -53.562  22.043  2.642 1.0000000000
60697  -43.348  22.452  4.474 0.8000000119
60698  -44.269  22.248  4.787 0.6999999881
97995  -47.959  21.366  3.617 0.8000000119
60212  -48.907  21.393  3.486 0.8000000119
85770  -50.029  21.553  3.036 0.8000000119
83444  -51.475  22.009  2.187 0.8000000119
59707  -52.861  21.360  1.827 1.0000000000
59723  -52.875  21.085  1.112 1.0000000000
60696  -42.653  22.795  3.959 0.8000000119
60193  -43.902  21.795  4.089 0.8000000119
93377  -45.761  21.603  4.417 0.8000000119
86798  -47.093  21.288  3.663 0.8000000119
96725  -49.381  21.289  2.595 0.8000000119
84741  -50.600  21.477  1.574 0.8000000119
60709  -42.431  22.391  3.034 0.8000000119
60710  -43.069  22.071  3.709 0.8000000119
60194  -44.816  21.577  4.337 0.8000000119
60210  -46.187  21.151  3.675 0.8000000119
60211  -47.563  20.962  2.867 0.8000000119
60221  -48.502  21.119  2.765 0.8000000119
59720  -49.356  21.029  1.683 0.8000000119
59705  -51.567  20.432  2.965 1.0000000000
61174  -42.048  22.787  1.862 0.8000000119
93361  -49.875  19.717  4.114 1.0000000000
59205  -51.505  20.251  1.944 1.0000000000
59721  -52.305  20.563  1.845 1.0000000000
60209  -45.205  21.044  3.656 0.8000000119
59191  -49.798  19.518  2.986 1.0000000000
87515  -50.625  19.807  2.122 1.0000000000
61173  -41.398  23.166  1.030 0.6000000238
59703  -45.538  20.660  2.810 0.6999999881
58649  -48.671  18.584  1.449 1.0000000000
61172  -41.043  23.500  0.856 0.6000000238
60207  -43.489  21.339  3.363 0.6999999881
60208  -44.319  21.120  3.556 0.6999999881
59702  -44.490  20.483  2.746 0.6999999881
59717  -45.897  20.321  1.958 0.6000000238
59190  -49.028  19.334  3.896 1.0000000000
59203  -48.952  19.107  2.745 1.0000000000
60718  -42.276  21.979  2.032 0.6999999881
60206  -42.745  21.599  2.926 0.6999999881
59716  -44.799  20.088  1.868 0.6000000238
59731  -46.296  19.941  1.048 0.6000000238
58629  -48.291  18.833  3.613 1.0000000000
60717  -41.574  22.350  1.437 0.6999999881
59700  -43.027  20.841  2.700 0.6000000238
59701  -43.728  20.625  2.895 0.6000000238
59730  -45.134  19.766  0.983 0.6000000238
102810  -44.783  19.346  -0.037 0.6999999881
59212  -45.307  19.200  -1.560 0.6999999881
58638  -48.211  18.596  2.673 0.8999999762
58648  -47.575  18.077  1.957 0.8999999762
60716  -40.843  22.682  1.260 0.5000000000
60219  -41.858  21.572  1.618 0.6000000238
60220  -42.447  21.190  2.105 0.6000000238
59715  -43.685  20.036  2.323 0.5000000000
95677  -44.144  19.838  1.998 0.6000000238
59202  -44.462  19.407  1.266 0.6999999881
59714  -43.188  20.132  2.395 0.5000000000
59200  -43.287  19.408  2.370 0.6000000238
60218  -41.122  21.783  1.390 0.6000000238
60225  -42.025  20.876  1.682 0.6000000238
59713  -42.481  20.312  2.065 0.5000000000
58063  -46.136  17.678  0.572 0.8000000119
58058  -46.758  17.595  1.245 0.8000000119
58064  -47.670  17.939  0.288 0.8000000119
58647  -44.432  18.795  1.734 0.6999999881
59201  -43.800  19.408  2.072 0.6999999881
58645  -43.133  18.665  2.675 0.6000000238
58642  -39.482  18.822  2.400 0.3000000119
58054  -42.764  17.830  2.513 0.6000000238
59198  -40.316  19.329  1.982 0.3000000119
83456  -45.803  23.519  7.825 0.5000000000
95418  -48.093  23.545  7.724 0.6999999881
61649  -44.639  23.979  9.012 0.5000000000
60667  -48.587  23.249  7.405 0.6000000238
60673  -50.189  22.792  6.773 0.6999999881
86171  -48.556  22.783  6.676 0.6999999881
60689  -50.951  22.640  5.845 0.6999999881
83447  -48.652  22.422  5.890 0.6000000238
60687  -45.757  22.755  5.589 0.6000000238
83446  -47.927  22.082  5.310 0.6999999881
60702  -52.960  22.490  3.722 0.8999999762
60711  -53.669  22.178  2.832 0.8000000119
60699  -45.279  22.159  5.015 0.6999999881
60700  -46.212  22.241  5.092 0.6999999881
60701  -47.010  22.166  5.165 0.6999999881
84490  -52.676  22.096  2.286 0.8000000119
84766  -52.844  21.574  1.771 1.0000000000
85648  -52.763  21.331  0.936 1.0000000000
59206  -52.711  20.622  0.715 1.0000000000
59719  -48.195  20.673  1.924 0.8000000119
59221  -52.387  20.242  -0.481 0.8999999762
59215  -51.676  19.945  0.663 1.0000000000
59733  -49.165  20.576  0.550 0.6999999881
59220  -51.621  19.269  -1.049 0.8999999762
59718  -47.041  20.502  2.010 0.6999999881
59732  -47.664  20.225  0.899 0.6999999881
59738  -50.626  20.538  -1.327 0.8000000119
84282  -50.018  19.988  -2.999 0.8999999762
59204  -50.098  19.351  1.379 1.0000000000
59737  -48.642  19.876  -0.947 0.6999999881
59219  -48.682  19.427  -2.774 0.6999999881
58650  -49.861  18.759  -0.080 1.0000000000
59214  -46.826  19.455  -0.187 0.6999999881
58656  -48.754  18.225  -0.021 0.8999999762
101767  -40.763  23.732  1.013 0.5000000000
59225  -46.890  18.830  -2.181 0.8000000119
58672  -45.234  19.198  -2.016 0.8000000119
61686  -40.267  24.234  1.869 0.5000000000
61171  -40.498  23.314  1.480 0.5000000000
101662  -46.864  17.825  0.126 0.8000000119
88640  -40.291  21.838  1.580 0.4000000060
60224  -41.432  20.997  1.523 0.5000000000
59729  -41.737  20.236  1.573 0.5000000000
59211  -42.039  19.532  1.584 0.6000000238
59199  -42.749  19.359  2.205 0.6000000238
60223  -40.659  21.041  1.419 0.4000000060
91602  -40.433  18.532  2.328 0.3000000119
58643  -41.295  18.312  2.173 0.3000000119
58644  -42.099  18.088  1.900 0.5000000000
58653  -40.998  18.962  1.848 0.3000000119
95495  -42.155  18.880  1.714 0.3000000119
59727  -40.245  20.194  1.527 0.4000000060
59209  -41.065  19.637  1.570 0.3000000119
58654  -41.708  19.017  1.561 0.3000000119
84837  -46.652  23.387  7.325 0.6000000238
83451  -46.651  23.141  6.606 0.6000000238
83450  -47.047  22.973  6.229 0.6000000238
83448  -47.253  22.575  5.685 0.6000000238
84835  -51.893  21.571  0.122 0.8000000119
83442  -52.534  21.347  0.294 0.8999999762
97482  -52.887  20.949  0.055 0.8999999762
96146  -52.312  20.944  -1.027 0.8000000119
98184  -52.191  19.744  -1.799 0.8999999762
83441  -50.806  21.223  0.075 0.8000000119
83987  -51.693  19.012  -2.484 0.8999999762
83973  -51.649  19.962  -2.546 0.8999999762
85980  -50.878  18.042  -3.056 0.8999999762
58663  -50.831  18.300  -1.981 0.8999999762
59228  -49.099  18.865  -3.770 0.8000000119
99300  -47.963  19.021  -3.291 0.8000000119
58673  -49.023  18.463  -3.712 0.8000000119
83440  -49.893  17.342  -2.530 0.8999999762
102981  -49.601  17.962  -1.242 0.8999999762
58662  -48.680  17.652  -1.442 0.8000000119
58070  -47.511  17.947  -1.175 0.8000000119
87261  -39.840  22.587  1.944 0.4000000060
62198  -39.777  25.424  2.716 0.5000000000
91384  -39.710  23.361  2.508 0.5000000000
59728  -41.151  20.298  1.353 0.4000000060
59210  -41.602  19.758  1.503 0.5000000000
92624  -42.554  18.540  2.207 0.6000000238
60217  -39.415  21.774  2.038 0.4000000060
59726  -39.770  21.044  1.657 0.4000000060
58661  -45.276  19.131  -1.401 0.6999999881
58668  -46.279  19.097  -1.434 0.8000000119
58068  -45.510  18.383  -0.215 0.8000000119
58075  -47.437  18.325  -2.159 0.8000000119
58074  -46.928  18.148  -1.419 0.8000000119
60664  -54.054  23.878  9.937 0.8000000119
60670  -54.429  23.425  8.668 0.6999999881
61140  -54.883  24.206  6.993 0.8000000119
60170  -54.029  22.608  7.929 0.8000000119
60173  -52.610  21.648  6.870 0.8000000119
59175  -48.343  19.229  5.643 1.0000000000
57463  -43.555  16.211  6.437 0.8000000119
58607  -44.708  18.772  6.360 0.8999999762
58056  -45.180  17.418  2.340 0.8000000119
58043  -40.070  17.117  2.946 0.2000000030
58062  -45.308  18.127  1.003 0.6999999881
57484  -41.259  16.215  3.043 0.3000000119
61154  -54.028  24.067  5.946 0.6999999881
97103  -49.631  22.399  5.790 0.6999999881
59192  -50.584  19.996  3.145 1.0000000000
99903  -46.774  18.898  5.942 0.8999999762
59704  -46.596  20.815  2.875 0.8000000119
59213  -45.424  19.452  -0.220 0.6000000238
84503  -45.403  19.212  -1.858 0.6999999881
58655  -45.258  19.392  0.025 0.6999999881
58646  -43.625  18.581  2.625 0.6000000238
83452  -47.281  23.209  7.089 0.6000000238
87692  -49.273  22.655  6.469 0.6999999881
96923  -52.425  21.741  1.215 0.8000000119
83548  -47.353  19.111  -1.814 0.8000000119
53480  -50.501  10.339  -4.090 0.2000000030
54141  -50.312  10.807  -4.039 0.2000000030
54131  -49.111  12.124  -2.657 0.2000000030
95359  -48.409  12.464  -1.652 0.2000000030
54136  -48.732  11.240  -3.218 0.2000000030
54776  -48.731  12.131  -2.304 0.2000000030
54772  -48.201  12.873  -1.233 0.2000000030
54125  -47.663  11.785  -1.264 0.2000000030
54771  -47.556  12.753  -0.513 0.2000000030
54766  -46.664  12.272  0.268 0.2000000030
52703  -49.709  8.180  0.431 0.2000000030
86986  -50.046  8.835  -2.082 0.2000000030
52716  -50.415  9.324  -3.418 0.2000000030
53474  -49.816  10.379  -2.869 0.2000000030
54132  -49.545  11.615  -3.136 0.2000000030
54126  -48.728  12.202  -1.226 0.2000000030
54773  -48.306  13.148  -0.874 0.2000000030
55435  -48.108  13.474  -0.415 0.2000000030
54765  -45.966  11.656  0.847 0.3000000119
55426  -46.325  13.079  1.114 0.3000000119
55431  -47.383  13.521  0.369 0.3000000119
52699  -48.970  8.901  1.051 0.2000000030
53462  -49.205  9.293  -0.027 0.2000000030
54121  -48.630  11.239  -0.017 0.2000000030
54767  -48.408  12.483  -0.008 0.2000000030
99126  -44.160  11.692  3.040 0.3000000119
54759  -45.402  11.707  1.498 0.3000000119
54751  -44.957  12.207  2.187 0.3000000119
55416  -45.658  13.160  1.898 0.3000000119
85200  -49.914  7.621  3.543 0.3000000119
52695  -49.304  7.989  2.799 0.3000000119
84109  -49.589  7.796  2.155 0.3000000119
87944  -48.786  8.539  2.066 0.2000000030
55383  -41.300  11.987  6.028 0.1000000015
53456  -48.460  9.614  1.583 0.2000000030
54727  -41.948  11.778  5.387 0.1000000015
54728  -42.517  11.560  4.672 0.3000000119
53461  -48.709  10.026  0.573 0.2000000030
54116  -48.362  10.970  1.070 0.2000000030
55401  -43.473  12.522  3.949 0.3000000119
55428  -48.116  13.289  0.498 0.2000000030
55402  -44.414  13.199  3.438 0.3000000119
54741  -44.659  12.905  3.061 0.3000000119
55947  -47.105  13.842  1.470 0.3000000119
55436  -48.184  13.501  -0.234 0.3000000119
55415  -45.241  13.279  2.608 0.4000000060
55945  -45.837  13.763  2.216 0.4000000060
55952  -46.252  13.729  1.702 0.3000000119
55953  -47.371  13.693  0.800 0.3000000119
83196  -52.069  10.060  5.572 0.3000000119
96902  -51.064  8.220  5.365 0.3000000119
96700  -52.557  9.578  4.467 0.3000000119
83175  -50.531  8.074  5.266 0.3000000119
84678  -50.027  7.931  6.155 0.3000000119
52003  -49.709  8.069  4.865 0.3000000119
85968  -50.400  7.935  5.038 0.3000000119
83160  -50.324  7.538  4.381 0.3000000119
52681  -49.369  8.052  4.122 0.3000000119
89213  -48.524  8.601  2.971 0.3000000119
97483  -48.987  8.145  3.424 0.3000000119
53451  -48.238  9.376  2.481 0.2000000030
53445  -47.678  10.179  2.861 0.2000000030
55390  -41.272  12.757  5.717 0.1000000015
55391  -41.882  12.463  5.380 0.1000000015
54109  -47.940  11.514  1.956 0.2000000030
55916  -41.784  13.187  5.173 0.2000000030
55392  -42.588  12.375  4.771 0.3000000119
55917  -42.447  12.935  4.762 0.3000000119
55926  -43.392  13.244  3.958 0.3000000119
55925  -42.703  13.647  4.255 0.3000000119
86017  -44.115  13.925  3.584 0.3000000119
55928  -45.129  13.984  3.264 0.4000000060
55417  -46.080  13.725  2.654 0.4000000060
55418  -46.826  13.558  2.373 0.3000000119
54760  -48.000  12.787  1.365 0.3000000119
55938  -45.223  13.759  2.969 0.4000000060
55946  -46.421  13.822  1.836 0.3000000119
84997  -51.336  9.140  5.925 0.3000000119
83179  -51.691  8.974  4.953 0.3000000119
84666  -50.395  7.950  6.014 0.3000000119
55374  -44.102  12.994  7.152 0.8000000119
54722  -44.681  11.837  6.314 0.4000000060
54086  -45.623  11.336  5.600 0.3000000119
54088  -46.169  11.240  5.028 0.3000000119
53436  -46.777  9.949  4.494 0.2000000030
53437  -47.498  9.444  3.933 0.3000000119
52689  -48.359  8.603  3.864 0.3000000119
55899  -43.728  13.771  6.976 0.6999999881
55384  -44.589  12.679  6.596 0.6000000238
98019  -46.379  10.371  4.989 0.3000000119
54729  -45.345  12.245  5.587 0.5000000000
54094  -46.537  10.876  4.334 0.2000000030
54095  -47.064  10.532  3.666 0.2000000030
53446  -48.061  9.244  3.232 0.2000000030
103998  -43.337  14.448  7.066 0.8000000119
55394  -45.185  13.058  5.600 0.6999999881
54730  -45.945  12.481  4.913 0.4000000060
56398  -44.090  14.378  6.121 0.6999999881
54736  -46.391  12.050  4.316 0.2000000030
54101  -46.821  11.700  3.625 0.2000000030
54102  -47.344  11.523  2.872 0.2000000030
55393  -44.853  13.732  5.676 0.6999999881
55395  -45.523  13.349  4.755 0.6000000238
103696  -46.085  12.975  4.144 0.4000000060
54742  -47.062  12.629  2.921 0.3000000119
58030  -44.037  16.796  6.092 0.6999999881
56937  -43.851  15.418  6.017 0.6999999881
55403  -45.664  13.467  4.138 0.4000000060
99515  -46.462  12.984  3.401 0.4000000060
56424  -43.577  14.298  3.524 0.3000000119
55927  -44.646  13.870  3.485 0.6000000238
55919  -45.390  13.817  3.914 0.4000000060
54752  -47.565  12.991  2.062 0.3000000119
56951  -42.935  14.877  3.285 0.3000000119
56425  -44.717  14.604  3.381 0.5000000000
56418  -44.836  14.974  4.122 0.6000000238
55939  -45.543  13.707  2.862 0.4000000060
56429  -44.191  14.800  3.272 0.6000000238
56958  -44.348  15.237  3.398 0.6000000238
56426  -44.677  14.855  3.376 0.6000000238
56952  -44.771  15.270  3.790 0.6000000238
57478  -44.938  15.919  4.231 0.6000000238
93625  -44.588  15.902  3.659 0.6000000238
96280  -50.911  8.462  6.187 0.3000000119
97039  -49.564  7.957  6.231 0.3000000119
97045  -49.833  8.033  5.498 0.3000000119
52680  -48.725  8.296  4.743 0.3000000119
100212  -44.005  12.302  7.261 0.5000000000
53430  -46.546  9.710  5.331 0.3000000119
52679  -47.897  8.751  4.730 0.3000000119
56409  -44.338  14.877  5.499 0.6999999881
93369  -45.039  14.411  4.944 0.6000000238
55918  -45.259  13.914  4.165 0.6000000238
58032  -45.222  17.149  5.156 0.6999999881
57472  -44.805  16.383  5.195 0.6999999881
90744  -45.209  14.342  3.908 0.6000000238
56945  -44.866  15.503  4.626 0.6000000238
57487  -45.098  16.558  3.822 0.6999999881
85138  -49.716  8.082  6.914 0.3000000119
97030  -50.504  8.129  6.978 0.3000000119
83157  -49.033  8.167  5.589 0.3000000119
56918  -42.380  14.990  8.766 0.6999999881
56384  -42.544  13.898  8.405 0.6999999881
92101  -45.066  11.303  6.035 0.3000000119
54087  -46.019  10.346  5.687 0.3000000119
56916  -42.304  15.938  8.687 0.6999999881
58006  -43.082  17.741  9.044 0.8000000119
58005  -42.615  17.327  8.546 0.8000000119
57449  -42.465  16.610  8.180 0.6999999881
58010  -43.083  17.960  8.075 0.6999999881
58593  -44.831  18.922  8.225 0.8000000119
59151  -45.579  19.265  8.632 0.8000000119
99629  -47.173  9.265  4.968 0.3000000119
52673  -48.262  8.399  5.327 0.3000000119
55898  -43.085  13.155  7.847 0.6999999881
54721  -44.177  11.894  6.973 0.4000000060
90139  -42.199  16.633  9.114 0.6999999881
58590  -44.311  18.382  8.976 0.6999999881
59664  -50.258  20.909  7.269 0.6999999881
59657  -46.618  20.218  8.887 0.6999999881
60172  -51.280  21.239  7.047 0.6999999881
98336  -49.409  7.768  6.875 0.3000000119
85939  -48.650  8.020  8.847 0.3000000119
52637  -47.748  8.204  8.812 0.3000000119
54079  -45.267  10.443  6.186 0.3000000119
56915  -41.977  15.757  9.236 0.8000000119
58001  -42.540  17.323  9.532 0.8000000119
58002  -43.164  17.811  10.019 0.6999999881
58587  -44.432  18.331  9.850 0.6999999881
60167  -50.188  21.484  8.298 0.6999999881
59658  -47.427  20.668  8.536 0.6999999881
60168  -51.264  21.629  8.150 0.6999999881
51987  -47.891  7.795  6.768 0.3000000119
87514  -48.795  7.960  6.492 0.3000000119
83168  -47.793  7.799  7.337 0.3000000119
85052  -48.626  7.702  7.418 0.3000000119
52656  -47.351  8.223  7.876 0.3000000119
83170  -48.194  7.938  8.106 0.3000000119
51996  -48.191  8.276  6.009 0.3000000119
52631  -47.176  8.554  9.502 0.3000000119
52672  -47.631  8.694  5.540 0.3000000119
54078  -44.573  10.750  6.518 0.3000000119
58000  -41.993  16.890  9.937 0.8000000119
57447  -41.821  16.278  9.653 0.8000000119
57998  -42.214  17.684  10.371 0.6999999881
58586  -43.872  18.289  10.336 0.6999999881
59144  -44.705  18.856  10.578 0.6999999881
59148  -45.614  19.116  10.296 0.6999999881
59654  -46.874  20.059  10.274 0.6999999881
60160  -48.246  21.524  9.018 0.6999999881
59655  -47.492  20.755  9.623 0.6999999881
83449  -47.840  22.633  6.100 0.5000000000
84493  -46.226  23.162  6.031 0.5000000000
54077  -43.962  10.997  6.911 0.5000000000
55373  -43.429  12.331  7.817 0.5000000000
58585  -42.990  18.331  10.669 0.6999999881
59142  -42.936  20.039  11.256 0.6999999881
59143  -43.658  19.138  11.029 0.6999999881
90467  -44.475  19.712  11.354 0.6999999881
103062  -44.329  20.366  11.722 0.6999999881
59649  -45.962  20.430  11.659 0.6000000238
59642  -45.637  21.572  12.533 0.6000000238
60647  -46.899  23.726  13.128 0.6000000238
61104  -45.271  23.953  12.747 0.5000000000
102574  -49.314  21.920  9.447 0.6999999881
59651  -47.700  20.740  10.901 0.6999999881
60150  -47.578  21.430  11.852 0.6000000238
60140  -47.292  22.614  12.774 0.6000000238
60655  -49.927  22.816  11.682 0.6000000238
60652  -49.628  22.896  12.125 0.6000000238
60162  -51.423  22.632  9.571 0.6000000238
60662  -52.131  23.809  10.891 0.6000000238
61688  -42.045  23.772  1.568 0.6999999881
60685  -43.580  22.702  5.259 0.5000000000
60686  -44.639  22.562  5.524 0.5000000000
84122  -45.925  23.223  6.797 0.4000000060
61152  -43.815  22.885  6.046 0.5000000000
61153  -45.094  22.892  6.285 0.5000000000
84974  -43.917  23.247  6.787 0.4000000060
61658  -42.958  23.702  7.193 0.4000000060
53422  -45.792  9.813  6.295 0.3000000119
90009  -41.467  17.083  10.458 0.8000000119
54712  -43.452  11.404  7.501 0.5000000000
55886  -42.433  13.093  8.548 0.6999999881
94498  -41.164  20.022  10.797 0.8000000119
58584  -42.021  18.485  10.813 0.8000000119
59644  -40.654  20.654  10.787 0.6999999881
93057  -42.065  20.036  11.091 0.8000000119
59645  -41.556  20.909  10.794 0.6999999881
59646  -42.493  21.024  11.064 0.8000000119
103624  -43.083  20.666  11.357 0.6999999881
60148  -44.166  21.105  12.039 0.6999999881
60645  -44.795  23.276  12.909 0.6999999881
61103  -44.258  23.973  12.175 0.6999999881
88271  -45.443  22.692  13.073 0.6000000238
60646  -45.880  23.635  13.195 0.6000000238
61111  -45.537  24.096  11.698 0.5000000000
61115  -44.862  24.017  10.193 0.5000000000
61654  -43.045  24.063  8.142 0.3000000119
62169  -42.352  24.820  7.264 0.4000000060
83455  -43.903  23.612  7.682 0.4000000060
61681  -42.371  24.178  3.268 0.5000000000
83453  -44.895  23.228  7.254 0.5000000000
92264  -42.390  26.227  6.442 0.3000000119
61162  -42.794  23.027  4.865 0.5000000000
61151  -42.939  23.197  5.660 0.5000000000
61137  -42.577  23.750  5.892 0.4000000060
61138  -43.006  23.440  6.368 0.4000000060
61657  -42.425  24.105  6.453 0.5000000000
62168  -42.067  25.065  6.061 0.5000000000
53423  -46.331  9.487  6.145 0.3000000119
52671  -47.004  9.117  5.873 0.3000000119
93787  -41.740  14.980  9.486 0.6000000238
55359  -42.705  12.427  8.466 0.6000000238
53421  -44.701  9.940  6.744 0.3000000119
57444  -41.474  16.365  10.170 0.8000000119
56912  -41.535  15.692  9.853 0.8000000119
58580  -39.713  18.214  11.383 0.6000000238
58581  -40.519  18.041  11.083 0.8000000119
93089  -41.359  17.857  10.750 0.8000000119
58583  -41.127  18.648  10.962 0.8000000119
60145  -41.082  21.512  11.210 0.6999999881
60135  -41.499  22.754  12.093 0.6999999881
60146  -41.945  21.804  11.194 0.6999999881
60651  -42.392  22.770  11.945 0.6999999881
60136  -43.185  22.605  12.066 0.6999999881
60644  -43.759  23.352  12.292 0.6999999881
60642  -42.153  23.948  12.471 0.6000000238
60643  -42.935  23.604  12.172 0.6999999881
61102  -43.429  24.302  11.893 0.6999999881
61109  -43.990  24.531  11.519 0.5000000000
61628  -44.073  24.874  10.721 0.5000000000
61640  -44.080  24.359  9.604 0.4000000060
97838  -43.302  24.415  9.021 0.4000000060
61655  -43.960  23.974  8.598 0.4000000060
102368  -42.445  25.922  6.969 0.3000000119
62649  -44.136  27.331  5.796 0.3000000119
62667  -44.618  27.321  4.071 0.2000000030
62657  -43.274  26.790  5.599 0.4000000060
62194  -42.596  24.953  3.839 0.3000000119
62195  -43.358  25.676  3.035 0.3000000119
62188  -42.981  25.706  4.407 0.3000000119
91236  -43.364  26.380  4.887 0.4000000060
62658  -44.314  27.044  5.024 0.2000000030
61673  -42.391  24.378  4.573 0.4000000060
62187  -42.416  25.047  5.072 0.4000000060
62179  -42.590  25.862  5.459 0.3000000119
61667  -42.343  24.376  5.577 0.4000000060
59140  -40.227  18.978  11.145 0.6999999881
59641  -39.384  20.719  11.348 0.6999999881
92579  -40.301  19.889  10.733 0.6999999881
98036  -40.904  19.346  10.901 0.8000000119
59643  -39.924  20.403  10.824 0.6999999881
60144  -40.168  21.151  11.251 0.6000000238
60640  -39.835  22.890  12.477 0.4000000060
60641  -40.714  23.562  12.636 0.5000000000
101310  -41.453  24.173  12.733 0.6000000238
61101  -42.622  24.680  12.296 0.5000000000
61615  -42.889  25.033  11.869 0.4000000060
61627  -43.476  25.142  11.272 0.3000000119
102205  -43.643  25.133  10.609 0.4000000060
86034  -42.330  24.952  7.792 0.3000000119
61638  -43.113  25.043  10.324 0.3000000119
60637  -40.023  24.493  13.006 0.4000000060
61099  -40.873  24.930  12.848 0.4000000060
61100  -41.821  24.904  12.609 0.4000000060
61614  -42.212  25.185  12.076 0.3000000119
61625  -41.781  25.176  11.426 0.3000000119
61637  -42.159  24.693  10.202 0.3000000119
61647  -42.559  24.589  9.325 0.4000000060
62157  -42.594  24.630  8.378 0.3000000119
99240  -42.291  25.508  7.370 0.3000000119
62646  -42.352  26.494  6.648 0.3000000119
61098  -39.829  25.096  12.839 0.4000000060
61623  -39.846  25.105  11.200 0.1000000015
61612  -40.416  25.218  12.259 0.3000000119
61624  -40.859  25.175  11.394 0.1000000015
61636  -41.183  24.502  9.987 0.2000000030
61613  -41.348  25.180  12.217 0.3000000119
61635  -39.610  24.406  9.646 0.2000000030
99450  -39.575  24.451  8.660 0.1000000015
61653  -40.133  24.664  8.078 0.2000000030
62164  -40.350  25.282  7.331 0.2000000030
88196  -40.365  24.551  10.197 0.1000000015
61646  -40.306  24.340  9.159 0.2000000030
99265  -41.040  24.426  8.728 0.2000000030
62155  -40.947  24.852  7.877 0.2000000030
103958  -41.775  24.435  9.265 0.3000000119
62156  -41.890  24.740  8.288 0.3000000119
62166  -41.898  25.230  7.630 0.3000000119
61106  -47.392  23.846  12.710 0.6000000238
60656  -50.454  23.496  11.179 0.6000000238
59663  -49.279  20.710  7.490 0.8000000119
59662  -47.060  20.058  7.792 0.8000000119
60163  -52.373  22.486  9.050 0.6000000238
91299  -46.197  19.689  8.166 0.8000000119
61169  -42.271  23.264  3.030 0.6000000238
52708  -49.839  8.407  -0.725 0.2000000030
53469  -49.471  9.817  -1.307 0.2000000030
54127  -49.300  11.414  -2.033 0.2000000030
53468  -48.997  10.664  -0.623 0.2000000030
84007  -49.564  8.007  1.409 0.2000000030
95006  -44.654  12.314  2.720 0.3000000119
54735  -43.911  12.006  3.540 0.3000000119
55427  -46.837  13.820  1.207 0.3000000119
55908  -40.457  12.758  6.170 0.1000000015
54110  -48.114  10.251  2.026 0.2000000030
54761  -48.227  12.208  1.021 0.2000000030
99499  -47.661  13.565  0.995 0.3000000119
55930  -45.816  13.580  3.448 0.4000000060
55929  -45.258  13.744  3.280 0.5000000000
56957  -43.429  15.339  3.105 0.5000000000
56944  -44.539  15.205  5.244 0.6999999881
58592  -43.559  18.151  8.636 0.8000000119
59152  -46.012  19.585  8.981 0.6999999881
58589  -43.802  18.021  9.581 0.6999999881
59147  -45.107  18.730  9.439 0.6999999881
91867  -45.728  19.180  9.462 0.6999999881
59659  -48.169  20.569  7.847 0.6999999881
88655  -46.784  8.531  8.598 0.3000000119
59149  -46.185  19.514  9.831 0.6999999881
60166  -49.061  21.441  8.477 0.6999999881
59653  -46.198  19.688  10.815 0.6999999881
59145  -45.366  19.596  11.145 0.6999999881
60161  -50.116  22.278  9.405 0.6000000238
95197  -42.578  19.165  11.091 0.6999999881
59647  -43.699  20.278  11.526 0.6999999881
59648  -44.967  20.582  11.928 0.6999999881
59650  -46.855  20.471  11.266 0.6999999881
60149  -46.596  21.439  12.244 0.6000000238
60138  -44.778  21.943  12.687 0.6000000238
60139  -46.276  22.722  13.082 0.6000000238
60648  -47.929  23.371  12.652 0.6000000238
61110  -44.611  24.211  11.514 0.5000000000
60156  -49.303  22.094  10.602 0.6999999881
60151  -48.507  21.675  11.595 0.6999999881
60152  -49.346  22.210  11.669 0.6000000238
60142  -49.203  22.479  12.136 0.6000000238
60661  -51.131  23.393  10.877 0.6000000238
60157  -50.117  22.699  10.596 0.6000000238
61161  -42.438  23.576  4.204 0.5000000000
61150  -42.498  23.704  5.187 0.5000000000
57997  -40.726  17.230  10.858 0.8000000119
55885  -42.094  13.467  8.972 0.6000000238
56383  -41.944  14.182  9.140 0.6999999881
59141  -41.667  19.260  11.001 0.8000000119
88736  -43.288  21.399  11.654 0.6999999881
60147  -42.633  21.925  11.455 0.6999999881
60137  -43.995  22.330  12.459 0.6000000238
60134  -40.505  22.151  12.011 0.6000000238
61639  -43.614  24.811  10.044 0.5000000000
59139  -39.454  19.799  11.007 0.6000000238
61626  -42.644  25.212  11.311 0.3000000119
61648  -43.154  24.620  9.513 0.4000000060
63140  -42.626  27.209  6.418 0.2000000030
61611  -39.517  25.284  12.321 0.2000000030
54755  -56.888  12.318  1.040 0.2000000030
83194  -57.553  10.902  1.217 0.2000000030
54111  -57.404  11.175  1.157 0.2000000030
85779  -57.429  9.842  1.512 0.2000000030
83191  -56.726  8.624  1.293 0.2000000030
83193  -55.660  9.208  1.778 0.2000000030
55420  -56.170  13.155  1.340 0.2000000030
54762  -57.008  11.370  1.062 0.2000000030
85711  -55.976  11.016  1.348 0.2000000030
84753  -54.554  8.326  1.944 0.2000000030
55940  -55.557  14.003  2.863 0.2000000030
54753  -55.247  11.667  1.722 0.2000000030
85167  -53.425  7.919  2.495 0.2000000030
84825  -51.565  7.576  3.958 0.2000000030
83172  -50.916  7.797  4.726 0.2000000030
83163  -50.377  7.495  4.568 0.2000000030
55386  -53.626  13.961  5.700 0.2000000030
56419  -54.244  14.641  6.214 0.2000000030
55405  -54.955  14.108  3.126 0.2000000030
55932  -54.864  14.202  4.284 0.2000000030
55920  -54.540  14.328  5.324 0.2000000030
97749  -55.536  13.607  2.220 0.2000000030
55410  -54.770  13.330  2.540 0.2000000030
54754  -56.233  12.321  0.995 0.2000000030
83192  -54.906  10.096  2.134 0.2000000030
83201  -52.860  8.891  3.393 0.2000000030
85685  -52.426  7.595  3.231 0.2000000030
85793  -51.379  8.119  4.553 0.2000000030
83167  -50.295  6.364  3.347 0.1000000015
103453  -50.672  7.275  4.153 0.2000000030
83166  -50.450  5.994  2.411 0.1000000015
83165  -50.576  6.609  2.886 0.1000000015
83158  -50.652  7.066  3.779 0.2000000030
50721  -49.698  5.499  -0.488 0.1000000015
83161  -49.940  5.765  1.499 0.1000000015
50719  -47.831  5.041  -1.236 0.1000000015
55910  -53.385  14.211  6.681 0.2000000030
55931  -54.041  13.748  4.806 0.2000000030
55385  -52.924  13.233  6.221 0.2000000030
55404  -54.239  13.242  3.498 0.2000000030
100090  -53.707  13.009  4.393 0.2000000030
54743  -54.017  12.399  3.265 0.2000000030
98542  -53.651  12.413  4.010 0.2000000030
55419  -55.502  12.933  1.640 0.2000000030
54744  -54.551  12.175  2.445 0.2000000030
96493  -53.406  10.299  3.692 0.2000000030
85209  -52.030  8.438  4.058 0.2000000030
96762  -50.878  5.872  1.317 0.1000000015
87216  -50.621  7.149  3.729 0.2000000030
50724  -48.137  5.497  -2.101 0.1000000015
50720  -48.938  5.251  -1.639 0.1000000015
97516  -51.294  5.909  -0.357 0.1000000015
84362  -51.128  5.834  0.510 0.1000000015
51360  -47.489  5.792  -1.530 0.1000000015
50725  -48.917  5.620  -2.493 0.1000000015
55909  -52.706  13.225  7.368 0.2000000030
99477  -52.571  12.430  6.662 0.2000000030
55397  -53.277  13.032  5.285 0.2000000030
85114  -53.141  11.956  4.888 0.2000000030
55396  -52.776  12.189  5.892 0.2000000030
96249  -53.452  11.501  4.018 0.2000000030
84031  -52.876  10.727  4.779 0.2000000030
100032  -53.894  11.457  3.239 0.2000000030
50730  -49.489  5.868  -2.711 0.1000000015
96314  -51.729  5.961  0.028 0.1000000015
83164  -50.720  5.985  1.764 0.1000000015
96600  -50.632  6.642  2.127 0.1000000015
51364  -47.809  6.573  -2.340 0.1000000015
52023  -46.088  7.542  0.215 0.1000000015
52034  -47.069  7.683  -1.170 0.1000000015
52702  -45.804  8.837  0.208 0.1000000015
52698  -45.120  8.961  0.761 0.1000000015
52694  -44.407  9.049  1.499 0.1000000015
90667  -47.935  9.471  10.647 0.2000000030
54680  -50.315  11.814  11.082 0.2000000030
54049  -40.501  11.127  11.252 0.2000000030
53388  -47.530  8.920  10.187 0.2000000030
54050  -41.211  10.705  10.838 0.2000000030
53383  -41.755  10.497  10.158 0.2000000030
93707  -42.293  9.968  10.147 0.2000000030
52619  -42.944  9.179  10.015 0.2000000030
52621  -44.851  9.005  10.122 0.2000000030
52622  -45.725  9.021  10.087 0.2000000030
52623  -46.617  8.947  10.199 0.2000000030
55360  -51.678  12.318  8.640 0.2000000030
54684  -41.100  11.274  10.539 0.2000000030
95645  -41.450  10.895  10.185 0.2000000030
52628  -44.282  8.743  9.379 0.2000000030
52629  -45.264  8.847  9.287 0.2000000030
52630  -46.216  8.780  9.343 0.2000000030
54053  -41.673  10.701  9.479 0.2000000030
53395  -42.292  9.525  9.359 0.2000000030
52627  -43.488  8.773  9.474 0.2000000030
53394  -41.850  10.065  8.889 0.2000000030
52633  -42.890  8.900  9.089 0.2000000030
52634  -43.686  8.785  8.795 0.2000000030
52635  -44.687  8.885  8.468 0.2000000030
53400  -42.428  9.541  8.613 0.2000000030
52636  -45.796  8.844  8.456 0.2000000030
53401  -43.166  9.228  8.320 0.2000000030
51363  -47.343  6.895  -1.652 0.1000000015
85532  -51.134  6.176  -0.746 0.1000000015
84247  -50.902  6.410  1.236 0.1000000015
83159  -50.375  7.240  2.788 0.1000000015
52707  -46.483  8.529  -0.566 0.1000000015
53466  -45.613  9.254  0.364 0.1000000015
53443  -42.809  9.345  3.112 0.1000000015
55353  -50.880  11.904  9.822 0.2000000030
53389  -48.546  9.738  10.258 0.2000000030
54693  -51.116  11.809  9.116 0.2000000030
54678  -40.066  11.824  11.373 0.2000000030
98302  -40.763  11.969  10.896 0.2000000030
85062  -48.335  9.066  9.982 0.2000000030
55375  -51.679  11.820  7.920 0.2000000030
55337  -38.188  12.786  11.802 0.3000000119
54677  -39.397  11.706  11.637 0.2000000030
54713  -52.180  12.102  7.264 0.2000000030
55338  -39.053  12.949  11.578 0.2000000030
55861  -39.352  13.604  11.450 0.2000000030
55339  -39.579  12.392  11.475 0.2000000030
55344  -40.316  12.640  11.141 0.2000000030
54690  -41.493  11.259  9.965 0.2000000030
53396  -48.106  8.424  9.531 0.2000000030
84797  -51.708  11.128  7.189 0.2000000030
55345  -40.858  12.799  10.508 0.2000000030
94006  -41.347  12.072  10.102 0.3000000119
54696  -41.762  11.544  9.402 0.2000000030
93547  -42.241  10.173  8.346 0.2000000030
52652  -43.984  9.139  8.047 0.2000000030
84317  -52.326  11.603  6.523 0.2000000030
52655  -46.425  8.600  7.575 0.2000000030
53414  -42.705  9.879  7.895 0.2000000030
52654  -45.408  9.029  7.700 0.2000000030
53415  -43.502  9.658  7.603 0.2000000030
52653  -44.659  9.158  7.749 0.2000000030
52663  -45.887  9.198  6.884 0.2000000030
91154  -44.293  9.533  7.366 0.2000000030
53416  -45.045  9.370  7.159 0.2000000030
92508  -45.353  9.708  6.632 0.2000000030
98654  -43.991  10.194  7.053 0.2000000030
52038  -48.013  7.665  -2.650 0.1000000015
51370  -49.175  6.268  -3.053 0.1000000015
51372  -50.341  6.713  -2.689 0.1000000015
52036  -50.680  6.800  -1.859 0.1000000015
52028  -50.646  7.165  -0.159 0.1000000015
83979  -50.381  7.223  1.796 0.1000000015
52035  -47.578  7.736  -1.991 0.1000000015
52039  -48.596  7.815  -3.233 0.1000000015
101108  -49.109  7.087  -3.344 0.1000000015
52041  -50.465  7.720  -3.052 0.1000000015
52709  -50.589  7.367  -1.447 0.1000000015
52706  -46.126  9.143  -0.141 0.1000000015
52714  -47.247  8.666  -1.541 0.1000000015
54085  -41.724  10.905  5.012 0.1000000015
53435  -42.280  9.380  3.759 0.1000000015
53444  -43.295  9.406  2.593 0.1000000015
53450  -43.917  9.583  2.045 0.1000000015
54043  -48.110  10.577  11.770 0.2000000030
54044  -48.974  10.724  11.119 0.2000000030
53378  -48.415  10.082  10.895 0.2000000030
53390  -49.113  10.338  10.192 0.2000000030
54692  -50.538  11.363  9.475 0.2000000030
54054  -49.618  10.135  9.356 0.2000000030
99331  -51.320  11.664  8.504 0.2000000030
55859  -37.717  13.569  11.880 0.3000000119
56367  -38.192  14.578  11.722 0.3000000119
85681  -49.013  9.497  9.717 0.2000000030
85632  -49.582  9.090  9.021 0.2000000030
55860  -38.632  13.651  11.636 0.3000000119
83181  -48.924  8.531  9.363 0.2000000030
54059  -51.217  11.142  8.042 0.2000000030
101406  -39.844  13.815  11.250 0.4000000060
55868  -40.413  13.534  10.879 0.3000000119
55877  -40.991  13.565  10.114 0.5000000000
84298  -51.126  10.301  7.599 0.2000000030
55352  -41.296  12.926  9.839 0.5000000000
55358  -41.922  12.621  9.205 0.3000000119
54058  -42.013  10.840  8.663 0.2000000030
54697  -42.341  11.834  8.890 0.3000000119
54711  -42.795  11.626  8.265 0.3000000119
54071  -42.620  10.622  7.930 0.2000000030
54072  -43.298  10.400  7.470 0.3000000119
52715  -47.804  8.419  -2.291 0.1000000015
52044  -49.611  8.025  -3.557 0.1000000015
53472  -46.597  9.198  -0.825 0.1000000015
52721  -48.315  8.695  -2.948 0.1000000015
53483  -50.512  10.086  -4.031 0.1000000015
53455  -44.456  9.604  1.502 0.1000000015
53473  -47.256  9.561  -1.530 0.1000000015
54107  -43.460  10.110  2.478 0.1000000015
54115  -44.843  10.334  1.403 0.1000000015
53460  -45.590  9.787  0.456 0.1000000015
54108  -44.082  10.497  2.227 0.1000000015
54119  -45.465  10.523  0.930 0.1000000015
54671  -48.941  11.975  12.175 0.2000000030
86385  -48.751  11.251  11.757 0.2000000030
54679  -49.576  11.430  11.282 0.2000000030
54685  -49.568  10.976  10.529 0.2000000030
54686  -50.243  11.479  10.349 0.2000000030
54691  -49.882  10.873  9.801 0.2000000030
54055  -50.282  10.698  9.048 0.2000000030
56368  -39.297  14.354  11.429 0.4000000060
96677  -50.731  10.479  8.354 0.2000000030
89217  -50.172  9.786  8.668 0.2000000030
96938  -50.708  9.450  8.028 0.2000000030
56372  -40.704  14.330  10.441 0.5000000000
83189  -50.212  8.650  8.304 0.2000000030
56378  -41.310  14.264  9.763 0.5000000000
55878  -41.563  13.510  9.476 0.5000000000
52664  -46.681  8.733  6.652 0.2000000030
53479  -48.910  10.117  -3.598 0.1000000015
53467  -46.209  9.824  -0.152 0.1000000015
54130  -47.795  10.727  -2.004 0.1000000015
54124  -46.813  11.229  -0.386 0.1000000015
54758  -44.651  11.019  1.936 0.1000000015
54120  -46.112  10.755  0.365 0.1000000015
57995  -39.946  17.383  11.208 0.6999999881
57441  -40.190  16.596  11.037 0.6999999881
56907  -39.779  15.840  11.206 0.6000000238
56908  -40.439  15.985  10.820 0.6000000238
57443  -40.880  16.500  10.628 0.6999999881
56906  -39.004  15.371  11.501 0.6000000238
94574  -39.741  15.030  11.223 0.6000000238
56910  -40.404  15.200  10.768 0.6000000238
56373  -41.110  15.038  10.127 0.6000000238
56371  -40.112  14.375  11.053 0.6000000238
85592  -49.289  8.061  7.997 0.2000000030
54734  -42.967  11.241  3.829 0.2000000030
54740  -43.418  10.830  3.145 0.2000000030
54750  -44.386  11.409  2.494 0.2000000030
56948  -39.878  15.684  4.733 0.1000000015
98788  -40.291  15.963  4.032 0.1000000015
56943  -40.276  15.030  5.171 0.1000000015
56949  -40.710  15.405  4.371 0.1000000015
56423  -41.142  14.708  4.658 0.2000000030
99866  -41.527  13.938  4.886 0.1000000015
56417  -42.222  14.379  4.014 0.2000000030
59710  -37.704  20.413  2.713 0.1000000015
59195  -38.005  19.805  2.596 0.1000000015
59189  -38.123  19.178  2.954 0.1000000015
58641  -38.674  18.764  2.707 0.1000000015
57483  -40.362  16.428  3.358 0.1000000015
57477  -41.062  15.803  3.563 0.1000000015
56950  -41.684  15.119  3.775 0.1000000015
60205  -37.475  21.176  2.989 0.1000000015
59196  -38.765  19.548  2.359 0.1000000015
101828  -37.920  21.704  2.843 0.2000000030
60215  -38.154  21.086  2.575 0.2000000030
59711  -38.432  20.363  2.316 0.2000000030
59197  -39.613  19.656  2.025 0.2000000030
56956  -42.164  15.662  3.024 0.2000000030
57485  -42.788  16.159  2.788 0.2000000030
61687  -41.485  24.000  0.737 0.6000000238
60714  -38.229  22.408  2.927 0.2000000030
92953  -38.612  21.746  2.528 0.2000000030
60216  -38.910  21.069  2.121 0.2000000030
59712  -39.250  20.310  1.906 0.2000000030
57486  -43.761  15.969  3.180 0.5000000000
62206  -41.824  24.748  0.436 0.4000000060
86011  -41.145  24.205  0.718 0.6000000238
61685  -39.314  24.312  3.079 0.4000000060
62205  -41.367  25.155  0.439 0.6000000238
60715  -39.062  22.260  2.494 0.2000000030
62200  -42.918  25.265  0.981 0.3000000119
99426  -43.530  25.840  0.737 0.2000000030
61692  -42.215  24.627  0.718 0.3000000119
101231  -43.865  26.352  0.311 0.2000000030
90251  -42.726  25.473  0.319 0.2000000030
62687  -42.711  26.369  -0.151 0.2000000030
85868  -42.055  25.495  0.200 0.4000000060
85032  -52.565  11.185  5.698 0.2000000030
96623  -50.611  8.642  7.594 0.2000000030
83173  -48.952  7.780  8.234 0.2000000030
97065  -52.007  10.786  6.334 0.2000000030
99218  -51.428  10.016  6.668 0.2000000030
84959  -49.484  8.106  8.544 0.2000000030
84505  -50.946  9.465  7.349 0.2000000030
84501  -50.921  8.978  6.784 0.2000000030
83180  -50.149  8.201  7.784 0.2000000030
51986  -47.415  8.408  6.316 0.2000000030
54093  -42.084  10.396  4.173 0.1000000015
54749  -43.865  10.881  2.680 0.2000000030
54100  -42.662  10.175  3.396 0.1000000015
99656  -43.025  9.906  2.827 0.1000000015
57476  -39.514  16.360  4.117 0.1000000015
61170  -39.109  22.747  2.721 0.4000000060
52723  -50.481  9.154  -3.692 0.1000000015
52717  -50.532  8.127  -2.839 0.1000000015
51978  -47.157  7.968  7.025 0.2000000030
56911  -40.978  15.791  10.408 0.6000000238
84850  -53.823  9.414  2.721 0.2000000030
55933  -55.518  14.255  3.978 0.2000000030
83199  -54.239  10.838  2.674 0.2000000030
50727  -50.364  5.764  -1.356 0.1000000015
51369  -48.378  6.834  -3.002 0.1000000015
84126  -51.353  5.944  0.689 0.1000000015
52040  -50.012  7.041  -3.365 0.1000000015
52620  -43.914  9.001  10.183 0.2000000030
101595  -41.878  10.132  9.527 0.2000000030
52029  -51.315  6.180  -0.510 0.1000000015
96616  -51.532  6.161  0.368 0.1000000015
85611  -50.521  7.191  0.888 0.1000000015
53459  -45.037  9.498  0.967 0.1000000015
55867  -39.812  13.174  11.334 0.2000000030
52722  -49.222  8.991  -3.637 0.1000000015
53478  -47.950  9.571  -2.452 0.1000000015
54114  -44.318  10.143  1.748 0.1000000015
54129  -47.015  10.246  -0.985 0.1000000015
56416  -40.600  14.255  5.388 0.2000000030
59188  -37.452  19.710  3.189 0.1000000015
60708  -38.505  23.346  3.227 0.3000000119
100196  -38.335  11.427  12.111 0.2000000030
55328  -37.310  12.660  12.087 0.2000000030
54668  -37.844  11.937  12.058 0.2000000030
89051  -35.780  10.560  14.589 0.2000000030
54020  -35.355  11.079  14.148 0.2000000030
54021  -36.123  10.924  13.933 0.2000000030
54660  -36.480  11.289  13.188 0.2000000030
54667  -36.977  11.747  12.470 0.2000000030
54641  -32.301  11.965  15.660 0.2000000030
54649  -32.823  11.836  14.987 0.2000000030
54642  -33.587  11.475  15.202 0.2000000030
54643  -34.303  11.136  15.206 0.2000000030
55305  -32.629  12.292  14.076 0.2000000030
88620  -33.992  11.522  14.550 0.2000000030
54651  -34.601  11.293  14.369 0.2000000030
55306  -33.333  12.211  13.753 0.2000000030
54658  -34.036  11.851  13.819 0.2000000030
54652  -34.871  11.635  13.601 0.2000000030
54659  -35.670  11.485  13.396 0.2000000030
55325  -34.736  12.756  12.739 0.2000000030
54666  -36.018  11.929  12.733 0.2000000030
55326  -35.555  12.672  12.553 0.2000000030
55851  -35.967  13.390  12.296 0.2000000030
55327  -36.432  12.604  12.353 0.2000000030
55852  -36.837  13.441  12.120 0.2000000030
54609  -31.755  12.014  17.855 0.1000000015
55274  -30.593  12.847  16.647 0.1000000015
55275  -31.290  12.456  16.373 0.1000000015
55288  -30.789  12.909  15.655 0.1000000015
55289  -31.554  12.433  15.350 0.1000000015
55290  -32.186  12.238  14.829 0.1000000015
55304  -31.728  12.765  14.240 0.2000000030
55315  -32.331  12.868  13.632 0.2000000030
55316  -32.999  12.661  13.432 0.2000000030
55317  -33.707  12.445  13.326 0.2000000030
55324  -34.092  12.783  12.953 0.2000000030
55850  -35.070  13.408  12.412 0.2000000030
93448  -36.366  14.145  12.122 0.4000000060
56365  -37.197  14.300  11.983 0.3000000119
56905  -38.153  15.516  11.725 0.4000000060
101464  -39.187  16.030  11.437 0.5000000000
56838  -34.201  15.401  24.786 0.1000000015
55233  -29.083  12.240  20.442 0.1000000015
55232  -28.679  12.770  20.590 0.1000000015
55246  -29.514  12.870  18.766 0.1000000015
55247  -30.269  12.527  18.392 0.1000000015
55256  -30.458  12.714  17.557 0.1000000015
55832  -30.033  13.513  15.985 0.1000000015
55834  -30.486  13.521  14.987 0.1000000015
55303  -31.056  12.965  14.815 0.2000000030
55835  -31.126  13.550  14.263 0.2000000030
55841  -31.877  13.596  13.563 0.2000000030
55842  -32.742  13.337  13.192 0.2000000030
55848  -33.485  13.070  13.009 0.2000000030
94466  -33.317  13.784  12.758 0.3000000119
56362  -34.613  14.158  12.324 0.3000000119
56363  -35.098  14.893  12.200 0.3000000119
55849  -34.154  13.444  12.619 0.3000000119
91975  -35.503  14.124  12.217 0.3000000119
56364  -35.977  14.834  12.142 0.4000000060
99943  -36.684  14.798  12.051 0.3000000119
92393  -37.000  15.985  12.053 0.4000000060
56903  -37.341  15.252  11.919 0.4000000060
56839  -35.123  15.298  24.780 0.1000000015
56826  -36.474  15.106  25.408 0.1000000015
56827  -37.340  15.101  25.473 0.1000000015
56816  -37.653  15.171  26.145 0.1000000015
57364  -33.767  16.023  24.319 0.1000000015
56840  -36.036  15.302  24.804 0.1000000015
56854  -31.026  15.765  24.057 0.1000000015
57362  -32.108  15.777  24.513 0.1000000015
56853  -30.227  15.565  23.555 0.1000000015
56322  -28.913  14.902  22.428 0.1000000015
57378  -29.796  16.164  23.017 0.1000000015
55807  -28.442  13.487  20.730 0.1000000015
56325  -28.514  14.615  21.698 0.1000000015
56862  -28.703  15.333  21.926 0.1000000015
55810  -28.658  13.378  19.581 0.1000000015
56327  -28.346  14.433  20.744 0.1000000015
55813  -28.495  13.947  19.037 0.1000000015
90390  -29.023  13.452  18.365 0.1000000015
55819  -29.894  13.255  17.035 0.1000000015
56351  -29.910  14.230  15.223 0.1000000015
56355  -31.259  14.235  13.822 0.2000000030
97732  -32.565  14.156  13.034 0.2000000030
56361  -33.864  14.183  12.475 0.3000000119
56359  -32.488  15.057  12.938 0.2000000030
56360  -33.238  14.617  12.632 0.3000000119
93587  -34.110  14.997  12.368 0.3000000119
56900  -34.819  15.758  12.325 0.3000000119
56902  -36.505  15.457  12.087 0.4000000060
56901  -35.687  15.627  12.206 0.4000000060
57435  -36.335  16.261  12.185 0.4000000060
57438  -37.703  16.131  11.891 0.5000000000
57439  -38.592  16.244  11.637 0.5000000000
57436  -37.137  16.855  12.141 0.5000000000
57437  -38.090  16.954  11.977 0.5000000000
91233  -38.754  17.034  11.695 0.5000000000
57440  -39.381  16.670  11.409 0.5000000000
57994  -39.217  17.568  11.566 0.5000000000
56841  -37.055  15.345  24.833 0.1000000015
56828  -38.187  15.112  25.548 0.1000000015
56818  -39.583  15.275  25.850 0.1000000015
57363  -32.946  16.164  24.324 0.1000000015
57365  -34.686  15.900  24.264 0.1000000015
57367  -36.462  15.894  24.324 0.1000000015
100107  -37.796  15.185  25.172 0.1000000015
57381  -32.391  16.643  23.906 0.1000000015
57383  -34.182  16.716  23.933 0.1000000015
57384  -35.227  16.703  23.841 0.1000000015
57366  -35.598  15.831  24.294 0.1000000015
57379  -30.614  16.387  23.446 0.1000000015
56863  -29.185  15.744  22.419 0.1000000015
57396  -30.298  16.917  22.823 0.1000000015
56865  -28.545  15.292  21.229 0.1000000015
57395  -29.608  16.624  22.160 0.1000000015
87717  -28.365  13.863  19.984 0.1000000015
56868  -28.444  15.373  20.388 0.1000000015
57398  -28.780  16.023  20.864 0.1000000015
56331  -28.304  14.801  19.647 0.1000000015
57401  -28.730  16.102  20.100 0.1000000015
56334  -28.346  14.873  18.615 0.1000000015
56871  -28.458  15.606  19.691 0.1000000015
55817  -28.624  14.205  18.046 0.1000000015
56338  -28.775  14.397  17.137 0.1000000015
56337  -28.428  15.024  17.694 0.1000000015
55828  -29.340  13.898  16.613 0.1000000015
55831  -29.483  14.192  15.897 0.1000000015
56354  -30.549  14.420  14.410 0.1000000015
92909  -30.394  15.307  14.293 0.2000000030
56357  -31.072  15.139  13.752 0.2000000030
56896  -32.413  15.829  12.941 0.2000000030
56898  -33.218  15.625  12.627 0.2000000030
57434  -34.514  16.587  12.491 0.3000000119
91357  -35.472  16.569  12.364 0.4000000060
91828  -36.238  17.105  12.351 0.5000000000
57925  -33.607  17.473  23.598 0.1000000015
57922  -31.018  17.206  23.254 0.1000000015
57923  -31.861  17.338  23.468 0.1000000015
95877  -34.519  17.491  23.559 0.1000000015
57940  -30.781  17.650  22.522 0.1000000015
58504  -33.044  18.244  23.285 0.1000000015
58506  -34.872  18.285  23.293 0.1000000015
57939  -30.209  17.281  22.169 0.1000000015
58520  -31.805  18.597  22.652 0.1000000015
58503  -32.220  18.112  23.190 0.1000000015
57399  -29.401  16.605  21.165 0.1000000015
57947  -30.047  17.231  21.372 0.1000000015
57949  -31.154  18.428  22.128 0.1000000015
57402  -29.319  16.677  19.819 0.1000000015
101192  -29.220  16.525  20.475 0.1000000015
97862  -30.831  18.330  21.317 0.1000000015
57948  -30.581  17.803  21.670 0.1000000015
57406  -28.705  16.234  19.277 0.1000000015
57951  -29.906  17.092  20.454 0.1000000015
58532  -30.447  17.699  20.892 0.1000000015
56874  -28.495  16.125  18.575 0.1000000015
100778  -29.288  16.842  19.152 0.1000000015
57954  -29.838  17.334  19.546 0.1000000015
100341  -28.366  15.661  18.189 0.1000000015
57407  -28.883  16.690  18.565 0.1000000015
56346  -28.568  15.187  16.800 0.1000000015
56877  -28.373  15.833  17.317 0.1000000015
56347  -28.977  14.603  16.280 0.1000000015
56885  -28.538  15.991  16.438 0.1000000015
56350  -29.331  14.817  15.521 0.1000000015
56889  -29.254  15.583  15.211 0.1000000015
56353  -29.805  15.022  14.781 0.1000000015
56891  -29.878  15.966  14.572 0.2000000030
56892  -30.682  15.988  13.968 0.2000000030
95369  -31.288  15.965  13.506 0.2000000030
57984  -32.269  17.278  13.062 0.2000000030
57987  -33.181  17.271  12.786 0.3000000119
58572  -33.651  17.975  12.837 0.3000000119
56895  -31.800  15.504  13.248 0.2000000030
57432  -32.740  16.498  12.815 0.2000000030
101500  -35.194  18.192  12.664 0.5000000000
58574  -35.698  18.802  12.678 0.5000000000
58575  -36.581  18.711  12.511 0.5000000000
57433  -33.619  16.536  12.612 0.2000000030
57989  -35.043  17.408  12.557 0.3000000119
57990  -35.920  17.902  12.550 0.5000000000
57991  -36.859  17.828  12.368 0.6000000238
58576  -37.439  18.601  12.336 0.5000000000
101913  -35.673  17.242  12.462 0.4000000060
57992  -37.737  17.750  12.184 0.5000000000
57993  -38.517  17.707  11.902 0.5000000000
58579  -38.993  18.380  11.763 0.5000000000
58523  -34.359  18.987  22.850 0.1000000015
58521  -32.507  18.861  22.773 0.1000000015
58522  -33.420  18.959  22.819 0.1000000015
58534  -31.852  19.140  22.192 0.1000000015
59075  -33.859  19.531  22.296 0.1000000015
59076  -34.709  19.670  22.388 0.1000000015
58533  -31.195  18.896  21.739 0.1000000015
101811  -32.144  19.667  22.022 0.1000000015
59090  -34.275  19.997  21.874 0.1000000015
59576  -35.036  20.346  21.814 0.1000000015
101631  -30.306  17.672  20.208 0.1000000015
58538  -30.635  18.429  20.553 0.1000000015
59087  -31.473  19.569  21.815 0.1000000015
59088  -32.499  20.058  21.647 0.1000000015
57959  -29.422  17.371  18.610 0.1000000015
57411  -28.501  16.594  16.907 0.1000000015
57958  -28.916  17.106  18.011 0.1000000015
57419  -28.635  16.781  16.115 0.2000000030
57969  -28.673  17.217  16.569 0.1000000015
57423  -28.975  16.923  15.398 0.2000000030
56888  -28.828  16.157  15.666 0.1000000015
57425  -29.611  16.880  14.759 0.2000000030
57426  -30.395  16.797  14.226 0.2000000030
57428  -31.167  16.757  13.596 0.2000000030
57983  -31.554  17.527  13.429 0.2000000030
57985  -32.878  18.002  13.022 0.2000000030
58570  -34.007  18.678  12.858 0.3000000119
59132  -36.277  19.663  12.602 0.5000000000
92021  -37.607  20.044  12.194 0.5000000000
59638  -38.124  20.631  12.122 0.6000000238
60132  -38.803  21.169  12.027 0.5000000000
59130  -34.833  18.781  12.787 0.4000000060
59133  -37.148  19.418  12.388 0.5000000000
90189  -38.209  19.928  11.947 0.6000000238
59640  -38.728  20.237  11.562 0.6000000238
59134  -37.922  19.316  12.199 0.6000000238
59136  -38.736  19.308  11.825 0.5000000000
59137  -39.433  18.922  11.507 0.5000000000
59089  -33.535  20.027  21.719 0.1000000015
59592  -34.218  20.545  21.442 0.1000000015
57955  -30.309  18.190  19.685 0.1000000015
59591  -33.380  20.653  21.196 0.1000000015
58546  -29.609  18.198  18.284 0.1000000015
58542  -30.155  18.836  18.973 0.1000000015
59100  -30.549  19.976  20.161 0.1000000015
57970  -28.930  17.833  16.820 0.1000000015
57962  -29.188  17.700  17.721 0.1000000015
57976  -28.852  17.670  15.907 0.1000000015
57979  -29.364  17.688  15.091 0.2000000030
57980  -30.104  17.630  14.504 0.2000000030
58563  -30.590  18.385  14.280 0.2000000030
60133  -39.633  21.647  12.019 0.5000000000
59131  -35.265  19.537  12.793 0.4000000060
58558  -29.349  18.458  15.478 0.2000000030
92558  -33.064  11.579  16.021 0.1000000015
54650  -33.397  11.851  14.338 0.2000000030
55318  -34.430  12.234  13.200 0.2000000030
54665  -35.201  12.099  12.984 0.2000000030
55257  -31.181  12.403  17.282 0.1000000015
56824  -34.613  15.147  25.347 0.1000000015
55814  -28.911  13.232  19.069 0.1000000015
55255  -29.735  13.063  17.925 0.1000000015
56817  -38.698  15.098  26.044 0.1000000015
57380  -31.490  16.520  23.775 0.1000000015
56852  -29.495  15.279  23.050 0.1000000015
56866  -28.924  15.989  21.675 0.1000000015
55818  -29.169  13.663  17.492 0.1000000015
56358  -31.813  14.595  13.355 0.2000000030
56899  -34.059  15.896  12.453 0.3000000119
102429  -38.146  16.140  24.364 0.1000000015
57382  -33.263  16.743  23.957 0.1000000015
57924  -32.714  17.442  23.584 0.1000000015
90110  -28.378  15.552  19.007 0.1000000015
57429  -31.884  16.414  13.162 0.2000000030
57988  -34.073  17.309  12.663 0.3000000119
57941  -31.456  17.946  22.919 0.1000000015
58505  -33.952  18.252  23.257 0.1000000015
58539  -30.962  18.967  21.216 0.1000000015
57410  -28.522  16.469  17.832 0.1000000015
56886  -28.825  15.367  15.945 0.1000000015
101045  -29.236  16.291  15.070 0.1000000015
101582  -31.693  17.001  13.264 0.2000000030
91741  -32.100  18.178  13.270 0.2000000030
58569  -33.342  18.540  12.984 0.2000000030
58573  -34.461  18.057  12.724 0.3000000119
58577  -38.259  18.519  12.118 0.5000000000
59074  -32.827  19.506  22.192 0.1000000015
95770  -35.437  19.899  22.413 0.1000000015
59577  -35.997  20.377  22.017 0.1000000015
59096  -30.681  19.409  20.618 0.1000000015
59098  -31.539  20.177  21.402 0.1000000015
58541  -29.892  17.934  19.006 0.1000000015
57961  -28.738  17.169  17.296 0.1000000015
57982  -30.857  17.575  13.944 0.2000000030
59127  -34.367  19.427  12.898 0.3000000119
94079  -36.988  20.122  12.404 0.5000000000
92699  -30.551  19.116  19.906 0.1000000015
99112  -44.174  9.362  14.150 0.1000000015
98587  -43.393  9.490  14.034 0.1000000015
91364  -41.949  9.600  13.990 0.1000000015
53358  -43.793  9.454  13.337 0.1000000015
53345  -40.623  9.640  14.304 0.1000000015
91091  -41.179  9.793  13.693 0.1000000015
53357  -42.802  9.528  13.406 0.1000000015
53359  -44.644  9.529  13.393 0.1000000015
53355  -40.372  10.077  13.552 0.1000000015
53356  -41.841  9.699  13.004 0.1000000015
95859  -38.221  10.179  14.142 0.1000000015
54023  -38.562  10.540  13.339 0.1000000015
54016  -38.964  10.149  13.973 0.1000000015
53364  -40.990  10.089  12.905 0.1000000015
53367  -43.410  9.571  12.529 0.1000000015
54015  -37.730  10.601  13.599 0.1000000015
100586  -37.963  10.848  12.953 0.1000000015
103112  -38.987  10.637  12.872 0.1000000015
54024  -39.467  10.362  13.312 0.1000000015
54025  -40.195  10.400  12.696 0.1000000015
53366  -42.551  9.659  12.456 0.1000000015
86967  -43.977  9.738  11.721 0.1000000015
54032  -38.540  10.923  12.522 0.1000000015
54033  -39.406  10.750  12.382 0.1000000015
53365  -41.535  10.047  12.280 0.1000000015
53373  -42.172  9.951  11.726 0.1000000015
53374  -43.064  9.704  11.700 0.1000000015
54031  -37.797  11.275  12.488 0.1000000015
54042  -38.969  11.260  11.950 0.1000000015
98248  -40.196  10.702  11.926 0.1000000015
54034  -40.820  10.354  12.127 0.1000000015
102154  -40.792  10.627  11.526 0.1000000015
54035  -41.388  10.324  11.551 0.1000000015
53384  -43.564  9.651  10.927 0.1000000015
53385  -44.571  9.552  10.990 0.1000000015
54676  -38.726  12.025  11.747 0.1000000015
88699  -41.907  10.228  10.871 0.1000000015
98907  -42.680  9.846  10.895 0.1000000015
98092  -41.311  9.517  14.368 0.1000000015
53347  -42.717  9.436  14.393 0.1000000015
53349  -45.014  9.493  14.276 0.1000000015
53360  -45.373  9.811  13.473 0.1000000015
53354  -39.704  9.814  14.276 0.1000000015
53368  -44.289  9.636  12.564 0.1000000015
53369  -45.569  9.886  12.134 0.1000000015
54022  -37.284  11.037  13.035 0.1000000015
86966  -44.816  9.769  11.879 0.1000000015
53375  -45.446  9.578  11.399 0.1000000015
53386  -45.328  9.324  10.701 0.1000000015
53348  -43.537  9.228  14.726 0.1000000015
53350  -45.708  9.850  14.353 0.1000000015
54017  -46.307  10.569  14.649 0.1000000015
53346  -41.848  9.247  14.909 0.1000000015
98091  -39.480  9.296  15.030 0.1000000015
87212  -40.178  9.256  14.979 0.1000000015
92866  -40.951  9.179  14.951 0.1000000015
54026  -46.040  10.389  13.489 0.1000000015
87693  -37.370  10.251  14.319 0.1000000015
53344  -38.757  9.601  14.710 0.1000000015
54036  -45.715  10.200  12.794 0.1000000015
86098  -36.918  10.744  13.767 0.1000000015
86058  -45.061  9.796  12.677 0.1000000015
53376  -46.278  9.649  11.724 0.1000000015
53387  -46.067  9.308  10.867 0.1000000015
89277  -54.836  5.997  3.967 0.1000000015
55279  -49.774  13.309  16.805 0.1000000015
53336  -44.522  9.140  15.138 0.1000000015
53338  -45.858  9.928  15.123 0.1000000015
94260  -46.126  11.457  15.666 0.1000000015
54644  -46.748  11.945  15.649 0.1000000015
52600  -43.675  8.725  15.549 0.1000000015
53337  -45.365  9.501  15.143 0.1000000015
53323  -42.019  8.811  15.681 0.1000000015
53335  -42.784  9.010  15.171 0.1000000015
53332  -39.775  8.915  15.630 0.1000000015
53333  -40.515  8.843  15.591 0.1000000015
53334  -41.246  8.845  15.581 0.1000000015
54653  -46.849  11.344  14.683 0.1000000015
53343  -37.828  9.674  14.820 0.1000000015
54027  -46.575  11.141  13.588 0.1000000015
54037  -46.295  10.830  12.883 0.1000000015
101250  -46.260  10.217  12.409 0.1000000015
83187  -57.697  5.889  2.068 0.1000000015
83176  -53.784  6.471  4.326 0.1000000015
51989  -53.022  7.021  6.199 0.1000000015
98478  -52.443  6.875  5.049 0.1000000015
49935  -45.632  3.972  20.818 0.1000000015
49936  -46.418  4.038  20.762 0.1000000015
49937  -47.181  3.824  20.647 0.1000000015
49337  -47.859  2.895  20.994 0.1000000015
48147  -47.232  0.167  21.033 0.1000000015
48715  -51.529  1.407  23.749 0.1000000015
49330  -52.187  2.556  22.114 0.1000000015
50586  -50.783  5.502  19.880 0.1000000015
51260  -50.858  5.990  19.435 0.1000000015
51891  -51.037  7.604  21.055 0.1000000015
48141  -47.880  -0.707  22.789 0.1000000015
48129  -50.811  -0.354  23.896 0.1000000015
51885  -51.394  8.340  21.095 0.1000000015
53272  -52.235  9.331  21.040 0.1000000015
96703  -40.983  5.839  21.193 0.1000000015
53947  -51.920  9.780  20.869 0.1000000015
52596  -44.962  8.510  16.608 0.1000000015
52601  -44.556  8.526  16.137 0.1000000015
52582  -45.351  9.491  16.976 0.1000000015
54000  -45.244  10.978  16.551 0.1000000015
54001  -45.600  11.732  16.435 0.1000000015
84693  -41.602  6.308  20.662 0.1000000015
55276  -46.903  13.029  17.132 0.1000000015
55261  -49.341  13.455  17.193 0.1000000015
52602  -45.253  8.874  15.956 0.1000000015
54009  -45.546  9.707  15.847 0.1000000015
54010  -45.643  10.875  15.767 0.1000000015
55291  -46.733  12.618  16.531 0.1000000015
55308  -48.721  12.527  14.616 0.1000000015
55292  -47.535  12.327  15.816 0.1000000015
53322  -41.365  8.481  16.230 0.1000000015
53324  -42.885  8.594  15.837 0.1000000015
100264  -38.250  9.295  15.335 0.1000000015
53331  -38.976  9.093  15.522 0.1000000015
54661  -47.301  11.758  13.629 0.1000000015
55844  -51.648  13.568  13.535 0.1000000015
54008  -35.992  10.087  15.384 0.1000000015
53342  -36.957  9.786  15.039 0.1000000015
54028  -46.870  11.389  12.891 0.1000000015
54014  -36.513  10.367  14.491 0.1000000015
55856  -54.019  13.510  12.123 0.1000000015
55872  -54.534  13.351  10.652 0.1000000015
103526  -46.725  10.815  12.580 0.1000000015
55883  -55.113  13.719  9.449 0.1000000015
55356  -55.372  12.784  9.184 0.1000000015
53370  -47.157  10.042  12.079 0.1000000015
55888  -55.585  13.877  8.535 0.1000000015
102837  -55.761  13.452  8.043 0.1000000015
53377  -47.760  9.843  11.352 0.1000000015
100526  -56.006  13.281  6.510 0.1000000015
53439  -58.205  9.126  2.352 0.1000000015
83188  -57.992  5.817  1.166 0.1000000015
86446  -57.463  5.269  1.370 0.1000000015
84675  -48.235  8.903  24.672 0.1000000015
96889  -48.914  9.203  24.696 0.1000000015
83313  -47.847  8.495  24.750 0.1000000015
83323  -48.105  8.161  24.824 0.1000000015
85155  -47.255  7.443  24.810 0.1000000015
96209  -45.282  5.991  23.637 0.1000000015
84382  -46.155  8.316  24.196 0.1000000015
84838  -44.370  5.348  21.879 0.1000000015
96787  -45.170  8.244  24.032 0.1000000015
50584  -45.085  4.707  21.543 0.1000000015
83310  -44.725  8.033  23.473 0.1000000015
96145  -43.689  7.068  22.763 0.1000000015
96371  -43.423  6.267  21.978 0.1000000015
48729  -48.093  2.238  21.520 0.1000000015
84107  -42.681  6.618  21.454 0.1000000015
48719  -48.709  1.608  22.585 0.1000000015
49338  -51.291  3.847  21.183 0.1000000015
96009  -42.855  6.338  21.607 0.1000000015
48136  -48.600  -1.186  23.974 0.1000000015
48714  -50.992  1.234  24.061 0.1000000015
52545  -51.933  8.934  21.190 0.1000000015
52537  -51.302  8.632  21.239 0.1000000015
98723  -42.249  5.709  21.644 0.1000000015
53962  -52.409  10.284  20.608 0.1000000015
53961  -51.214  10.522  20.008 0.1000000015
51259  -40.876  6.490  19.955 0.1000000015
52594  -43.534  8.272  16.426 0.1000000015
52593  -42.336  8.271  16.481 0.1000000015
89920  -40.747  8.565  16.051 0.1000000015
53320  -39.270  8.637  16.202 0.1000000015
53321  -40.093  8.531  16.185 0.1000000015
53330  -37.526  9.303  15.594 0.1000000015
53319  -38.280  8.842  16.130 0.1000000015
55855  -53.184  13.409  12.214 0.1000000015
53329  -36.638  9.397  15.907 0.1000000015
54669  -47.573  11.793  12.762 0.1000000015
56374  -54.255  13.681  10.503 0.1000000015
55882  -54.575  13.778  9.936 0.1000000015
54013  -35.058  10.613  15.047 0.1000000015
54039  -48.109  11.545  12.250 0.1000000015
56381  -55.183  14.487  8.728 0.1000000015
56388  -55.416  14.808  8.021 0.1000000015
95216  -55.801  14.128  7.488 0.1000000015
55911  -55.778  14.346  6.422 0.1000000015
101291  -56.116  13.037  5.220 0.1000000015
103439  -55.736  14.372  5.828 0.1000000015
55406  -56.164  13.313  3.909 0.1000000015
94036  -56.169  12.225  4.515 0.1000000015
92372  -56.449  12.266  3.439 0.1000000015
91098  -57.388  11.585  1.531 0.1000000015
54745  -56.863  12.411  1.975 0.1000000015
53447  -58.127  9.561  1.564 0.1000000015
85278  -58.349  8.512  1.295 0.1000000015
88944  -58.197  8.304  0.960 0.1000000015
84640  -55.595  7.172  0.621 0.1000000015
83184  -57.607  5.937  0.760 0.1000000015
83183  -56.000  5.564  1.610 0.1000000015
85069  -55.161  6.122  0.947 0.1000000015
87247  -54.452  5.813  1.883 0.1000000015
93113  -54.175  5.801  2.961 0.1000000015
83200  -52.091  7.303  3.593 0.1000000015
83185  -52.350  7.042  3.450 0.1000000015
85526  -53.719  6.201  1.518 0.1000000015
83186  -52.692  6.707  4.186 0.1000000015
83177  -53.164  6.498  2.847 0.1000000015
85662  -47.245  8.014  24.491 0.1000000015
85488  -46.733  7.442  24.180 0.1000000015
84697  -46.155  7.030  23.434 0.1000000015
85392  -46.999  8.266  24.436 0.1000000015
83298  -46.542  8.079  24.063 0.1000000015
96898  -44.558  6.479  22.127 0.1000000015
96816  -44.705  6.743  22.709 0.1000000015
84935  -45.773  8.126  23.541 0.1000000015
100393  -44.966  8.011  23.111 0.1000000015
96413  -44.548  7.540  23.064 0.1000000015
83318  -46.128  4.876  21.605 0.1000000015
49927  -46.866  4.485  21.236 0.1000000015
97445  -44.058  7.711  23.327 0.1000000015
83887  -44.422  7.315  22.653 0.1000000015
49938  -47.934  3.778  21.135 0.1000000015
48142  -49.481  0.701  23.844 0.1000000015
48721  -51.707  2.204  23.308 0.1000000015
49940  -50.697  4.720  20.550 0.1000000015
96396  -43.580  6.567  21.485 0.1000000015
48137  -49.852  -0.527  24.629 0.1000000015
98807  -51.056  8.166  21.429 0.1000000015
53271  -51.506  9.207  21.140 0.1000000015
84120  -42.658  6.468  21.050 0.1000000015
87740  -43.401  6.914  20.647 0.1000000015
94044  -50.723  10.114  20.387 0.1000000015
53984  -45.186  10.911  17.197 0.1000000015
55258  -46.815  12.813  17.498 0.1000000015
55259  -47.556  13.273  17.406 0.1000000015
54614  -46.187  11.953  17.633 0.1000000015
54599  -46.896  12.134  18.277 0.1000000015
55249  -47.570  12.833  18.059 0.1000000015
97761  -41.535  6.722  19.813 0.1000000015
83351  -42.457  6.800  20.017 0.1000000015
52595  -44.378  8.256  16.754 0.1000000015
99231  -45.123  10.441  17.957 0.1000000015
51900  -40.186  7.011  19.243 0.1000000015
103809  -40.532  6.714  19.579 0.1000000015
53296  -44.852  9.580  18.204 0.1000000015
52564  -38.979  8.262  18.175 0.1000000015
52565  -39.884  8.247  18.166 0.1000000015
51916  -40.438  7.688  18.678 0.1000000015
51901  -40.960  7.064  19.273 0.1000000015
51902  -41.864  7.151  19.200 0.1000000015
52581  -44.627  8.611  17.587 0.1000000015
89855  -42.920  7.950  17.025 0.1000000015
52580  -43.695  8.101  17.321 0.1000000015
53305  -39.722  8.486  16.873 0.1000000015
53306  -40.610  8.406  16.787 0.1000000015
52578  -41.481  8.253  17.015 0.1000000015
90081  -42.201  8.061  17.272 0.1000000015
53317  -36.494  9.190  16.744 0.1000000015
53302  -36.896  8.877  17.177 0.1000000015
53303  -37.937  8.754  16.985 0.1000000015
53304  -38.842  8.594  16.884 0.1000000015
54006  -34.674  10.852  15.954 0.1000000015
53999  -35.841  9.802  16.632 0.1000000015
53318  -37.287  8.965  16.442 0.1000000015
55329  -48.750  12.541  12.899 0.1000000015
55871  -53.669  13.693  10.746 0.1000000015
54007  -35.261  10.396  16.165 0.1000000015
56380  -54.668  14.402  9.188 0.1000000015
56387  -54.809  15.017  8.473 0.1000000015
56401  -55.441  14.869  7.071 0.1000000015
55921  -55.689  14.297  5.190 0.1000000015
55922  -56.033  14.045  4.496 0.1000000015
83178  -54.129  6.759  1.432 0.1000000015
83197  -53.304  6.881  2.408 0.1000000015
85083  -45.954  8.039  23.491 0.1000000015
85451  -45.022  6.424  22.539 0.1000000015
83330  -44.938  5.685  22.002 0.1000000015
84759  -45.544  5.753  22.399 0.1000000015
83877  -44.596  7.428  22.854 0.1000000015
96423  -44.854  7.378  22.780 0.1000000015
49928  -47.547  4.635  21.337 0.1000000015
49327  -48.771  3.563  21.723 0.1000000015
100291  -49.387  3.010  22.572 0.1000000015
101447  -44.705  7.372  22.257 0.1000000015
96263  -45.061  7.823  22.367 0.1000000015
48720  -50.565  2.463  23.240 0.1000000015
49930  -50.378  4.135  21.715 0.1000000015
96727  -44.416  7.057  21.876 0.1000000015
49329  -51.269  3.143  22.380 0.1000000015
91417  -50.504  6.863  21.089 0.1000000015
84905  -44.099  7.116  21.176 0.1000000015
53264  -50.936  8.861  21.314 0.1000000015
54585  -46.822  11.350  19.183 0.1000000015
51904  -43.489  7.296  19.673 0.1000000015
54613  -45.638  11.210  17.777 0.1000000015
53974  -46.176  11.429  18.485 0.1000000015
54586  -47.722  12.047  19.092 0.1000000015
102224  -49.157  12.441  18.864 0.1000000015
51917  -41.311  7.723  18.607 0.1000000015
53973  -45.613  10.823  18.546 0.1000000015
52577  -40.200  8.461  17.526 0.1000000015
52579  -42.796  8.052  17.927 0.1000000015
52575  -38.503  8.620  17.518 0.1000000015
52576  -39.361  8.532  17.519 0.1000000015
55854  -52.199  12.972  12.142 0.1000000015
55853  -51.289  12.942  12.838 0.1000000015
55332  -51.418  12.648  11.858 0.1000000015
55340  -50.033  11.992  11.869 0.1000000015
55863  -52.972  13.401  11.394 0.1000000015
55862  -52.149  12.975  11.282 0.1000000015
56379  -54.072  14.209  9.837 0.1000000015
55870  -52.744  13.444  10.636 0.1000000015
56386  -54.136  14.723  8.897 0.1000000015
55881  -53.231  13.867  9.931 0.1000000015
55880  -52.400  13.313  9.903 0.1000000015
56399  -54.101  15.079  8.076 0.1000000015
99394  -53.572  14.284  9.274 0.1000000015
56411  -54.905  15.106  6.640 0.1000000015
56410  -54.076  15.070  7.143 0.1000000015
83301  -44.850  7.188  22.997 0.1000000015
83970  -45.079  6.792  22.849 0.1000000015
50578  -47.031  5.413  21.883 0.1000000015
50579  -47.973  5.610  21.945 0.1000000015
84044  -45.362  7.236  22.992 0.1000000015
93348  -49.364  4.381  21.620 0.1000000015
49929  -48.431  4.567  21.383 0.1000000015
49939  -49.668  4.920  21.197 0.1000000015
84324  -45.785  8.120  22.656 0.1000000015
51251  -50.043  6.247  21.376 0.1000000015
51246  -50.029  7.005  21.819 0.1000000015
84943  -44.757  7.595  21.459 0.1000000015
83327  -45.404  8.063  21.659 0.1000000015
52536  -50.772  8.335  21.455 0.1000000015
84326  -44.186  7.400  20.563 0.1000000015
53946  -49.797  10.274  20.296 0.1000000015
53270  -50.441  9.436  20.818 0.1000000015
51905  -44.272  7.739  19.828 0.1000000015
53959  -48.442  11.183  19.594 0.1000000015
99355  -48.173  10.676  19.848 0.1000000015
101600  -50.058  10.796  20.031 0.1000000015
53958  -47.648  10.945  19.569 0.1000000015
54587  -48.835  12.004  19.215 0.1000000015
53960  -50.229  10.960  19.528 0.1000000015
90808  -49.401  11.101  19.689 0.1000000015
51903  -42.684  7.249  19.188 0.1000000015
51918  -42.248  7.687  18.567 0.1000000015
99433  -45.260  10.121  18.855 0.1000000015
52566  -40.738  8.255  18.109 0.1000000015
52568  -43.889  8.298  18.327 0.1000000015
52569  -44.537  8.887  18.427 0.1000000015
52567  -41.640  8.124  17.889 0.1000000015
94289  -40.897  8.361  17.525 0.1000000015
55331  -50.571  12.543  12.296 0.1000000015
87410  -50.844  12.307  11.324 0.1000000015
55341  -51.526  12.662  11.107 0.1000000015
55869  -51.984  12.923  10.580 0.1000000015
55347  -51.334  12.484  10.563 0.1000000015
55879  -51.708  12.709  9.949 0.1000000015
55355  -52.036  12.917  9.230 0.1000000015
55887  -52.802  13.762  9.075 0.1000000015
55354  -51.421  12.325  9.463 0.1000000015
55900  -52.914  13.829  8.205 0.1000000015
85444  -46.314  6.166  23.025 0.1000000015
83309  -45.441  6.808  22.929 0.1000000015
96766  -47.001  6.846  23.451 0.1000000015
84603  -47.254  6.432  22.990 0.1000000015
50571  -48.000  6.604  22.792 0.1000000015
50580  -48.738  6.207  22.193 0.1000000015
96737  -46.158  7.951  23.550 0.1000000015
85485  -47.503  7.138  23.234 0.1000000015
86905  -48.889  5.227  21.611 0.1000000015
50581  -49.522  5.715  21.603 0.1000000015
51245  -49.362  6.660  22.032 0.1000000015
83319  -47.067  7.781  23.234 0.1000000015
85402  -47.719  7.477  22.893 0.1000000015
51884  -50.423  7.678  21.543 0.1000000015
96706  -46.429  8.147  22.806 0.1000000015
83328  -46.721  8.216  22.227 0.1000000015
84841  -47.244  8.227  21.942 0.1000000015
52543  -46.608  8.494  21.212 0.1000000015
52542  -45.760  8.385  20.895 0.1000000015
52552  -43.981  7.985  19.131 0.1000000015
52554  -45.368  8.677  19.890 0.1000000015
53284  -47.005  10.353  19.685 0.1000000015
53944  -47.846  10.232  20.073 0.1000000015
51919  -43.208  7.711  18.745 0.1000000015
52553  -44.672  8.337  19.484 0.1000000015
53283  -46.477  9.668  19.903 0.1000000015
95573  -44.409  8.558  18.859 0.1000000015
52570  -44.940  9.147  19.040 0.1000000015
53957  -46.071  10.534  19.253 0.1000000015
58552  -29.135  18.533  16.296 0.1000000015
59120  -29.745  19.155  15.163 0.1000000015
91026  -30.289  19.179  14.592 0.1000000015
58567  -31.985  19.128  13.550 0.1000000015
99179  -32.710  19.461  13.237 0.1000000015
90871  -33.103  20.090  13.135 0.2000000030
88368  -33.925  20.100  13.016 0.2000000030
59128  -34.755  20.183  12.900 0.2000000030
59635  -35.632  20.380  12.775 0.3000000119
59632  -34.329  20.718  12.998 0.2000000030
59637  -37.361  20.823  12.412 0.3000000119
56407  -39.726  14.494  5.717 0.1000000015
51244  -48.469  6.992  22.707 0.1000000015
51883  -49.421  7.325  21.988 0.1000000015
51882  -48.480  7.533  22.325 0.1000000015
52535  -49.967  8.077  21.668 0.1000000015
98454  -47.719  7.888  22.386 0.1000000015
52534  -48.226  8.309  21.593 0.1000000015
53262  -49.234  8.618  21.280 0.1000000015
52544  -47.395  8.770  20.945 0.1000000015
89892  -48.305  9.328  20.674 0.1000000015
53263  -50.197  8.763  21.243 0.1000000015
52555  -46.112  8.963  20.313 0.1000000015
99060  -46.745  9.111  20.544 0.1000000015
53269  -49.446  9.455  20.700 0.1000000015
53268  -47.269  9.614  20.316 0.1000000015
53945  -48.765  10.390  20.183 0.1000000015
53282  -45.690  9.511  19.513 0.1000000015
59124  -31.555  19.983  13.915 0.1000000015
60127  -36.893  21.797  12.743 0.3000000119
60128  -37.997  21.806  12.502 0.3000000119
60129  -38.984  22.348  12.490 0.4000000060
60635  -38.362  23.456  12.991 0.3000000119
62199  -40.509  25.135  1.349 0.4000000060
55278  -48.945  13.442  16.908 0.1000000015
55277  -47.731  13.230  16.873 0.1000000015
55293  -48.552  12.496  15.911 0.1000000015
54654  -47.481  11.774  14.838 0.1000000015
55260  -48.408  13.506  17.336 0.1000000015
53975  -50.596  10.868  18.678 0.1000000015
55319  -48.008  12.259  14.114 0.1000000015
54589  -49.970  11.676  18.896 0.1000000015
54601  -49.430  12.453  18.479 0.1000000015
54588  -49.600  11.938  19.162 0.1000000015
55295  -50.471  12.661  15.672 0.1000000015
54662  -48.041  12.251  13.239 0.1000000015
55843  -50.667  13.462  13.649 0.1000000015
87313  -52.366  13.401  12.903 0.1000000015
55321  -50.196  13.073  13.110 0.1000000015
55838  -51.188  13.728  14.119 0.1000000015
55330  -49.613  12.590  12.596 0.1000000015
60636  -39.256  23.601  12.828 0.3000000119
99829  -58.126  9.285  1.438 0.1000000015
55934  -55.907  13.905  3.281 0.1000000015
55941  -55.932  13.554  2.192 0.1000000015
85046  -50.153  6.609  4.135 0.1000000015
99295  -54.933  14.779  5.844 0.1000000015
55361  -52.356  13.082  8.398 0.1000000015
85861  -47.049  9.430  11.025 0.1000000015
55346  -50.800  12.056  10.512 0.1000000015
54670  -48.219  12.087  12.612 0.1000000015
58566  -31.348  18.332  13.722 0.1000000015
58568  -32.736  18.767  13.167 0.1000000015
58562  -29.833  18.437  14.801 0.1000000015
59126  -33.450  19.292  13.037 0.2000000030
101807  -42.028  9.824  12.365 0.1000000015
87442  -39.715  11.169  11.715 0.1000000015
83182  -55.299  5.571  2.674 0.1000000015
87262  -50.120  12.730  16.499 0.1000000015
55262  -50.073  13.052  16.857 0.1000000015
93154  -46.099  12.135  16.294 0.1000000015
51340  -56.716  6.414  3.657 0.1000000015
83198  -58.309  6.853  0.993 0.1000000015
51252  -50.420  6.012  20.274 0.1000000015
54633  -46.066  12.473  16.923 0.1000000015
54615  -49.704  12.853  17.705 0.1000000015
54616  -50.276  11.695  17.423 0.1000000015
55307  -48.117  12.086  15.062 0.1000000015
89652  -49.281  12.566  15.284 0.1000000015
55309  -49.977  12.841  15.035 0.1000000015
86144  -49.421  13.152  14.205 0.1000000015
55839  -53.115  14.026  13.935 0.1000000015
55845  -52.811  13.928  13.493 0.1000000015
54038  -47.369  11.128  12.406 0.1000000015
55865  -54.216  13.401  11.328 0.1000000015
55864  -53.699  13.512  11.571 0.1000000015
55873  -54.810  13.332  10.154 0.1000000015
55377  -55.807  12.859  7.605 0.1000000015
85272  -57.365  6.973  0.260 0.1000000015
83316  -50.102  9.126  24.216 0.1000000015
84674  -45.783  5.768  24.527 0.1000000015
96946  -44.482  6.644  23.102 0.1000000015
85406  -44.061  8.255  24.282 0.1000000015
85361  -43.897  7.979  23.724 0.1000000015
54632  -45.366  11.729  17.007 0.1000000015
56412  -55.421  14.626  6.037 0.1000000015
54103  -57.173  11.238  2.979 0.1000000015
96805  -56.476  6.273  0.478 0.1000000015
103289  -52.603  7.077  3.067 0.1000000015
50585  -50.178  5.475  20.834 0.1000000015
55250  -48.143  13.280  17.775 0.1000000015
55251  -48.918  13.232  17.825 0.1000000015
53998  -35.316  10.464  17.132 0.1000000015
49328  -50.150  3.572  22.446 0.1000000015
56385  -53.480  14.457  8.546 0.1000000015
85627  -46.162  8.265  21.888 0.1000000015
52541  -44.881  8.051  20.558 0.1000000015
83320  -47.017  7.959  22.946 0.1000000015
58564  -31.072  19.164  14.080 0.1000000015
59636  -36.523  20.666  12.628 0.3000000119
90591  -49.111  7.941  21.822 0.1000000015
60634  -37.517  22.770  12.923 0.3000000119
103891  -49.314  12.746  16.209 0.1000000015
54602  -49.875  11.413  18.056 0.1000000015
53985  -50.490  10.913  17.806 0.1000000015
53976  -51.146  10.786  18.158 0.1000000015
55294  -49.848  12.539  15.920 0.1000000015
55320  -48.678  12.739  13.732 0.1000000015
100109  -49.930  13.421  13.720 0.1000000015
55836  -49.391  13.041  13.359 0.1000000015
55837  -50.270  13.469  14.218 0.1000000015
61680  -38.288  24.248  3.560 0.2000000030
62193  -38.637  25.148  3.512 0.2000000030
62686  -41.408  26.151  0.148 0.3000000119
62672  -38.791  26.235  3.172 0.2000000030
62678  -39.561  26.472  2.572 0.2000000030
62679  -40.105  26.068  1.790 0.3000000119
87377  -42.648  24.833  2.156 0.2000000030
62201  -43.483  25.770  1.677 0.2000000030
62204  -40.628  25.749  0.778 0.4000000060
62673  -44.162  26.552  2.152 0.2000000030
87877  -37.446  23.797  3.618 0.2000000030
62671  -37.793  26.837  3.171 0.1000000015
61621  -38.246  24.592  10.918 0.1000000015
61634  -38.875  24.488  10.210 0.1000000015
61609  -37.716  25.000  11.713 0.1000000015
61633  -37.788  24.342  9.501 0.1000000015
89154  -37.429  24.382  10.498 0.1000000015
61645  -38.718  24.457  8.765 0.1000000015
61631  -35.918  24.348  10.370 0.1000000015
61620  -36.831  24.471  10.998 0.1000000015
63180  -38.786  27.233  2.478 0.1000000015
62685  -40.263  26.599  0.700 0.1000000015
62684  -39.595  26.944  1.756 0.2000000030
62691  -40.208  27.483  0.168 0.1000000015
63186  -39.591  27.472  0.902 0.1000000015
62192  -37.685  25.828  3.646 0.1000000015
103283  -37.362  26.397  3.563 0.1000000015
62191  -36.780  25.287  3.779 0.1000000015
61679  -37.528  24.760  3.738 0.1000000015
61168  -37.420  22.928  3.351 0.1000000015
61632  -36.643  24.319  9.639 0.1000000015
62165  -41.266  25.370  7.382 0.1000000015
61642  -36.038  24.719  8.625 0.1000000015
61643  -36.912  24.625  8.526 0.1000000015
61644  -37.711  24.718  8.190 0.1000000015
62163  -39.610  25.133  7.393 0.1000000015
62692  -40.926  26.945  0.002 0.1000000015
63195  -41.792  27.062  -0.399 0.2000000030
63685  -41.779  27.847  -0.767 0.1000000015
64157  -42.245  28.238  -0.466 0.2000000030
63194  -40.935  27.673  -0.423 0.1000000015
64164  -41.509  28.367  -0.510 0.1000000015
99872  -42.414  28.804  0.639 0.1000000015
63684  -41.009  28.184  -0.572 0.1000000015
64165  -41.462  29.188  0.212 0.1000000015
88307  -38.335  27.924  1.822 0.1000000015
63185  -39.128  27.661  1.685 0.2000000030
64647  -41.146  30.652  0.863 0.1000000015
63179  -37.732  27.680  2.545 0.1000000015
61652  -39.196  24.739  7.854 0.1000000015
62644  -41.614  26.241  7.099 0.2000000030
63692  -40.337  28.133  -0.371 0.1000000015
63193  -39.409  28.010  0.157 0.1000000015
64639  -41.865  29.742  1.103 0.1000000015
88635  -38.849  27.930  0.902 0.1000000015
62645  -42.235  26.351  7.020 0.2000000030
62162  -38.878  25.373  7.211 0.1000000015
62666  -43.812  26.621  3.776 0.1000000015
62674  -44.466  27.467  2.824 0.1000000015
62680  -44.358  26.460  0.964 0.1000000015
98686  -44.397  27.507  1.102 0.1000000015
101463  -44.623  27.652  1.956 0.1000000015
63189  -44.971  26.888  0.467 0.1000000015
63181  -45.017  27.411  1.166 0.1000000015
63673  -44.613  27.934  2.296 0.1000000015
63672  -44.375  28.115  1.569 0.1000000015
64152  -44.097  28.872  2.667 0.1000000015
103145  -43.538  29.754  2.810 0.1000000015
63187  -42.710  27.453  -0.602 0.2000000030
94434  -43.298  27.941  -0.046 0.1000000015
64158  -42.598  29.484  1.608 0.1000000015
64633  -42.912  30.159  2.409 0.1000000015
63200  -39.816  27.985  -0.221 0.1000000015
100643  -40.915  29.103  -0.146 0.1000000015
92673  -42.795  30.989  2.721 0.1000000015
63199  -39.047  28.518  -0.647 0.1000000015
63691  -39.371  28.319  -0.552 0.1000000015
64640  -42.095  30.876  1.870 0.1000000015
64646  -40.655  30.028  0.138 0.1000000015
65105  -41.391  31.721  1.389 0.1000000015
62643  -40.624  26.126  7.007 0.1000000015
62642  -39.552  25.947  6.960 0.1000000015
63174  -45.413  27.851  3.890 0.1000000015
63662  -44.978  27.993  3.294 0.1000000015
64141  -44.848  28.650  3.277 0.1000000015
63188  -43.870  27.073  -0.044 0.1000000015
64140  -44.307  29.891  3.410 0.1000000015
65092  -44.091  31.039  3.602 0.1000000015
63671  -43.334  28.489  1.131 0.1000000015
63690  -38.521  28.496  -1.179 0.1000000015
64170  -40.058  28.607  -0.333 0.1000000015
88016  -39.965  29.604  -0.240 0.1000000015
62648  -43.029  27.158  6.072 0.2000000030
63139  -41.965  27.107  6.762 0.1000000015
63138  -41.018  26.983  6.726 0.1000000015
63165  -45.508  27.517  4.760 0.1000000015
63663  -46.557  28.149  3.932 0.1000000015
103315  -44.843  31.761  3.979 0.1000000015
63679  -44.499  27.567  0.534 0.1000000015
63155  -45.261  27.548  5.572 0.1000000015
83588  -47.091  28.311  4.601 0.1000000015
63166  -46.456  27.841  4.435 0.1000000015
103227  -47.436  29.665  5.481 0.1000000015
64143  -46.839  28.405  3.824 0.1000000015
88995  -47.126  28.907  4.744 0.1000000015
64621  -46.336  30.237  4.579 0.1000000015
64142  -45.788  29.287  3.780 0.1000000015
64620  -45.289  30.814  4.224 0.1000000015
65548  -44.700  33.304  4.247 0.1000000015
65557  -44.918  32.655  4.096 0.1000000015
63147  -43.540  27.572  6.111 0.1000000015
63145  -41.280  27.833  6.601 0.1000000015
63146  -42.291  27.992  6.447 0.1000000015
95157  -43.254  27.984  6.311 0.1000000015
92173  -44.306  28.176  6.338 0.1000000015
87741  -44.820  27.778  6.084 0.1000000015
63634  -41.574  28.622  6.669 0.1000000015
99687  -42.886  28.379  6.496 0.1000000015
63636  -43.531  28.767  6.578 0.1000000015
63635  -42.503  28.789  6.664 0.1000000015
83592  -47.056  28.118  5.920 0.1000000015
64115  -40.966  29.251  6.823 0.1000000015
64121  -47.588  29.729  6.066 0.1000000015
83595  -47.662  30.997  5.959 0.1000000015
65085  -46.701  31.342  5.381 0.1000000015
66948  -42.470  35.582  4.349 0.1000000015
66450  -43.017  35.148  4.790 0.1000000015
66453  -43.039  35.048  3.872 0.1000000015
65084  -45.625  32.117  4.800 0.1000000015
66952  -42.641  35.567  3.575 0.1000000015
65958  -44.057  33.907  4.550 0.1000000015
91161  -45.423  28.186  6.422 0.1000000015
63148  -45.779  27.752  6.056 0.1000000015
64116  -41.899  29.391  6.927 0.1000000015
64117  -42.979  29.580  7.008 0.1000000015
63638  -45.990  28.916  6.673 0.1000000015
63639  -46.923  28.865  6.268 0.1000000015
64611  -46.738  31.230  6.733 0.1000000015
64120  -46.791  30.035  6.554 0.1000000015
65077  -46.973  31.685  6.392 0.1000000015
65544  -46.548  32.251  6.192 0.1000000015
64612  -47.531  30.995  6.210 0.1000000015
65079  -46.376  32.459  5.752 0.1000000015
65956  -45.081  33.630  5.169 0.1000000015
65546  -45.840  32.992  5.735 0.1000000015
92012  -44.070  29.520  6.899 0.1000000015
63637  -44.813  28.883  6.726 0.1000000015
64119  -45.357  30.165  6.980 0.1000000015
64109  -40.385  29.846  7.086 0.1000000015
64112  -42.965  30.367  7.246 0.1000000015
64609  -44.568  31.060  7.229 0.1000000015
64605  -40.677  30.703  7.281 0.1000000015
64110  -41.268  30.012  7.126 0.1000000015
64607  -42.456  30.969  7.336 0.1000000015
64610  -45.712  31.310  7.004 0.1000000015
65076  -46.357  31.913  6.627 0.1000000015
65543  -45.685  32.590  6.346 0.1000000015
65955  -44.062  34.010  5.506 0.1000000015
64111  -42.170  30.167  7.185 0.1000000015
65954  -43.135  34.210  5.779 0.1000000015
65951  -43.563  33.733  6.144 0.1000000015
64603  -38.928  30.300  7.349 0.1000000015
64604  -39.800  30.485  7.266 0.1000000015
64606  -41.561  30.860  7.310 0.1000000015
65072  -42.913  31.702  7.346 0.1000000015
65075  -45.165  31.902  6.946 0.1000000015
90339  -44.391  32.519  6.718 0.1000000015
65545  -44.727  33.402  6.047 0.1000000015
94396  -40.111  31.378  7.367 0.1000000015
65070  -41.019  31.570  7.376 0.1000000015
65067  -38.039  31.558  7.769 0.1000000015
65069  -39.243  31.144  7.392 0.1000000015
101649  -38.440  30.980  7.542 0.1000000015
65536  -43.382  32.316  7.128 0.1000000015
65073  -43.960  31.747  7.197 0.1000000015
64608  -43.435  30.992  7.349 0.1000000015
65071  -41.956  31.667  7.388 0.1000000015
65535  -42.497  32.390  7.244 0.1000000015
93229  -39.515  31.971  7.439 0.1000000015
65542  -43.303  33.054  6.714 0.1000000015
65533  -40.421  32.314  7.334 0.1000000015
65534  -41.486  32.365  7.308 0.1000000015
92434  -39.655  32.630  7.311 0.1000000015
88492  -38.148  34.433  6.436 0.1000000015
65942  -39.262  33.178  7.203 0.1000000015
65946  -38.729  33.767  6.850 0.1000000015
65532  -38.913  32.542  7.488 0.1000000015
65539  -40.128  33.118  7.058 0.1000000015
65947  -39.662  33.775  6.722 0.1000000015
65540  -41.051  33.032  7.037 0.1000000015
65948  -40.731  33.826  6.610 0.1000000015
66451  -43.482  34.428  4.151 0.1000000015
92664  -44.249  32.058  3.411 0.1000000015
64151  -43.416  29.127  2.097 0.1000000015
64634  -43.367  30.581  3.129 0.1000000015
65098  -42.648  31.745  2.557 0.1000000015
95194  -45.875  28.436  3.693 0.1000000015
83594  -47.290  30.141  5.360 0.1000000015
65549  -45.582  33.102  5.025 0.1000000015
66447  -43.513  34.565  5.127 0.1000000015
64118  -43.872  30.259  7.202 0.1000000015
66436  -39.093  34.396  6.277 0.1000000015
61095  -39.087  24.906  13.230 0.2000000030
61599  -38.469  25.202  13.083 0.2000000030
61600  -39.108  25.254  12.954 0.2000000030
61598  -37.728  25.177  13.089 0.2000000030
61094  -38.108  24.778  13.315 0.2000000030
61093  -37.502  23.968  13.439 0.2000000030
103360  -37.986  25.250  12.661 0.2000000030
59630  -32.750  20.704  13.288 0.1000000015
59633  -35.034  20.981  12.894 0.1000000015
60126  -35.911  21.315  12.851 0.1000000015
60119  -32.150  21.897  13.703 0.1000000015
59629  -32.018  20.891  13.676 0.1000000015
60120  -32.815  21.490  13.342 0.1000000015
60121  -33.647  22.013  13.210 0.1000000015
59631  -33.558  20.930  13.119 0.1000000015
60123  -35.217  21.915  12.997 0.1000000015
60630  -36.136  23.402  13.292 0.1000000015
60633  -36.811  23.086  13.202 0.1000000015
61586  -34.153  24.342  13.374 0.1000000015
61595  -34.549  24.975  12.968 0.1000000015
60626  -32.911  22.501  13.465 0.1000000015
60627  -33.793  23.227  13.391 0.1000000015
61587  -34.928  24.469  13.268 0.1000000015
61596  -35.382  24.913  13.006 0.1000000015
87951  -36.188  24.800  13.136 0.1000000015
61597  -36.907  25.014  13.078 0.1000000015
60628  -34.528  22.525  13.176 0.1000000015
60629  -35.399  22.994  13.224 0.1000000015
101798  -37.430  24.700  13.353 0.1000000015
61610  -38.633  25.263  12.369 0.1000000015
60122  -34.382  21.481  13.047 0.1000000015
61092  -36.718  24.287  13.395 0.1000000015
59125  -32.341  20.037  13.440 0.1000000015
61086  -35.665  24.211  13.356 0.1000000015
60124  -36.078  22.363  13.043 0.1000000015
61606  -34.816  24.987  12.100 0.1000000015
61085  -34.757  23.656  13.356 0.1000000015
61607  -36.043  24.969  12.484 0.1000000015
47511  -49.961  -1.138  23.508 0.1000000015
47512  -50.424  -1.075  23.879 0.1000000015
48138  -51.028  0.375  24.119 0.1000000015
50718  -47.070  5.278  -0.714 0.1000000015
50726  -49.758  5.722  -2.276 0.1000000015
51344  -57.575  6.068  0.871 0.1000000015
51365  -48.391  6.070  -2.697 0.1000000015
51366  -50.467  6.190  -2.010 0.1000000015
51371  -49.998  6.164  -2.845 0.1000000015
52045  -50.275  8.289  -3.546 0.1000000015
52726  -50.220  9.228  -3.956 0.1000000015
53452  -57.701  10.223  1.512 0.1000000015
53482  -49.973  10.245  -4.139 0.1000000015
54137  -49.898  11.340  -3.653 0.2000000030
54138  -50.052  11.306  -3.779 0.2000000030
54600  -48.519  12.729  18.463 0.1000000015
54698  -50.839  11.241  8.740 0.2000000030
54779  -49.389  11.583  -2.923 0.2000000030
54780  -49.612  11.800  -3.421 0.2000000030
55376  -52.110  12.494  7.916 0.2000000030
55411  -56.271  13.200  2.635 0.1000000015
55421  -56.405  13.053  1.568 0.2000000030
55432  -47.914  13.715  0.235 0.3000000119
55901  -53.401  14.425  7.663 0.1000000015
55912  -56.024  14.090  5.606 0.1000000015
56400  -54.870  15.227  7.603 0.1000000015
56420  -55.233  14.478  5.093 0.2000000030
56842  -37.938  15.630  24.706 0.1000000015
58069  -46.382  18.173  -0.699 0.8000000119
58076  -48.676  17.729  -2.603 0.8000000119
58618  -45.793  18.385  5.505 0.8000000119
58660  -45.007  19.202  -2.170 0.6999999881
58666  -44.835  19.163  -2.442 0.8000000119
58667  -45.060  19.189  -2.197 0.8000000119
58669  -48.464  18.576  -3.389 0.8000000119
59162  -46.337  19.192  6.667 0.8000000119
59722  -52.811  20.844  1.186 1.0000000000
59734  -52.948  20.967  0.660 1.0000000000
60141  -48.344  22.436  12.349 0.6000000238
60155  -48.435  21.424  10.595 0.6999999881
60200  -54.608  22.703  3.530 1.0000000000
60649  -49.029  23.073  12.376 0.6000000238
60653  -49.916  23.219  11.748 0.6999999881
60658  -52.658  24.114  10.763 0.6999999881
60665  -54.310  24.059  9.148 0.8000000119
60677  -55.942  23.794  6.268 0.8999999762
60688  -46.580  22.749  5.638 0.6000000238
60691  -55.943  23.623  5.321 1.0000000000
60704  -55.359  23.317  4.374 1.0000000000
61128  -53.918  24.194  9.865 0.8000000119
61134  -53.294  24.328  9.047 0.6999999881
61142  -56.111  24.029  5.895 0.8999999762
61156  -55.901  24.047  5.609 1.0000000000
63645  -46.406  28.058  6.244 0.1000000015
64132  -46.685  29.351  4.390 0.1000000015
65080  -47.094  31.676  6.189 0.1000000015
83454  -46.727  23.680  8.052 0.6000000238
83589  -47.004  28.092  4.481 0.1000000015
83590  -47.134  28.213  4.120 0.1000000015
83591  -46.472  27.792  5.331 0.1000000015
83593  -47.654  30.258  5.892 0.1000000015
84425  -50.555  19.078  -3.267 0.8999999762
84889  -49.440  18.277  -3.624 0.8000000119
85391  -49.124  8.641  24.522 0.1000000015
85635  -47.079  28.339  5.343 0.1000000015
85819  -51.873  21.832  0.904 0.8000000119
85865  -56.596  5.820  0.930 0.1000000015
88674  -51.205  12.306  10.046 0.1000000015
91433  -54.402  13.704  3.989 0.2000000030
96853  -44.843  19.239  -2.352 0.6999999881
98436  -56.486  10.041  1.609 0.2000000030
98874  -50.620  -0.696  24.008 0.1000000015
100448  -47.325  28.729  5.890 0.1000000015
100712  -47.843  22.952  6.893 0.6000000238
101197  -47.358  29.119  5.532 0.1000000015
