#!ascii label  , from subject sub-v1s3x0050785_ses-1 vox2ras=TkReg
1370
84659  -35.856  -41.230  -23.742 0.5000000000
82505  -35.776  -41.695  -22.981 0.4000000060
85746  -35.813  -40.994  -22.947 0.6000000238
82525  -35.879  -40.445  -23.593 0.6000000238
85458  -35.761  -40.836  -24.702 0.6000000238
82489  -34.231  -40.420  -26.098 0.6000000238
85432  -35.636  -40.424  -22.546 0.6999999881
85094  -35.655  -39.947  -24.684 0.6999999881
82490  -33.144  -40.649  -27.414 0.5000000000
22164  -33.851  -39.770  -26.115 0.6999999881
82488  -34.735  -41.046  -25.904 0.5000000000
19956  -28.637  -42.305  -18.967 0.5000000000
82519  -35.646  -39.653  -23.115 0.6999999881
22158  -35.104  -39.249  -25.085 0.6999999881
22146  -35.493  -38.938  -23.835 0.6999999881
22157  -34.579  -38.663  -25.478 0.6999999881
22771  -35.142  -38.275  -24.361 0.6999999881
22163  -33.102  -39.387  -26.801 0.6000000238
21582  -34.824  -39.889  -19.374 0.6999999881
22119  -34.706  -38.734  -20.292 0.6999999881
84757  -35.246  -39.732  -21.963 0.6999999881
20515  -28.656  -41.516  -19.376 0.6000000238
19464  -28.386  -43.621  -20.352 0.4000000060
22776  -34.068  -37.997  -25.922 0.6999999881
21621  -32.585  -39.123  -27.769 0.6000000238
21570  -34.657  -38.949  -17.994 0.6999999881
98499  -34.743  -39.122  -18.887 0.6999999881
21590  -34.909  -39.425  -20.970 0.6999999881
88355  -34.745  -39.143  -19.640 0.6999999881
22109  -34.695  -38.510  -19.423 0.6999999881
21038  -29.205  -40.618  -18.252 0.6000000238
98484  -34.771  -38.494  -21.052 0.6999999881
22137  -35.186  -38.774  -22.527 0.6999999881
21599  -34.974  -38.934  -21.660 0.6999999881
101982  -34.681  -38.165  -20.599 0.6999999881
89231  -34.640  -37.949  -20.046 0.6999999881
19974  -28.470  -42.067  -20.804 0.5000000000
84719  -28.435  -42.787  -20.633 0.5000000000
22749  -35.174  -38.051  -23.252 0.6999999881
22720  -34.742  -37.529  -20.911 0.6999999881
84863  -28.290  -43.381  -21.407 0.4000000060
22130  -34.871  -38.165  -21.751 0.6999999881
100479  -28.126  -43.909  -22.181 0.4000000060
22761  -35.017  -37.366  -23.843 0.6999999881
22737  -34.844  -37.317  -21.915 0.6999999881
23317  -34.893  -36.571  -21.407 0.6999999881
22770  -34.814  -37.617  -24.868 0.6999999881
23906  -34.955  -35.677  -23.547 0.6999999881
94117  -34.966  -36.156  -22.820 0.6999999881
22782  -33.002  -38.433  -26.942 0.6999999881
23335  -34.945  -36.506  -23.587 0.6999999881
88777  -32.685  -37.963  -27.778 0.6000000238
23353  -33.504  -37.302  -26.600 0.6999999881
23932  -33.916  -36.081  -26.136 0.6999999881
23942  -31.593  -35.190  -28.254 0.5000000000
89404  -32.319  -36.166  -28.062 0.5000000000
23365  -34.655  -36.660  -28.451 0.4000000060
23364  -33.189  -36.527  -28.346 0.5000000000
22706  -34.692  -37.702  -19.033 0.6999999881
21581  -29.065  -39.227  -18.941 0.6000000238
22136  -34.990  -37.892  -22.430 0.6999999881
88621  -28.531  -41.468  -20.346 0.5000000000
87021  -34.700  -37.133  -19.893 0.6999999881
23342  -34.851  -36.718  -24.433 0.6999999881
23348  -34.478  -36.904  -25.448 0.6999999881
94382  -34.882  -36.039  -24.151 0.6999999881
24569  -31.164  -34.614  -28.256 0.6999999881
23937  -31.925  -35.671  -28.029 0.6999999881
94523  -32.642  -36.631  -27.517 0.6999999881
22072  -31.697  -38.289  -16.215 0.6999999881
22665  -32.569  -37.725  -16.077 0.6999999881
101344  -33.227  -37.374  -16.175 0.8000000119
22666  -33.915  -37.473  -16.564 0.8000000119
22071  -30.733  -38.545  -16.604 0.6000000238
22663  -30.903  -37.644  -16.507 0.6000000238
22664  -31.719  -37.284  -16.211 0.6000000238
22681  -34.388  -37.238  -17.329 0.8000000119
22087  -30.193  -37.956  -17.077 0.6000000238
22679  -29.672  -37.296  -17.545 0.6000000238
22693  -34.629  -37.050  -18.267 0.6999999881
94651  -29.328  -38.990  -18.177 0.6000000238
22086  -29.535  -38.317  -17.718 0.6000000238
21580  -28.686  -39.483  -19.889 0.6000000238
88082  -28.856  -38.023  -19.489 0.6000000238
20526  -28.476  -40.882  -20.760 0.5000000000
21589  -28.343  -39.297  -20.838 0.6000000238
87812  -34.725  -36.865  -19.104 0.6999999881
23324  -34.909  -36.590  -22.182 0.6999999881
24562  -31.978  -34.741  -27.527 0.8000000119
23931  -32.663  -35.605  -27.092 0.6999999881
94459  -34.704  -36.019  -24.952 0.6999999881
25183  -31.308  -33.671  -27.850 0.8000000119
23924  -34.484  -35.208  -25.258 0.6999999881
24574  -32.259  -34.636  -28.749 0.5000000000
23943  -33.144  -35.436  -28.486 0.5000000000
25190  -33.684  -33.690  -28.907 0.5000000000
86009  -34.730  -35.790  -28.575 0.4000000060
23265  -30.984  -36.774  -16.486 0.6000000238
23267  -32.558  -36.765  -16.140 0.8000000119
23268  -33.473  -36.704  -16.349 0.8999999762
22680  -30.316  -37.041  -16.951 0.6000000238
23269  -34.107  -36.580  -16.789 0.8000000119
23277  -34.505  -36.364  -17.595 0.8000000119
22692  -29.326  -37.483  -18.315 0.6000000238
22705  -29.065  -37.477  -19.164 0.6000000238
23284  -34.775  -36.156  -18.657 0.8000000119
21064  -28.053  -39.927  -21.611 0.6000000238
91887  -28.574  -38.818  -20.248 0.6000000238
22704  -28.716  -37.485  -19.898 0.6000000238
23858  -34.992  -35.700  -19.385 0.6999999881
20532  -28.351  -41.432  -21.353 0.5000000000
23885  -35.043  -35.732  -20.980 0.6999999881
23871  -35.020  -35.690  -20.150 0.6999999881
20537  -28.011  -41.723  -22.322 0.5000000000
21070  -27.985  -40.856  -21.994 0.5000000000
99782  -32.533  -32.795  -27.104 0.8000000119
24563  -33.221  -34.719  -26.598 0.8000000119
24550  -34.775  -34.503  -24.565 0.6999999881
24539  -35.011  -34.745  -23.604 0.6999999881
102452  -33.857  -35.149  -26.112 0.6999999881
95270  -30.383  -36.186  -16.836 0.6999999881
23266  -31.668  -36.518  -16.275 0.6999999881
93077  -33.058  -35.946  -16.281 0.8000000119
23276  -29.832  -36.392  -17.410 0.6999999881
23834  -32.020  -35.766  -16.264 0.8000000119
98800  -33.760  -36.038  -16.538 0.8000000119
23283  -29.449  -36.614  -18.125 0.6000000238
23294  -28.913  -36.665  -19.622 0.6000000238
23847  -35.016  -35.281  -18.733 0.6999999881
22118  -28.326  -38.484  -20.828 0.6000000238
22719  -28.417  -37.681  -20.647 0.6000000238
23859  -35.216  -34.993  -19.665 0.8000000119
22129  -27.979  -38.897  -21.518 0.6000000238
102562  -35.340  -34.560  -20.140 0.8000000119
20536  -27.602  -41.136  -22.843 0.4000000060
97807  -35.055  -35.286  -22.802 0.6999999881
23895  -35.162  -34.798  -22.090 0.6999999881
103362  -35.291  -34.544  -20.978 0.6999999881
98060  -27.855  -43.025  -23.654 0.4000000060
101655  -35.158  -34.569  -22.819 0.6999999881
23886  -35.170  -34.990  -21.324 0.6999999881
24555  -34.224  -34.297  -25.648 0.8000000119
25187  -31.155  -33.154  -27.925 0.6999999881
24573  -31.109  -34.584  -28.241 0.5000000000
25194  -34.712  -32.943  -29.368 0.5000000000
95436  -35.106  -34.960  -28.963 0.4000000060
23841  -30.072  -35.635  -17.248 0.6000000238
23833  -31.082  -35.956  -16.453 0.6999999881
23836  -33.649  -35.234  -16.495 0.8000000119
94115  -29.604  -35.555  -18.003 0.6999999881
23295  -29.298  -36.085  -18.937 0.6999999881
23837  -34.263  -35.648  -16.939 0.8000000119
23856  -28.992  -35.680  -19.812 0.6000000238
102514  -34.170  -35.022  -16.761 0.8000000119
94983  -28.663  -36.157  -20.322 0.6000000238
98921  -34.934  -34.798  -18.058 0.8000000119
24472  -35.229  -34.492  -18.787 0.8000000119
22736  -28.020  -37.977  -21.386 0.6000000238
23316  -28.166  -37.071  -21.260 0.6000000238
24491  -35.401  -34.062  -20.570 0.8999999762
24481  -35.391  -34.200  -19.671 0.8000000119
24507  -35.315  -34.191  -21.467 0.8000000119
93773  -35.408  -33.515  -21.186 0.8000000119
21598  -27.639  -39.310  -22.268 0.5000000000
25744  -35.286  -32.501  -23.078 0.8000000119
24523  -35.271  -34.031  -22.348 0.6999999881
21073  -27.183  -40.567  -23.388 0.4000000060
26265  -32.371  -31.818  -27.356 0.8000000119
25184  -33.102  -33.785  -26.669 0.8000000119
25179  -34.294  -33.284  -25.595 0.8000000119
25172  -34.724  -33.624  -24.757 0.8000000119
24540  -35.188  -33.943  -23.193 0.6999999881
25754  -31.162  -32.471  -27.925 0.8000000119
25165  -35.008  -33.849  -23.976 0.6999999881
26269  -31.242  -31.507  -27.947 0.8000000119
25750  -34.374  -32.413  -25.559 0.8000000119
25756  -31.794  -32.602  -28.316 0.6000000238
26271  -31.808  -31.643  -28.320 0.6000000238
24465  -30.129  -34.605  -17.340 0.6000000238
23835  -32.703  -35.078  -16.325 0.6999999881
23857  -29.371  -35.100  -19.116 0.6000000238
24459  -34.034  -34.371  -16.639 0.6999999881
24471  -29.657  -34.368  -18.351 0.6000000238
94896  -29.043  -34.717  -20.063 0.6000000238
24467  -34.991  -33.947  -17.844 0.8000000119
88575  -28.370  -36.205  -21.057 0.6000000238
97896  -34.500  -33.920  -17.074 0.6999999881
22735  -27.708  -37.344  -21.997 0.5000000000
25125  -35.359  -33.631  -18.872 0.8000000119
22747  -27.305  -37.672  -22.711 0.3000000119
25140  -35.455  -33.098  -20.647 0.8000000119
91416  -35.470  -33.391  -19.846 0.8000000119
25150  -35.376  -33.415  -21.883 0.8000000119
91793  -35.431  -32.832  -21.392 0.8000000119
26251  -35.301  -31.682  -23.335 0.8000000119
25752  -33.740  -32.877  -26.261 0.8000000119
25166  -35.179  -33.173  -23.552 0.8000000119
25160  -35.301  -33.281  -22.739 0.6999999881
25747  -34.759  -32.774  -24.772 0.8000000119
26263  -34.371  -31.582  -25.707 0.8000000119
26268  -31.168  -32.066  -27.989 0.6999999881
26272  -33.291  -31.375  -28.835 0.6000000238
25760  -36.126  -32.431  -30.067 0.3000000119
24455  -30.667  -34.201  -16.620 0.6000000238
24457  -32.337  -34.135  -16.372 0.6999999881
24458  -33.201  -34.347  -16.420 0.6999999881
25721  -27.052  -31.142  -22.433 0.5000000000
24480  -29.383  -34.087  -19.359 0.6000000238
23884  -28.215  -35.485  -21.602 0.5000000000
24490  -28.592  -34.216  -21.002 0.5000000000
25117  -34.646  -33.042  -17.291 0.6999999881
94316  -27.296  -35.547  -23.015 0.3000000119
23315  -27.838  -36.228  -21.976 0.5000000000
25118  -35.214  -32.949  -18.140 0.8000000119
26210  -35.438  -31.894  -19.553 0.8000000119
25699  -35.430  -32.749  -19.161 0.8000000119
90732  -35.414  -32.078  -21.681 0.8999999762
93188  -35.446  -32.246  -20.792 0.8999999762
25713  -35.475  -32.571  -20.053 0.8000000119
22135  -27.225  -38.671  -22.806 0.4000000060
95242  -35.387  -32.665  -22.210 0.8999999762
26811  -32.171  -30.902  -27.537 0.8000000119
90637  -33.617  -32.117  -26.465 0.8000000119
25173  -34.996  -33.145  -24.204 0.8000000119
26814  -31.270  -31.335  -28.050 0.6999999881
26275  -35.132  -31.043  -29.453 0.6000000238
25759  -34.670  -32.065  -29.363 0.6000000238
93331  -30.040  -33.561  -17.755 0.6000000238
24456  -31.480  -34.020  -16.400 0.6999999881
25124  -29.688  -33.089  -18.555 0.6000000238
25108  -33.519  -33.670  -16.514 0.8000000119
24506  -28.014  -33.545  -22.040 0.6000000238
90595  -28.485  -33.163  -21.177 0.5000000000
25133  -29.328  -33.239  -19.587 0.6000000238
25109  -34.079  -33.407  -16.716 0.6999999881
25681  -34.899  -32.214  -17.702 0.8000000119
24505  -27.487  -33.882  -22.749 0.4000000060
23323  -27.371  -36.667  -22.732 0.4000000060
26766  -35.446  -30.707  -21.564 0.8000000119
87688  -35.412  -31.334  -22.043 0.8000000119
26224  -35.446  -31.599  -20.373 0.8000000119
100198  -35.332  -30.730  -23.397 0.8000000119
26796  -34.896  -31.038  -25.004 0.8000000119
25748  -35.162  -32.363  -24.004 0.6999999881
98680  -33.481  -31.259  -26.686 0.8000000119
26260  -34.848  -31.919  -24.819 0.8000000119
26815  -31.767  -30.849  -28.265 0.8000000119
26812  -33.412  -30.439  -26.909 0.8000000119
26817  -31.775  -30.698  -28.272 0.6999999881
94904  -32.576  -29.889  -28.530 0.6999999881
27948  -34.682  -28.949  -29.357 0.6000000238
26820  -35.087  -30.128  -29.425 0.6000000238
27406  -35.949  -29.430  -30.002 0.6000000238
25115  -30.305  -32.273  -17.344 0.6000000238
25106  -31.964  -32.983  -16.265 0.8000000119
25107  -32.805  -33.343  -16.392 0.6999999881
95002  -26.854  -30.051  -21.025 0.5000000000
25697  -28.856  -31.375  -20.137 0.5000000000
26223  -28.197  -30.423  -21.072 0.5000000000
25132  -28.946  -32.691  -20.300 0.5000000000
25672  -34.083  -32.504  -16.798 0.8000000119
26194  -34.578  -31.557  -17.404 0.8000000119
25722  -27.382  -31.565  -22.220 0.5000000000
25680  -34.475  -32.227  -17.201 0.8000000119
26195  -35.039  -31.357  -17.934 0.8000000119
94443  -35.198  -30.385  -18.113 0.8000000119
25688  -35.283  -32.057  -18.467 0.8000000119
26201  -35.336  -31.179  -18.772 0.8000000119
26756  -35.443  -30.854  -20.677 0.8000000119
26774  -35.410  -30.631  -22.456 0.8000000119
27391  -34.295  -30.050  -26.143 0.8000000119
26797  -35.161  -30.439  -24.339 0.8000000119
27397  -32.097  -29.949  -27.793 0.8000000119
27403  -32.107  -29.159  -28.238 0.6999999881
92825  -31.949  -29.941  -28.122 0.6999999881
27404  -33.655  -29.325  -29.003 0.6999999881
27946  -32.750  -28.676  -28.560 0.6999999881
25669  -31.759  -32.051  -15.973 0.8000000119
25105  -31.087  -32.731  -16.337 0.6000000238
25679  -30.558  -31.958  -16.536 0.6000000238
25670  -32.437  -32.171  -16.194 0.8000000119
100305  -28.220  -33.507  -18.228 0.6000000238
25685  -27.881  -31.493  -18.679 0.5000000000
25687  -29.999  -31.404  -17.955 0.6000000238
25678  -30.391  -30.846  -16.875 0.6000000238
25671  -33.356  -32.674  -16.512 0.8000000119
23282  -28.020  -36.305  -18.146 0.6000000238
24470  -28.178  -34.454  -18.227 0.6000000238
26736  -27.978  -28.569  -18.926 0.5000000000
26745  -29.485  -28.685  -18.591 0.5000000000
22637  -29.715  -37.668  -14.203 0.5000000000
23254  -28.849  -36.901  -16.009 0.5000000000
23831  -28.731  -35.425  -16.917 0.6000000238
102959  -28.490  -33.907  -17.686 0.6000000238
27335  -28.023  -28.852  -20.025 0.5000000000
27870  -28.971  -27.483  -18.358 0.5000000000
26189  -34.099  -31.684  -16.931 0.8000000119
22650  -29.420  -37.358  -15.061 0.5000000000
26208  -28.742  -29.841  -19.865 0.5000000000
22037  -29.078  -38.491  -13.525 0.4000000060
88769  -35.419  -30.231  -20.100 0.8000000119
26739  -35.426  -30.343  -19.112 0.8000000119
27324  -35.435  -29.600  -18.561 0.6999999881
27355  -35.387  -29.907  -22.921 0.8000000119
27329  -35.529  -29.554  -19.486 0.8000000119
27336  -35.481  -30.090  -21.005 0.8000000119
86938  -35.617  -28.861  -21.799 0.8000000119
27401  -32.683  -29.252  -27.610 0.8999999762
27398  -33.583  -29.650  -26.954 0.8999999762
27380  -34.777  -30.156  -25.225 0.8000000119
88534  -35.317  -29.815  -23.745 0.8000000119
27381  -35.126  -29.525  -24.593 0.8000000119
27400  -32.187  -29.209  -28.274 0.8000000119
27945  -32.297  -28.688  -28.208 0.6999999881
25668  -30.849  -32.046  -15.986 0.8000000119
24453  -29.042  -34.439  -16.595 0.6000000238
26193  -29.634  -31.753  -16.515 0.6000000238
26187  -32.768  -31.742  -16.267 0.8000000119
99020  -28.687  -36.259  -16.662 0.5000000000
24464  -28.582  -34.590  -17.426 0.6000000238
25686  -28.357  -32.301  -17.932 0.6000000238
88748  -30.094  -28.586  -16.834 0.6000000238
26188  -33.474  -31.785  -16.591 0.8000000119
27310  -34.109  -30.310  -17.136 0.6999999881
23264  -29.040  -35.892  -16.071 0.5000000000
26185  -29.714  -30.397  -16.180 0.6000000238
26200  -30.262  -29.411  -17.317 0.6000000238
22620  -29.487  -37.794  -13.549 0.4000000060
23240  -30.007  -36.830  -14.338 0.4000000060
23255  -29.571  -36.414  -15.265 0.4000000060
23823  -29.716  -35.361  -15.474 0.4000000060
27316  -34.714  -29.921  -17.549 0.6999999881
23225  -29.856  -36.500  -13.122 0.4000000060
23241  -30.554  -36.188  -13.786 0.4000000060
25104  -29.549  -33.341  -16.178 0.4000000060
93183  -30.524  -34.837  -13.199 0.4000000060
23803  -31.557  -34.771  -13.896 0.5000000000
88092  -29.805  -35.040  -12.481 0.3000000119
24428  -31.082  -34.250  -13.387 0.5000000000
24436  -31.289  -34.505  -14.391 0.5000000000
86230  -35.496  -29.827  -21.958 0.8000000119
98758  -35.561  -29.376  -21.230 0.8000000119
27875  -35.788  -28.640  -19.774 0.8000000119
86049  -35.547  -29.435  -20.431 0.8000000119
27943  -33.754  -28.912  -27.065 0.8000000119
27934  -34.944  -28.129  -25.462 0.8000000119
27392  -35.215  -28.606  -24.721 0.8000000119
27366  -35.426  -29.277  -23.301 0.8000000119
94019  -35.525  -29.102  -22.623 0.8000000119
28528  -35.482  -28.130  -23.984 0.8000000119
28535  -34.672  -27.502  -26.207 0.8000000119
93404  -35.359  -28.972  -23.926 0.8000000119
28545  -32.451  -28.126  -28.416 0.6999999881
28548  -33.221  -27.846  -29.094 0.6999999881
94327  -33.479  -28.369  -29.060 0.6999999881
28549  -35.323  -28.696  -29.662 0.6999999881
28551  -36.427  -28.814  -30.451 0.6000000238
25114  -28.682  -33.021  -17.409 0.5000000000
25659  -30.409  -32.017  -15.891 0.8000000119
25660  -31.667  -32.251  -15.618 0.8000000119
25661  -32.081  -31.836  -15.442 0.8000000119
23832  -29.180  -35.106  -16.203 0.5000000000
25103  -29.286  -32.557  -16.563 0.6000000238
99117  -33.508  -30.804  -16.692 0.6999999881
23810  -30.329  -35.968  -14.542 0.4000000060
24444  -30.240  -34.481  -15.296 0.5000000000
26186  -29.641  -31.159  -16.205 0.6999999881
99405  -32.926  -31.209  -16.327 0.6999999881
95247  -34.086  -29.478  -17.132 0.6999999881
23226  -30.260  -35.677  -13.231 0.3000000119
95283  -34.823  -29.079  -17.513 0.6999999881
25083  -31.039  -33.564  -12.159 0.5000000000
27871  -35.959  -28.158  -18.749 0.6999999881
25644  -29.898  -32.692  -11.865 0.4000000060
26164  -30.094  -31.876  -11.897 0.4000000060
98549  -35.780  -28.138  -21.586 0.8000000119
92269  -35.660  -28.965  -18.916 0.6999999881
27906  -35.699  -28.127  -22.416 0.8000000119
29193  -36.022  -26.581  -21.798 0.6999999881
27914  -35.531  -28.541  -23.261 0.8000000119
27942  -32.502  -28.665  -27.840 0.8999999762
90492  -33.835  -28.121  -27.229 0.8999999762
28543  -33.962  -27.263  -27.281 0.8000000119
103888  -35.192  -27.414  -25.325 0.8000000119
28547  -32.431  -27.695  -28.501 0.8999999762
28542  -32.645  -28.012  -28.129 0.8000000119
26821  -37.015  -29.806  -30.966 0.4000000060
29250  -34.902  -27.756  -29.863 0.6999999881
28553  -36.699  -28.918  -31.171 0.5000000000
25662  -32.223  -31.589  -15.654 0.8000000119
25655  -31.978  -32.009  -14.665 0.6999999881
26180  -32.400  -31.166  -15.829 0.6999999881
23802  -31.136  -35.282  -13.854 0.4000000060
25651  -31.887  -32.930  -13.939 0.6000000238
26177  -32.059  -31.384  -14.912 0.6999999881
97937  -33.603  -29.929  -16.799 0.6999999881
27851  -34.129  -28.487  -17.018 0.6999999881
90072  -30.423  -32.164  -12.463 0.5000000000
27861  -35.124  -28.274  -17.464 0.6999999881
26172  -30.347  -31.905  -12.254 0.4000000060
95244  -35.731  -28.061  -17.944 0.6999999881
26698  -28.614  -30.670  -12.078 0.3000000119
26699  -29.493  -30.934  -12.342 0.3000000119
26711  -30.182  -30.637  -12.714 0.5000000000
28494  -35.899  -27.422  -21.738 0.6999999881
87508  -35.963  -27.972  -20.316 0.6999999881
28456  -36.148  -27.444  -18.124 0.6999999881
91558  -29.598  -30.146  -12.496 0.4000000060
93192  -36.240  -27.734  -19.554 0.6999999881
28488  -35.939  -27.692  -20.988 0.6999999881
28503  -35.828  -27.155  -22.529 0.6999999881
28536  -35.360  -27.755  -24.702 0.8000000119
95726  -35.572  -27.310  -24.016 0.8000000119
89257  -35.444  -26.976  -24.755 0.8000000119
29246  -32.385  -27.362  -28.681 0.8000000119
29243  -33.067  -27.003  -28.114 0.8999999762
29248  -32.404  -27.465  -28.776 0.8000000119
29249  -33.558  -27.105  -29.460 0.8000000119
29253  -35.747  -27.920  -30.666 0.6999999881
29973  -33.663  -26.293  -29.985 0.6999999881
26718  -31.048  -30.224  -14.221 0.6000000238
26719  -31.513  -30.921  -14.524 0.6000000238
27308  -32.428  -29.763  -15.730 0.6999999881
26728  -32.659  -30.559  -16.099 0.6999999881
27309  -33.028  -29.879  -16.375 0.6999999881
25650  -30.909  -32.852  -13.165 0.5000000000
25654  -31.930  -32.601  -14.549 0.6000000238
27849  -32.755  -29.035  -16.138 0.6999999881
26174  -31.439  -31.902  -13.883 0.6000000238
26163  -28.705  -31.395  -12.165 0.3000000119
26173  -30.653  -31.355  -13.169 0.5000000000
102357  -31.072  -31.017  -13.864 0.5000000000
27288  -31.057  -29.266  -14.669 0.6000000238
27274  -30.055  -29.679  -12.942 0.4000000060
94968  -30.170  -28.890  -13.293 0.5000000000
27275  -30.611  -29.494  -13.740 0.6000000238
28441  -34.730  -27.611  -17.007 0.6999999881
29163  -36.539  -26.604  -18.424 0.6999999881
29150  -36.033  -26.770  -17.504 0.6999999881
29176  -36.553  -26.880  -19.406 0.6999999881
28379  -29.190  -27.858  -12.448 0.3000000119
29188  -36.516  -26.275  -20.195 0.6999999881
29230  -35.587  -26.493  -24.073 0.8000000119
29226  -35.735  -26.826  -23.312 0.6999999881
29204  -35.888  -26.296  -22.572 0.6999999881
29918  -36.312  -26.042  -21.093 0.6999999881
29240  -34.593  -26.542  -26.405 0.8000000119
29235  -35.150  -26.726  -25.550 0.8000000119
30637  -33.064  -24.983  -27.468 0.8000000119
29957  -34.280  -25.635  -26.488 0.8000000119
30631  -33.659  -24.640  -26.477 0.8000000119
30630  -32.912  -24.013  -26.728 0.8000000119
29255  -36.232  -27.839  -31.679 0.6000000238
29972  -32.252  -26.854  -29.145 0.8000000119
29252  -34.723  -26.843  -30.263 0.6000000238
29977  -32.332  -26.084  -29.760 0.6999999881
27289  -31.807  -29.658  -15.163 0.6000000238
95088  -33.245  -28.309  -16.447 0.6999999881
27835  -31.207  -28.510  -15.171 0.6000000238
28440  -33.845  -27.573  -16.595 0.6999999881
27810  -29.869  -28.050  -13.184 0.4000000060
94641  -32.456  -28.119  -15.987 0.6999999881
27825  -30.777  -28.309  -14.708 0.5000000000
28408  -30.820  -27.466  -14.987 0.5000000000
29149  -35.263  -26.892  -16.947 0.6999999881
28455  -35.594  -27.538  -17.438 0.6999999881
27809  -29.655  -28.751  -12.699 0.3000000119
28389  -29.491  -26.874  -12.877 0.3000000119
28390  -30.187  -27.341  -13.662 0.4000000060
29187  -36.187  -26.865  -21.024 0.6999999881
28406  -28.886  -25.353  -12.629 0.3000000119
29177  -36.603  -26.016  -19.221 0.6999999881
29164  -36.517  -25.756  -18.497 0.6999999881
29912  -36.454  -25.461  -20.496 0.6999999881
29904  -36.574  -25.134  -19.054 0.6999999881
29954  -35.341  -26.128  -24.845 0.8000000119
91158  -35.884  -25.450  -22.602 0.6999999881
29924  -36.114  -25.761  -21.830 0.6999999881
92747  -36.488  -24.254  -19.413 0.6999999881
30587  -36.167  -24.862  -21.722 0.6999999881
31212  -36.330  -24.109  -21.047 0.6999999881
29244  -34.017  -26.422  -27.162 0.8000000119
29938  -35.740  -25.989  -23.368 0.6999999881
90428  -36.219  -23.358  -21.174 0.6999999881
29953  -34.880  -25.803  -25.657 0.8000000119
30627  -34.975  -25.110  -24.790 0.8000000119
29947  -35.491  -25.639  -24.125 0.8000000119
30597  -35.788  -24.577  -22.685 0.8000000119
86527  -35.900  -23.106  -22.048 0.6999999881
29959  -32.870  -26.096  -28.277 0.8000000119
30626  -34.325  -24.732  -25.655 0.8000000119
30618  -34.478  -24.137  -24.835 0.8000000119
31245  -34.861  -23.589  -24.211 0.8000000119
101469  -33.781  -24.116  -25.814 0.8000000119
29966  -31.679  -26.839  -28.853 0.8000000119
30636  -32.170  -24.276  -27.443 0.8000000119
31253  -33.238  -23.442  -25.914 0.8000000119
90695  -33.927  -23.687  -25.406 0.8000000119
31251  -34.269  -23.315  -24.908 0.8000000119
29971  -31.091  -26.454  -29.181 0.8000000119
28557  -37.307  -28.321  -32.692 0.5000000000
98208  -35.381  -26.812  -31.030 0.6000000238
29980  -35.624  -26.047  -32.012 0.6000000238
29978  -34.743  -25.822  -30.983 0.6000000238
27836  -32.048  -28.878  -15.502 0.6999999881
28426  -31.948  -27.051  -16.076 0.6999999881
28439  -32.924  -27.391  -16.315 0.6999999881
29133  -33.586  -26.722  -16.369 0.6999999881
28425  -31.173  -26.683  -15.455 0.5000000000
29132  -32.609  -26.368  -16.212 0.6999999881
28407  -30.489  -26.747  -14.259 0.4000000060
29105  -30.500  -25.194  -14.237 0.4000000060
28424  -30.722  -26.217  -14.758 0.5000000000
29134  -34.446  -26.885  -16.589 0.6999999881
95173  -35.585  -26.111  -17.001 0.6999999881
29104  -29.634  -24.797  -13.216 0.3000000119
29819  -30.559  -24.489  -13.759 0.3000000119
29118  -30.927  -25.415  -14.982 0.5000000000
29885  -34.823  -25.518  -16.676 0.6999999881
29886  -35.668  -25.288  -17.283 0.6999999881
29842  -30.213  -23.879  -13.430 0.3000000119
29898  -36.205  -25.145  -18.113 0.6999999881
29818  -29.322  -23.759  -13.085 0.3000000119
31195  -36.220  -23.437  -18.836 0.6999999881
88721  -35.633  -25.147  -23.435 0.8000000119
88474  -36.480  -24.194  -20.249 0.6999999881
31220  -35.973  -23.970  -21.894 0.6999999881
29960  -33.588  -25.744  -27.373 0.8000000119
30610  -35.381  -24.248  -23.603 0.6999999881
31228  -35.630  -23.725  -22.788 0.8000000119
88099  -35.499  -22.916  -22.948 0.8000000119
85982  -32.437  -25.420  -28.185 0.8000000119
31799  -34.736  -22.786  -24.494 0.8000000119
30642  -31.517  -25.342  -28.425 0.8000000119
29965  -30.488  -26.548  -28.994 0.8000000119
31254  -33.563  -23.072  -25.460 0.8000000119
94650  -34.282  -22.705  -25.234 0.8000000119
30641  -30.395  -25.068  -28.404 0.8000000119
31257  -32.210  -23.172  -26.496 0.8000000119
91743  -31.582  -27.845  -15.595 0.6000000238
29091  -29.893  -26.102  -13.647 0.3000000119
101220  -30.561  -27.700  -14.299 0.5000000000
29867  -34.007  -25.395  -16.316 0.6999999881
29119  -31.651  -25.894  -15.727 0.6000000238
84965  -32.447  -25.228  -15.729 0.6999999881
29866  -33.371  -25.794  -16.216 0.6999999881
29843  -30.753  -24.593  -13.868 0.3000000119
30522  -33.284  -24.658  -15.854 0.6999999881
29103  -28.335  -23.737  -12.371 0.3000000119
82774  -30.276  -21.942  -13.439 0.3000000119
30523  -34.243  -24.683  -16.388 0.6999999881
30549  -34.993  -24.612  -17.005 0.6999999881
30520  -27.918  -23.494  -15.606 0.3000000119
31159  -28.817  -22.516  -15.390 0.3000000119
102055  -29.164  -22.787  -14.699 0.3000000119
102594  -30.350  -21.382  -14.130 0.3000000119
96681  -27.938  -22.398  -16.138 0.3000000119
31202  -36.452  -23.530  -19.837 0.6999999881
87975  -35.141  -22.849  -23.763 0.8000000119
31800  -35.143  -22.245  -24.098 0.8000000119
30635  -31.082  -24.245  -27.683 0.8000000119
30634  -29.979  -23.790  -27.639 0.8000000119
31256  -31.167  -23.373  -27.254 0.8000000119
31814  -32.188  -22.524  -26.815 0.8000000119
31808  -32.849  -22.897  -25.985 0.8000000119
31809  -33.606  -22.637  -25.930 0.8000000119
29970  -29.949  -26.508  -29.449 0.8000000119
92868  -31.363  -22.624  -27.160 0.8000000119
29976  -31.055  -26.064  -29.800 0.8000000119
30650  -32.433  -25.152  -30.277 0.6000000238
30497  -31.001  -23.600  -13.633 0.4000000060
98703  -32.432  -23.953  -14.725 0.6000000238
82775  -32.528  -22.428  -14.685 0.4000000060
89676  -34.497  -23.943  -16.572 0.6999999881
30550  -35.745  -24.481  -17.661 0.6999999881
96194  -30.711  -20.656  -14.459 0.3000000119
31162  -34.209  -22.985  -16.322 0.6000000238
95069  -34.935  -22.648  -17.111 0.6999999881
100698  -35.861  -23.785  -18.020 0.6999999881
31749  -35.941  -22.396  -18.596 0.6999999881
31758  -36.285  -22.694  -19.556 0.6999999881
32332  -36.236  -22.098  -20.226 0.6999999881
31238  -35.301  -23.465  -23.487 0.8000000119
31792  -35.492  -22.061  -23.306 0.8000000119
32386  -35.407  -21.523  -24.047 0.8000000119
32394  -34.584  -21.970  -25.872 0.8000000119
29963  -28.098  -25.720  -29.139 0.8000000119
31812  -30.159  -22.795  -27.555 0.8000000119
30651  -33.780  -25.155  -30.610 0.6000000238
29975  -29.785  -25.968  -30.101 0.8000000119
30649  -31.120  -24.762  -30.403 0.6999999881
97944  -31.664  -24.445  -14.456 0.6000000238
83999  -30.832  -21.803  -13.623 0.3000000119
89729  -33.706  -23.759  -16.015 0.6000000238
86076  -31.345  -21.325  -14.000 0.3000000119
31161  -33.274  -22.733  -15.400 0.5000000000
31731  -31.289  -20.387  -14.331 0.3000000119
31180  -32.468  -21.630  -14.777 0.5000000000
31747  -29.008  -20.512  -16.580 0.3000000119
31748  -30.034  -20.568  -15.860 0.3000000119
32291  -34.343  -21.292  -16.527 0.4000000060
31734  -35.450  -22.119  -17.680 0.6999999881
32322  -28.380  -20.408  -17.387 0.3000000119
32310  -35.688  -21.315  -18.264 0.6000000238
91143  -36.043  -21.203  -19.988 0.6000000238
33002  -35.877  -20.832  -19.116 0.6000000238
32338  -36.086  -21.499  -20.824 0.8000000119
31784  -35.818  -22.247  -22.315 0.8000000119
33025  -35.956  -20.701  -20.627 0.6999999881
32363  -35.829  -21.430  -22.597 0.8000000119
92262  -35.925  -20.845  -21.980 0.6999999881
33033  -35.900  -20.337  -21.345 0.6999999881
93705  -35.838  -19.867  -20.626 0.6999999881
31805  -35.024  -21.983  -24.890 0.8000000119
32374  -35.681  -21.242  -23.338 0.8000000119
33046  -35.830  -20.663  -22.859 0.6999999881
90400  -35.840  -20.064  -22.215 0.6999999881
32395  -35.184  -21.284  -25.642 0.8000000119
90457  -35.453  -20.975  -24.846 0.8000000119
85984  -35.771  -19.840  -23.147 0.6999999881
33817  -35.767  -19.206  -22.457 0.6999999881
31260  -28.954  -23.358  -28.035 0.8000000119
32413  -32.216  -21.482  -27.517 0.8000000119
32404  -34.008  -21.569  -26.918 0.8000000119
29964  -29.194  -26.350  -29.019 0.8000000119
31259  -27.913  -24.315  -28.928 0.8000000119
103096  -31.579  -21.914  -27.459 0.8000000119
32414  -33.063  -20.955  -27.695 0.8000000119
29969  -28.793  -26.202  -29.590 0.8000000119
30639  -27.781  -24.361  -29.678 0.8000000119
31821  -27.970  -23.329  -30.323 0.6999999881
94742  -34.358  -23.832  -31.204 0.6000000238
30647  -28.710  -25.278  -30.340 0.8000000119
30648  -29.834  -24.519  -30.627 0.6999999881
31265  -30.446  -22.942  -31.134 0.6999999881
31714  -33.456  -21.969  -15.601 0.5000000000
31732  -32.584  -20.889  -15.059 0.4000000060
31733  -34.284  -22.041  -16.353 0.5000000000
103288  -34.816  -21.927  -17.018 0.6000000238
32307  -30.873  -20.336  -15.116 0.3000000119
32309  -34.996  -21.313  -17.324 0.6000000238
92521  -30.730  -19.349  -16.690 0.3000000119
32992  -31.929  -19.243  -15.265 0.3000000119
32994  -34.424  -20.517  -16.785 0.6000000238
32995  -35.105  -20.476  -17.592 0.6000000238
32999  -28.633  -19.822  -18.000 0.3000000119
33015  -30.303  -18.706  -17.920 0.3000000119
33716  -32.441  -18.615  -15.731 0.3000000119
33014  -28.637  -18.706  -18.324 0.3000000119
102980  -35.715  -20.099  -18.976 0.6000000238
33013  -28.170  -19.186  -17.632 0.3000000119
92257  -35.859  -20.239  -19.779 0.6999999881
32405  -34.868  -20.938  -26.583 0.8000000119
33073  -35.574  -19.957  -24.862 0.6999999881
90083  -35.629  -19.654  -24.000 0.6999999881
33087  -35.325  -20.367  -25.806 0.6999999881
33094  -33.840  -20.278  -27.307 0.8000000119
33095  -34.516  -19.660  -26.581 0.6999999881
31813  -30.632  -21.863  -27.701 0.8000000119
94258  -35.572  -23.396  -31.977 0.6000000238
31262  -27.769  -23.352  -29.695 0.6999999881
31822  -27.974  -22.498  -30.029 0.6999999881
31823  -28.845  -21.953  -29.733 0.6999999881
31266  -32.382  -23.747  -30.511 0.6999999881
94373  -33.394  -24.204  -30.627 0.6999999881
31264  -28.835  -23.757  -30.820 0.6999999881
33913  -33.142  -19.521  -30.154 0.5000000000
33124  -32.922  -20.215  -30.831 0.5000000000
33719  -35.147  -19.795  -17.828 0.6000000238
34545  -34.885  -19.030  -17.776 0.6000000238
94199  -35.324  -18.771  -18.597 0.6000000238
33775  -35.739  -19.445  -19.953 0.6999999881
90074  -35.532  -18.164  -20.191 0.6999999881
33795  -35.802  -19.501  -21.506 0.6999999881
33032  -28.068  -20.193  -20.669 0.3000000119
34585  -35.700  -18.898  -20.646 0.6999999881
34597  -35.684  -18.623  -21.716 0.6999999881
33856  -35.390  -18.907  -24.736 0.6999999881
33879  -35.061  -19.197  -25.715 0.6999999881
31817  -28.541  -22.933  -29.128 0.6999999881
31818  -29.429  -22.082  -28.260 0.6999999881
32422  -31.257  -21.034  -27.865 0.6999999881
33103  -32.126  -20.251  -27.862 0.6000000238
32429  -30.214  -21.583  -29.189 0.6999999881
91025  -30.191  -21.702  -31.087 0.6999999881
31826  -31.315  -21.614  -31.205 0.6999999881
32439  -32.113  -21.039  -31.181 0.6000000238
33718  -34.377  -19.555  -17.044 0.5000000000
88558  -33.930  -18.475  -16.990 0.4000000060
34544  -34.539  -18.013  -17.914 0.5000000000
35344  -35.236  -17.937  -18.912 0.6000000238
101244  -35.401  -17.891  -19.609 0.6000000238
33031  -27.705  -19.454  -21.373 0.3000000119
33794  -28.914  -19.258  -20.246 0.3000000119
35391  -35.518  -17.869  -21.063 0.6999999881
34607  -35.662  -18.299  -22.639 0.6000000238
101005  -35.559  -17.895  -21.975 0.6000000238
33836  -35.658  -18.807  -23.578 0.6000000238
33889  -32.954  -18.872  -26.768 0.6000000238
34650  -35.106  -17.795  -24.590 0.6000000238
32421  -30.399  -21.395  -28.102 0.6999999881
33104  -32.479  -19.447  -27.383 0.6000000238
33878  -33.768  -18.384  -26.131 0.6000000238
33895  -32.248  -19.391  -27.578 0.6000000238
32437  -29.850  -21.470  -30.643 0.6999999881
95209  -32.283  -22.639  -30.804 0.6999999881
31267  -33.575  -22.995  -30.826 0.6000000238
31270  -34.995  -22.699  -31.508 0.5000000000
31827  -32.897  -21.872  -31.041 0.6000000238
31828  -34.275  -21.926  -31.350 0.6000000238
32438  -30.881  -21.073  -31.101 0.6000000238
104025  -32.814  -20.684  -31.076 0.5000000000
32440  -33.461  -21.191  -31.268 0.5000000000
34543  -33.505  -17.412  -16.924 0.4000000060
35325  -33.986  -17.141  -17.744 0.4000000060
36237  -33.789  -16.785  -17.753 0.4000000060
34571  -30.807  -17.736  -17.152 0.4000000060
35367  -35.142  -17.316  -19.400 0.6000000238
93284  -28.140  -18.898  -20.720 0.3000000119
102924  -27.207  -18.091  -19.269 0.3000000119
34584  -28.835  -16.926  -18.903 0.3000000119
35423  -26.303  -16.257  -21.028 0.3000000119
35410  -35.394  -17.185  -21.816 0.6000000238
99409  -34.746  -17.014  -24.491 0.5000000000
35424  -35.505  -17.434  -22.661 0.6000000238
34671  -33.594  -17.356  -25.872 0.6000000238
88685  -33.664  -17.039  -24.904 0.6000000238
33896  -32.351  -18.959  -27.112 0.6000000238
34690  -33.160  -18.101  -26.487 0.6000000238
32430  -31.019  -20.911  -28.695 0.6999999881
87234  -32.627  -18.538  -26.950 0.6000000238
33116  -31.459  -20.403  -29.426 0.6999999881
33123  -31.801  -20.554  -30.689 0.5000000000
33908  -33.596  -18.853  -30.019 0.5000000000
34560  -32.586  -17.259  -16.853 0.4000000060
36250  -33.933  -16.684  -18.396 0.4000000060
35342  -33.190  -16.792  -17.250 0.4000000060
35343  -34.659  -17.323  -18.562 0.5000000000
36267  -32.015  -16.117  -18.846 0.4000000060
35366  -34.657  -16.875  -19.184 0.4000000060
89900  -35.348  -17.423  -20.179 0.5000000000
35409  -26.655  -16.904  -20.014 0.3000000119
82908  -26.706  -16.852  -19.883 0.3000000119
35388  -28.039  -16.975  -18.984 0.4000000060
90438  -35.227  -17.009  -20.984 0.4000000060
86583  -27.940  -14.880  -20.078 0.3000000119
36280  -29.578  -15.603  -19.244 0.4000000060
36301  -35.319  -16.534  -22.604 0.5000000000
35443  -35.348  -16.957  -23.540 0.5000000000
35463  -34.840  -16.899  -24.440 0.5000000000
35483  -33.365  -17.108  -25.337 0.6000000238
37268  -35.478  -15.477  -23.595 0.5000000000
99757  -33.419  -17.572  -26.077 0.6000000238
33110  -31.785  -20.163  -28.256 0.6000000238
35513  -33.445  -17.661  -27.036 0.6000000238
33901  -32.304  -19.325  -28.465 0.5000000000
33117  -32.148  -19.921  -29.591 0.5000000000
102667  -32.897  -19.098  -29.216 0.5000000000
86457  -34.290  -17.620  -29.749 0.5000000000
102100  -34.088  -18.284  -30.283 0.5000000000
35341  -32.161  -16.449  -17.354 0.4000000060
35365  -32.794  -16.312  -18.847 0.4000000060
36268  -33.839  -16.561  -19.657 0.4000000060
36281  -32.573  -16.225  -18.670 0.4000000060
36283  -33.913  -16.358  -20.647 0.4000000060
36284  -34.764  -16.462  -21.210 0.4000000060
82909  -26.806  -15.906  -20.544 0.3000000119
37255  -35.161  -15.831  -22.350 0.4000000060
85296  -26.112  -14.963  -21.381 0.3000000119
100151  -35.377  -15.691  -22.891 0.4000000060
95668  -34.939  -16.432  -24.763 0.5000000000
38049  -35.617  -14.741  -23.255 0.4000000060
35500  -33.719  -16.994  -25.542 0.6000000238
90880  -33.739  -17.029  -24.842 0.5000000000
37279  -35.422  -15.528  -24.452 0.5000000000
34699  -32.984  -18.100  -26.710 0.6000000238
36352  -34.768  -16.520  -25.380 0.5000000000
89504  -32.967  -18.309  -27.570 0.6000000238
36368  -34.135  -17.141  -26.598 0.6000000238
85781  -33.682  -18.236  -29.040 0.5000000000
99727  -34.631  -17.201  -31.339 0.5000000000
35525  -34.029  -17.694  -28.308 0.5000000000
37295  -26.079  -14.187  -24.692 0.3000000119
38047  -27.138  -12.422  -21.892 0.4000000060
38878  -27.592  -11.974  -22.061 0.4000000060
36390  -35.068  -16.403  -27.406 0.5000000000
38890  -26.548  -13.396  -25.007 0.4000000060
36389  -34.457  -17.052  -27.766 0.5000000000
38096  -35.556  -14.412  -26.291 0.5000000000
38903  -35.593  -13.994  -25.551 0.5000000000
36410  -34.971  -16.242  -28.415 0.5000000000
102308  -35.545  -14.796  -26.849 0.5000000000
36409  -34.536  -16.910  -28.937 0.5000000000
89683  -35.136  -15.536  -28.856 0.6000000238
95072  -34.384  -16.151  -31.851 0.5000000000
36428  -34.618  -16.771  -30.203 0.6000000238
38170  -34.944  -14.941  -30.093 0.5000000000
38169  -34.632  -15.176  -31.065 0.6000000238
87971  -34.090  -14.517  -31.417 0.4000000060
38892  -27.491  -12.497  -23.786 0.4000000060
39627  -28.601  -11.509  -20.471 0.4000000060
37348  -35.334  -15.368  -28.111 0.5000000000
88276  -35.265  -14.966  -28.847 0.5000000000
38131  -35.379  -14.362  -28.389 0.5000000000
88731  -35.464  -13.994  -27.706 0.5000000000
36429  -34.881  -16.045  -29.377 0.5000000000
37365  -35.064  -15.249  -29.481 0.5000000000
38979  -34.779  -14.310  -30.303 0.5000000000
95983  -28.172  -11.218  -21.656 0.4000000060
97322  -27.732  -12.780  -24.450 0.4000000060
93408  -35.487  -14.662  -27.553 0.5000000000
39658  -35.677  -12.952  -25.322 0.4000000060
38150  -35.170  -14.439  -29.369 0.4000000060
38964  -35.014  -13.623  -29.649 0.4000000060
38978  -34.422  -13.471  -30.564 0.5000000000
38935  -35.506  -13.434  -27.342 0.4000000060
94911  -35.272  -13.778  -28.910 0.4000000060
39710  -34.070  -12.354  -30.723 0.4000000060
38963  -34.839  -12.770  -29.861 0.4000000060
86126  -35.151  -13.066  -28.988 0.4000000060
40392  -33.054  -10.135  -31.850 0.4000000060
40375  -34.735  -11.780  -30.092 0.4000000060
86420  -35.404  -12.134  -27.582 0.4000000060
40385  -33.856  -10.918  -30.918 0.4000000060
102334  -33.534  -9.902  -31.480 0.4000000060
40367  -35.283  -11.571  -28.393 0.4000000060
39700  -35.096  -12.206  -29.152 0.3000000119
40376  -35.066  -11.292  -29.378 0.4000000060
40359  -35.405  -11.206  -27.427 0.4000000060
85858  -35.505  -10.878  -26.680 0.4000000060
90384  -35.254  -10.781  -28.863 0.3000000119
40983  -34.690  -10.712  -30.285 0.4000000060
40993  -34.024  -9.722  -31.115 0.4000000060
40984  -35.105  -10.356  -29.652 0.5000000000
86344  -35.397  -10.584  -28.111 0.4000000060
22088  -34.316  -37.939  -17.080 0.6999999881
101889  -28.681  -40.121  -19.881 0.6000000238
23842  -30.483  -35.303  -16.749 0.6000000238
90946  -31.929  -34.857  -16.333 0.6999999881
24522  -26.736  -33.373  -23.395 0.4000000060
26743  -27.574  -29.530  -20.074 0.5000000000
26746  -35.415  -31.031  -19.782 0.8000000119
22621  -29.927  -37.062  -13.607 0.4000000060
26192  -29.476  -29.891  -16.574 0.6000000238
25096  -30.296  -32.753  -15.725 0.6000000238
28517  -35.649  -27.676  -23.261 0.6999999881
27850  -33.446  -29.186  -16.649 0.6999999881
31765  -36.339  -22.955  -20.418 0.6999999881
32326  -36.047  -21.760  -19.308 0.6000000238
34629  -35.504  -17.695  -23.575 0.6000000238
101860  -34.497  -17.373  -30.582 0.5000000000
36282  -32.881  -16.494  -20.065 0.4000000060
38949  -35.376  -13.439  -28.190 0.4000000060
97027  -35.763  -41.465  -24.706 0.5000000000
85263  -35.675  -41.239  -22.189 0.6999999881
20505  -29.050  -41.571  -18.380 0.5000000000
90313  -34.692  -38.454  -18.633 0.6999999881
22748  -34.955  -37.129  -22.841 0.6999999881
23363  -32.645  -37.024  -28.124 0.5000000000
25189  -31.681  -33.745  -28.358 0.5000000000
22099  -29.147  -38.316  -18.752 0.6000000238
23304  -34.847  -36.493  -20.511 0.6999999881
23296  -34.829  -36.336  -19.639 0.6999999881
24575  -34.301  -34.394  -28.945 0.4000000060
23303  -28.529  -36.883  -20.446 0.6000000238
23843  -34.701  -35.499  -17.819 0.6999999881
22128  -27.655  -38.325  -22.100 0.5000000000
25757  -33.301  -32.882  -28.824 0.5000000000
23870  -28.593  -35.309  -20.788 0.6000000238
24479  -29.000  -33.744  -20.243 0.6000000238
26261  -35.190  -31.364  -24.155 0.8999999762
26806  -34.331  -30.761  -25.916 0.8000000119
26818  -33.447  -30.617  -28.921 0.6000000238
89992  -36.538  -31.410  -30.421 0.4000000060
25159  -26.592  -32.861  -23.139 0.3000000119
88469  -28.207  -34.579  -21.809 0.5000000000
23883  -27.731  -35.005  -22.433 0.5000000000
23893  -26.859  -34.242  -23.478 0.4000000060
87400  -35.379  -31.252  -22.767 0.8999999762
25116  -30.474  -33.220  -16.968 0.6000000238
25698  -29.409  -32.182  -19.281 0.5000000000
25139  -27.700  -32.515  -22.120 0.5000000000
25712  -28.271  -31.859  -21.329 0.5000000000
27949  -36.794  -29.105  -29.696 0.4000000060
26222  -27.050  -30.986  -20.711 0.5000000000
26765  -27.532  -30.170  -21.365 0.5000000000
26209  -29.493  -30.550  -18.842 0.5000000000
26755  -27.996  -29.464  -20.667 0.5000000000
26729  -34.212  -31.037  -17.145 0.6999999881
25123  -27.818  -32.878  -18.903 0.5000000000
26198  -27.866  -29.852  -18.713 0.6000000238
26207  -27.508  -30.797  -19.624 0.5000000000
23840  -28.211  -35.441  -17.990 0.6000000238
101392  -28.064  -28.358  -19.273 0.5000000000
26731  -29.372  -27.911  -17.726 0.6000000238
26737  -28.606  -28.699  -17.803 0.6000000238
26744  -28.634  -28.548  -19.444 0.5000000000
26738  -29.627  -28.048  -17.799 0.5000000000
22607  -29.484  -37.203  -13.028 0.4000000060
27317  -35.165  -29.551  -17.924 0.6999999881
89256  -34.625  -29.174  -25.776 0.8999999762
93071  -28.878  -33.678  -16.966 0.5000000000
25677  -28.971  -31.734  -16.859 0.6000000238
26199  -28.679  -30.493  -17.350 0.6000000238
26191  -29.625  -29.042  -16.532 0.6000000238
25666  -29.654  -31.466  -16.137 0.6000000238
23811  -31.212  -35.458  -14.065 0.4000000060
23824  -30.499  -35.183  -14.768 0.4000000060
92630  -30.747  -33.605  -15.236 0.5000000000
93889  -29.972  -33.689  -15.666 0.5000000000
27862  -35.472  -28.814  -18.105 0.6999999881
25082  -30.344  -33.409  -12.004 0.4000000060
25084  -31.292  -33.580  -13.427 0.5000000000
27879  -35.729  -28.592  -20.892 0.6999999881
27940  -34.457  -28.362  -26.315 0.8000000119
89903  -31.250  -32.746  -15.351 0.6000000238
28470  -36.431  -27.391  -18.830 0.6999999881
26720  -32.110  -30.546  -15.235 0.6999999881
25089  -31.574  -33.456  -14.532 0.6000000238
27260  -29.342  -29.435  -12.364 0.3000000119
28479  -36.322  -27.240  -20.266 0.6999999881
26712  -30.616  -30.389  -13.414 0.5000000000
27824  -30.514  -28.458  -13.901 0.4000000060
30582  -36.402  -24.799  -20.767 0.6999999881
98567  -34.890  -26.314  -16.668 0.6999999881
93948  -36.200  -25.919  -17.736 0.6999999881
29913  -36.575  -25.527  -19.795 0.6999999881
30571  -36.525  -24.876  -19.959 0.6999999881
30560  -36.244  -24.378  -18.508 0.6999999881
98505  -36.401  -23.618  -20.535 0.6999999881
30619  -34.979  -24.390  -24.312 0.8000000119
95257  -34.221  -26.130  -16.408 0.6999999881
29117  -30.714  -24.935  -14.152 0.5000000000
29865  -28.861  -22.748  -13.340 0.3000000119
84130  -31.446  -22.990  -13.803 0.3000000119
31181  -35.161  -23.642  -17.223 0.6999999881
31160  -29.725  -22.709  -14.999 0.3000000119
84427  -32.945  -23.429  -15.145 0.6000000238
84077  -32.047  -22.730  -14.315 0.4000000060
31182  -35.714  -23.007  -17.876 0.6999999881
33056  -35.647  -20.559  -23.850 0.8000000119
32403  -32.980  -22.114  -26.819 0.8000000119
32323  -29.923  -20.231  -16.578 0.3000000119
32324  -30.187  -19.928  -16.467 0.3000000119
32347  -35.968  -21.568  -21.681 0.8000000119
33756  -35.638  -19.476  -19.209 0.6000000238
32308  -31.557  -19.753  -14.791 0.3000000119
33000  -29.961  -19.640  -17.011 0.3000000119
33738  -35.431  -19.589  -18.443 0.6000000238
34572  -35.558  -18.669  -19.568 0.6000000238
31825  -28.928  -22.301  -30.788 0.6999999881
34672  -34.446  -17.980  -25.386 0.6000000238
33902  -32.389  -18.905  -27.494 0.6000000238
32443  -33.777  -20.593  -31.388 0.4000000060
35363  -30.028  -16.775  -18.650 0.4000000060
35387  -27.148  -17.794  -19.493 0.3000000119
34606  -26.333  -17.515  -20.779 0.3000000119
36295  -35.144  -16.441  -21.791 0.5000000000
36312  -35.345  -16.293  -23.494 0.5000000000
36269  -34.981  -16.745  -20.075 0.4000000060
36279  -28.381  -16.044  -19.236 0.4000000060
37231  -28.556  -14.818  -19.522 0.4000000060
92840  -33.359  -15.893  -20.674 0.4000000060
38038  -35.399  -14.984  -22.419 0.4000000060
38060  -26.638  -13.146  -23.026 0.3000000119
37331  -35.443  -15.519  -27.104 0.5000000000
39690  -35.307  -12.561  -28.327 0.4000000060
40994  -34.714  -9.612  -30.561 0.4000000060
40963  -35.560  -10.172  -27.168 0.4000000060
19457  -34.838  -43.141  -19.177 0.5000000000
19458  -35.097  -43.252  -19.831 0.5000000000
18885  -33.018  -44.397  -16.730 0.4000000060
19439  -33.595  -44.009  -17.041 0.5000000000
19440  -34.168  -43.562  -17.562 0.5000000000
19449  -34.585  -43.396  -18.505 0.5000000000
19967  -34.950  -42.462  -19.483 0.6000000238
19432  -33.662  -43.052  -16.865 0.5000000000
19940  -33.066  -42.410  -16.453 0.5000000000
89335  -34.083  -42.701  -17.201 0.5000000000
20506  -34.594  -41.887  -18.058 0.5000000000
19939  -32.314  -43.010  -16.404 0.5000000000
20517  -34.844  -41.611  -18.949 0.6000000238
19958  -34.718  -42.537  -18.679 0.6000000238
20518  -35.081  -41.708  -19.936 0.6000000238
85495  -35.210  -40.995  -20.516 0.6000000238
21050  -34.975  -40.840  -19.629 0.6000000238
84592  -35.380  -41.803  -20.773 0.6000000238
82512  -35.454  -41.133  -21.335 0.6000000238
21591  -35.204  -40.334  -21.162 0.6000000238
19950  -34.267  -42.017  -17.311 0.5000000000
100571  -34.681  -41.186  -18.182 0.6000000238
88420  -32.238  -42.197  -16.310 0.5000000000
21039  -34.798  -40.644  -18.696 0.6000000238
19937  -30.427  -42.432  -16.811 0.5000000000
20486  -31.731  -41.560  -16.328 0.5000000000
20489  -34.009  -41.363  -16.865 0.5000000000
20499  -34.430  -41.263  -17.492 0.5000000000
21020  -33.033  -40.735  -16.227 0.5000000000
20488  -33.413  -41.475  -16.463 0.5000000000
21022  -34.235  -40.586  -17.021 0.5000000000
20485  -30.816  -41.617  -16.620 0.5000000000
89685  -32.147  -40.762  -16.218 0.5000000000
20498  -30.029  -41.720  -17.089 0.5000000000
21030  -30.285  -40.734  -16.949 0.5000000000
92961  -34.807  -39.474  -20.142 0.6000000238
21057  -34.958  -40.168  -20.316 0.6000000238
82523  -35.461  -40.563  -21.824 0.6000000238
95461  -34.011  -40.004  -16.654 0.5000000000
91897  -34.428  -39.667  -17.284 0.6000000238
21019  -31.228  -40.770  -16.445 0.5000000000
21031  -34.591  -40.528  -17.792 0.6000000238
93301  -34.709  -39.800  -18.318 0.6000000238
21029  -29.523  -41.143  -17.548 0.5000000000
94029  -31.675  -39.985  -16.271 0.5000000000
91837  -32.583  -39.965  -16.160 0.5000000000
93790  -33.442  -39.944  -16.312 0.5000000000
21560  -34.370  -38.663  -17.179 0.6000000238
21559  -30.163  -39.726  -17.094 0.6000000238
21547  -32.141  -39.189  -16.144 0.6000000238
89979  -33.071  -39.130  -16.121 0.5000000000
21548  -33.908  -39.126  -16.531 0.5000000000
21545  -30.585  -39.264  -16.721 0.6000000238
21546  -31.251  -39.213  -16.390 0.6000000238
21569  -29.282  -39.755  -18.209 0.5000000000
21558  -29.609  -39.312  -17.589 0.5000000000
90433  -30.121  -38.857  -17.143 0.6000000238
20516  -28.855  -40.899  -18.969 0.4000000060
22073  -32.604  -38.490  -16.084 0.6000000238
22074  -33.398  -38.212  -16.225 0.5000000000
22075  -34.039  -38.285  -16.657 0.6000000238
22100  -34.595  -38.002  -17.897 0.6000000238
98296  -36.121  -22.410  -21.226 0.6000000238
30653  -34.981  -24.581  -31.378 0.5000000000
93634  -35.178  -9.462  -29.989 0.4000000060
41576  -35.412  -8.774  -29.878 0.3000000119
42953  -35.980  -7.721  -28.599 0.3000000119
86917  -32.963  -45.283  -16.753 0.4000000060
18892  -34.065  -44.594  -17.610 0.5000000000
19968  -35.248  -42.517  -20.271 0.5000000000
19430  -32.380  -43.920  -16.518 0.4000000060
87367  -35.566  -41.901  -21.595 0.5000000000
18883  -31.792  -44.310  -16.497 0.4000000060
19429  -31.587  -43.562  -16.477 0.5000000000
19438  -29.971  -43.082  -17.061 0.5000000000
19938  -31.390  -42.518  -16.462 0.5000000000
19949  -29.818  -42.408  -17.178 0.3000000119
19957  -29.055  -42.520  -18.165 0.4000000060
94059  -28.501  -42.983  -19.617 0.4000000060
102170  -35.327  -25.147  -31.590 0.5000000000
41567  -35.715  -8.794  -28.564 0.3000000119
42946  -36.320  -7.213  -28.118 0.3000000119
18884  -32.370  -44.738  -16.571 0.4000000060
21049  -28.948  -40.117  -19.136 0.5000000000
89588  -29.608  -40.218  -17.535 0.6000000238
20497  -29.430  -42.025  -17.582 0.4000000060
87443  -34.430  -42.692  -17.851 0.5000000000
19941  -33.781  -42.165  -16.790 0.5000000000
21021  -33.726  -40.683  -16.545 0.5000000000
18882  -30.978  -44.316  -16.596 0.4000000060
19975  -35.469  -42.588  -21.089 0.4000000060
19428  -30.721  -43.300  -16.677 0.4000000060
25710  -26.771  -31.651  -21.399 0.4000000060
26221  -26.772  -30.888  -21.656 0.3000000119
26243  -26.981  -30.680  -22.188 0.4000000060
25149  -27.184  -32.872  -22.866 0.4000000060
25131  -27.437  -33.295  -20.031 0.4000000060
25711  -27.078  -32.221  -20.647 0.4000000060
22677  -27.901  -37.663  -18.121 0.4000000060
23846  -27.752  -35.949  -18.764 0.4000000060
24478  -27.475  -34.552  -19.743 0.4000000060
87404  -28.257  -39.503  -15.852 0.3000000119
22085  -28.306  -38.400  -17.029 0.3000000119
21524  -28.702  -39.640  -14.898 0.4000000060
24469  -27.793  -35.018  -18.865 0.4000000060
22070  -28.406  -38.551  -16.153 0.4000000060
22678  -28.284  -37.659  -17.387 0.5000000000
22059  -28.756  -38.810  -15.336 0.4000000060
22649  -28.826  -37.922  -15.669 0.4000000060
23263  -28.504  -36.946  -16.976 0.5000000000
22051  -29.402  -38.402  -14.041 0.4000000060
32290  -33.586  -21.183  -15.775 0.3000000119
100726  -32.714  -20.111  -15.339 0.3000000119
32971  -33.688  -20.422  -16.019 0.3000000119
32993  -32.945  -19.416  -15.669 0.3000000119
33698  -33.778  -19.729  -16.264 0.3000000119
36369  -34.987  -16.517  -26.338 0.4000000060
34559  -31.889  -17.198  -16.840 0.3000000119
37316  -35.436  -15.454  -26.136 0.4000000060
35364  -31.082  -16.562  -18.419 0.3000000119
35389  -29.186  -16.315  -19.071 0.3000000119
93022  -35.675  -14.763  -24.036 0.4000000060
38061  -35.562  -14.655  -24.865 0.3000000119
38076  -35.521  -14.807  -25.646 0.4000000060
38116  -35.531  -14.111  -27.037 0.4000000060
91658  -32.352  -15.602  -18.738 0.3000000119
35390  -30.640  -16.040  -19.062 0.3000000119
82929  -31.791  -15.551  -18.906 0.3000000119
37220  -32.579  -15.286  -18.638 0.3000000119
37232  -32.594  -15.932  -19.755 0.3000000119
89870  -33.928  -15.968  -21.365 0.3000000119
36266  -30.646  -15.411  -19.192 0.3000000119
37234  -34.833  -15.632  -21.818 0.3000000119
37244  -28.329  -13.904  -19.755 0.3000000119
37243  -27.740  -14.152  -20.017 0.3000000119
38025  -27.384  -13.420  -20.381 0.3000000119
86402  -35.705  -14.129  -22.765 0.3000000119
87990  -35.854  -13.316  -23.101 0.3000000119
38877  -27.208  -12.268  -22.882 0.3000000119
38879  -35.859  -13.986  -23.747 0.3000000119
38902  -26.962  -12.765  -25.196 0.3000000119
38920  -35.568  -13.450  -26.399 0.3000000119
39678  -35.441  -12.866  -27.691 0.3000000119
85400  -31.215  -14.946  -19.180 0.3000000119
82930  -32.177  -14.969  -18.751 0.3000000119
38013  -33.300  -15.086  -20.005 0.3000000119
37233  -33.833  -15.301  -21.321 0.3000000119
85152  -29.729  -14.686  -19.413 0.3000000119
84426  -31.458  -14.326  -18.346 0.3000000119
82931  -32.480  -14.336  -17.733 0.3000000119
38014  -34.101  -14.310  -21.002 0.3000000119
37245  -34.959  -14.731  -21.559 0.3000000119
38027  -29.017  -13.642  -19.580 0.3000000119
85615  -30.333  -13.515  -19.319 0.3000000119
37267  -27.081  -13.539  -21.085 0.3000000119
38026  -28.358  -13.118  -19.834 0.3000000119
38856  -29.139  -12.883  -19.516 0.3000000119
90138  -35.452  -14.238  -21.980 0.3000000119
38867  -35.631  -13.505  -22.114 0.3000000119
38866  -27.851  -11.942  -21.396 0.3000000119
38893  -27.350  -11.867  -22.845 0.3000000119
97210  -27.793  -11.542  -22.639 0.3000000119
95996  -28.721  -10.527  -21.893 0.3000000119
38894  -35.728  -13.784  -24.663 0.3000000119
103807  -28.467  -10.708  -23.688 0.3000000119
87524  -35.945  -12.951  -24.083 0.3000000119
91115  -35.578  -12.566  -26.196 0.3000000119
39668  -35.533  -12.715  -26.985 0.3000000119
37221  -33.231  -15.362  -17.970 0.3000000119
37991  -32.884  -13.304  -17.494 0.3000000119
38001  -33.533  -14.298  -17.856 0.3000000119
91882  -34.065  -13.784  -19.502 0.3000000119
38830  -30.638  -12.812  -18.559 0.3000000119
38831  -31.857  -12.841  -17.390 0.3000000119
38832  -33.575  -13.319  -18.133 0.3000000119
94642  -28.445  -12.330  -20.169 0.3000000119
38844  -29.967  -12.538  -19.282 0.3000000119
38858  -35.111  -13.863  -21.404 0.3000000119
92794  -35.464  -12.086  -22.057 0.3000000119
39630  -35.255  -12.815  -21.570 0.3000000119
96857  -28.967  -11.080  -20.983 0.3000000119
102838  -35.876  -12.569  -23.253 0.3000000119
97212  -29.542  -9.731  -21.554 0.3000000119
97282  -29.057  -10.118  -23.066 0.3000000119
95944  -29.055  -9.757  -21.978 0.3000000119
39637  -35.793  -12.004  -23.745 0.3000000119
88892  -35.649  -11.933  -25.652 0.3000000119
94843  -35.500  -11.789  -26.643 0.3000000119
90293  -34.123  -12.645  -19.462 0.3000000119
96683  -30.715  -10.712  -18.266 0.3000000119
96829  -31.382  -11.094  -17.739 0.3000000119
39604  -33.534  -12.169  -18.508 0.3000000119
39615  -34.539  -12.864  -20.302 0.3000000119
38857  -34.743  -13.394  -20.800 0.3000000119
39628  -29.126  -11.954  -20.430 0.3000000119
40304  -33.954  -11.579  -19.416 0.3000000119
39629  -34.850  -12.399  -20.945 0.3000000119
83892  -29.749  -10.734  -20.688 0.3000000119
39613  -30.153  -10.985  -19.075 0.3000000119
84302  -31.423  -10.234  -18.494 0.3000000119
97283  -29.736  -9.445  -21.731 0.3000000119
83900  -30.621  -8.978  -21.630 0.3000000119
40328  -35.232  -11.311  -22.246 0.3000000119
92296  -35.694  -11.954  -22.806 0.3000000119
97524  -29.326  -9.261  -22.717 0.3000000119
40332  -35.456  -11.273  -23.249 0.3000000119
39648  -35.758  -12.052  -24.690 0.3000000119
40338  -35.587  -11.259  -24.194 0.3000000119
39594  -32.666  -11.505  -17.747 0.3000000119
84553  -32.311  -10.523  -18.263 0.3000000119
40305  -34.444  -12.000  -20.297 0.3000000119
100923  -30.831  -10.781  -19.883 0.3000000119
96682  -32.447  -9.710  -18.749 0.3000000119
41469  -32.960  -9.484  -18.913 0.3000000119
40320  -35.117  -11.827  -21.491 0.3000000119
97211  -31.477  -9.900  -20.049 0.3000000119
95998  -31.888  -8.649  -19.573 0.3000000119
40327  -34.845  -10.941  -21.503 0.3000000119
95997  -29.527  -8.713  -23.044 0.3000000119
97523  -30.655  -9.631  -21.066 0.3000000119
97245  -31.539  -8.937  -20.797 0.3000000119
97303  -29.965  -8.775  -22.464 0.3000000119
96754  -31.433  -8.457  -21.476 0.3000000119
40936  -35.045  -10.587  -22.780 0.3000000119
40345  -35.644  -11.197  -25.102 0.3000000119
40351  -35.599  -11.050  -25.965 0.3000000119
94767  -34.208  -10.989  -20.187 0.3000000119
40319  -34.664  -11.467  -20.918 0.3000000119
41470  -33.394  -9.525  -19.280 0.3000000119
40911  -34.034  -9.748  -19.938 0.3000000119
40912  -34.412  -10.490  -20.861 0.3000000119
96007  -32.547  -8.799  -20.312 0.3000000119
41485  -33.619  -8.804  -20.055 0.3000000119
40923  -34.045  -9.684  -20.837 0.3000000119
98327  -34.542  -9.953  -21.564 0.3000000119
96005  -30.054  -7.848  -22.756 0.3000000119
41521  -34.736  -9.883  -22.404 0.3000000119
97305  -30.653  -8.000  -22.046 0.3000000119
83905  -31.762  -8.032  -22.023 0.3000000119
84022  -32.146  -8.296  -21.234 0.3000000119
42130  -33.191  -8.409  -21.115 0.3000000119
40940  -35.307  -10.538  -23.673 0.3000000119
88205  -35.245  -9.781  -24.076 0.3000000119
87738  -35.580  -10.370  -25.455 0.3000000119
41558  -35.698  -9.399  -26.533 0.3000000119
40959  -35.600  -10.229  -26.251 0.3000000119
41502  -33.856  -9.143  -21.339 0.3000000119
42138  -34.313  -9.219  -22.135 0.3000000119
95961  -30.500  -7.284  -22.405 0.3000000119
96006  -31.093  -7.400  -22.316 0.3000000119
42158  -33.752  -8.519  -21.970 0.3000000119
41522  -34.967  -9.845  -23.217 0.3000000119
41529  -34.617  -9.153  -22.859 0.3000000119
89816  -35.286  -9.013  -24.463 0.3000000119
41530  -34.960  -9.089  -23.640 0.3000000119
42172  -35.424  -8.286  -24.815 0.3000000119
41539  -35.490  -9.695  -24.954 0.3000000119
103485  -35.622  -8.279  -25.490 0.3000000119
41549  -35.604  -9.561  -25.753 0.3000000119
97304  -29.887  -7.291  -23.047 0.3000000119
96236  -32.174  -7.452  -22.277 0.3000000119
42879  -33.681  -7.776  -22.350 0.3000000119
42159  -34.239  -8.455  -22.571 0.3000000119
96127  -33.021  -7.276  -22.243 0.3000000119
42165  -34.642  -8.395  -23.280 0.3000000119
42899  -34.765  -7.631  -23.651 0.3000000119
42900  -35.244  -7.587  -24.417 0.3000000119
42166  -35.092  -8.333  -24.031 0.3000000119
101443  -35.559  -9.726  -27.987 0.3000000119
41561  -35.745  -9.162  -27.391 0.3000000119
40973  -35.437  -9.840  -28.975 0.3000000119
97247  -30.424  -6.630  -22.710 0.3000000119
82937  -31.556  -6.780  -22.618 0.3000000119
96071  -32.564  -6.735  -22.442 0.3000000119
43525  -33.619  -6.763  -22.634 0.3000000119
42880  -34.235  -7.671  -22.950 0.3000000119
94706  -34.365  -7.013  -23.282 0.3000000119
87689  -35.699  -8.740  -25.981 0.3000000119
42201  -35.934  -8.260  -27.613 0.3000000119
21557  -28.211  -39.074  -16.669 0.3000000119
88601  -27.756  -34.007  -18.964 0.4000000060
25696  -27.502  -32.066  -19.773 0.4000000060
23275  -28.164  -36.959  -17.816 0.4000000060
22662  -28.506  -37.714  -16.518 0.4000000060
37296  -35.325  -15.591  -25.219 0.4000000060
38036  -27.426  -12.897  -20.745 0.3000000119
38048  -27.290  -12.484  -21.593 0.3000000119
38891  -26.912  -12.820  -23.981 0.3000000119
96350  -27.917  -11.987  -23.768 0.3000000119
22084  -28.018  -38.250  -17.697 0.4000000060
22691  -27.650  -37.749  -18.713 0.4000000060
23855  -27.495  -35.545  -19.535 0.4000000060
20998  -28.582  -40.324  -14.354 0.3000000119
38037  -27.621  -12.746  -20.543 0.3000000119
39633  -35.735  -12.683  -22.428 0.3000000119
97044  -30.414  -14.272  -19.372 0.3000000119
96847  -31.612  -13.466  -18.385 0.3000000119
97223  -28.125  -11.724  -24.909 0.3000000119
39614  -30.791  -11.629  -17.824 0.3000000119
39603  -31.741  -12.026  -17.164 0.3000000119
38823  -33.095  -12.657  -17.680 0.3000000119
96349  -30.068  -10.083  -20.860 0.3000000119
84532  -33.038  -10.671  -18.387 0.3000000119
95982  -31.713  -9.346  -19.058 0.3000000119
40935  -34.853  -10.548  -22.074 0.3000000119
97307  -32.709  -8.938  -19.292 0.3000000119
83962  -32.918  -7.885  -21.860 0.3000000119
42194  -35.869  -8.523  -26.743 0.3000000119
43554  -34.266  -6.207  -23.215 0.3000000119
21556  -27.936  -39.087  -17.504 0.4000000060
19988  -27.993  -42.476  -22.712 0.3000000119
82459  -28.117  -43.193  -22.524 0.3000000119
96120  -27.626  -42.031  -23.340 0.3000000119
19982  -28.302  -42.440  -21.681 0.3000000119
20987  -28.855  -39.597  -14.094 0.3000000119
102227  -29.107  -38.989  -13.879 0.3000000119
22023  -28.568  -38.565  -13.076 0.3000000119
23869  -27.104  -35.115  -20.378 0.3000000119
23293  -27.496  -36.410  -19.395 0.3000000119
23281  -27.720  -36.939  -18.705 0.3000000119
24489  -26.949  -33.983  -20.769 0.3000000119
22703  -27.438  -37.535  -19.323 0.3000000119
23302  -27.176  -36.067  -20.081 0.3000000119
25191  -35.548  -33.493  -29.625 0.3000000119
19431  -33.055  -43.469  -16.618 0.4000000060
19948  -29.430  -42.826  -17.504 0.3000000119
19966  -28.506  -42.183  -19.936 0.5000000000
20487  -32.623  -41.520  -16.275 0.5000000000
21048  -28.654  -40.735  -19.869 0.5000000000
21056  -28.455  -40.155  -20.643 0.5000000000
21069  -27.623  -40.256  -22.518 0.5000000000
21512  -28.703  -39.272  -13.519 0.3000000119
21525  -29.065  -38.966  -14.499 0.3000000119
21605  -27.150  -39.651  -23.046 0.4000000060
22024  -28.980  -37.857  -13.059 0.4000000060
22060  -29.249  -38.210  -14.817 0.4000000060
22107  -28.634  -38.189  -20.113 0.6000000238
22108  -28.805  -38.670  -19.558 0.6000000238
23872  -35.222  -34.944  -20.558 0.6999999881
23894  -35.039  -35.741  -21.941 0.6999999881
23916  -34.828  -35.355  -24.332 0.6999999881
24427  -30.518  -33.856  -12.514 0.4000000060
24454  -29.546  -34.405  -15.916 0.5000000000
24466  -34.542  -34.745  -17.239 0.8000000119
24568  -31.184  -33.999  -28.187 0.6999999881
25090  -31.843  -33.805  -13.903 0.5000000000
25667  -29.903  -31.971  -15.892 0.6000000238
26233  -27.082  -30.811  -22.258 0.5000000000
26234  -27.740  -31.178  -21.889 0.5000000000
26235  -35.437  -31.479  -21.182 0.8999999762
26732  -34.661  -30.760  -17.537 0.8000000119
26754  -27.425  -29.961  -21.134 0.5000000000
26763  -26.978  -30.429  -21.880 0.4000000060
26764  -27.068  -30.399  -21.912 0.4000000060
27315  -29.044  -27.509  -18.191 0.6000000238
27322  -28.672  -27.747  -18.522 0.5000000000
27323  -29.140  -27.542  -18.263 0.5000000000
27327  -28.573  -27.860  -18.985 0.5000000000
27328  -29.135  -27.643  -18.588 0.5000000000
30640  -28.998  -24.747  -28.392 0.8000000119
30644  -28.061  -25.398  -29.619 0.8000000119
30646  -28.100  -24.477  -30.298 0.6999999881
33115  -30.793  -20.817  -30.225 0.6999999881
34707  -32.837  -18.801  -28.483 0.5000000000
36329  -35.270  -16.210  -24.168 0.5000000000
36441  -34.628  -16.561  -31.415 0.5000000000
37364  -34.807  -15.815  -30.446 0.6000000238
37983  -32.847  -12.818  -17.473 0.3000000119
38811  -32.620  -12.358  -17.382 0.3000000119
38822  -32.421  -12.714  -17.267 0.3000000119
40291  -33.424  -11.226  -18.539 0.3000000119
40901  -33.652  -10.435  -19.149 0.3000000119
40947  -35.493  -10.485  -24.585 0.3000000119
42180  -35.519  -8.917  -25.258 0.3000000119
85429  -33.046  -9.971  -18.683 0.3000000119
86070  -28.278  -40.651  -21.315 0.5000000000
86872  -28.972  -30.096  -12.153 0.3000000119
88011  -29.224  -36.868  -18.835 0.6000000238
88291  -31.199  -35.066  -16.447 0.6999999881
88499  -28.407  -36.226  -17.437 0.6000000238
89701  -27.902  -11.697  -21.837 0.3000000119
89996  -30.830  -39.954  -16.591 0.5000000000
90673  -26.561  -35.054  -23.878 0.4000000060
91568  -35.974  -20.994  -21.268 0.8000000119
92851  -33.022  -32.130  -28.723 0.6000000238
92948  -27.020  -31.879  -22.696 0.5000000000
93320  -35.323  -24.906  -24.083 0.8000000119
97281  -30.688  -10.017  -18.734 0.3000000119
97859  -35.363  -31.907  -22.535 0.8999999762
97954  -35.553  -20.350  -18.364 0.6000000238
98084  -36.326  -25.371  -21.180 0.6999999881
98266  -35.460  -32.075  -20.205 0.8000000119
98516  -31.513  -30.155  -14.753 0.6000000238
98951  -35.720  -14.277  -24.330 0.3000000119
100450  -30.520  -32.593  -12.259 0.5000000000
101426  -27.486  -36.959  -19.341 0.3000000119
101526  -31.512  -29.106  -15.145 0.6000000238
102251  -27.796  -25.084  -29.310 0.8000000119
102558  -35.499  -15.203  -23.010 0.4000000060
102649  -30.077  -13.004  -19.350 0.3000000119
102743  -33.962  -17.016  -24.666 0.5000000000
