#!ascii label  , from subject sub-v1s3x0050785_ses-1 vox2ras=TkReg
1411
3060  17.312  -69.686  -23.767 0.6999999881
3053  16.702  -69.701  -22.724 0.8000000119
3040  16.608  -69.607  -21.687 0.8000000119
2535  16.407  -70.677  -19.981 0.6999999881
2564  16.639  -70.463  -23.976 0.6000000238
2555  16.321  -70.707  -22.666 0.6000000238
2134  16.377  -70.966  -20.693 0.6000000238
2175  16.763  -70.844  -24.507 0.6000000238
3039  16.909  -69.038  -21.962 0.8000000119
110055  16.553  -69.241  -20.748 0.6999999881
3016  16.394  -69.542  -19.925 0.6999999881
2126  16.477  -71.059  -18.273 0.6999999881
3061  16.786  -69.891  -23.570 0.6000000238
3052  17.063  -69.379  -22.840 0.6999999881
2130  16.496  -71.342  -19.217 0.6999999881
2162  16.747  -71.363  -24.096 0.6000000238
2174  17.053  -71.117  -24.919 0.6000000238
1848  17.491  -72.550  -23.093 0.6000000238
1844  19.846  -73.525  -23.317 0.6000000238
1521  19.265  -73.746  -23.450 0.6000000238
3569  17.291  -68.616  -21.196 0.8000000119
3555  17.131  -68.362  -20.390 0.8000000119
94718  16.398  -68.815  -19.218 0.6999999881
3005  16.246  -68.724  -18.071 0.6999999881
2998  16.065  -68.739  -17.139 0.6999999881
94150  17.719  -69.038  -22.130 0.8000000119
3556  16.656  -68.719  -20.196 0.6999999881
94212  16.236  -69.744  -18.443 0.6999999881
3051  17.800  -69.387  -23.056 0.6999999881
3027  16.812  -68.833  -21.057 0.8000000119
110575  16.296  -69.562  -19.222 0.6999999881
3059  18.164  -69.452  -23.795 0.6999999881
2563  17.029  -70.201  -24.560 0.6999999881
108798  17.894  -70.481  -26.004 0.6000000238
2572  17.292  -70.551  -25.226 0.6000000238
105927  18.345  -72.300  -23.571 0.6000000238
1849  17.360  -72.090  -23.544 0.6000000238
1523  20.520  -74.125  -23.509 0.6000000238
783  23.427  -74.940  -24.472 0.6999999881
103451  22.370  -74.659  -25.258 0.6000000238
553  22.754  -75.944  -24.096 0.5000000000
552  23.491  -75.836  -25.347 0.6000000238
549  20.598  -76.897  -23.363 0.5000000000
3554  17.836  -68.212  -20.511 0.8999999762
3543  16.944  -68.164  -19.572 0.8000000119
3531  16.688  -68.003  -18.614 0.6999999881
3038  19.042  -69.265  -21.791 0.6999999881
3026  18.212  -68.658  -21.202 0.8999999762
3058  19.176  -69.287  -23.887 0.8000000119
94178  18.751  -69.359  -22.792 0.8000000119
106246  19.083  -69.642  -26.753 0.6999999881
98839  18.360  -69.453  -24.694 0.6999999881
3072  17.995  -70.030  -26.255 0.8000000119
2594  18.508  -69.976  -26.771 0.8000000119
106549  18.266  -70.763  -25.943 0.6999999881
2173  17.884  -71.371  -24.950 0.6999999881
2149  19.601  -72.574  -23.219 0.6000000238
103119  22.488  -74.474  -23.495 0.6999999881
784  21.772  -75.506  -23.036 0.6999999881
3025  19.272  -69.054  -20.944 0.8999999762
3542  17.603  -67.909  -19.730 0.8000000119
3516  16.305  -67.988  -17.520 0.6999999881
3050  19.763  -69.362  -22.761 0.8000000119
93892  19.942  -69.430  -21.978 0.8000000119
97130  20.298  -69.266  -23.412 0.6999999881
3071  19.946  -69.375  -26.710 0.6999999881
3065  20.035  -69.114  -25.563 0.6000000238
3066  18.922  -69.355  -25.443 0.8000000119
3080  19.804  -69.845  -27.288 0.8000000119
2581  18.861  -70.294  -26.883 0.8000000119
2180  19.398  -70.968  -25.864 0.6999999881
2159  20.088  -71.848  -23.623 0.8000000119
2172  19.100  -71.484  -24.753 0.6999999881
2158  21.007  -71.649  -23.432 0.8000000119
107766  19.633  -75.072  -22.280 0.6999999881
1840  20.394  -73.534  -22.550 0.6999999881
99724  20.087  -72.366  -23.146 0.6999999881
93700  19.346  -75.027  -21.966 0.6999999881
96493  20.777  -75.165  -22.735 0.6999999881
5703  17.389  -65.083  -23.543 0.6000000238
5691  18.452  -64.907  -23.010 0.6000000238
5710  19.387  -65.451  -24.901 0.6000000238
5179  20.606  -65.553  -26.363 0.6999999881
107806  18.688  -68.578  -20.515 0.8999999762
3530  17.359  -67.706  -18.906 0.6999999881
3605  21.173  -68.947  -25.057 0.6000000238
3632  21.832  -69.010  -26.888 0.6000000238
3620  21.493  -68.916  -25.922 0.6000000238
91506  20.660  -69.951  -27.871 0.6999999881
2602  21.607  -70.421  -28.152 0.6999999881
2611  21.631  -70.070  -28.824 0.6999999881
4051  18.337  -67.068  -16.792 0.6999999881
4566  17.700  -66.495  -16.657 0.6999999881
2592  20.816  -70.491  -27.704 0.8000000119
2593  20.135  -70.249  -27.585 0.8000000119
4068  19.830  -67.647  -16.902 0.6000000238
4565  18.657  -66.393  -16.452 0.6000000238
5075  16.402  -65.295  -16.557 0.6999999881
2580  19.892  -70.595  -27.010 0.6999999881
104897  17.123  -65.070  -16.475 0.5000000000
5621  16.734  -64.568  -16.692 0.6999999881
2170  21.364  -71.142  -24.221 0.8000000119
2571  20.611  -70.889  -25.483 0.8000000119
5074  17.978  -65.526  -16.416 0.5000000000
97787  20.624  -73.317  -22.479 0.6999999881
5073  19.001  -65.591  -16.245 0.5000000000
5072  19.871  -65.608  -16.262 0.6000000238
6201  17.745  -63.901  -16.841 0.5000000000
6217  17.231  -63.701  -17.406 0.6000000238
5656  16.298  -63.977  -19.834 0.6999999881
100761  15.990  -64.655  -21.260 0.6999999881
6200  18.613  -64.223  -16.694 0.5000000000
93005  16.992  -63.558  -18.392 0.6000000238
5670  16.547  -64.322  -20.774 0.6000000238
5692  17.554  -64.787  -22.462 0.6000000238
5619  19.330  -64.892  -16.361 0.6000000238
6269  17.357  -63.916  -20.142 0.6000000238
5669  17.377  -64.318  -21.055 0.6000000238
6216  18.296  -63.745  -17.313 0.5000000000
6234  17.969  -63.608  -18.206 0.5000000000
5680  17.932  -64.509  -21.686 0.6000000238
5702  18.472  -65.128  -23.938 0.6000000238
96354  19.453  -64.969  -23.663 0.6999999881
5178  21.423  -64.880  -26.308 0.6000000238
105253  21.379  -64.757  -27.278 0.6999999881
6254  17.707  -63.682  -19.154 0.6000000238
5668  18.501  -64.257  -20.840 0.6000000238
98339  18.487  -64.665  -22.274 0.6000000238
5690  19.525  -64.663  -22.607 0.6999999881
5709  21.185  -64.595  -24.981 0.5000000000
3015  18.656  -68.261  -19.699 0.8999999762
3064  20.893  -69.106  -24.122 0.6000000238
3049  20.767  -69.425  -22.375 0.6999999881
3529  18.132  -67.672  -18.983 0.8000000119
4071  16.517  -67.465  -17.068 0.6999999881
3514  18.629  -67.849  -17.962 0.6999999881
3528  19.204  -68.297  -18.619 0.8000000119
3079  21.380  -69.557  -27.953 0.6999999881
3513  19.584  -68.108  -17.661 0.8000000119
3512  20.577  -67.989  -17.473 0.6999999881
108409  21.239  -67.901  -17.583 0.6000000238
2570  21.764  -70.679  -25.069 0.8000000119
2579  22.165  -70.482  -25.964 0.8000000119
94172  22.815  -70.535  -24.778 0.8000000119
4067  21.171  -67.525  -17.098 0.5000000000
2169  21.769  -71.422  -23.353 0.8000000119
4564  19.538  -66.374  -16.309 0.5000000000
4066  22.510  -67.203  -17.367 0.5000000000
105090  22.679  -66.595  -16.972 0.6000000238
4563  20.380  -66.362  -16.304 0.6000000238
5071  20.796  -65.549  -16.394 0.6000000238
96115  20.283  -64.951  -16.538 0.6000000238
6890  20.817  -63.181  -24.951 0.5000000000
6299  21.107  -63.805  -24.376 0.5000000000
6316  21.044  -63.530  -26.241 0.6000000238
6253  18.829  -63.863  -19.002 0.6000000238
5679  19.097  -64.496  -21.697 0.6999999881
109254  20.207  -64.677  -23.439 0.6999999881
6215  19.472  -64.072  -17.398 0.6000000238
5678  20.120  -64.330  -21.830 0.6000000238
6233  19.115  -63.845  -18.176 0.6999999881
6268  19.484  -64.193  -20.365 0.6000000238
6267  20.230  -64.109  -20.420 0.5000000000
3024  20.207  -69.229  -20.720 0.6999999881
3014  19.549  -68.887  -20.165 0.6999999881
3541  19.858  -68.728  -19.269 0.8000000119
105433  21.591  -68.533  -18.963 0.6999999881
3527  20.234  -68.472  -18.352 0.6999999881
7481  19.656  -60.552  -22.239 0.5000000000
110533  24.420  -66.244  -18.261 0.5000000000
4577  23.449  -66.130  -17.176 0.6000000238
6876  20.238  -62.276  -24.197 0.5000000000
4576  24.190  -65.854  -17.709 0.5000000000
5096  24.714  -65.650  -18.321 0.5000000000
4560  22.809  -65.985  -16.733 0.6000000238
6199  19.822  -64.493  -16.840 0.6000000238
5689  20.433  -64.312  -22.765 0.5000000000
5087  24.484  -65.060  -17.799 0.5000000000
5068  23.144  -65.363  -16.868 0.6000000238
94707  21.245  -64.821  -16.727 0.6000000238
5617  22.697  -64.666  -16.807 0.6000000238
3036  21.591  -69.475  -21.626 0.6999999881
3013  20.550  -69.022  -19.909 0.6999999881
6214  20.455  -64.135  -17.469 0.5000000000
102217  25.577  -64.558  -19.176 0.5000000000
6252  20.410  -63.854  -19.228 0.5000000000
5088  23.849  -65.246  -17.273 0.5000000000
107991  21.699  -64.434  -16.867 0.5000000000
5633  20.747  -64.445  -17.044 0.5000000000
107496  19.898  -64.043  -18.954 0.5000000000
6198  21.668  -63.467  -17.038 0.5000000000
6211  24.311  -63.503  -17.766 0.5000000000
98367  23.046  -63.115  -16.879 0.5000000000
6213  21.136  -63.748  -17.486 0.5000000000
5640  24.672  -64.231  -18.046 0.5000000000
6196  22.922  -63.848  -16.916 0.5000000000
5618  22.107  -64.086  -16.937 0.5000000000
102262  25.117  -64.120  -18.613 0.5000000000
5632  23.444  -64.506  -17.050 0.5000000000
6804  24.003  -62.824  -17.559 0.5000000000
8149  19.225  -59.571  -22.233 0.6000000238
7482  19.234  -60.341  -22.741 0.6000000238
8148  19.268  -59.668  -22.137 0.5000000000
8811  19.139  -58.801  -20.822 0.6999999881
106656  18.563  -60.547  -22.087 0.6000000238
7507  18.498  -61.542  -23.001 0.6000000238
7483  17.481  -61.132  -21.648 0.6999999881
9523  18.913  -57.896  -19.883 0.6000000238
8139  18.998  -59.287  -21.461 0.6999999881
8150  18.292  -60.336  -21.446 0.6999999881
7497  17.986  -61.326  -22.328 0.6999999881
8130  17.324  -59.898  -19.839 0.8000000119
10168  19.140  -57.240  -19.127 0.5000000000
10187  19.256  -57.828  -19.741 0.5000000000
8140  17.835  -60.087  -20.676 0.8000000119
9524  18.212  -58.302  -19.410 0.6000000238
8792  16.572  -59.313  -18.244 0.6999999881
92516  19.226  -56.416  -17.447 0.5000000000
110462  19.214  -57.276  -19.160 0.5000000000
8791  17.282  -58.763  -18.807 0.6999999881
8803  16.885  -59.601  -19.042 0.6999999881
8802  17.774  -59.040  -19.632 0.6999999881
10180  18.630  -57.595  -19.261 0.6999999881
8776  16.386  -59.264  -17.293 0.6999999881
9498  16.956  -58.367  -17.889 0.6999999881
10841  19.012  -56.214  -17.770 0.6000000238
10170  18.290  -57.372  -18.617 0.8000000119
13376  14.912  -52.132  -17.825 0.6999999881
92054  15.391  -52.166  -16.300 0.8000000119
11429  19.747  -55.363  -14.906 0.4000000060
9461  16.628  -58.606  -15.814 0.6999999881
11436  19.173  -55.272  -15.581 0.5000000000
9478  16.611  -58.459  -16.881 0.6999999881
11450  18.955  -55.889  -17.117 0.6000000238
11443  18.581  -55.554  -16.675 0.6000000238
97965  17.624  -57.455  -18.014 0.6999999881
10842  18.556  -56.296  -17.716 0.8000000119
10843  17.677  -56.671  -17.447 0.8000000119
14717  10.494  -50.676  -14.886 0.5000000000
14734  9.842  -50.054  -15.625 0.5000000000
15427  9.213  -49.556  -16.399 0.5000000000
12725  13.439  -53.536  -21.349 0.5000000000
13426  16.046  -53.412  -21.074 0.6000000238
12724  14.599  -53.355  -21.401 0.6000000238
12711  12.665  -53.847  -21.176 0.6000000238
13380  9.613  -52.556  -18.774 0.6000000238
98329  14.294  -53.111  -19.524 0.6999999881
13410  13.628  -53.595  -20.441 0.6999999881
13389  15.342  -52.655  -18.802 0.6999999881
13377  14.181  -52.693  -18.717 0.6999999881
109371  17.035  -55.801  -14.037 0.6999999881
12010  16.771  -54.012  -14.352 0.6999999881
13330  16.015  -52.875  -14.928 0.8000000119
12018  19.135  -54.662  -15.180 0.5000000000
10133  16.817  -57.498  -15.640 0.6999999881
10132  17.063  -56.491  -16.095 0.8000000119
11452  18.076  -55.967  -17.199 0.6999999881
10820  17.402  -55.746  -15.960 0.8000000119
10832  17.527  -56.125  -16.753 0.8000000119
14015  11.084  -51.085  -14.149 0.5000000000
14733  10.931  -50.105  -15.527 0.6000000238
14732  11.908  -50.218  -15.391 0.5000000000
15425  11.291  -49.440  -16.242 0.6000000238
15446  9.627  -49.175  -17.057 0.6000000238
15462  9.126  -49.536  -17.417 0.6000000238
15461  10.002  -49.224  -17.650 0.6000000238
15477  9.349  -50.167  -18.137 0.5000000000
12735  14.433  -53.085  -21.784 0.5000000000
13440  13.633  -53.187  -21.603 0.5000000000
87738  17.056  -54.659  -22.903 0.6000000238
13428  12.534  -53.450  -21.326 0.6000000238
13412  11.724  -53.690  -20.681 0.6999999881
14791  9.286  -51.574  -18.738 0.6000000238
13390  13.316  -53.386  -19.703 0.6999999881
13411  12.634  -53.879  -20.717 0.6999999881
13392  11.218  -53.795  -19.926 0.8000000119
13393  10.102  -53.217  -19.456 0.6999999881
93675  16.362  -53.101  -19.515 0.6999999881
87744  16.589  -52.641  -18.225 0.6999999881
94155  15.842  -52.252  -17.784 0.8000000119
90994  16.430  -52.331  -16.235 0.8000000119
13347  15.740  -52.505  -15.564 0.8000000119
12670  18.357  -53.425  -15.705 0.6000000238
11993  17.233  -54.445  -14.610 0.8000000119
12655  16.645  -53.375  -14.746 0.8000000119
11437  18.438  -55.002  -15.832 0.6000000238
12019  18.474  -54.059  -15.317 0.6999999881
11430  17.498  -54.872  -14.942 0.8000000119
11444  18.038  -55.474  -16.607 0.6999999881
11438  17.795  -55.052  -15.700 0.6999999881
14002  12.533  -51.141  -13.574 0.4000000060
14715  12.441  -50.781  -14.515 0.5000000000
109661  11.470  -48.824  -16.987 0.4000000060
15445  10.639  -48.885  -17.259 0.5000000000
102575  10.738  -50.262  -18.823 0.5000000000
91225  16.040  -53.333  -22.064 0.5000000000
14139  13.850  -52.790  -21.641 0.6000000238
14123  13.010  -52.608  -21.326 0.6000000238
14790  9.969  -51.380  -19.259 0.6000000238
87733  17.849  -55.816  -22.907 0.6000000238
14110  10.776  -53.244  -20.332 0.6999999881
14085  10.136  -52.908  -19.887 0.6999999881
87742  17.341  -53.848  -20.193 0.6000000238
87743  16.600  -52.338  -17.209 0.8000000119
12671  17.868  -53.759  -15.531 0.6999999881
12654  17.351  -53.804  -14.931 0.8000000119
105193  17.209  -52.758  -15.858 0.8000000119
12020  17.811  -54.369  -15.392 0.6999999881
107735  13.195  -50.619  -14.554 0.4000000060
13986  13.293  -50.921  -12.875 0.4000000060
14688  13.016  -50.769  -11.978 0.4000000060
107693  12.449  -49.568  -16.077 0.5000000000
102639  12.699  -50.349  -15.132 0.4000000060
14678  12.456  -50.472  -11.368 0.5000000000
15460  10.868  -48.580  -17.890 0.5000000000
14810  13.036  -50.847  -19.563 0.5000000000
14811  11.952  -51.227  -19.714 0.5000000000
14809  14.063  -50.689  -19.470 0.5000000000
14812  10.757  -51.846  -19.860 0.6999999881
90460  17.540  -53.512  -18.684 0.6000000238
104545  17.524  -53.017  -17.567 0.8000000119
12693  18.081  -53.361  -16.970 0.6000000238
106181  17.887  -53.256  -15.986 0.6999999881
16061  12.573  -48.769  -11.422 0.3000000119
15424  13.729  -49.746  -15.736 0.4000000060
14730  14.365  -50.228  -14.832 0.3000000119
14702  14.140  -50.580  -13.286 0.4000000060
14687  13.768  -50.384  -12.393 0.4000000060
14677  13.331  -50.141  -11.695 0.4000000060
16060  13.414  -49.267  -11.684 0.5000000000
98270  11.999  -48.359  -17.439 0.4000000060
16733  13.194  -48.219  -11.856 0.3000000119
15444  11.198  -48.347  -17.749 0.4000000060
14107  13.514  -51.629  -20.513 0.5000000000
15474  11.710  -48.191  -18.264 0.4000000060
14106  14.519  -51.449  -20.465 0.6000000238
16135  12.218  -47.488  -18.221 0.4000000060
14808  15.044  -50.668  -19.439 0.4000000060
14788  12.418  -49.689  -18.772 0.5000000000
101695  17.363  -52.730  -16.590 0.6999999881
15381  11.976  -49.296  -11.009 0.4000000060
15386  14.123  -49.686  -12.206 0.4000000060
15443  13.109  -49.107  -16.617 0.3000000119
15473  12.524  -48.215  -18.474 0.4000000060
14786  14.435  -49.769  -18.774 0.4000000060
15472  13.449  -48.502  -18.681 0.4000000060
14713  14.775  -50.407  -13.968 0.3000000119
14701  14.880  -50.125  -13.298 0.3000000119
14686  14.428  -50.133  -12.738 0.4000000060
16070  14.924  -48.828  -12.560 0.3000000119
16071  14.127  -48.695  -12.178 0.3000000119
93964  14.763  -49.740  -15.495 0.3000000119
16123  13.053  -48.286  -17.358 0.3000000119
16146  12.693  -47.291  -18.391 0.3000000119
16807  12.548  -47.373  -18.174 0.3000000119
15471  14.595  -48.817  -18.739 0.3000000119
15398  15.310  -49.671  -13.363 0.3000000119
16745  14.646  -47.894  -12.536 0.3000000119
14700  15.376  -49.956  -13.874 0.3000000119
15384  15.469  -49.078  -13.087 0.3000000119
16134  12.870  -47.268  -17.945 0.3000000119
102089  13.335  -47.065  -18.494 0.3000000119
16145  13.481  -47.346  -18.718 0.3000000119
16734  12.277  -47.803  -11.678 0.3000000119
15410  15.783  -49.615  -14.520 0.3000000119
15409  16.253  -49.212  -14.493 0.3000000119
16806  13.869  -46.504  -18.432 0.3000000119
5634  16.358  -64.162  -17.133 0.6000000238
6235  16.465  -63.744  -17.814 0.6999999881
5657  15.448  -64.264  -19.455 0.6999999881
5671  15.713  -64.464  -20.478 0.6999999881
14789  11.510  -49.970  -18.809 0.4000000060
14108  12.404  -52.097  -20.686 0.6000000238
16746  13.748  -47.593  -12.287 0.3000000119
98622  16.319  -71.650  -21.189 0.6999999881
2525  16.291  -70.470  -17.590 0.6999999881
3067  18.040  -69.743  -25.598 0.8000000119
1031  21.017  -74.637  -22.919 0.6000000238
1520  20.588  -73.948  -23.127 0.6999999881
99762  19.877  -69.176  -24.457 0.6000000238
3515  17.051  -67.421  -17.921 0.6999999881
95954  20.921  -70.687  -26.702 0.8000000119
2140  20.740  -72.737  -22.785 0.6999999881
2148  20.779  -72.099  -22.674 0.8000000119
105933  21.098  -65.102  -25.537 0.6999999881
6202  17.149  -64.037  -16.842 0.5000000000
5681  16.784  -64.646  -21.713 0.6000000238
6317  20.936  -63.721  -27.047 0.6000000238
99110  18.594  -63.958  -19.872 0.6999999881
4084  21.867  -67.699  -17.638 0.5000000000
4048  20.853  -66.996  -16.541 0.6000000238
5069  22.420  -65.429  -16.660 0.6000000238
92563  17.266  -55.616  -14.867 0.8000000119
997  21.308  -75.987  -17.429 0.4000000060
977  21.976  -75.805  -15.710 0.4000000060
537  21.034  -77.628  -19.005 0.3000000119
1013  21.024  -76.618  -17.817 0.4000000060
998  20.112  -75.873  -16.677 0.4000000060
978  21.167  -75.748  -15.864 0.4000000060
96377  20.812  -74.147  -17.673 0.4000000060
102609  21.910  -75.150  -18.017 0.5000000000
1011  22.263  -75.452  -17.823 0.5000000000
1237  20.738  -75.549  -18.455 0.3000000119
1233  21.476  -75.428  -18.152 0.4000000060
996  21.877  -75.680  -17.205 0.4000000060
1022  20.969  -76.600  -18.708 0.3000000119
534  21.072  -76.889  -18.442 0.3000000119
110203  20.861  -77.969  -19.383 0.3000000119
1234  20.020  -74.068  -17.950 0.4000000060
1487  21.759  -73.131  -16.825 0.5000000000
1238  19.459  -74.409  -18.645 0.3000000119
1024  20.255  -76.670  -19.322 0.3000000119
545  19.638  -78.565  -21.256 0.4000000060
772  19.566  -77.707  -20.519 0.3000000119
547  18.987  -78.662  -22.063 0.4000000060
550  18.848  -78.045  -22.810 0.4000000060
1501  20.143  -73.065  -17.478 0.4000000060
1827  19.828  -72.221  -17.664 0.4000000060
1507  19.294  -73.366  -18.512 0.4000000060
1831  19.513  -72.484  -18.443 0.4000000060
105521  21.095  -71.603  -19.142 0.5000000000
767  18.921  -76.544  -20.209 0.4000000060
1832  19.202  -73.041  -19.407 0.4000000060
778  18.738  -77.220  -21.648 0.5000000000
1026  18.379  -76.084  -21.018 0.4000000060
785  19.358  -76.790  -22.422 0.4000000060
107434  23.000  -75.263  -26.050 0.6000000238
90459  22.503  -76.503  -25.358 0.4000000060
95709  21.812  -71.552  -19.701 0.6000000238
2132  21.712  -71.755  -20.847 0.6000000238
102031  19.584  -72.755  -20.114 0.6000000238
1838  20.189  -72.376  -20.394 0.6000000238
1836  19.565  -73.296  -20.733 0.6000000238
2133  20.943  -72.103  -21.247 0.6999999881
95190  18.672  -75.197  -20.977 0.5000000000
2139  20.987  -72.337  -22.127 0.6999999881
2135  23.757  -71.077  -21.924 0.6999999881
2144  23.882  -70.938  -22.644 0.6999999881
2137  22.451  -71.563  -21.378 0.6000000238
2145  23.034  -71.308  -22.469 0.6999999881
2568  23.755  -70.461  -24.653 0.6999999881
97473  21.541  -70.612  -27.206 0.6999999881
100531  22.077  -71.665  -22.238 0.6999999881
2569  22.419  -70.941  -23.815 0.6999999881
2147  21.523  -71.771  -22.650 0.6999999881
95681  25.625  -70.921  -24.210 0.5000000000
2562  24.026  -70.778  -23.276 0.6999999881
97588  24.241  -70.421  -25.393 0.6000000238
2578  23.245  -70.432  -25.607 0.6999999881
94861  24.745  -70.599  -26.218 0.6999999881
2157  23.213  -71.073  -23.096 0.6999999881
93852  23.767  -70.500  -26.372 0.6999999881
2590  23.413  -70.565  -27.293 0.6000000238
98431  25.203  -70.605  -25.242 0.6000000238
2577  25.715  -70.882  -26.150 0.6000000238
2589  24.260  -70.624  -27.218 0.6000000238
2587  26.299  -71.025  -27.057 0.6000000238
2122  16.236  -71.288  -17.302 0.6000000238
1833  16.475  -71.941  -18.567 0.6000000238
2600  23.624  -70.533  -28.159 0.6000000238
2601  22.905  -70.266  -28.956 0.6000000238
3094  22.879  -69.835  -29.235 0.5000000000
3078  22.344  -69.227  -27.835 0.5000000000
2519  15.697  -70.650  -16.200 0.6000000238
96459  16.138  -69.617  -17.198 0.6000000238
2518  16.058  -70.560  -16.796 0.6000000238
2598  25.790  -70.657  -28.057 0.6000000238
2608  23.899  -69.995  -29.414 0.5000000000
2610  22.467  -69.961  -29.205 0.5000000000
3502  14.658  -68.196  -16.021 0.6000000238
3501  15.372  -68.469  -16.138 0.6000000238
3492  14.893  -69.039  -15.615 0.6000000238
2979  14.942  -69.914  -15.553 0.6000000238
101808  15.805  -69.955  -16.301 0.6000000238
106970  15.930  -68.365  -16.777 0.6000000238
2988  15.795  -69.089  -16.412 0.6000000238
3048  21.797  -69.388  -22.513 0.6000000238
2599  24.656  -70.528  -28.317 0.6000000238
4055  14.202  -67.329  -16.522 0.6000000238
108145  15.399  -66.437  -16.583 0.6000000238
4054  15.168  -67.375  -16.412 0.6000000238
4053  16.450  -67.087  -16.820 0.6000000238
100387  15.817  -67.018  -16.676 0.6000000238
93424  16.955  -66.607  -16.740 0.5000000000
4052  17.283  -67.094  -16.944 0.5000000000
3503  13.675  -68.124  -16.439 0.6999999881
4072  13.300  -67.445  -17.172 0.6000000238
5077  14.632  -66.511  -16.600 0.6000000238
5076  15.626  -65.587  -16.610 0.6000000238
4604  13.366  -66.352  -21.297 0.6000000238
4568  13.870  -66.497  -16.913 0.6000000238
5091  13.760  -65.897  -17.303 0.6000000238
5636  14.606  -64.985  -17.134 0.5000000000
5098  13.429  -65.715  -17.938 0.6000000238
110154  13.875  -65.219  -19.214 0.6000000238
5122  13.954  -65.699  -20.852 0.6000000238
5138  13.907  -65.880  -21.836 0.6000000238
4578  13.328  -66.501  -17.629 0.6000000238
5635  15.335  -64.548  -17.275 0.6000000238
5109  13.857  -65.110  -18.364 0.6000000238
5643  14.525  -64.685  -17.850 0.5000000000
5658  14.546  -64.681  -19.065 0.6000000238
94918  14.597  -65.219  -20.784 0.5000000000
5137  14.542  -65.463  -21.536 0.5000000000
6218  15.866  -64.016  -17.776 0.6000000238
5672  14.939  -64.740  -20.194 0.6000000238
5683  15.245  -65.001  -21.213 0.6000000238
5694  15.629  -65.264  -22.877 0.6999999881
103639  15.467  -65.409  -23.806 0.6999999881
91038  15.967  -65.664  -25.005 0.6999999881
5682  15.858  -65.012  -21.979 0.6999999881
5693  16.543  -65.006  -22.669 0.6999999881
90547  16.254  -65.217  -23.671 0.6999999881
87674  16.832  -65.347  -24.544 0.6000000238
3631  22.927  -68.968  -26.517 0.5000000000
3619  22.508  -68.906  -25.647 0.5000000000
3630  24.048  -68.955  -26.040 0.5000000000
3603  23.070  -68.876  -24.650 0.6000000238
3616  25.764  -68.763  -25.623 0.6000000238
91996  25.008  -69.025  -26.069 0.6000000238
110025  23.595  -68.827  -24.779 0.6000000238
3592  22.635  -68.929  -23.893 0.6000000238
3047  22.805  -69.237  -22.814 0.6000000238
3600  25.360  -68.477  -24.650 0.5000000000
3601  24.588  -68.592  -24.360 0.6000000238
3035  22.530  -69.438  -21.883 0.6000000238
3579  24.460  -68.754  -22.518 0.6000000238
94635  24.099  -68.914  -21.934 0.5000000000
3567  23.355  -69.280  -21.992 0.6000000238
3022  22.334  -69.340  -21.070 0.6000000238
3578  25.097  -68.467  -22.830 0.5000000000
108897  23.019  -69.271  -21.406 0.6000000238
3525  22.103  -68.196  -18.522 0.5000000000
99634  23.119  -68.515  -19.817 0.5000000000
3012  21.479  -68.883  -19.687 0.6000000238
3553  22.280  -68.964  -20.206 0.6000000238
1027  18.811  -75.909  -21.830 0.6000000238
1839  19.971  -73.006  -21.175 0.6999999881
3604  22.138  -68.905  -24.829 0.5000000000
5642  15.260  -64.244  -18.313 0.6000000238
3057  21.848  -69.149  -23.413 0.6000000238
99248  22.239  -68.570  -19.359 0.6000000238
107733  21.114  -77.246  -18.801 0.3000000119
95793  21.901  -75.863  -18.043 0.4000000060
542  20.637  -78.260  -19.873 0.3000000119
1023  19.580  -75.715  -19.253 0.4000000060
2125  19.855  -71.820  -18.307 0.4000000060
1239  18.848  -74.640  -19.475 0.3000000119
2129  20.248  -71.854  -19.178 0.5000000000
93299  21.029  -71.937  -20.095 0.6000000238
1025  18.623  -75.515  -20.144 0.5000000000
1246  18.823  -74.590  -20.618 0.5000000000
2138  21.496  -71.883  -21.830 0.6000000238
2567  24.635  -70.569  -24.486 0.6999999881
5090  14.366  -65.676  -16.886 0.6000000238
103568  17.002  -65.909  -25.947 0.6000000238
3617  24.842  -68.798  -25.228 0.6000000238
3588  25.732  -68.092  -24.116 0.5000000000
3591  23.449  -68.898  -23.505 0.6000000238
3589  25.118  -68.358  -23.764 0.5000000000
3580  23.765  -68.977  -22.677 0.6000000238
4133  25.716  -68.058  -23.327 0.5000000000
104674  23.650  -68.962  -21.324 0.5000000000
3552  23.951  -68.564  -20.563 0.5000000000
616  18.334  -77.057  -4.694 0.4000000060
867  18.477  -76.202  -5.007 0.4000000060
161  17.052  -80.189  -4.433 0.5000000000
66  15.878  -80.790  -3.755 0.5000000000
150  15.360  -80.494  -3.734 0.5000000000
283  16.677  -78.941  -4.568 0.5000000000
282  17.644  -79.259  -4.479 0.5000000000
875  19.470  -75.259  -5.237 0.4000000060
1122  19.300  -74.675  -5.497 0.4000000060
1123  18.484  -74.471  -5.746 0.5000000000
347  21.274  -79.213  -14.370 0.3000000119
339  20.837  -79.033  -14.025 0.3000000119
102608  20.363  -78.052  -14.189 0.3000000119
106647  20.387  -77.239  -14.599 0.3000000119
74  17.368  -80.785  -4.185 0.4000000060
95547  16.288  -80.914  -3.854 0.5000000000
58  15.774  -80.825  -3.504 0.5000000000
281  18.706  -79.621  -4.501 0.4000000060
440  18.229  -78.127  -4.502 0.4000000060
866  19.329  -75.926  -4.995 0.3000000119
100333  19.611  -77.682  -4.765 0.3000000119
1384  18.867  -73.425  -6.519 0.4000000060
110506  19.981  -74.997  -5.334 0.3000000119
1377  20.137  -73.883  -6.170 0.4000000060
1378  19.251  -73.933  -5.986 0.5000000000
1132  20.975  -74.417  -6.096 0.3000000119
199  21.499  -79.378  -13.910 0.3000000119
331  20.842  -78.109  -13.506 0.3000000119
356  21.281  -78.904  -14.752 0.3000000119
527  21.587  -77.820  -14.960 0.3000000119
100377  21.121  -76.569  -15.061 0.3000000119
73  18.014  -80.710  -4.094 0.3000000119
65  16.929  -81.047  -4.014 0.4000000060
91967  20.903  -75.239  -5.473 0.3000000119
1399  19.602  -72.687  -7.235 0.4000000060
1695  18.911  -72.884  -7.044 0.4000000060
1382  20.753  -73.659  -6.696 0.4000000060
191  23.804  -79.128  -13.098 0.4000000060
192  22.884  -79.094  -13.140 0.4000000060
329  22.612  -78.251  -12.630 0.4000000060
487  22.619  -77.265  -12.270 0.4000000060
96312  22.195  -76.625  -12.118 0.4000000060
699  21.802  -76.245  -11.799 0.5000000000
208  22.960  -79.397  -15.100 0.3000000119
209  22.258  -79.492  -14.906 0.3000000119
355  22.313  -78.852  -15.200 0.3000000119
731  22.207  -76.485  -15.219 0.3000000119
159  18.649  -80.421  -4.228 0.3000000119
1707  21.045  -72.639  -7.696 0.3000000119
1708  20.101  -72.153  -7.661 0.3000000119
92548  19.262  -71.136  -8.963 0.4000000060
107479  18.548  -71.395  -9.431 0.4000000060
1131  21.881  -74.388  -6.802 0.3000000119
1397  21.381  -73.402  -7.273 0.3000000119
1446  19.900  -73.403  -12.901 0.5000000000
1447  19.204  -73.356  -12.132 0.5000000000
325  26.504  -78.169  -12.449 0.3000000119
326  25.938  -78.237  -12.429 0.3000000119
337  25.492  -78.868  -13.409 0.3000000119
104565  24.288  -78.526  -12.443 0.3000000119
328  23.553  -78.421  -12.437 0.4000000060
947  23.061  -76.088  -12.685 0.5000000000
1191  21.368  -74.859  -12.635 0.5000000000
338  24.788  -79.337  -14.078 0.3000000119
486  23.370  -77.678  -12.220 0.4000000060
682  22.989  -77.115  -12.190 0.4000000060
698  22.536  -76.603  -12.174 0.5000000000
948  22.320  -75.945  -12.316 0.5000000000
354  23.508  -78.898  -15.418 0.3000000119
526  22.503  -77.429  -15.135 0.3000000119
730  23.246  -76.597  -15.244 0.3000000119
99174  22.837  -75.866  -15.644 0.3000000119
995  22.518  -75.578  -16.922 0.4000000060
2018  20.305  -71.621  -8.186 0.3000000119
2049  19.807  -70.787  -9.403 0.4000000060
1119  22.692  -75.614  -6.924 0.3000000119
100314  19.099  -70.903  -9.792 0.4000000060
1145  22.355  -73.826  -7.373 0.3000000119
1761  18.561  -72.182  -11.515 0.4000000060
1448  18.895  -72.552  -12.060 0.5000000000
2091  20.592  -71.773  -13.165 0.4000000060
1772  19.968  -72.402  -13.063 0.5000000000
493  28.313  -77.495  -12.270 0.3000000119
1461  20.613  -73.639  -13.220 0.5000000000
1783  20.563  -72.803  -13.346 0.5000000000
99191  26.324  -77.936  -12.199 0.3000000119
1206  22.423  -74.472  -13.273 0.4000000060
106009  21.904  -73.860  -13.408 0.5000000000
344  26.806  -78.389  -13.845 0.3000000119
93487  25.051  -78.295  -12.288 0.4000000060
697  24.748  -77.630  -12.289 0.4000000060
960  23.587  -75.239  -13.225 0.5000000000
110182  21.772  -74.506  -13.164 0.5000000000
346  25.082  -79.090  -14.873 0.3000000119
496  24.170  -77.987  -12.088 0.4000000060
105115  23.768  -77.439  -12.202 0.5000000000
485  23.337  -76.869  -12.343 0.5000000000
524  24.381  -78.129  -15.569 0.3000000119
729  25.182  -76.817  -15.435 0.4000000060
975  24.741  -75.878  -15.672 0.3000000119
96849  24.203  -76.539  -15.334 0.4000000060
976  23.756  -75.873  -15.631 0.4000000060
91557  17.527  -75.325  -23.550 0.5000000000
1143  23.833  -75.089  -7.625 0.3000000119
2447  19.710  -70.656  -10.183 0.3000000119
1144  22.878  -74.841  -7.243 0.3000000119
2468  19.698  -70.749  -11.066 0.3000000119
2080  19.834  -71.679  -12.645 0.5000000000
1782  21.375  -72.337  -13.480 0.4000000060
2090  21.466  -71.443  -13.274 0.3000000119
492  29.153  -77.442  -12.116 0.3000000119
1459  22.105  -72.979  -13.532 0.5000000000
494  27.100  -77.883  -12.293 0.3000000119
1205  23.206  -74.419  -13.350 0.4000000060
100924  22.722  -73.690  -13.444 0.4000000060
696  25.571  -77.383  -12.548 0.4000000060
945  24.888  -76.505  -13.100 0.4000000060
959  24.459  -75.307  -13.326 0.4000000060
345  25.946  -78.669  -14.375 0.3000000119
351  26.302  -78.342  -15.075 0.3000000119
110280  24.085  -77.016  -12.484 0.4000000060
946  23.876  -76.216  -12.953 0.5000000000
728  25.994  -77.380  -15.566 0.3000000119
974  25.713  -75.858  -15.804 0.4000000060
110763  24.955  -75.596  -16.546 0.4000000060
994  23.261  -75.541  -16.776 0.4000000060
1008  24.663  -75.129  -17.652 0.5000000000
103209  18.517  -75.413  -24.650 0.5000000000
100551  23.145  -74.147  -7.563 0.3000000119
103655  15.002  -70.669  -15.566 0.5000000000
1781  22.328  -71.919  -13.473 0.3000000119
110521  22.091  -71.085  -13.248 0.3000000119
90519  15.355  -71.107  -15.859 0.5000000000
89824  14.094  -70.525  -15.554 0.6000000238
483  29.671  -77.131  -11.696 0.3000000119
693  28.628  -77.180  -11.923 0.3000000119
504  29.311  -77.457  -12.851 0.3000000119
694  27.837  -77.355  -12.257 0.3000000119
709  26.870  -76.251  -13.304 0.3000000119
1458  23.571  -73.590  -13.446 0.4000000060
96730  23.015  -72.805  -13.488 0.4000000060
95123  16.477  -72.055  -19.306 0.5000000000
3000  11.920  -69.072  -17.414 0.5000000000
944  26.060  -76.587  -13.225 0.3000000119
958  25.411  -75.385  -13.440 0.3000000119
1203  24.936  -74.356  -13.415 0.3000000119
95097  16.410  -71.722  -20.102 0.5000000000
521  27.373  -77.556  -15.221 0.3000000119
522  26.552  -77.595  -15.550 0.3000000119
1841  16.586  -72.793  -21.174 0.5000000000
973  26.655  -76.243  -15.890 0.3000000119
1522  16.945  -73.731  -22.226 0.5000000000
991  26.330  -75.908  -16.769 0.4000000060
1252  17.747  -74.189  -23.071 0.6000000238
99950  26.293  -76.010  -18.018 0.4000000060
1007  25.662  -75.264  -17.963 0.5000000000
1032  17.768  -74.768  -23.232 0.5000000000
1229  25.038  -74.516  -18.113 0.4000000060
1009  23.609  -75.083  -17.728 0.3000000119
90356  18.955  -75.100  -23.890 0.6000000238
1816  24.249  -72.774  -16.541 0.3000000119
1826  23.510  -72.986  -16.629 0.4000000060
1498  23.396  -73.888  -17.589 0.4000000060
1231  23.148  -74.596  -17.788 0.3000000119
87624  20.713  -74.709  -24.399 0.6000000238
87626  19.106  -75.216  -25.927 0.5000000000
1805  24.406  -71.934  -15.855 0.3000000119
1817  22.849  -71.929  -16.148 0.5000000000
1818  21.975  -72.173  -16.450 0.4000000060
1488  20.914  -73.111  -17.120 0.4000000060
87623  19.710  -74.627  -27.498 0.6000000238
2108  23.504  -70.433  -15.760 0.3000000119
2114  22.822  -70.787  -15.971 0.5000000000
2115  22.078  -71.183  -16.332 0.4000000060
1820  20.461  -72.236  -17.107 0.4000000060
2516  22.324  -70.610  -16.498 0.4000000060
2523  21.568  -70.752  -16.889 0.5000000000
2524  21.039  -71.067  -16.942 0.4000000060
2530  21.095  -71.021  -17.421 0.5000000000
107521  14.289  -69.575  -15.621 0.6000000238
2989  13.453  -69.580  -15.807 0.6000000238
691  30.253  -76.926  -11.653 0.3000000119
681  29.449  -76.881  -11.594 0.3000000119
943  28.819  -76.299  -12.166 0.3000000119
708  27.586  -76.544  -12.763 0.3000000119
3504  13.022  -68.831  -16.438 0.6000000238
3518  12.537  -68.650  -17.403 0.6000000238
706  29.999  -77.036  -13.123 0.3000000119
956  27.275  -75.432  -13.436 0.3000000119
1201  26.769  -74.404  -13.472 0.3000000119
3519  12.193  -68.639  -18.203 0.6000000238
715  30.155  -76.514  -14.412 0.3000000119
957  26.371  -75.375  -13.505 0.3000000119
3544  12.235  -68.371  -19.513 0.6000000238
727  27.199  -76.552  -15.947 0.3000000119
3557  12.141  -68.404  -20.327 0.6000000238
3570  12.000  -68.421  -21.014 0.6000000238
3571  11.585  -68.660  -21.483 0.5000000000
1506  25.906  -73.820  -18.501 0.4000000060
1485  24.416  -73.644  -17.731 0.4000000060
2987  22.989  -70.034  -16.574 0.4000000060
2522  22.326  -70.394  -17.104 0.5000000000
690  31.029  -76.587  -11.762 0.3000000119
679  30.668  -76.516  -11.306 0.3000000119
680  30.136  -76.729  -11.360 0.3000000119
105447  29.422  -75.988  -11.797 0.3000000119
955  28.193  -75.554  -13.029 0.3000000119
1200  27.661  -74.504  -13.420 0.3000000119
1454  27.231  -73.500  -13.305 0.3000000119
3493  14.029  -68.839  -15.815 0.5000000000
100086  30.498  -76.825  -12.454 0.3000000119
705  30.609  -76.507  -13.520 0.3000000119
3517  12.921  -68.209  -17.019 0.6000000238
966  30.971  -75.969  -14.417 0.3000000119
1202  25.858  -74.360  -13.432 0.3000000119
4073  12.725  -68.189  -18.041 0.6000000238
104067  26.991  -74.530  -18.454 0.3000000119
1006  26.853  -75.977  -18.330 0.3000000119
4117  12.105  -67.973  -21.729 0.6000000238
4126  12.079  -67.777  -22.755 0.6000000238
4087  12.598  -67.891  -18.982 0.6000000238
4096  12.814  -66.993  -19.127 0.5000000000
4591  13.041  -66.615  -19.914 0.6000000238
4107  12.437  -67.842  -20.865 0.6000000238
4605  12.727  -67.143  -21.493 0.6000000238
4611  12.680  -66.905  -23.064 0.6000000238
96937  12.519  -67.242  -22.219 0.6000000238
4619  13.013  -66.725  -24.283 0.5000000000
4086  12.887  -67.273  -18.235 0.5000000000
108049  13.093  -66.237  -19.213 0.5000000000
4598  12.928  -66.962  -20.694 0.5000000000
4618  13.326  -66.327  -23.159 0.6000000238
103659  13.998  -67.405  -27.292 0.5000000000
102948  16.312  -66.866  -27.237 0.6000000238
102947  15.036  -67.237  -27.397 0.6000000238
102683  14.696  -67.228  -28.093 0.5000000000
103793  15.616  -67.093  -28.102 0.6000000238
103839  14.727  -67.109  -28.219 0.6000000238
4597  13.377  -66.232  -20.544 0.5000000000
5150  13.876  -65.889  -22.720 0.5000000000
5161  13.789  -65.973  -23.667 0.5000000000
90220  14.970  -65.737  -24.559 0.6000000238
87673  13.780  -66.229  -24.567 0.5000000000
105271  13.571  -66.907  -25.574 0.5000000000
87675  15.376  -66.498  -26.117 0.6000000238
89637  15.479  -66.853  -28.205 0.5000000000
8747  15.481  -59.645  -15.146 0.5000000000
5110  13.404  -65.675  -18.802 0.5000000000
5149  14.667  -65.559  -23.246 0.6000000238
9416  15.323  -58.586  -13.041 0.5000000000
9395  14.526  -58.425  -12.515 0.6000000238
8713  15.172  -59.055  -13.821 0.6000000238
8727  15.820  -59.237  -14.438 0.6000000238
8728  14.933  -59.405  -14.545 0.5000000000
8078  15.791  -59.794  -15.889 0.5000000000
8107  15.423  -60.623  -17.131 0.5000000000
6332  16.011  -64.709  -27.062 0.5000000000
89662  15.722  -65.704  -27.813 0.5000000000
12656  15.719  -53.390  -14.375 0.6000000238
13331  15.161  -52.798  -15.006 0.6999999881
11995  16.146  -54.986  -13.348 0.6000000238
12640  15.041  -53.921  -13.872 0.6999999881
11981  14.593  -54.792  -12.877 0.6000000238
10058  14.956  -57.086  -11.423 0.6000000238
11406  16.236  -55.824  -13.005 0.6000000238
11407  15.426  -55.408  -12.703 0.6000000238
12639  16.077  -54.151  -13.845 0.6000000238
101925  15.929  -56.971  -12.324 0.6000000238
10772  15.379  -56.722  -11.846 0.5000000000
10059  14.307  -57.384  -11.255 0.6000000238
11419  16.710  -55.428  -13.632 0.6000000238
10781  16.329  -56.724  -12.847 0.6000000238
9393  15.858  -58.107  -12.691 0.5000000000
9373  14.786  -57.818  -11.837 0.6000000238
10093  16.653  -57.323  -13.507 0.6000000238
9415  16.302  -58.128  -13.226 0.6000000238
96085  16.655  -58.476  -14.841 0.6000000238
92028  16.564  -58.265  -13.967 0.6000000238
8746  16.279  -59.268  -15.187 0.6000000238
8777  15.962  -59.974  -16.718 0.5000000000
7463  14.986  -61.382  -19.525 0.5000000000
100322  15.068  -61.457  -20.389 0.5000000000
7485  15.128  -61.764  -21.645 0.5000000000
96108  14.651  -62.117  -23.141 0.5000000000
11996  14.490  -54.341  -13.487 0.6000000238
11997  13.642  -54.413  -13.304 0.6999999881
10809  16.832  -57.482  -14.512 0.5000000000
8762  16.316  -59.341  -16.229 0.6000000238
8793  16.078  -60.007  -17.712 0.6000000238
8132  15.714  -60.873  -19.010 0.5000000000
8141  15.822  -61.156  -19.962 0.6000000238
7472  15.471  -61.479  -20.871 0.5000000000
7484  16.126  -61.514  -21.406 0.6000000238
7499  15.310  -61.942  -22.281 0.6000000238
90896  19.365  -55.601  -20.358 0.4000000060
14039  13.417  -52.060  -17.190 0.6999999881
13364  12.136  -52.231  -16.694 0.5000000000
12674  12.005  -53.014  -15.073 0.5000000000
91268  18.473  -53.931  -18.116 0.6000000238
87741  18.604  -54.967  -19.166 0.5000000000
13350  12.596  -52.692  -15.674 0.6000000238
12659  12.319  -53.511  -14.496 0.5000000000
12701  18.911  -54.132  -18.250 0.5000000000
14060  13.860  -52.252  -17.920 0.6000000238
13349  13.336  -52.643  -15.745 0.8000000119
14038  14.523  -51.939  -16.870 0.6999999881
101532  13.757  -53.255  -14.706 0.8000000119
11982  13.898  -54.818  -12.362 0.6999999881
8121  16.210  -60.137  -18.584 0.6000000238
7471  16.227  -61.198  -20.630 0.6000000238
13351  11.224  -52.770  -15.175 0.5000000000
91201  18.105  -55.256  -20.946 0.5000000000
14061  12.844  -52.562  -18.192 0.6999999881
12660  11.414  -53.412  -14.413 0.5000000000
12691  19.055  -53.604  -17.820 0.4000000060
12037  19.010  -55.002  -18.922 0.4000000060
12682  18.858  -53.053  -17.105 0.4000000060
12683  18.424  -53.103  -16.409 0.5000000000
109025  11.376  -52.097  -16.810 0.5000000000
13332  10.697  -53.015  -14.639 0.5000000000
87734  19.342  -56.538  -20.947 0.3000000119
94090  18.943  -56.825  -21.876 0.3000000119
14040  12.437  -52.275  -17.557 0.6000000238
13361  19.073  -52.379  -16.379 0.4000000060
13345  18.811  -52.849  -15.660 0.4000000060
14062  11.730  -52.986  -18.753 0.6000000238
14084  12.190  -53.243  -19.190 0.6000000238
12653  18.923  -53.359  -15.188 0.4000000060
14042  10.349  -52.143  -17.512 0.5000000000
13365  10.914  -52.198  -16.092 0.5000000000
12723  20.384  -53.677  -20.927 0.3000000119
90034  19.689  -56.592  -22.671 0.3000000119
90969  18.624  -56.608  -23.821 0.3000000119
100524  19.495  -53.171  -14.563 0.3000000119
12009  19.272  -53.929  -14.797 0.4000000060
12008  19.792  -54.533  -14.546 0.4000000060
91878  18.245  -54.329  -24.041 0.4000000060
13378  10.548  -53.393  -19.500 0.6000000238
13366  9.943  -51.832  -16.389 0.4000000060
87740  17.542  -53.746  -23.267 0.4000000060
13425  20.796  -52.413  -21.409 0.3000000119
13437  20.834  -52.478  -22.570 0.3000000119
13379  9.978  -53.040  -18.910 0.5000000000
94040  15.447  -53.030  -22.137 0.4000000060
13439  14.524  -52.949  -21.957 0.4000000060
14122  13.945  -52.168  -21.226 0.5000000000
14137  16.098  -52.737  -22.185 0.4000000060
14121  14.757  -52.294  -21.577 0.4000000060
14784  16.725  -50.144  -18.868 0.3000000119
15470  16.027  -49.365  -18.637 0.3000000119
14807  16.612  -50.905  -19.915 0.3000000119
14785  15.544  -49.978  -18.704 0.3000000119
13987  12.469  -51.188  -12.598 0.4000000060
16143  16.386  -48.758  -18.689 0.3000000119
1456  25.399  -73.343  -13.419 0.3000000119
1020  26.400  -75.527  -18.281 0.4000000060
14120  15.719  -52.085  -21.717 0.3000000119
101804  16.759  -60.643  -20.184 0.6000000238
14670  11.697  -50.426  -10.896 0.4000000060
12692  18.562  -53.449  -17.528 0.5000000000
14105  15.574  -51.358  -20.467 0.3000000119
1499  22.477  -74.009  -17.469 0.3000000119
1486  22.617  -73.057  -16.672 0.4000000060
4610  13.204  -66.472  -22.238 0.5000000000
101639  18.872  -77.584  -4.619 0.4000000060
441  17.265  -78.013  -4.588 0.5000000000
67  15.266  -80.686  -3.269 0.5000000000
1133  18.325  -73.843  -6.244 0.5000000000
193  22.097  -79.119  -13.324 0.4000000060
439  19.193  -78.556  -4.648 0.4000000060
1383  19.684  -73.310  -6.660 0.4000000060
1710  18.200  -72.629  -7.496 0.4000000060
204  22.626  -79.720  -14.477 0.4000000060
321  22.137  -77.641  -12.538 0.4000000060
488  21.845  -76.863  -12.122 0.4000000060
56  17.334  -80.905  -3.680 0.3000000119
1120  21.801  -75.318  -6.173 0.3000000119
1398  20.416  -72.971  -7.200 0.3000000119
2019  19.555  -71.560  -8.231 0.4000000060
1709  18.999  -72.118  -7.679 0.4000000060
202  24.281  -79.460  -14.784 0.3000000119
353  24.327  -79.026  -15.402 0.4000000060
2059  18.583  -71.352  -10.332 0.4000000060
962  22.055  -75.144  -12.847 0.5000000000
104540  16.816  -74.692  -22.452 0.5000000000
108996  23.803  -77.207  -15.241 0.4000000060
1706  22.007  -72.968  -7.757 0.3000000119
2068  18.975  -71.378  -11.242 0.4000000060
1760  19.182  -71.779  -12.075 0.5000000000
1460  21.257  -73.305  -13.454 0.5000000000
94597  26.295  -77.669  -12.400 0.3000000119
515  26.945  -78.125  -14.881 0.3000000119
352  25.569  -78.502  -15.319 0.3000000119
523  25.328  -78.082  -15.615 0.3000000119
2493  20.933  -71.091  -12.912 0.3000000119
2081  19.828  -71.022  -12.019 0.4000000060
1204  24.043  -74.383  -13.392 0.3000000119
992  25.621  -75.597  -17.273 0.4000000060
2089  22.839  -71.091  -13.273 0.3000000119
1457  24.446  -73.491  -13.448 0.3000000119
1815  25.188  -72.827  -16.767 0.4000000060
1236  25.054  -73.971  -18.463 0.4000000060
1230  24.118  -74.328  -18.106 0.4000000060
2107  24.735  -70.981  -15.531 0.3000000119
1190  29.057  -75.023  -12.697 0.3000000119
4097  12.604  -67.644  -19.935 0.6000000238
1497  25.533  -73.523  -18.156 0.3000000119
1199  28.373  -74.524  -13.201 0.3000000119
1453  27.994  -73.833  -13.234 0.3000000119
971  31.471  -75.576  -15.582 0.3000000119
91889  14.397  -66.472  -25.528 0.6000000238
13348  14.072  -52.813  -15.289 0.6999999881
12658  13.100  -53.471  -14.585 0.6999999881
13362  13.826  -52.384  -16.207 0.6999999881
13363  12.981  -52.334  -16.467 0.6000000238
102450  20.086  -55.330  -21.255 0.3000000119
110295  20.395  -55.402  -23.091 0.3000000119
2150  16.617  -71.633  -23.416 0.5000000000
2151  16.397  -71.739  -22.811 0.5000000000
2561  24.695  -70.801  -22.937 0.6000000238
93567  14.418  -65.615  -22.291 0.4000000060
5136  15.064  -65.334  -22.176 0.5000000000
89616  16.698  -66.683  -28.025 0.5000000000
5711  17.959  -65.480  -25.093 0.5000000000
108817  17.206  -66.615  -27.588 0.5000000000
102717  17.195  -66.317  -28.080 0.5000000000
102755  17.698  -66.330  -27.930 0.5000000000
105205  17.441  -65.759  -28.011 0.4000000060
5170  19.253  -66.001  -26.520 0.5000000000
103658  18.122  -66.370  -27.099 0.5000000000
103074  18.380  -65.953  -28.030 0.5000000000
6331  16.785  -64.779  -27.198 0.5000000000
108956  19.910  -65.958  -27.327 0.6000000238
102682  19.099  -66.042  -27.780 0.5000000000
6330  18.054  -65.045  -27.605 0.5000000000
6880  15.210  -62.240  -23.867 0.5000000000
102949  20.344  -65.460  -27.778 0.6000000238
6899  15.860  -63.119  -25.509 0.5000000000
94846  16.006  -62.687  -24.576 0.5000000000
5726  19.277  -65.398  -28.040 0.6000000238
6320  16.852  -63.890  -26.449 0.6000000238
5187  21.208  -65.122  -27.338 0.6000000238
6328  20.826  -64.395  -27.747 0.6000000238
6329  19.517  -64.519  -27.570 0.6000000238
6308  16.958  -63.248  -25.361 0.6000000238
6318  19.218  -63.470  -26.169 0.6000000238
6879  16.501  -62.430  -23.627 0.5000000000
6866  15.785  -62.197  -22.952 0.5000000000
6319  18.036  -63.832  -26.446 0.6000000238
102182  14.479  -56.755  -11.028 0.5000000000
11403  13.944  -55.196  -11.487 0.5000000000
11402  14.488  -55.686  -11.477 0.5000000000
7498  16.588  -61.756  -22.167 0.6000000238
6307  18.183  -63.135  -25.121 0.6000000238
6865  17.166  -62.037  -22.833 0.6000000238
6893  17.296  -62.745  -24.328 0.6000000238
94181  18.573  -62.462  -24.234 0.6000000238
14136  17.430  -52.549  -22.549 0.3000000119
14003  11.722  -51.276  -13.395 0.3000000119
2123  21.679  -71.193  -18.498 0.4000000060
104483  23.072  -71.314  -20.710 0.5000000000
103283  21.267  -74.708  -27.178 0.5000000000
87625  20.765  -74.819  -26.174 0.5000000000
2546  23.958  -70.916  -21.178 0.4000000060
2560  25.503  -70.877  -23.322 0.4000000060
1846  16.597  -72.411  -22.195 0.4000000060
1845  17.846  -73.242  -22.987 0.4000000060
87627  19.065  -74.649  -23.576 0.4000000060
2154  28.281  -71.803  -23.850 0.4000000060
98746  27.689  -71.648  -24.691 0.4000000060
2179  26.139  -71.004  -25.182 0.4000000060
110534  16.264  -71.440  -22.077 0.4000000060
2155  27.400  -71.593  -23.841 0.4000000060
2168  26.686  -71.336  -24.354 0.4000000060
2576  26.673  -71.233  -26.064 0.4000000060
2185  27.282  -71.363  -26.877 0.5000000000
6898  20.411  -63.245  -26.106 0.5000000000
6891  20.385  -62.681  -25.134 0.5000000000
6892  19.543  -62.684  -25.122 0.5000000000
6877  19.702  -62.073  -24.043 0.5000000000
7505  19.779  -61.652  -23.490 0.5000000000
96509  18.973  -61.785  -23.631 0.5000000000
8156  19.177  -60.063  -22.445 0.5000000000
96814  13.165  -54.558  -12.673 0.4000000060
12643  11.999  -53.966  -13.876 0.4000000060
7506  19.467  -61.344  -23.167 0.5000000000
6878  17.811  -62.321  -23.504 0.5000000000
94082  24.794  -70.732  -23.609 0.5000000000
2156  26.354  -71.226  -23.610 0.4000000060
2178  27.721  -71.624  -25.733 0.4000000060
162  15.632  -80.374  -4.110 0.4000000060
102649  13.549  -76.705  -8.007 0.4000000060
93982  16.109  -79.887  -4.485 0.4000000060
637  13.803  -76.788  -7.159 0.4000000060
285  15.121  -79.284  -4.662 0.4000000060
899  14.604  -75.518  -7.834 0.4000000060
642  14.221  -76.128  -7.521 0.4000000060
452  14.199  -77.199  -6.350 0.4000000060
442  16.398  -77.766  -4.897 0.4000000060
284  15.784  -78.624  -4.822 0.4000000060
636  14.470  -76.360  -6.755 0.4000000060
99581  17.706  -77.313  -4.692 0.5000000000
877  17.824  -75.744  -5.322 0.5000000000
618  17.049  -77.049  -4.927 0.5000000000
447  15.519  -77.507  -5.345 0.4000000060
292  15.081  -78.360  -5.159 0.4000000060
626  17.071  -76.186  -5.324 0.4000000060
446  16.227  -76.704  -5.377 0.4000000060
1147  15.647  -74.306  -7.804 0.4000000060
898  15.216  -75.030  -7.399 0.4000000060
635  15.077  -76.047  -6.421 0.4000000060
627  14.992  -76.779  -5.967 0.4000000060
448  14.671  -77.744  -5.672 0.4000000060
889  14.801  -75.676  -7.073 0.4000000060
887  16.308  -74.936  -6.342 0.5000000000
878  16.409  -75.662  -5.820 0.4000000060
879  15.625  -76.191  -5.922 0.4000000060
1146  16.318  -73.989  -7.300 0.5000000000
1136  15.914  -74.593  -6.947 0.4000000060
888  15.578  -75.390  -6.536 0.4000000060
107109  16.478  -73.427  -9.157 0.3000000119
1420  16.333  -73.929  -9.630 0.3000000119
1419  16.949  -73.198  -9.810 0.4000000060
1415  16.413  -73.403  -8.461 0.3000000119
1735  17.427  -72.415  -9.490 0.4000000060
1736  16.893  -72.871  -8.973 0.4000000060
1171  17.929  -74.566  -10.352 0.3000000119
1172  17.001  -74.176  -10.169 0.4000000060
1183  18.253  -73.779  -10.917 0.4000000060
1184  17.516  -73.428  -10.514 0.4000000060
1436  17.976  -72.747  -11.031 0.4000000060
1750  18.206  -71.970  -10.774 0.3000000119
1403  16.133  -73.735  -7.920 0.3000000119
1723  17.471  -72.395  -8.646 0.3000000119
1170  18.935  -74.926  -10.375 0.4000000060
1751  17.617  -72.551  -10.298 0.3000000119
1435  18.562  -73.108  -11.581 0.4000000060
1402  16.666  -73.431  -7.680 0.4000000060
1711  17.010  -72.858  -8.158 0.4000000060
924  18.711  -75.784  -9.610 0.4000000060
2050  17.953  -71.859  -9.953 0.3000000119
1181  20.435  -75.327  -10.987 0.4000000060
1169  19.761  -75.124  -10.621 0.4000000060
109528  20.498  -74.809  -11.676 0.4000000060
1193  19.914  -74.352  -11.714 0.4000000060
1182  19.080  -74.103  -11.242 0.4000000060
1135  16.792  -74.306  -6.581 0.4000000060
1386  16.933  -73.707  -7.070 0.4000000060
106552  17.604  -72.551  -7.959 0.3000000119
1401  17.450  -73.141  -7.391 0.4000000060
1722  18.114  -72.114  -8.203 0.3000000119
937  20.843  -75.827  -10.858 0.4000000060
936  21.265  -75.967  -11.234 0.4000000060
950  20.996  -75.356  -11.534 0.4000000060
1192  20.574  -74.355  -12.618 0.4000000060
1124  17.798  -75.002  -5.651 0.4000000060
1400  18.217  -73.260  -6.860 0.3000000119
876  18.656  -75.274  -5.321 0.4000000060
1125  16.995  -74.923  -5.938 0.4000000060
1134  17.650  -74.370  -6.100 0.4000000060
1385  17.550  -73.762  -6.658 0.4000000060
2188  26.829  -70.841  -27.734 0.4000000060
75  16.465  -80.800  -4.113 0.5000000000
160  17.923  -80.262  -4.360 0.4000000060
196  24.082  -79.573  -13.963 0.4000000060
197  23.185  -79.652  -13.859 0.4000000060
198  22.255  -79.651  -13.848 0.3000000119
203  23.495  -79.654  -14.620 0.4000000060
205  21.860  -79.583  -14.393 0.3000000119
210  21.760  -79.277  -14.770 0.3000000119
327  24.656  -79.056  -13.126 0.3000000119
330  21.597  -78.523  -13.272 0.4000000060
336  26.277  -78.491  -13.138 0.3000000119
348  20.787  -78.826  -14.270 0.3000000119
357  20.812  -78.082  -14.622 0.3000000119
484  29.103  -77.257  -11.858 0.3000000119
495  25.704  -77.846  -12.222 0.3000000119
525  23.285  -78.013  -15.419 0.4000000060
535  20.815  -77.347  -18.425 0.4000000060
615  19.119  -76.809  -4.740 0.4000000060
617  17.731  -76.570  -4.979 0.5000000000
692  29.807  -77.293  -12.142 0.3000000119
695  26.999  -77.313  -12.545 0.3000000119
707  28.202  -76.709  -12.311 0.3000000119
750  20.736  -76.977  -17.912 0.4000000060
758  21.080  -77.347  -19.020 0.3000000119
766  20.466  -77.528  -19.600 0.3000000119
934  30.778  -76.259  -10.953 0.3000000119
949  21.642  -75.692  -11.961 0.5000000000
961  22.793  -75.220  -13.079 0.5000000000
993  24.105  -75.518  -16.795 0.4000000060
1005  27.305  -75.681  -18.343 0.3000000119
1010  22.838  -75.221  -17.681 0.4000000060
1012  21.438  -76.289  -18.198 0.4000000060
1019  26.960  -75.434  -18.446 0.3000000119
1021  25.738  -74.553  -18.354 0.4000000060
1121  20.082  -74.451  -5.694 0.3000000119
1207  21.183  -74.126  -13.226 0.5000000000
1232  22.417  -74.864  -17.852 0.3000000119
1235  26.454  -74.585  -18.451 0.3000000119
1251  20.576  -74.453  -22.336 0.6999999881
1257  20.548  -74.534  -22.753 0.6999999881
1258  19.233  -74.160  -23.469 0.6000000238
1500  21.631  -74.130  -17.516 0.4000000060
1502  19.636  -73.000  -17.844 0.4000000060
1508  18.935  -73.750  -19.184 0.3000000119
1514  18.913  -73.793  -20.063 0.5000000000
1518  20.239  -74.263  -21.995 0.6999999881
1773  19.398  -72.508  -12.586 0.5000000000
1806  23.526  -71.352  -15.800 0.3000000119
1819  21.173  -72.283  -16.719 0.4000000060
1828  16.333  -71.842  -17.816 0.6000000238
1835  19.653  -72.324  -19.224 0.5000000000
1842  20.629  -72.652  -21.776 0.6999999881
1843  20.550  -73.406  -23.057 0.6999999881
1847  18.706  -72.708  -23.251 0.6000000238
2032  18.704  -71.620  -8.554 0.4000000060
2033  17.936  -71.859  -9.063 0.3000000119
2058  19.154  -70.928  -10.539 0.4000000060
2116  21.468  -71.517  -16.583 0.4000000060
2117  20.891  -71.508  -16.864 0.4000000060
2118  15.744  -71.326  -16.510 0.6000000238
2121  20.454  -71.550  -17.413 0.4000000060
2124  20.616  -71.441  -18.257 0.4000000060
2131  22.503  -71.441  -20.296 0.5000000000
2136  23.325  -71.258  -21.315 0.6000000238
2143  26.836  -71.252  -23.222 0.4000000060
2146  22.378  -71.457  -22.884 0.6999999881
2160  18.934  -71.962  -23.805 0.6999999881
2161  17.522  -71.751  -24.136 0.6000000238
2163  16.404  -70.993  -23.692 0.6000000238
2167  28.432  -71.923  -24.401 0.4000000060
2171  20.294  -71.359  -24.490 0.8000000119
2181  17.736  -70.265  -25.899 0.6000000238
2480  20.379  -71.178  -12.638 0.5000000000
2511  15.408  -70.292  -15.808 0.6000000238
2517  21.456  -70.971  -16.714 0.4000000060
2521  23.278  -70.204  -17.700 0.4000000060
2531  16.360  -70.331  -19.188 0.6999999881
2540  16.439  -70.099  -20.764 0.8000000119
2547  16.358  -70.718  -21.509 0.6999999881
2582  18.138  -70.197  -26.394 0.6000000238
2588  25.254  -70.772  -27.156 0.6000000238
2591  22.632  -70.548  -26.923 0.6999999881
2603  20.981  -70.182  -28.212 0.6999999881
2609  23.129  -69.955  -29.401 0.5000000000
2613  23.381  -69.862  -29.360 0.5000000000
2614  22.923  -69.932  -29.359 0.5000000000
2978  15.377  -69.443  -15.811 0.6000000238
3023  21.314  -69.299  -20.633 0.6999999881
3037  20.638  -69.438  -21.425 0.6999999881
3068  17.539  -70.089  -25.542 0.6999999881
3077  23.445  -69.086  -27.449 0.5000000000
3085  22.975  -69.375  -28.695 0.5000000000
3086  22.052  -69.798  -28.818 0.5000000000
3087  21.277  -70.004  -28.511 0.6999999881
3500  15.956  -67.704  -16.730 0.6999999881
3526  21.237  -68.284  -18.190 0.5000000000
3540  20.839  -68.708  -19.056 0.6000000238
3558  11.636  -68.784  -20.675 0.6000000238
3568  23.081  -68.967  -20.737 0.6000000238
3590  24.335  -68.687  -23.394 0.6000000238
3602  24.059  -68.779  -24.966 0.6000000238
3618  23.390  -68.885  -25.386 0.5000000000
3621  20.629  -69.007  -26.096 0.6000000238
3633  20.689  -69.352  -27.119 0.6999999881
4047  21.828  -66.973  -16.819 0.6000000238
4049  20.041  -67.067  -16.460 0.5000000000
4050  19.244  -67.089  -16.601 0.6000000238
4065  23.210  -66.949  -17.594 0.5000000000
4069  18.952  -67.609  -17.113 0.6000000238
4070  17.982  -67.390  -17.453 0.5000000000
4083  22.807  -67.637  -18.206 0.5000000000
4085  17.758  -67.502  -18.321 0.6999999881
4561  22.149  -66.155  -16.562 0.6000000238
4562  21.296  -66.282  -16.409 0.6000000238
4567  16.251  -66.275  -16.618 0.5000000000
4584  13.052  -66.348  -18.464 0.6000000238
5070  21.655  -65.498  -16.514 0.6000000238
5089  15.080  -65.181  -16.776 0.5000000000
5097  14.003  -65.273  -17.526 0.6000000238
5121  14.237  -65.166  -20.010 0.5000000000
5620  17.677  -64.453  -16.547 0.5000000000
5622  15.871  -64.826  -16.731 0.6000000238
5631  24.120  -64.356  -17.466 0.5000000000
5639  25.002  -64.872  -18.458 0.5000000000
5641  16.124  -63.813  -18.674 0.6999999881
5667  19.792  -64.305  -21.025 0.5000000000
5700  20.799  -64.404  -23.827 0.5000000000
5701  20.530  -65.054  -24.617 0.6999999881
5717  21.359  -64.339  -26.676 0.6000000238
5725  21.116  -64.877  -27.909 0.6999999881
6212  23.641  -63.508  -17.228 0.5000000000
6232  20.218  -63.850  -18.363 0.5000000000
6255  16.847  -63.679  -19.258 0.6000000238
6306  21.313  -64.052  -25.618 0.6000000238
6327  21.219  -64.262  -27.348 0.6999999881
7453  15.071  -61.258  -18.507 0.5000000000
7496  19.516  -61.029  -22.839 0.5000000000
8079  15.063  -60.144  -15.741 0.5000000000
8094  15.417  -60.276  -16.362 0.5000000000
8122  15.620  -60.702  -18.126 0.5000000000
8131  16.427  -60.399  -19.394 0.6000000238
8151  17.120  -60.917  -20.915 0.6999999881
8801  18.768  -58.429  -20.172 0.6000000238
8812  18.432  -59.239  -20.445 0.6999999881
9394  15.237  -58.140  -12.374 0.6000000238
9438  16.328  -58.872  -14.392 0.6000000238
9439  16.014  -58.742  -13.675 0.6000000238
9513  17.773  -57.987  -18.665 0.8000000119
9529  19.341  -58.347  -20.078 0.5000000000
10076  16.184  -57.498  -12.728 0.6000000238
10077  15.541  -57.482  -12.113 0.5000000000
10112  17.028  -56.545  -15.176 0.6999999881
10145  16.991  -56.923  -16.703 0.8000000119
10146  16.779  -57.784  -16.517 0.6999999881
10158  19.187  -56.854  -18.354 0.5000000000
10159  17.039  -57.574  -17.261 0.6999999881
10169  18.904  -57.013  -18.929 0.6999999881
10178  19.296  -57.530  -19.594 0.5000000000
10179  19.218  -57.511  -19.504 0.5000000000
10773  14.667  -56.328  -11.270 0.5000000000
10782  15.761  -56.291  -12.431 0.6000000238
10794  16.705  -56.277  -13.502 0.6000000238
10808  16.959  -56.521  -14.209 0.5000000000
10851  19.014  -56.658  -18.470 0.6000000238
10852  18.405  -56.862  -18.206 0.8000000119
11401  15.080  -55.976  -11.956 0.6000000238
11408  14.591  -55.334  -12.150 0.5000000000
11418  17.155  -55.128  -14.268 0.6999999881
11442  18.993  -55.561  -16.331 0.6000000238
11451  18.584  -55.908  -17.188 0.6000000238
11994  16.747  -54.657  -13.929 0.6999999881
11998  12.630  -54.322  -13.297 0.4000000060
12036  19.217  -54.430  -18.579 0.4000000060
12641  13.910  -53.870  -14.084 0.8000000119
12642  12.882  -53.985  -14.000 0.6999999881
12657  14.612  -53.289  -14.499 0.6999999881
12672  17.327  -53.261  -15.364 0.8000000119
12673  13.240  -52.996  -15.149 0.8000000119
12709  13.850  -53.645  -20.904 0.6999999881
12710  13.058  -53.900  -20.923 0.6000000238
12726  13.067  -53.757  -21.274 0.6000000238
12727  12.908  -53.611  -21.354 0.6000000238
12736  13.148  -53.507  -21.399 0.5000000000
13346  16.620  -52.786  -15.399 0.8000000119
13391  12.149  -53.838  -20.069 0.8000000119
13409  14.882  -53.255  -20.311 0.6999999881
13413  10.648  -53.540  -19.987 0.6999999881
13427  13.131  -52.946  -21.586 0.6000000238
13438  16.761  -53.753  -22.568 0.4000000060
14001  13.328  -50.906  -13.840 0.4000000060
14014  11.843  -51.089  -14.126 0.4000000060
14041  11.247  -52.454  -18.013 0.6000000238
14083  13.124  -52.966  -18.908 0.6999999881
14086  9.731  -52.579  -19.319 0.6000000238
14104  20.853  -51.350  -20.595 0.3000000119
14109  11.441  -52.731  -20.693 0.6999999881
14124  11.979  -52.988  -21.193 0.6000000238
14138  15.242  -52.727  -22.035 0.4000000060
14714  13.954  -50.624  -14.242 0.3000000119
14716  11.477  -50.733  -14.802 0.5000000000
14729  15.178  -50.020  -14.605 0.3000000119
14731  13.433  -50.271  -15.087 0.4000000060
14787  13.393  -49.657  -18.791 0.5000000000
15380  12.712  -49.728  -11.268 0.4000000060
15385  14.867  -49.616  -12.770 0.3000000119
15423  15.495  -49.608  -15.220 0.3000000119
15426  10.276  -49.447  -16.373 0.5000000000
15447  8.793  -49.481  -16.906 0.5000000000
15459  11.611  -47.959  -18.105 0.4000000060
15469  17.078  -49.324  -18.625 0.3000000119
15475  11.010  -48.690  -18.175 0.5000000000
15476  10.226  -49.667  -18.339 0.5000000000
16097  16.652  -48.817  -14.769 0.3000000119
16133  13.897  -47.248  -17.784 0.3000000119
16147  12.121  -47.415  -18.180 0.4000000060
16744  15.413  -48.175  -12.922 0.3000000119
87737  17.566  -55.281  -23.778 0.4000000060
87745  15.639  -51.957  -17.019 0.8000000119
89840  16.643  -65.746  -28.000 0.4000000060
90657  20.564  -53.791  -22.090 0.3000000119
90674  20.291  -65.129  -28.120 0.6000000238
90823  14.276  -65.852  -24.244 0.5000000000
90940  16.978  -54.412  -21.959 0.6000000238
91574  22.064  -74.727  -22.942 0.6999999881
93455  18.691  -55.404  -24.448 0.4000000060
94257  20.495  -67.467  -16.822 0.5000000000
94852  23.715  -72.208  -16.140 0.5000000000
95819  24.936  -78.631  -15.512 0.3000000119
95838  18.421  -69.799  -26.352 0.8000000119
95930  13.550  -65.771  -19.813 0.5000000000
95967  17.050  -65.870  -16.569 0.6999999881
96296  17.632  -69.766  -24.732 0.6000000238
96819  11.765  -52.523  -15.863 0.5000000000
97063  19.845  -69.309  -21.356 0.8999999762
97381  21.850  -70.720  -17.543 0.5000000000
97387  9.383  -51.976  -17.684 0.4000000060
97601  25.900  -78.040  -15.620 0.3000000119
97820  19.790  -75.348  -18.865 0.3000000119
98199  14.742  -52.402  -15.854 0.8000000119
98276  19.919  -64.101  -19.669 0.5000000000
98369  22.690  -70.504  -28.084 0.6999999881
98610  21.137  -69.264  -23.125 0.6999999881
99168  19.398  -80.135  -4.384 0.3000000119
99240  20.323  -63.780  -27.035 0.6000000238
100447  17.226  -75.466  -5.601 0.4000000060
101163  21.982  -64.808  -16.719 0.6000000238
101272  21.427  -64.154  -17.121 0.5000000000
101496  23.403  -70.723  -23.862 0.6999999881
101659  23.781  -68.758  -24.230 0.6000000238
101684  26.969  -71.333  -25.189 0.4000000060
102067  23.770  -70.254  -29.072 0.6000000238
102421  28.889  -71.859  -23.848 0.4000000060
102440  15.923  -50.613  -19.377 0.3000000119
102537  21.258  -71.923  -22.252 0.6999999881
103896  16.302  -66.655  -28.122 0.5000000000
103897  19.508  -65.538  -28.019 0.5000000000
104581  15.334  -54.623  -13.330 0.6999999881
104810  9.569  -52.386  -18.470 0.5000000000
104911  22.917  -71.424  -21.915 0.6999999881
105184  17.590  -70.753  -25.590 0.6000000238
105508  12.643  -53.129  -14.978 0.6000000238
105643  18.539  -64.864  -16.335 0.5000000000
106165  22.130  -70.196  -28.817 0.6999999881
106529  23.718  -79.334  -15.199 0.3000000119
107064  24.048  -70.959  -15.620 0.3000000119
107162  22.730  -74.855  -23.378 0.6999999881
107908  12.143  -50.028  -10.910 0.4000000060
107996  19.221  -70.023  -27.204 0.8000000119
108417  24.132  -70.658  -23.965 0.6999999881
108494  12.311  -68.365  -18.786 0.6000000238
108562  20.394  -70.521  -27.399 0.8000000119
108713  19.523  -70.229  -27.255 0.8000000119
109417  15.923  -58.410  -13.146 0.6000000238
109632  21.754  -68.975  -24.205 0.5000000000
109679  9.725  -50.628  -18.665 0.5000000000
109839  15.590  -76.768  -5.634 0.4000000060
109896  24.463  -70.137  -29.199 0.5000000000
110024  14.547  -49.250  -12.405 0.3000000119
110278  14.984  -65.836  -16.629 0.6000000238
110303  19.412  -69.383  -22.307 0.8000000119
110424  16.510  -70.327  -23.362 0.6000000238
110469  16.328  -53.725  -14.290 0.6000000238
110568  15.642  -67.132  -27.469 0.6000000238
110650  23.250  -68.842  -24.052 0.6000000238
110674  16.357  -71.301  -23.174 0.5000000000
