#!ascii label  , from subject sub-v1s3x0050785_ses-1 vox2ras=TkReg
257
52820  26.162  2.931  -36.987 0.0000000000
46682  24.097  -6.337  -31.627 0.0000000000
57228  27.224  8.461  -37.443 0.0000000000
65468  23.579  20.105  -45.709 0.0000000000
45140  22.716  -8.854  -30.960 0.0000000000
58760  28.575  10.555  -39.306 0.0000000000
98856  27.968  13.854  -39.193 0.0000000000
51322  23.871  0.058  -36.029 0.0000000000
49009  25.043  -2.646  -34.789 0.0000000000
50598  26.277  -0.399  -35.058 0.0000000000
54341  28.514  3.766  -38.998 0.0000000000
52803  28.129  0.540  -37.518 0.0000000000
55101  26.620  5.952  -37.427 0.0000000000
56525  28.859  7.478  -39.263 0.0000000000
63759  24.392  16.918  -42.796 0.0000000000
63747  26.848  17.290  -40.837 0.0000000000
47460  24.724  -4.059  -32.499 0.0000000000
60403  27.388  12.892  -38.025 0.0000000000
61821  26.201  14.518  -39.442 0.0000000000
52050  24.651  1.525  -36.646 0.0000000000
51321  24.687  0.287  -35.756 0.0000000000
52048  26.536  1.508  -36.209 0.0000000000
45973  23.474  -7.865  -31.965 0.0000000000
55814  26.053  6.710  -37.421 0.0000000000
55812  28.419  6.567  -37.899 0.0000000000
57227  28.242  8.261  -37.662 0.0000000000
59576  28.466  11.314  -40.891 0.0000000000
97683  28.486  9.752  -40.961 0.0000000000
64964  21.687  19.701  -45.556 0.0000000000
63149  23.227  16.229  -44.139 0.0000000000
64394  24.106  18.369  -44.669 0.0000000000
66019  25.919  21.282  -44.580 0.0000000000
64950  26.513  20.107  -43.222 0.0000000000
92745  26.220  19.102  -41.883 0.0000000000
64370  27.449  18.611  -41.106 0.0000000000
63118  28.147  16.433  -40.935 0.0000000000
49008  25.612  -3.240  -34.848 0.0000000000
48260  24.813  -3.900  -34.235 0.0000000000
44377  22.814  -9.723  -30.495 0.0000000000
95346  28.528  9.724  -37.753 0.0000000000
58730  28.075  11.420  -37.410 0.0000000000
60413  28.348  12.035  -39.275 0.0000000000
60434  28.568  12.350  -40.837 0.0000000000
49011  22.968  -3.158  -34.774 0.0000000000
49809  24.026  -1.070  -35.211 0.0000000000
50584  24.890  -1.349  -34.822 0.0000000000
49793  26.255  -1.856  -34.497 0.0000000000
53564  27.569  3.481  -37.498 0.0000000000
53549  28.023  2.219  -37.395 0.0000000000
53563  28.376  2.316  -38.311 0.0000000000
52821  25.209  2.893  -37.195 0.0000000000
54331  25.332  4.259  -37.629 0.0000000000
109413  26.034  4.151  -37.475 0.0000000000
55085  28.118  4.895  -38.025 0.0000000000
55829  28.906  5.339  -39.700 0.0000000000
92450  28.614  6.162  -41.400 0.0000000000
57965  28.676  9.024  -39.271 0.0000000000
92318  28.523  8.005  -41.285 0.0000000000
62480  24.924  15.795  -41.099 0.0000000000
65460  24.502  20.033  -45.070 0.0000000000
64380  24.932  18.077  -43.532 0.0000000000
99426  24.844  17.124  -41.872 0.0000000000
62467  25.729  15.238  -40.351 0.0000000000
62464  27.808  15.161  -40.077 0.0000000000
61183  28.670  14.092  -40.928 0.0000000000
46692  23.057  -5.657  -32.531 0.0000000000
48274  23.855  -3.914  -34.378 0.0000000000
52033  27.663  -0.308  -36.407 0.0000000000
51308  27.150  -0.390  -35.141 0.0000000000
61147  26.155  13.674  -38.570 0.0000000000
52806  25.672  2.123  -36.678 0.0000000000
52049  25.639  1.259  -36.214 0.0000000000
52805  26.825  2.204  -36.593 0.0000000000
42962  21.973  -11.247  -30.256 0.0000000000
42961  22.906  -10.728  -30.191 0.0000000000
105678  23.874  -7.084  -31.559 0.0000000000
56512  26.403  7.447  -37.512 0.0000000000
56511  27.374  7.757  -37.550 0.0000000000
98640  28.315  11.054  -41.880 0.0000000000
109236  28.264  10.374  -42.168 0.0000000000
65473  22.566  20.245  -45.850 0.0000000000
64395  22.593  18.427  -45.145 0.0000000000
63776  23.506  17.681  -44.742 0.0000000000
64956  23.680  19.310  -45.072 0.0000000000
64938  27.188  19.249  -41.409 0.0000000000
63754  28.816  17.372  -41.868 0.0000000000
49007  25.936  -2.715  -34.624 0.0000000000
48993  25.641  -3.053  -34.751 0.0000000000
45980  22.878  -7.738  -32.310 0.0000000000
58731  27.184  11.010  -37.092 0.0000000000
59538  26.455  11.686  -37.484 0.0000000000
61145  27.658  13.352  -38.588 0.0000000000
60402  27.986  12.529  -38.516 0.0000000000
61156  28.138  12.979  -39.191 0.0000000000
60423  28.469  12.680  -39.918 0.0000000000
61170  28.329  13.409  -39.707 0.0000000000
67140  21.237  22.926  -45.573 0.0000000000
49810  23.361  -1.389  -35.453 0.0000000000
50601  23.603  -0.666  -35.778 0.0000000000
51320  25.679  0.474  -35.611 0.0000000000
50599  25.273  -0.386  -35.197 0.0000000000
50583  25.923  -1.237  -34.718 0.0000000000
96148  23.353  -9.923  -29.876 0.0000000000
54328  28.106  3.655  -38.224 0.0000000000
52808  23.887  2.014  -37.225 0.0000000000
55102  25.523  5.902  -37.494 0.0000000000
55087  26.026  4.980  -37.556 0.0000000000
55086  27.173  5.109  -37.483 0.0000000000
55100  27.774  5.906  -37.635 0.0000000000
56509  28.737  7.191  -38.415 0.0000000000
55811  28.799  5.969  -38.643 0.0000000000
55830  28.929  6.528  -39.408 0.0000000000
55842  28.784  5.713  -40.578 0.0000000000
56535  28.687  7.059  -40.507 0.0000000000
97839  28.616  9.823  -38.755 0.0000000000
57950  28.612  9.145  -38.318 0.0000000000
57980  28.449  8.986  -41.557 0.0000000000
56546  28.511  6.814  -41.902 0.0000000000
63139  23.642  15.967  -43.381 0.0000000000
109289  23.600  15.290  -42.771 0.0000000000
62481  24.060  15.163  -41.860 0.0000000000
63130  24.350  16.196  -42.053 0.0000000000
65459  25.857  20.538  -44.084 0.0000000000
106667  25.193  20.078  -44.457 0.0000000000
64388  25.268  18.959  -43.481 0.0000000000
64358  26.836  18.031  -41.009 0.0000000000
64372  25.740  18.403  -41.849 0.0000000000
63128  26.186  16.839  -40.901 0.0000000000
63129  25.293  16.657  -41.287 0.0000000000
62473  26.698  15.663  -40.311 0.0000000000
63120  26.973  16.456  -40.562 0.0000000000
62479  28.495  15.805  -41.141 0.0000000000
61839  28.703  14.981  -41.210 0.0000000000
61190  28.677  13.422  -41.851 0.0000000000
49010  23.975  -2.863  -34.630 0.0000000000
96776  24.751  -4.065  -33.550 0.0000000000
48249  24.180  -4.552  -33.919 0.0000000000
47461  24.158  -4.293  -32.804 0.0000000000
47445  24.021  -5.073  -32.429 0.0000000000
52047  27.342  1.251  -36.195 0.0000000000
52782  27.657  -0.494  -36.943 0.0000000000
60386  26.272  12.324  -37.815 0.0000000000
60404  26.657  12.989  -37.975 0.0000000000
61146  27.087  13.624  -38.278 0.0000000000
61158  26.994  14.218  -38.758 0.0000000000
51334  24.183  0.755  -36.363 0.0000000000
51333  24.959  0.890  -36.126 0.0000000000
106754  26.400  0.931  -35.802 0.0000000000
45969  23.309  -8.290  -31.083 0.0000000000
45134  23.576  -7.588  -30.108 0.0000000000
55116  28.863  3.771  -40.502 0.0000000000
54354  28.840  2.864  -40.210 0.0000000000
55813  27.294  6.867  -37.532 0.0000000000
56510  28.263  7.437  -37.781 0.0000000000
58770  28.500  10.511  -40.405 0.0000000000
97684  28.538  9.766  -39.887 0.0000000000
58777  28.398  10.465  -41.398 0.0000000000
98226  28.334  9.755  -41.929 0.0000000000
63148  24.161  16.806  -43.904 0.0000000000
98763  24.429  17.572  -44.218 0.0000000000
66009  26.616  20.961  -43.872 0.0000000000
64378  25.933  19.411  -42.779 0.0000000000
64371  26.547  18.622  -41.285 0.0000000000
63756  27.550  17.677  -41.032 0.0000000000
63746  27.628  16.900  -40.831 0.0000000000
63755  28.225  17.160  -41.293 0.0000000000
63127  28.561  16.647  -41.542 0.0000000000
48273  25.058  -3.706  -34.524 0.0000000000
48272  25.278  -3.361  -34.692 0.0000000000
48259  25.448  -3.462  -33.912 0.0000000000
43687  21.723  -10.466  -30.781 0.0000000000
44378  21.552  -9.091  -31.020 0.0000000000
101882  22.964  -8.433  -32.007 0.0000000000
92088  23.473  -6.852  -32.189 0.0000000000
57951  26.754  9.192  -37.271 0.0000000000
57931  28.056  9.214  -37.282 0.0000000000
57932  27.231  9.882  -37.334 0.0000000000
104610  28.194  10.443  -37.265 0.0000000000
58748  28.552  10.741  -38.024 0.0000000000
59536  27.750  12.187  -37.869 0.0000000000
59556  28.267  11.678  -38.270 0.0000000000
106812  28.499  11.263  -38.893 0.0000000000
59567  28.549  11.255  -39.839 0.0000000000
59582  28.422  11.751  -41.585 0.0000000000
66029  21.058  20.894  -45.335 0.0000000000
66028  22.252  21.115  -45.858 0.0000000000
49029  23.171  -2.223  -35.070 0.0000000000
49795  24.035  -1.840  -34.877 0.0000000000
50600  24.360  -0.456  -35.434 0.0000000000
49794  25.883  -2.480  -34.641 0.0000000000
49779  26.464  -1.940  -34.221 0.0000000000
53550  27.172  2.840  -37.066 0.0000000000
53548  28.302  0.162  -38.878 0.0000000000
54327  28.667  2.345  -39.215 0.0000000000
94410  28.785  0.437  -39.700 0.0000000000
53547  28.680  -0.953  -39.717 0.0000000000
52807  24.714  2.300  -37.032 0.0000000000
53567  24.848  3.569  -37.560 0.0000000000
53566  25.666  3.561  -37.388 0.0000000000
53565  26.478  3.579  -37.341 0.0000000000
54330  26.760  4.313  -37.470 0.0000000000
54329  27.602  4.343  -37.660 0.0000000000
55099  28.553  5.145  -38.566 0.0000000000
55801  28.457  5.791  -38.108 0.0000000000
55098  28.746  4.606  -39.339 0.0000000000
108308  28.852  4.807  -40.467 0.0000000000
55130  28.631  5.194  -41.668 0.0000000000
57930  28.446  8.931  -37.825 0.0000000000
57226  28.679  8.256  -38.495 0.0000000000
57239  28.652  8.166  -39.887 0.0000000000
93109  28.553  8.964  -40.484 0.0000000000
61829  24.601  14.884  -40.928 0.0000000000
66027  23.547  20.852  -46.239 0.0000000000
66021  24.437  20.781  -45.858 0.0000000000
64952  24.782  19.305  -44.364 0.0000000000
64389  24.830  18.333  -44.130 0.0000000000
63766  24.575  17.447  -43.524 0.0000000000
64379  25.454  18.676  -42.586 0.0000000000
63758  24.986  17.815  -42.448 0.0000000000
61820  27.256  14.729  -39.505 0.0000000000
61819  27.934  14.519  -39.652 0.0000000000
62471  28.093  15.741  -40.565 0.0000000000
61828  28.369  14.952  -40.420 0.0000000000
98586  28.343  14.086  -39.963 0.0000000000
91807  28.559  13.327  -40.380 0.0000000000
100191  28.682  13.159  -41.133 0.0000000000
46691  23.807  -5.864  -32.204 0.0000000000
48261  23.492  -4.645  -34.102 0.0000000000
96155  24.392  -4.198  -34.173 0.0000000000
48250  23.420  -4.819  -33.808 0.0000000000
47446  23.481  -5.138  -32.598 0.0000000000
51319  26.767  0.225  -35.402 0.0000000000
51318  27.771  -0.344  -35.888 0.0000000000
50582  26.663  -0.962  -34.715 0.0000000000
52034  27.124  0.752  -35.780 0.0000000000
52804  27.702  1.797  -36.715 0.0000000000
59537  27.319  11.838  -37.463 0.0000000000
60385  26.992  12.364  -37.680 0.0000000000
60405  25.719  12.729  -38.234 0.0000000000
61157  27.529  14.271  -39.106 0.0000000000
62465  27.231  15.259  -40.077 0.0000000000
62466  26.662  15.073  -39.980 0.0000000000
62472  27.485  15.771  -40.382 0.0000000000
62478  28.701  16.248  -41.818 0.0000000000
63119  27.737  16.282  -40.627 0.0000000000
63121  25.957  16.136  -40.691 0.0000000000
63757  25.862  17.613  -41.361 0.0000000000
64957  22.519  19.445  -45.556 0.0000000000
65474  21.459  20.303  -45.532 0.0000000000
92751  28.527  12.484  -41.765 0.0000000000
93636  28.524  11.908  -40.163 0.0000000000
95615  26.511  8.029  -37.550 0.0000000000
98234  28.214  17.996  -41.506 0.0000000000
109270  28.895  2.139  -40.122 0.0000000000
109293  26.376  11.069  -37.003 0.0000000000
109982  28.564  7.806  -38.016 0.0000000000
110808  27.441  13.921  -38.710 0.0000000000
