#!ascii label  , from subject sub-v1s3x0050813_ses-1 vox2ras=TkReg
362
59690  -26.434  -2.957  -23.382 0.0000000000
63326  -23.511  1.086  -25.445 0.0000000000
119857  -25.280  15.099  -28.599 0.0000000000
71939  -25.587  10.719  -26.123 0.0000000000
68040  -26.108  6.863  -23.549 0.0000000000
64301  -28.126  2.015  -22.691 0.0000000000
78119  -25.062  17.353  -30.072 0.0000000000
126273  -25.835  8.978  -24.790 0.0000000000
67153  -23.615  6.031  -25.713 0.0000000000
61465  -23.713  -0.541  -23.595 0.0000000000
63296  -24.976  1.878  -22.937 0.0000000000
62329  -26.719  -0.201  -22.785 0.0000000000
53816  -23.677  -8.188  -23.025 0.0000000000
58773  -23.468  -3.637  -23.815 0.0000000000
82512  -23.546  22.608  -33.985 0.0000000000
81628  -25.379  21.369  -32.742 0.0000000000
80766  -26.687  20.424  -31.395 0.0000000000
79893  -27.907  18.968  -29.422 0.0000000000
78109  -28.882  17.617  -28.183 0.0000000000
74694  -25.379  13.423  -27.547 0.0000000000
76429  -29.066  15.102  -26.880 0.0000000000
73770  -28.463  12.523  -25.537 0.0000000000
111921  -28.059  9.951  -23.803 0.0000000000
68993  -28.891  7.957  -22.508 0.0000000000
66191  -24.407  4.446  -24.674 0.0000000000
66173  -26.230  4.441  -22.726 0.0000000000
68086  -23.015  6.829  -26.534 0.0000000000
111854  -22.331  4.832  -27.556 0.0000000000
60573  -24.619  -1.893  -23.111 0.0000000000
61452  -25.602  -0.525  -22.716 0.0000000000
61453  -26.682  -1.013  -22.963 0.0000000000
51825  -23.304  -9.879  -19.189 0.0000000000
52776  -23.612  -9.183  -19.644 0.0000000000
53770  -23.634  -8.376  -20.858 0.0000000000
58806  -22.747  -2.719  -25.038 0.0000000000
58792  -22.504  -3.982  -24.989 0.0000000000
116696  -25.938  20.742  -32.058 0.0000000000
76464  -25.139  16.164  -29.107 0.0000000000
78997  -26.482  18.216  -29.738 0.0000000000
78121  -26.659  17.446  -29.298 0.0000000000
78998  -28.720  18.850  -28.959 0.0000000000
77266  -27.552  16.711  -28.381 0.0000000000
73780  -25.672  12.321  -26.775 0.0000000000
74696  -26.881  14.055  -27.259 0.0000000000
73782  -27.291  12.866  -26.392 0.0000000000
74682  -29.368  13.827  -26.117 0.0000000000
72862  -26.996  11.634  -25.745 0.0000000000
69945  -25.658  8.280  -24.458 0.0000000000
131309  -27.408  9.984  -24.338 0.0000000000
69947  -27.076  8.620  -23.514 0.0000000000
69925  -28.763  8.822  -22.835 0.0000000000
68992  -26.865  7.189  -22.913 0.0000000000
64346  -23.109  1.929  -26.880 0.0000000000
65288  -23.395  3.382  -25.697 0.0000000000
64330  -23.850  2.672  -25.067 0.0000000000
64300  -26.953  2.197  -22.502 0.0000000000
132085  -25.993  3.734  -22.709 0.0000000000
130705  -26.795  3.749  -22.489 0.0000000000
67105  -27.793  5.161  -22.293 0.0000000000
126779  -28.958  3.506  -22.607 0.0000000000
54729  -24.822  -7.569  -22.330 0.0000000000
121977  -24.283  -7.047  -23.707 0.0000000000
55855  -25.554  -6.687  -23.220 0.0000000000
115992  -24.937  -5.637  -23.588 0.0000000000
70934  -24.339  9.491  -26.167 0.0000000000
71926  -25.951  10.363  -25.638 0.0000000000
116899  -23.931  8.193  -25.735 0.0000000000
69016  -24.210  7.409  -25.379 0.0000000000
68038  -24.725  6.053  -24.688 0.0000000000
62345  -23.673  0.622  -24.670 0.0000000000
63314  -23.842  1.430  -24.561 0.0000000000
62346  -23.975  0.930  -23.672 0.0000000000
121897  -25.701  1.350  -22.596 0.0000000000
122028  -27.633  1.359  -22.714 0.0000000000
53795  -24.370  -7.883  -21.437 0.0000000000
61487  -23.007  -0.195  -26.557 0.0000000000
60585  -23.278  -1.156  -24.680 0.0000000000
59708  -23.745  -2.320  -23.482 0.0000000000
59689  -24.567  -2.797  -23.333 0.0000000000
84015  -23.722  24.700  -34.555 0.0000000000
122448  -23.554  20.565  -32.688 0.0000000000
81641  -24.991  22.049  -33.237 0.0000000000
82515  -26.898  22.980  -33.198 0.0000000000
82484  -27.741  22.125  -32.234 0.0000000000
130564  -28.645  21.737  -31.397 0.0000000000
78996  -25.708  18.427  -30.351 0.0000000000
80751  -27.359  20.168  -30.796 0.0000000000
81598  -29.084  21.384  -30.779 0.0000000000
122919  -30.147  20.595  -29.683 0.0000000000
116626  -30.160  19.559  -28.882 0.0000000000
78988  -30.399  18.381  -28.128 0.0000000000
75579  -25.527  14.538  -28.211 0.0000000000
76441  -27.632  15.389  -27.693 0.0000000000
77255  -28.893  16.335  -27.566 0.0000000000
78101  -31.238  17.276  -27.529 0.0000000000
76445  -31.313  15.710  -26.896 0.0000000000
131881  -30.699  13.281  -25.656 0.0000000000
71928  -27.494  11.214  -25.166 0.0000000000
72846  -28.288  11.313  -24.710 0.0000000000
66226  -22.779  4.600  -26.770 0.0000000000
66209  -23.931  4.837  -25.282 0.0000000000
67132  -25.261  5.579  -24.108 0.0000000000
65257  -24.713  3.427  -23.671 0.0000000000
66172  -25.388  4.123  -23.351 0.0000000000
68017  -25.941  5.946  -23.445 0.0000000000
124797  -27.475  6.563  -22.487 0.0000000000
68019  -29.273  5.914  -22.388 0.0000000000
57851  -23.834  -4.349  -23.688 0.0000000000
122153  -25.195  -4.225  -23.499 0.0000000000
58776  -26.525  -3.876  -23.498 0.0000000000
114460  -25.543  -2.446  -23.214 0.0000000000
60574  -25.739  -1.533  -22.944 0.0000000000
118415  -26.357  -2.208  -23.250 0.0000000000
60575  -26.848  -1.731  -23.232 0.0000000000
59691  -27.138  -2.453  -23.413 0.0000000000
51804  -23.849  -10.435  -18.484 0.0000000000
51826  -24.135  -9.635  -18.977 0.0000000000
122175  -24.995  15.610  -28.849 0.0000000000
77275  -26.043  16.948  -29.312 0.0000000000
132005  -26.665  16.592  -28.863 0.0000000000
78107  -27.210  17.180  -28.846 0.0000000000
129613  -26.299  15.830  -28.648 0.0000000000
71938  -24.959  10.764  -26.440 0.0000000000
72877  -24.737  11.349  -26.779 0.0000000000
72878  -25.504  11.434  -26.490 0.0000000000
73781  -26.423  12.797  -26.656 0.0000000000
72879  -26.308  11.894  -26.341 0.0000000000
73768  -26.911  12.293  -26.219 0.0000000000
126155  -26.199  11.102  -25.963 0.0000000000
69004  -25.548  7.372  -24.243 0.0000000000
69005  -26.329  7.880  -23.662 0.0000000000
69006  -27.131  7.935  -22.990 0.0000000000
63342  -23.259  1.534  -26.104 0.0000000000
64329  -23.259  2.385  -25.908 0.0000000000
64316  -23.641  1.850  -25.297 0.0000000000
121376  -26.336  3.043  -22.549 0.0000000000
121283  -27.433  2.900  -22.456 0.0000000000
115290  -27.924  3.627  -22.367 0.0000000000
119647  -28.602  2.748  -22.654 0.0000000000
65259  -29.414  2.938  -23.349 0.0000000000
54751  -25.200  -7.211  -22.953 0.0000000000
69984  -23.352  8.260  -26.428 0.0000000000
69968  -23.881  8.804  -26.091 0.0000000000
67172  -23.125  6.082  -26.374 0.0000000000
68061  -23.550  6.713  -25.831 0.0000000000
68062  -24.207  6.450  -25.280 0.0000000000
115594  -24.800  6.952  -24.711 0.0000000000
122178  -23.732  0.219  -23.785 0.0000000000
61451  -24.440  0.130  -23.017 0.0000000000
62328  -25.640  0.433  -22.629 0.0000000000
112726  -26.910  0.716  -22.670 0.0000000000
63298  -28.240  0.684  -23.263 0.0000000000
119420  -27.759  0.022  -23.184 0.0000000000
50962  -22.183  -10.811  -19.091 0.0000000000
50939  -22.501  -11.299  -18.502 0.0000000000
53771  -24.397  -8.215  -20.372 0.0000000000
53772  -25.120  -7.697  -20.636 0.0000000000
61475  -23.152  -0.617  -25.713 0.0000000000
116084  -23.224  -2.867  -23.979 0.0000000000
59707  -23.171  -2.064  -24.176 0.0000000000
59688  -23.805  -3.043  -23.539 0.0000000000
82511  -22.882  22.518  -33.925 0.0000000000
82520  -22.977  23.072  -34.286 0.0000000000
82521  -23.548  23.305  -34.340 0.0000000000
83302  -24.033  23.841  -34.477 0.0000000000
83291  -24.471  23.145  -34.037 0.0000000000
81627  -24.504  20.933  -32.702 0.0000000000
82513  -25.330  22.675  -33.568 0.0000000000
82497  -25.992  22.148  -33.144 0.0000000000
82514  -26.214  22.837  -33.474 0.0000000000
129722  -26.614  22.537  -33.103 0.0000000000
81611  -26.824  21.190  -31.903 0.0000000000
81630  -27.087  21.827  -32.413 0.0000000000
81612  -27.563  21.511  -31.820 0.0000000000
81613  -28.132  21.789  -31.737 0.0000000000
80767  -27.432  20.837  -31.348 0.0000000000
78132  -25.208  17.846  -30.297 0.0000000000
79011  -27.209  18.666  -29.634 0.0000000000
79903  -27.431  19.436  -30.096 0.0000000000
79904  -28.089  20.063  -30.255 0.0000000000
80740  -28.797  20.067  -29.787 0.0000000000
80753  -29.660  20.946  -30.170 0.0000000000
78986  -28.529  18.131  -28.593 0.0000000000
79886  -29.765  19.016  -28.629 0.0000000000
78987  -29.338  18.292  -28.393 0.0000000000
79887  -30.698  19.162  -28.511 0.0000000000
78110  -29.778  17.732  -27.896 0.0000000000
73795  -25.142  12.720  -27.303 0.0000000000
73794  -24.379  12.419  -27.553 0.0000000000
75564  -25.655  14.010  -27.777 0.0000000000
76440  -26.789  15.158  -28.028 0.0000000000
75565  -26.315  14.459  -27.787 0.0000000000
75567  -28.178  14.846  -27.196 0.0000000000
76442  -28.525  15.594  -27.400 0.0000000000
76443  -29.390  15.776  -27.160 0.0000000000
77256  -29.803  16.462  -27.329 0.0000000000
76444  -30.275  15.852  -26.936 0.0000000000
77257  -30.784  16.519  -27.197 0.0000000000
76430  -29.814  15.317  -26.754 0.0000000000
74669  -28.951  13.187  -25.767 0.0000000000
74670  -29.888  13.248  -25.630 0.0000000000
74683  -31.183  13.751  -25.937 0.0000000000
73771  -29.450  12.577  -25.322 0.0000000000
70905  -25.709  9.553  -25.344 0.0000000000
71927  -26.779  10.689  -25.332 0.0000000000
70924  -26.332  10.012  -25.195 0.0000000000
71910  -27.611  10.575  -24.586 0.0000000000
71911  -28.658  10.656  -24.144 0.0000000000
72865  -29.915  11.905  -24.830 0.0000000000
71912  -29.622  10.614  -23.971 0.0000000000
68994  -30.026  7.407  -22.804 0.0000000000
66240  -22.513  4.025  -27.312 0.0000000000
114139  -23.879  4.119  -25.249 0.0000000000
67131  -24.574  5.224  -24.671 0.0000000000
63315  -24.277  1.851  -23.658 0.0000000000
64317  -24.229  2.744  -24.077 0.0000000000
64298  -24.825  2.604  -23.272 0.0000000000
67103  -25.706  5.053  -23.341 0.0000000000
67104  -26.613  5.360  -22.668 0.0000000000
68018  -26.666  6.327  -22.847 0.0000000000
129187  -27.299  5.882  -22.484 0.0000000000
67106  -29.118  4.982  -22.408 0.0000000000
115627  -28.184  5.864  -22.251 0.0000000000
122872  -26.396  -5.389  -23.413 0.0000000000
57853  -25.633  -4.996  -23.532 0.0000000000
115445  -25.882  -4.262  -23.522 0.0000000000
57854  -26.505  -4.709  -23.478 0.0000000000
67171  -22.723  5.460  -26.978 0.0000000000
116996  -24.565  -0.954  -22.947 0.0000000000
61454  -27.525  -0.702  -23.230 0.0000000000
119692  -27.383  -1.312  -23.300 0.0000000000
60576  -27.648  -1.867  -23.457 0.0000000000
51803  -22.911  -10.585  -18.785 0.0000000000
126697  -23.819  -8.629  -20.109 0.0000000000
52777  -24.504  -8.867  -19.515 0.0000000000
59722  -22.830  -1.889  -25.339 0.0000000000
120507  -22.843  -3.516  -24.645 0.0000000000
81639  -23.106  21.901  -33.507 0.0000000000
80775  -25.123  20.652  -32.381 0.0000000000
81629  -26.336  21.569  -32.549 0.0000000000
79916  -25.944  19.899  -31.439 0.0000000000
78120  -25.766  17.598  -29.771 0.0000000000
112898  -27.102  18.061  -29.355 0.0000000000
78985  -27.815  18.299  -29.030 0.0000000000
78122  -27.333  17.696  -29.027 0.0000000000
78108  -27.945  17.530  -28.536 0.0000000000
73796  -25.757  12.990  -27.100 0.0000000000
74695  -26.197  13.602  -27.293 0.0000000000
74680  -27.016  13.477  -26.808 0.0000000000
75552  -28.762  14.357  -26.620 0.0000000000
74681  -28.453  13.641  -26.348 0.0000000000
73783  -28.088  13.008  -26.082 0.0000000000
70906  -26.357  9.471  -24.750 0.0000000000
69946  -26.380  8.779  -24.245 0.0000000000
70907  -27.137  9.417  -24.135 0.0000000000
69948  -27.925  9.137  -23.344 0.0000000000
70908  -28.679  9.461  -23.278 0.0000000000
69924  -27.893  8.404  -22.734 0.0000000000
130625  -27.886  7.426  -22.412 0.0000000000
130558  -22.920  2.815  -26.637 0.0000000000
65270  -24.213  3.568  -24.675 0.0000000000
64299  -25.756  2.298  -22.624 0.0000000000
65258  -25.448  3.229  -22.942 0.0000000000
66174  -27.241  4.484  -22.412 0.0000000000
113027  -28.520  4.297  -22.377 0.0000000000
66175  -29.560  3.997  -22.904 0.0000000000
54750  -24.433  -7.544  -23.145 0.0000000000
111826  -23.680  -7.531  -23.670 0.0000000000
55854  -24.897  -6.926  -23.428 0.0000000000
56935  -25.172  -6.348  -23.495 0.0000000000
56936  -25.863  -5.985  -23.441 0.0000000000
126263  -24.488  10.239  -26.422 0.0000000000
70935  -25.165  10.063  -25.964 0.0000000000
70923  -24.991  9.337  -25.654 0.0000000000
69944  -25.179  8.728  -25.169 0.0000000000
69015  -23.466  7.490  -26.081 0.0000000000
115059  -24.553  8.221  -25.330 0.0000000000
69003  -24.932  7.846  -24.814 0.0000000000
68039  -25.428  6.441  -24.165 0.0000000000
62327  -24.719  1.126  -22.955 0.0000000000
63297  -26.572  1.581  -22.534 0.0000000000
63299  -28.664  1.330  -23.530 0.0000000000
61455  -28.274  -0.466  -23.528 0.0000000000
49951  -22.181  -11.991  -18.195 0.0000000000
53794  -23.506  -8.445  -21.992 0.0000000000
53817  -24.187  -7.956  -22.413 0.0000000000
54730  -25.255  -7.430  -21.588 0.0000000000
62358  -23.314  0.272  -25.734 0.0000000000
61464  -23.506  -0.210  -24.719 0.0000000000
60586  -23.717  -1.463  -23.464 0.0000000000
83290  -22.706  23.584  -34.131 0.0000000000
117439  -23.016  21.207  -33.018 0.0000000000
81626  -23.769  21.357  -33.021 0.0000000000
81640  -24.064  21.996  -33.391 0.0000000000
126737  -24.486  22.504  -33.639 0.0000000000
83292  -25.553  23.358  -33.786 0.0000000000
129048  -26.659  22.133  -32.810 0.0000000000
82498  -27.194  22.497  -32.758 0.0000000000
83281  -27.856  23.382  -32.614 0.0000000000
83282  -28.396  23.078  -32.270 0.0000000000
116898  -28.559  22.396  -31.840 0.0000000000
82485  -29.476  22.595  -31.449 0.0000000000
79902  -25.868  19.213  -30.842 0.0000000000
80750  -26.639  19.679  -30.808 0.0000000000
79010  -26.546  18.953  -30.229 0.0000000000
116401  -27.949  20.582  -30.816 0.0000000000
81614  -29.350  21.983  -31.207 0.0000000000
81599  -29.964  21.588  -30.561 0.0000000000
80754  -30.502  21.081  -29.977 0.0000000000
79895  -29.358  19.621  -29.266 0.0000000000
120280  -30.154  20.070  -29.296 0.0000000000
74711  -24.921  13.941  -28.093 0.0000000000
75580  -26.054  15.154  -28.388 0.0000000000
131417  -26.532  15.491  -28.356 0.0000000000
128116  -27.085  15.880  -28.297 0.0000000000
77254  -27.993  16.167  -27.830 0.0000000000
75566  -27.263  14.659  -27.493 0.0000000000
78099  -29.314  17.065  -27.702 0.0000000000
78980  -31.159  17.986  -27.803 0.0000000000
75553  -29.809  14.605  -26.406 0.0000000000
119543  -31.303  14.934  -26.581 0.0000000000
75555  -31.720  14.271  -26.412 0.0000000000
74684  -31.834  13.528  -26.085 0.0000000000
72863  -27.906  11.858  -25.327 0.0000000000
71909  -26.881  10.053  -24.703 0.0000000000
72864  -28.876  11.964  -24.974 0.0000000000
70909  -29.969  9.931  -23.599 0.0000000000
112690  -23.268  5.282  -25.973 0.0000000000
65306  -22.835  3.722  -26.615 0.0000000000
66208  -23.265  4.332  -25.882 0.0000000000
67154  -24.094  5.632  -25.280 0.0000000000
126228  -23.993  2.114  -24.563 0.0000000000
65271  -24.697  4.093  -24.043 0.0000000000
66192  -25.000  4.773  -24.049 0.0000000000
128536  -28.336  6.562  -22.309 0.0000000000
123129  -29.125  6.932  -22.427 0.0000000000
126942  -23.126  -4.394  -24.315 0.0000000000
57852  -24.601  -4.702  -23.569 0.0000000000
58774  -24.381  -3.731  -23.482 0.0000000000
58775  -25.498  -3.464  -23.417 0.0000000000
69969  -24.493  8.806  -25.673 0.0000000000
72847  -29.284  11.308  -24.443 0.0000000000
73769  -27.572  12.371  -25.880 0.0000000000
75551  -27.747  14.080  -26.870 0.0000000000
76431  -30.562  15.159  -26.606 0.0000000000
76454  -25.628  15.682  -28.776 0.0000000000
77265  -25.861  16.319  -29.064 0.0000000000
77267  -28.406  16.931  -27.980 0.0000000000
78100  -30.241  17.154  -27.520 0.0000000000
78111  -30.569  17.728  -27.729 0.0000000000
79894  -28.376  19.510  -29.599 0.0000000000
80741  -29.474  20.345  -29.721 0.0000000000
80752  -28.748  20.666  -30.367 0.0000000000
80768  -28.206  21.211  -31.205 0.0000000000
80773  -22.438  20.819  -32.572 0.0000000000
82499  -27.874  22.732  -32.499 0.0000000000
83301  -23.185  23.905  -34.480 0.0000000000
117448  -23.257  0.871  -26.225 0.0000000000
120358  -27.738  13.408  -26.513 0.0000000000
120752  -27.426  23.013  -32.884 0.0000000000
128451  -30.306  13.888  -25.943 0.0000000000
130143  -24.554  21.540  -33.011 0.0000000000
