#!ascii label  , from subject sub-v1s3x0050821_ses-1 vox2ras=TkReg
520
12093  -49.131  -61.265  -14.684 0.0000000000
11210  -39.232  -61.142  -14.723 0.0000000000
14520  -45.073  -57.233  -7.936 0.0000000000
11214  -44.015  -61.499  -14.832 0.0000000000
134753  -39.435  -56.976  -7.650 0.0000000000
13609  -52.297  -57.398  -9.844 0.0000000000
14494  -45.469  -57.597  -3.838 0.0000000000
11889  -46.585  -60.666  0.471 0.0000000000
123315  -42.267  -55.516  -4.921 0.0000000000
14530  -42.248  -57.712  -8.150 0.0000000000
16541  -39.432  -55.493  -5.084 0.0000000000
15506  -49.561  -56.026  -5.931 0.0000000000
14497  -49.266  -58.164  -3.905 0.0000000000
13478  -45.338  -58.769  2.352 0.0000000000
13498  -44.038  -58.240  0.909 0.0000000000
117900  -45.378  -64.463  -17.213 0.0000000000
124267  -41.794  -61.585  -14.934 0.0000000000
10394  -43.994  -62.707  -19.858 0.0000000000
10375  -40.551  -62.628  -18.632 0.0000000000
12824  -47.024  -59.289  -11.069 0.0000000000
11217  -46.683  -61.368  -14.866 0.0000000000
12049  -42.378  -60.534  -11.391 0.0000000000
12036  -39.754  -60.266  -10.952 0.0000000000
14536  -48.214  -57.048  -8.774 0.0000000000
16547  -45.721  -55.556  -5.631 0.0000000000
15483  -42.832  -56.199  -3.310 0.0000000000
11933  -49.689  -60.392  -1.063 0.0000000000
12729  -46.011  -60.119  -1.896 0.0000000000
14469  -43.213  -58.011  -1.288 0.0000000000
16461  -40.894  -55.127  0.009 0.0000000000
9459  -45.750  -62.855  -19.034 0.0000000000
17639  -39.083  -54.709  -11.627 0.0000000000
13701  -38.998  -58.828  -14.512 0.0000000000
124087  -39.792  -58.917  -18.200 0.0000000000
132414  -40.980  -55.603  -3.117 0.0000000000
16530  -40.291  -55.502  -4.393 0.0000000000
9411  -47.770  -62.907  -16.697 0.0000000000
11211  -40.031  -61.444  -14.550 0.0000000000
10342  -40.875  -62.196  -16.959 0.0000000000
11264  -39.935  -62.042  -17.186 0.0000000000
10374  -39.625  -62.364  -18.843 0.0000000000
11262  -38.637  -61.184  -17.050 0.0000000000
13622  -46.243  -58.251  -9.619 0.0000000000
119153  -44.983  -58.537  -9.539 0.0000000000
14529  -41.337  -57.749  -8.146 0.0000000000
13619  -42.404  -58.723  -9.229 0.0000000000
13618  -41.322  -58.794  -9.198 0.0000000000
12037  -40.783  -60.316  -10.842 0.0000000000
12804  -39.735  -59.325  -9.815 0.0000000000
13638  -49.719  -58.245  -10.975 0.0000000000
14558  -50.926  -56.781  -9.390 0.0000000000
15496  -47.680  -56.712  -4.935 0.0000000000
16548  -47.217  -55.658  -5.762 0.0000000000
15495  -46.021  -56.064  -4.882 0.0000000000
15493  -43.977  -56.089  -4.152 0.0000000000
15485  -44.250  -56.701  -3.769 0.0000000000
11931  -47.473  -60.502  -0.754 0.0000000000
12730  -48.051  -60.146  -1.658 0.0000000000
11930  -46.132  -60.396  -0.988 0.0000000000
15436  -43.047  -56.976  0.776 0.0000000000
13525  -43.605  -58.486  -0.765 0.0000000000
15435  -42.412  -56.583  0.328 0.0000000000
15448  -41.700  -56.307  -0.894 0.0000000000
11199  -45.010  -61.249  -13.992 0.0000000000
11255  -46.296  -62.125  -16.852 0.0000000000
11254  -45.152  -62.023  -16.489 0.0000000000
9471  -44.131  -62.933  -21.594 0.0000000000
19554  -39.430  -52.613  -10.662 0.0000000000
15600  -39.216  -56.802  -12.451 0.0000000000
14669  -41.023  -57.655  -16.042 0.0000000000
15517  -43.638  -56.108  -6.533 0.0000000000
14531  -43.575  -57.574  -8.169 0.0000000000
15516  -42.618  -56.090  -6.472 0.0000000000
15515  -41.140  -56.232  -6.634 0.0000000000
15513  -39.409  -56.141  -6.591 0.0000000000
16569  -50.977  -56.390  -7.176 0.0000000000
14505  -49.828  -57.154  -4.802 0.0000000000
13571  -47.002  -58.380  -3.741 0.0000000000
11876  -45.990  -60.303  1.501 0.0000000000
12707  -45.190  -59.973  0.212 0.0000000000
13500  -45.008  -58.923  1.716 0.0000000000
14432  -44.304  -57.676  1.735 0.0000000000
15391  -43.785  -55.974  2.316 0.0000000000
11213  -42.661  -61.550  -14.761 0.0000000000
125456  -43.556  -62.203  -16.767 0.0000000000
10344  -42.545  -62.307  -16.942 0.0000000000
137115  -42.047  -62.915  -19.067 0.0000000000
10405  -41.885  -62.998  -21.257 0.0000000000
10404  -40.660  -62.949  -21.170 0.0000000000
10403  -39.045  -62.197  -20.295 0.0000000000
11287  -38.315  -61.133  -20.534 0.0000000000
12069  -48.571  -60.313  -12.951 0.0000000000
117732  -48.165  -61.293  -14.807 0.0000000000
12067  -45.637  -60.547  -12.440 0.0000000000
11187  -44.386  -61.086  -13.214 0.0000000000
13620  -43.409  -58.668  -9.303 0.0000000000
12821  -43.331  -59.743  -10.528 0.0000000000
11186  -43.590  -61.101  -12.935 0.0000000000
11184  -41.626  -61.271  -12.807 0.0000000000
11183  -40.583  -61.282  -12.896 0.0000000000
12061  -39.165  -60.593  -12.499 0.0000000000
13652  -49.140  -58.850  -11.466 0.0000000000
14556  -47.698  -57.570  -9.429 0.0000000000
15548  -46.617  -56.876  -8.028 0.0000000000
15535  -49.102  -55.938  -7.275 0.0000000000
15533  -47.008  -56.192  -7.239 0.0000000000
15519  -45.494  -56.177  -6.847 0.0000000000
16545  -44.007  -55.513  -5.209 0.0000000000
16519  -42.477  -55.822  -3.704 0.0000000000
16518  -41.244  -55.723  -2.714 0.0000000000
12757  -49.594  -59.445  -2.258 0.0000000000
13556  -47.588  -59.199  -3.135 0.0000000000
13555  -45.761  -59.051  -2.997 0.0000000000
12727  -44.542  -59.493  -1.034 0.0000000000
13540  -43.910  -58.798  -1.415 0.0000000000
14480  -43.953  -57.908  -2.711 0.0000000000
14478  -42.791  -57.069  -2.198 0.0000000000
15460  -41.772  -56.310  -1.798 0.0000000000
10348  -47.614  -62.399  -17.314 0.0000000000
8523  -45.814  -63.521  -18.594 0.0000000000
10395  -45.121  -62.872  -19.767 0.0000000000
8557  -44.583  -64.000  -20.645 0.0000000000
13615  -38.733  -58.393  -9.632 0.0000000000
121278  -38.683  -59.621  -11.459 0.0000000000
12857  -38.540  -59.639  -13.145 0.0000000000
121459  -38.768  -58.322  -12.955 0.0000000000
12863  -38.591  -59.754  -14.683 0.0000000000
12885  -38.607  -59.883  -16.378 0.0000000000
12922  -38.901  -59.669  -18.555 0.0000000000
16503  -40.550  -55.509  -2.493 0.0000000000
16517  -40.190  -55.484  -3.406 0.0000000000
9397  -48.210  -62.687  -16.147 0.0000000000
11239  -48.412  -61.919  -16.028 0.0000000000
11231  -39.793  -61.493  -15.502 0.0000000000
11250  -40.264  -61.823  -16.366 0.0000000000
11249  -39.218  -61.460  -16.486 0.0000000000
11230  -38.961  -61.103  -15.491 0.0000000000
14533  -45.431  -57.672  -8.644 0.0000000000
13605  -45.509  -58.209  -9.307 0.0000000000
14528  -40.391  -57.716  -8.165 0.0000000000
13600  -40.810  -58.302  -8.644 0.0000000000
13617  -40.262  -58.815  -9.222 0.0000000000
13599  -39.812  -58.239  -8.717 0.0000000000
12811  -52.153  -58.632  -10.604 0.0000000000
13640  -52.303  -58.399  -10.576 0.0000000000
129600  -51.472  -57.248  -9.976 0.0000000000
15566  -51.941  -56.979  -9.309 0.0000000000
14503  -46.643  -56.788  -4.690 0.0000000000
14502  -45.761  -56.823  -4.391 0.0000000000
15486  -44.970  -56.842  -4.077 0.0000000000
14493  -44.576  -57.566  -3.411 0.0000000000
123863  -46.506  -60.698  1.134 0.0000000000
11878  -47.587  -61.012  1.150 0.0000000000
127049  -47.540  -60.764  0.227 0.0000000000
11911  -48.610  -60.695  -0.100 0.0000000000
11910  -46.646  -60.594  -0.224 0.0000000000
15415  -42.728  -56.202  1.129 0.0000000000
16463  -42.109  -55.822  0.694 0.0000000000
11215  -44.769  -61.464  -14.805 0.0000000000
11235  -44.458  -61.701  -15.525 0.0000000000
15611  -40.450  -56.685  -13.454 0.0000000000
14652  -40.741  -57.656  -15.432 0.0000000000
14638  -41.209  -57.225  -14.853 0.0000000000
16561  -43.337  -55.654  -5.827 0.0000000000
16560  -42.433  -55.637  -5.656 0.0000000000
16542  -40.549  -55.560  -5.264 0.0000000000
16559  -40.884  -55.739  -6.022 0.0000000000
16558  -39.920  -55.735  -5.922 0.0000000000
15514  -40.308  -56.171  -6.559 0.0000000000
14504  -48.610  -57.471  -4.501 0.0000000000
133675  -48.120  -58.341  -3.824 0.0000000000
11860  -46.251  -60.252  2.201 0.0000000000
12683  -45.642  -59.577  2.061 0.0000000000
12682  -45.244  -59.693  1.078 0.0000000000
15417  -44.042  -56.833  2.037 0.0000000000
8504  -44.779  -64.658  -17.798 0.0000000000
11233  -42.429  -61.731  -15.463 0.0000000000
11252  -42.995  -61.979  -16.094 0.0000000000
11251  -42.065  -62.004  -16.141 0.0000000000
10358  -40.701  -62.436  -17.775 0.0000000000
10376  -41.631  -62.738  -18.432 0.0000000000
10392  -41.438  -62.973  -19.391 0.0000000000
122941  -41.012  -63.086  -20.291 0.0000000000
10373  -38.978  -62.035  -19.063 0.0000000000
10389  -38.773  -61.840  -19.636 0.0000000000
10416  -38.645  -61.753  -20.907 0.0000000000
11282  -38.409  -61.252  -19.770 0.0000000000
12835  -48.247  -59.577  -11.915 0.0000000000
12848  -47.440  -60.185  -12.362 0.0000000000
12066  -44.770  -60.686  -12.454 0.0000000000
116771  -44.161  -60.438  -11.702 0.0000000000
13603  -43.958  -58.156  -8.801 0.0000000000
13602  -42.927  -58.139  -8.613 0.0000000000
12039  -42.617  -60.165  -10.833 0.0000000000
12065  -43.190  -60.788  -12.074 0.0000000000
11185  -42.696  -61.192  -12.824 0.0000000000
12063  -40.950  -61.049  -12.120 0.0000000000
12062  -39.938  -60.957  -12.258 0.0000000000
11182  -39.635  -61.087  -13.072 0.0000000000
12046  -39.416  -60.475  -11.698 0.0000000000
14557  -48.963  -57.302  -9.592 0.0000000000
13624  -48.440  -57.940  -10.271 0.0000000000
14535  -47.129  -57.259  -8.696 0.0000000000
16568  -50.273  -56.074  -6.747 0.0000000000
16574  -50.211  -56.068  -7.186 0.0000000000
16567  -49.262  -55.794  -6.613 0.0000000000
130072  -46.429  -55.536  -5.835 0.0000000000
16565  -46.950  -55.633  -6.328 0.0000000000
16564  -46.021  -55.611  -6.212 0.0000000000
15520  -46.316  -56.003  -6.777 0.0000000000
16563  -45.168  -55.617  -6.095 0.0000000000
16562  -44.254  -55.623  -5.959 0.0000000000
16546  -44.895  -55.534  -5.397 0.0000000000
16520  -43.217  -55.971  -3.961 0.0000000000
138070  -42.253  -55.967  -3.104 0.0000000000
130043  -41.709  -55.706  -3.304 0.0000000000
16505  -41.752  -55.973  -2.600 0.0000000000
130221  -46.916  -60.264  -1.788 0.0000000000
130383  -47.498  -59.817  -2.360 0.0000000000
12755  -46.528  -59.618  -2.571 0.0000000000
129838  -46.586  -58.973  -3.257 0.0000000000
12754  -45.430  -59.587  -2.274 0.0000000000
12693  -44.760  -59.452  0.454 0.0000000000
12706  -44.631  -59.526  -0.221 0.0000000000
13515  -44.270  -58.971  0.266 0.0000000000
14459  -43.216  -57.941  -0.443 0.0000000000
13553  -44.146  -58.667  -2.259 0.0000000000
13552  -43.519  -58.169  -2.019 0.0000000000
14479  -43.353  -57.445  -2.478 0.0000000000
14468  -42.705  -57.305  -1.546 0.0000000000
16475  -41.289  -55.699  -0.466 0.0000000000
16474  -40.718  -55.350  -0.793 0.0000000000
139041  -47.352  -61.308  -14.748 0.0000000000
11238  -48.226  -61.912  -16.307 0.0000000000
11237  -47.191  -61.626  -15.897 0.0000000000
10380  -45.960  -62.848  -18.646 0.0000000000
10381  -46.307  -62.590  -18.061 0.0000000000
123829  -44.971  -64.449  -18.635 0.0000000000
8543  -45.390  -63.504  -19.321 0.0000000000
10361  -43.693  -62.420  -17.618 0.0000000000
121019  -44.786  -62.474  -18.209 0.0000000000
10378  -44.120  -62.621  -18.794 0.0000000000
8567  -43.738  -64.181  -21.783 0.0000000000
9472  -44.627  -63.066  -20.661 0.0000000000
14526  -38.676  -57.394  -8.553 0.0000000000
131682  -38.239  -57.134  -8.828 0.0000000000
13634  -38.490  -58.980  -11.088 0.0000000000
12847  -38.570  -59.660  -12.231 0.0000000000
13651  -38.472  -58.503  -11.652 0.0000000000
14620  -39.331  -57.791  -13.428 0.0000000000
14602  -39.010  -57.585  -12.687 0.0000000000
13679  -38.928  -58.536  -13.680 0.0000000000
13700  -38.631  -59.312  -13.843 0.0000000000
125920  -38.564  -60.374  -16.039 0.0000000000
12864  -38.848  -59.322  -15.193 0.0000000000
13775  -39.651  -58.864  -17.285 0.0000000000
12903  -39.046  -59.478  -17.637 0.0000000000
117603  -41.078  -55.551  -3.810 0.0000000000
118453  -41.192  -55.505  -4.652 0.0000000000
16529  -39.376  -55.374  -4.103 0.0000000000
133126  -45.099  -57.575  2.849 0.0000000000
8484  -46.556  -63.785  -16.860 0.0000000000
11232  -40.806  -61.595  -15.132 0.0000000000
130249  -41.501  -61.756  -15.614 0.0000000000
135176  -40.708  -61.730  -15.775 0.0000000000
10391  -40.300  -62.735  -19.476 0.0000000000
10357  -39.770  -62.243  -18.041 0.0000000000
11275  -39.032  -61.892  -18.384 0.0000000000
118439  -38.587  -61.310  -17.962 0.0000000000
13636  -46.554  -58.700  -10.321 0.0000000000
13635  -45.573  -58.764  -10.008 0.0000000000
12822  -44.697  -59.014  -9.979 0.0000000000
13601  -41.842  -58.258  -8.639 0.0000000000
12806  -41.832  -59.328  -9.731 0.0000000000
12819  -41.291  -59.813  -10.292 0.0000000000
12038  -41.796  -60.262  -10.816 0.0000000000
12818  -40.247  -59.851  -10.313 0.0000000000
12817  -39.344  -59.689  -10.508 0.0000000000
129839  -50.198  -57.059  -9.677 0.0000000000
14537  -49.684  -56.706  -8.931 0.0000000000
15505  -48.833  -56.015  -5.708 0.0000000000
16549  -48.183  -55.702  -5.852 0.0000000000
15503  -46.912  -56.090  -5.240 0.0000000000
16535  -45.460  -55.687  -5.063 0.0000000000
16534  -44.571  -55.729  -4.733 0.0000000000
136357  -44.602  -56.235  -4.268 0.0000000000
15484  -43.538  -56.457  -3.544 0.0000000000
11912  -49.446  -60.704  -0.377 0.0000000000
11932  -48.783  -60.381  -0.896 0.0000000000
12731  -49.178  -59.940  -1.607 0.0000000000
13514  -43.720  -58.453  -0.022 0.0000000000
14449  -43.399  -57.737  0.417 0.0000000000
14448  -42.761  -57.319  -0.046 0.0000000000
14458  -42.689  -57.414  -0.850 0.0000000000
15449  -42.258  -56.781  -0.485 0.0000000000
15434  -41.783  -56.183  -0.061 0.0000000000
16462  -41.486  -55.468  0.324 0.0000000000
11216  -45.655  -61.400  -14.779 0.0000000000
124030  -46.662  -61.818  -16.307 0.0000000000
11236  -45.558  -61.690  -15.720 0.0000000000
10346  -45.881  -62.284  -17.419 0.0000000000
10362  -45.775  -62.542  -18.257 0.0000000000
17640  -39.664  -53.907  -11.658 0.0000000000
16617  -39.278  -55.466  -12.004 0.0000000000
15601  -39.956  -56.365  -12.842 0.0000000000
14621  -40.054  -57.353  -13.836 0.0000000000
13702  -39.657  -58.226  -14.788 0.0000000000
13728  -39.359  -58.689  -15.261 0.0000000000
13755  -40.353  -58.115  -16.109 0.0000000000
117416  -40.297  -58.354  -16.964 0.0000000000
15530  -44.008  -56.615  -7.196 0.0000000000
14519  -44.285  -57.175  -7.762 0.0000000000
15529  -43.123  -56.610  -7.129 0.0000000000
135053  -42.249  -56.665  -7.183 0.0000000000
133878  -41.744  -55.845  -6.174 0.0000000000
136411  -41.832  -56.297  -6.741 0.0000000000
14517  -41.819  -57.250  -7.644 0.0000000000
15527  -40.627  -56.665  -7.155 0.0000000000
14516  -40.945  -57.250  -7.629 0.0000000000
15526  -39.822  -56.598  -7.152 0.0000000000
15552  -51.841  -56.905  -8.660 0.0000000000
132443  -50.395  -56.305  -5.985 0.0000000000
126368  -50.767  -56.888  -5.407 0.0000000000
15498  -49.712  -56.458  -5.498 0.0000000000
15497  -48.758  -56.628  -5.193 0.0000000000
14496  -47.359  -57.581  -4.359 0.0000000000
14495  -46.350  -57.606  -4.145 0.0000000000
11888  -45.822  -60.371  0.698 0.0000000000
13499  -44.597  -58.970  1.005 0.0000000000
13477  -44.873  -58.111  2.247 0.0000000000
130395  -44.550  -58.373  1.525 0.0000000000
14431  -43.664  -57.362  1.270 0.0000000000
15416  -43.402  -56.516  1.556 0.0000000000
16448  -43.167  -55.707  1.841 0.0000000000
120179  -43.378  -61.463  -14.460 0.0000000000
11253  -44.022  -61.994  -16.186 0.0000000000
11234  -43.420  -61.672  -15.318 0.0000000000
10360  -42.652  -62.623  -17.989 0.0000000000
10377  -42.772  -62.831  -18.924 0.0000000000
10406  -43.071  -62.755  -21.428 0.0000000000
128228  -39.932  -62.693  -20.310 0.0000000000
10417  -39.469  -62.462  -21.251 0.0000000000
10435  -39.616  -62.471  -22.480 0.0000000000
10434  -38.700  -61.846  -21.823 0.0000000000
11291  -38.292  -61.149  -21.390 0.0000000000
11218  -48.900  -61.747  -15.545 0.0000000000
11202  -48.303  -60.872  -13.918 0.0000000000
116770  -47.292  -60.590  -13.095 0.0000000000
12082  -46.255  -60.781  -13.170 0.0000000000
11200  -45.953  -61.160  -13.978 0.0000000000
12081  -45.319  -60.955  -13.190 0.0000000000
11198  -44.096  -61.338  -14.057 0.0000000000
13604  -44.806  -58.159  -9.002 0.0000000000
13621  -44.302  -58.600  -9.427 0.0000000000
12808  -43.838  -59.173  -9.900 0.0000000000
121946  -44.031  -60.812  -12.471 0.0000000000
137543  -43.846  -61.223  -13.462 0.0000000000
11197  -43.258  -61.314  -13.631 0.0000000000
128532  -42.312  -61.383  -13.538 0.0000000000
120180  -42.023  -61.500  -14.230 0.0000000000
12048  -41.371  -60.645  -11.442 0.0000000000
11212  -41.038  -61.521  -14.363 0.0000000000
11195  -40.289  -61.383  -13.719 0.0000000000
11194  -39.425  -61.123  -13.910 0.0000000000
12083  -49.625  -60.803  -13.930 0.0000000000
132003  -48.013  -58.956  -11.160 0.0000000000
13637  -48.481  -58.506  -10.870 0.0000000000
119048  -47.555  -58.583  -10.582 0.0000000000
13623  -47.165  -58.153  -9.880 0.0000000000
14534  -46.265  -57.443  -8.633 0.0000000000
126527  -45.819  -57.120  -8.034 0.0000000000
15551  -50.917  -56.586  -8.787 0.0000000000
117057  -49.991  -56.341  -7.964 0.0000000000
15550  -48.698  -56.471  -8.041 0.0000000000
16566  -48.064  -55.600  -6.235 0.0000000000
15534  -48.028  -56.104  -7.332 0.0000000000
15549  -47.555  -56.655  -8.039 0.0000000000
15532  -46.107  -56.518  -7.426 0.0000000000
137408  -45.459  -56.744  -7.543 0.0000000000
15518  -44.546  -56.123  -6.645 0.0000000000
16544  -43.095  -55.523  -5.084 0.0000000000
16533  -43.641  -55.710  -4.578 0.0000000000
16532  -42.799  -55.670  -4.385 0.0000000000
16531  -41.935  -55.564  -4.188 0.0000000000
12756  -48.487  -59.589  -2.372 0.0000000000
13557  -49.007  -58.956  -3.139 0.0000000000
13569  -45.179  -58.364  -3.273 0.0000000000
11909  -45.874  -60.428  -0.093 0.0000000000
123794  -45.201  -60.029  -0.607 0.0000000000
12728  -45.257  -59.917  -1.470 0.0000000000
13526  -44.081  -59.001  -0.552 0.0000000000
12753  -44.598  -59.342  -1.874 0.0000000000
13554  -44.872  -58.979  -2.631 0.0000000000
13568  -44.521  -58.318  -2.869 0.0000000000
14492  -43.790  -57.137  -3.145 0.0000000000
15472  -43.118  -56.752  -2.872 0.0000000000
15461  -42.232  -56.821  -1.250 0.0000000000
135576  -42.344  -56.791  -1.867 0.0000000000
15471  -42.386  -56.422  -2.547 0.0000000000
16504  -41.176  -55.805  -2.082 0.0000000000
16488  -40.603  -55.460  -1.613 0.0000000000
9427  -47.588  -62.371  -17.443 0.0000000000
8506  -46.583  -63.488  -17.477 0.0000000000
135039  -47.182  -62.305  -17.026 0.0000000000
9443  -46.648  -62.989  -17.850 0.0000000000
123211  -45.627  -64.245  -17.870 0.0000000000
7638  -44.049  -65.088  -18.388 0.0000000000
10345  -44.711  -62.270  -17.271 0.0000000000
10396  -45.535  -62.976  -19.350 0.0000000000
10408  -44.672  -62.962  -20.550 0.0000000000
124043  -45.154  -62.946  -19.915 0.0000000000
9458  -45.061  -63.342  -20.026 0.0000000000
17561  -38.160  -54.647  -2.786 0.0000000000
16540  -38.500  -55.393  -5.310 0.0000000000
129273  -39.054  -56.553  -7.276 0.0000000000
14527  -39.427  -57.524  -8.228 0.0000000000
13598  -39.000  -58.059  -8.910 0.0000000000
13616  -39.352  -58.675  -9.394 0.0000000000
12803  -38.989  -59.120  -10.029 0.0000000000
14552  -38.071  -57.118  -9.381 0.0000000000
120056  -38.592  -58.693  -10.349 0.0000000000
12832  -39.013  -60.025  -11.173 0.0000000000
12045  -38.821  -60.151  -11.927 0.0000000000
12060  -38.691  -60.203  -12.764 0.0000000000
12092  -38.880  -60.726  -14.129 0.0000000000
15582  -38.767  -56.321  -11.749 0.0000000000
14584  -38.574  -57.473  -11.807 0.0000000000
14601  -38.617  -58.167  -12.286 0.0000000000
122098  -38.523  -59.874  -13.939 0.0000000000
11209  -38.824  -60.784  -14.805 0.0000000000
11248  -38.672  -60.961  -16.175 0.0000000000
12107  -38.528  -60.549  -16.718 0.0000000000
12114  -38.464  -60.646  -17.533 0.0000000000
12921  -38.570  -60.052  -17.871 0.0000000000
12122  -38.441  -60.580  -18.489 0.0000000000
12937  -38.570  -60.162  -19.306 0.0000000000
8505  -46.078  -64.087  -17.292 0.0000000000
8542  -44.579  -64.442  -19.665 0.0000000000
8568  -44.201  -63.518  -21.445 0.0000000000
9410  -47.195  -63.520  -16.444 0.0000000000
9426  -47.154  -63.012  -17.324 0.0000000000
9442  -46.172  -62.889  -18.420 0.0000000000
10347  -46.991  -62.611  -17.563 0.0000000000
10349  -47.897  -62.397  -17.087 0.0000000000
10350  -48.130  -62.125  -16.474 0.0000000000
10359  -41.628  -62.454  -17.461 0.0000000000
10363  -46.363  -62.592  -17.980 0.0000000000
10364  -46.960  -62.480  -17.703 0.0000000000
10379  -45.464  -62.780  -19.015 0.0000000000
10390  -39.384  -62.348  -19.583 0.0000000000
11196  -41.302  -61.431  -13.586 0.0000000000
11201  -47.083  -61.122  -14.022 0.0000000000
11256  -47.533  -61.901  -16.682 0.0000000000
11257  -47.912  -62.129  -16.697 0.0000000000
11263  -39.117  -61.696  -17.526 0.0000000000
12047  -40.336  -60.666  -11.520 0.0000000000
12050  -43.268  -60.311  -11.230 0.0000000000
12079  -38.632  -60.256  -13.617 0.0000000000
12080  -38.982  -60.674  -13.323 0.0000000000
12091  -38.617  -60.325  -14.409 0.0000000000
12102  -38.640  -60.498  -15.314 0.0000000000
12128  -38.397  -60.572  -19.997 0.0000000000
12805  -40.764  -59.365  -9.721 0.0000000000
12807  -42.857  -59.285  -9.803 0.0000000000
12816  -38.793  -59.404  -10.756 0.0000000000
12870  -38.586  -59.850  -15.604 0.0000000000
12871  -39.057  -59.189  -15.934 0.0000000000
12902  -38.573  -59.974  -17.158 0.0000000000
13570  -46.044  -58.334  -3.572 0.0000000000
13666  -38.516  -58.946  -12.445 0.0000000000
14514  -38.846  -56.978  -7.919 0.0000000000
14515  -40.094  -57.163  -7.640 0.0000000000
14518  -43.538  -57.061  -7.574 0.0000000000
14532  -44.536  -57.657  -8.407 0.0000000000
14553  -38.479  -57.676  -9.207 0.0000000000
14554  -46.017  -57.854  -9.100 0.0000000000
14555  -46.711  -57.736  -9.248 0.0000000000
14559  -52.437  -57.376  -9.871 0.0000000000
14572  -50.192  -57.562  -10.380 0.0000000000
14573  -52.272  -57.808  -10.357 0.0000000000
14574  -52.590  -57.926  -10.216 0.0000000000
14636  -39.545  -58.026  -14.162 0.0000000000
15494  -45.231  -56.088  -4.561 0.0000000000
15504  -47.913  -56.038  -5.482 0.0000000000
15528  -41.431  -56.705  -7.192 0.0000000000
15531  -44.816  -56.663  -7.359 0.0000000000
15536  -51.103  -56.514  -7.861 0.0000000000
15567  -52.186  -57.135  -9.287 0.0000000000
15583  -39.446  -56.094  -12.345 0.0000000000
15610  -39.668  -57.074  -13.140 0.0000000000
16489  -41.205  -55.816  -1.282 0.0000000000
16536  -46.267  -55.724  -5.423 0.0000000000
16543  -41.546  -55.570  -5.382 0.0000000000
16550  -48.950  -55.753  -6.084 0.0000000000
16551  -49.884  -56.019  -6.324 0.0000000000
16557  -38.829  -55.664  -5.990 0.0000000000
16573  -47.662  -55.771  -6.743 0.0000000000
17652  -39.829  -54.739  -12.136 0.0000000000
18613  -38.859  -54.078  -11.305 0.0000000000
119743  -41.180  -61.970  -16.251 0.0000000000
122998  -46.280  -61.546  -15.479 0.0000000000
124074  -43.091  -57.622  -1.892 0.0000000000
128377  -40.275  -58.522  -17.675 0.0000000000
128549  -38.362  -60.784  -19.301 0.0000000000
128559  -38.330  -58.058  -10.821 0.0000000000
128948  -49.466  -61.574  -14.919 0.0000000000
130382  -42.760  -57.249  -7.686 0.0000000000
130899  -38.605  -61.637  -20.225 0.0000000000
132273  -42.753  -61.437  -14.133 0.0000000000
133672  -41.739  -55.504  -4.802 0.0000000000
134551  -47.789  -61.481  -15.454 0.0000000000
134944  -52.599  -57.904  -10.004 0.0000000000
135231  -45.461  -62.888  -19.560 0.0000000000
135589  -46.245  -63.525  -17.954 0.0000000000
136586  -51.505  -57.646  -10.499 0.0000000000
136630  -48.388  -55.740  -6.792 0.0000000000
136688  -38.589  -58.970  -13.202 0.0000000000
137444  -38.511  -59.179  -11.749 0.0000000000
137713  -42.866  -57.657  -8.158 0.0000000000
138039  -52.537  -58.218  -10.349 0.0000000000
