#!ascii label  , from subject sub-v1s3x0050821_ses-1 vox2ras=TkReg
768
54725  20.333  -19.348  -19.393 0.1428571492
54710  19.914  -19.852  -18.909 0.1428571492
55729  20.588  -18.476  -20.674 0.1428571492
54708  21.516  -19.305  -18.318 0.1428571492
55705  21.409  -18.422  -19.750 0.2857142985
55706  20.096  -19.092  -20.193 0.1428571492
55685  21.847  -18.639  -18.736 0.1428571492
125542  21.737  -17.377  -21.271 0.5714285970
56721  21.995  -17.835  -19.908 0.1428571492
57785  23.845  -16.628  -19.860 0.2857142985
56720  23.452  -17.226  -19.406 0.2857142985
57784  24.702  -16.380  -19.643 0.1428571492
59778  26.355  -14.322  -21.780 0.2857142985
59762  25.680  -14.816  -21.339 0.1428571492
59779  24.997  -15.157  -21.860 0.2857142985
61710  27.786  -12.947  -22.925 0.2857142985
60767  27.258  -13.976  -21.764 0.2857142985
62646  28.446  -11.658  -23.665 0.2857142985
61720  27.983  -12.350  -23.485 0.2857142985
64490  29.905  -9.649  -23.955 0.2857142985
67437  32.846  -6.340  -25.781 0.8571428657
118385  31.345  -7.843  -24.796 0.4285714328
63568  30.116  -10.331  -23.382 0.2857142985
68381  35.444  -5.262  -27.526 0.7142857313
68370  34.913  -5.563  -26.668 0.7142857313
67446  34.148  -5.812  -26.145 0.7142857313
66505  31.523  -7.365  -25.459 0.7142857313
68395  37.496  -5.784  -28.795 0.8571428657
68380  36.563  -5.505  -27.836 0.5714285970
68397  35.753  -4.882  -28.373 0.8571428657
123917  33.901  -5.471  -26.924 0.7142857313
67447  33.337  -5.846  -26.347 0.7142857313
68420  37.967  -5.831  -31.634 0.4285714328
68412  37.287  -5.379  -29.680 0.7142857313
68396  36.620  -5.046  -28.881 0.8571428657
69370  37.897  -3.845  -34.186 0.2857142985
69371  37.573  -3.816  -33.512 0.5714285970
130266  37.464  -5.184  -31.514 0.8571428657
68428  37.661  -4.806  -32.704 0.7142857313
68421  36.960  -5.008  -30.648 0.8571428657
71197  37.280  -3.132  -32.690 0.1428571492
70296  37.975  -3.655  -34.129 0.1428571492
70297  37.832  -3.592  -33.658 0.4285714328
69363  37.529  -4.136  -33.706 0.5714285970
69355  37.138  -4.617  -32.128 0.8571428657
74078  35.424  0.250  -31.921 0.1428571492
116007  37.108  -2.338  -31.679 0.1428571492
72200  35.946  -1.504  -31.965 0.1428571492
71202  37.363  -3.319  -32.787 0.4285714328
69364  36.768  -4.050  -32.736 0.8571428657
130817  33.933  2.324  -29.945 0.1428571492
75002  35.203  0.922  -31.625 0.1428571492
74048  34.510  1.306  -30.711 0.1428571492
73144  35.195  -0.388  -32.073 0.1428571492
73145  34.507  -0.661  -31.564 0.4285714328
134119  35.855  -2.190  -32.034 0.5714285970
70293  35.691  -3.087  -32.196 0.7142857313
120716  35.240  -3.818  -32.071 0.8571428657
74991  33.942  1.538  -29.695 0.1428571492
75914  32.783  2.361  -28.347 0.1428571492
74049  33.703  0.620  -29.550 0.1428571492
74067  34.186  0.299  -30.454 0.5714285970
72203  34.071  -1.606  -31.453 0.8571428657
70294  34.743  -3.241  -32.019 0.8571428657
71200  34.508  -2.238  -31.858 0.8571428657
76804  32.318  3.518  -28.153 0.1428571492
140034  31.812  3.365  -27.633 0.2857142985
74978  32.617  1.561  -28.305 0.1428571492
74965  32.036  2.156  -27.801 0.8571428657
73131  33.872  -0.541  -30.629 0.8571428657
72202  34.849  -1.259  -32.011 0.7142857313
73116  32.303  -0.482  -29.470 0.8571428657
78584  30.050  5.536  -27.276 0.1428571492
79432  30.293  6.413  -27.553 0.1428571492
76806  31.093  3.518  -27.348 0.4285714328
75902  29.691  2.794  -27.540 0.8571428657
74966  31.088  2.027  -27.596 0.8571428657
74051  31.809  0.006  -28.857 0.8571428657
77724  29.711  4.555  -27.285 0.4285714328
74967  30.056  2.014  -27.690 0.8571428657
74980  30.609  1.296  -28.033 0.8571428657
74981  29.454  1.262  -28.302 0.8571428657
120504  29.486  7.008  -27.425 0.1428571492
80333  28.556  7.396  -27.427 0.2857142985
128029  29.400  6.151  -27.300 0.5714285970
78586  28.433  5.868  -27.298 0.8571428657
78585  29.033  5.196  -27.315 0.8571428657
117473  28.629  4.084  -27.536 0.8571428657
75903  28.831  3.055  -27.720 0.8571428657
75915  29.078  2.182  -27.897 0.8571428657
81228  28.629  8.290  -27.724 0.2857142985
81229  27.665  7.987  -27.692 0.7142857313
79433  28.801  6.625  -27.311 0.5714285970
79434  27.993  6.565  -27.312 0.8571428657
133511  27.080  4.910  -27.706 0.8571428657
137771  26.536  4.946  -28.298 0.8571428657
76820  28.007  3.353  -28.114 0.8571428657
80335  26.914  7.237  -27.818 0.8571428657
129711  26.738  7.866  -28.098 0.8571428657
78598  26.648  5.700  -28.001 0.8571428657
79450  25.934  6.599  -28.738 0.7142857313
78599  26.208  6.052  -28.591 0.7142857313
125503  26.998  8.654  -28.122 0.8571428657
81245  26.052  8.164  -28.526 0.8571428657
79449  26.479  6.551  -28.221 0.8571428657
81262  25.235  8.013  -29.205 0.8571428657
82180  25.223  9.544  -29.210 0.8571428657
80351  25.598  7.273  -28.945 0.7142857313
83044  25.785  10.493  -28.993 0.7142857313
83903  25.301  11.142  -29.561 0.8571428657
83912  24.437  11.045  -30.136 0.8571428657
123411  23.836  12.058  -30.597 0.7142857313
83059  24.763  10.217  -29.649 0.8571428657
85559  26.373  13.796  -31.307 0.1428571492
83911  25.032  11.796  -29.919 0.8571428657
129127  24.730  12.535  -30.236 0.7142857313
84745  23.878  13.011  -30.582 0.7142857313
128769  24.389  11.762  -30.297 0.8571428657
87354  25.099  15.604  -31.391 0.1428571492
85552  24.271  13.949  -30.490 0.5714285970
86459  23.774  14.533  -30.681 0.5714285970
88260  21.839  15.869  -31.773 0.5714285970
87356  23.650  15.734  -31.162 0.1428571492
87367  24.613  16.371  -32.057 0.1428571492
89111  20.823  16.806  -32.976 0.5714285970
88270  23.520  17.318  -33.269 0.1428571492
89124  22.863  17.706  -34.145 0.1428571492
89110  21.608  17.219  -32.632 0.1428571492
89137  22.445  18.263  -34.200 0.1428571492
88271  22.094  16.713  -31.953 0.5714285970
89138  21.681  18.428  -33.942 0.1428571492
89831  21.593  19.126  -34.618 0.1428571492
138174  21.894  19.200  -34.634 0.1428571492
90483  20.819  19.747  -35.617 0.1428571492
53820  19.502  -20.480  -18.554 0.1428571492
55704  22.263  -18.070  -19.208 0.1428571492
56700  23.056  -17.779  -18.909 0.2857142985
120501  22.662  -17.526  -19.650 0.2857142985
58785  25.872  -15.210  -20.545 0.2857142985
58804  25.100  -15.328  -20.989 0.1428571492
63578  29.267  -10.249  -24.104 0.2857142985
63569  28.807  -10.996  -23.884 0.2857142985
66504  32.419  -6.986  -25.205 0.4285714328
121435  30.891  -8.346  -24.583 0.5714285970
125540  38.118  -6.761  -30.728 0.2857142985
67438  32.015  -6.675  -26.063 0.7142857313
68427  37.925  -5.351  -32.992 0.1428571492
69343  36.157  -4.678  -30.255 0.8571428657
70299  36.541  -3.611  -32.559 0.7142857313
75913  33.413  2.799  -29.333 0.1428571492
74036  33.241  1.030  -28.770 0.8571428657
74050  32.854  0.221  -28.970 0.8571428657
121898  32.780  -0.950  -30.348 0.8571428657
74039  30.240  0.548  -28.618 0.8571428657
134337  25.696  11.744  -29.671 0.8571428657
128211  24.734  13.398  -30.350 0.7142857313
86458  24.553  14.707  -30.594 0.2857142985
124579  23.901  16.799  -32.288 0.1428571492
88283  23.787  17.255  -34.574 0.1428571492
56734  22.255  -17.429  -20.449 0.4285714328
57796  23.509  -16.540  -20.712 0.2857142985
56733  23.047  -17.013  -20.169 0.4285714328
133186  22.641  -16.977  -21.101 0.2857142985
58786  24.597  -15.728  -20.778 0.1428571492
122167  27.025  -14.403  -21.251 0.2857142985
60781  27.594  -13.475  -22.349 0.2857142985
60782  26.717  -13.802  -22.577 0.2857142985
59792  26.087  -14.251  -22.563 0.2857142985
60792  27.175  -13.327  -23.015 0.2857142985
65496  30.800  -7.926  -25.345 0.7142857313
135675  35.888  -0.043  -31.723 0.1428571492
76805  31.777  3.997  -27.722 0.1428571492
77723  30.592  4.914  -27.367 0.2857142985
78583  30.797  5.629  -27.610 0.1428571492
75901  30.600  2.719  -27.433 0.8571428657
71201  33.692  -2.271  -31.423 1.0000000000
80332  29.332  7.773  -27.643 0.1428571492
81227  29.202  8.398  -27.904 0.1428571492
81244  27.978  8.920  -27.991 0.2857142985
78613  26.147  5.411  -28.725 0.8571428657
82162  27.339  9.554  -28.376 0.5714285970
83058  26.829  10.929  -28.882 0.5714285970
83902  26.158  11.363  -29.322 0.5714285970
85551  25.029  14.071  -30.443 0.4285714328
84743  26.379  12.682  -30.234 0.2857142985
85549  26.144  13.350  -30.641 0.2857142985
85550  25.671  13.949  -30.704 0.1428571492
87344  24.706  15.297  -30.852 0.1428571492
87355  24.380  15.843  -31.232 0.1428571492
89817  20.561  18.356  -33.730 0.2857142985
89125  21.984  17.876  -33.409 0.1428571492
90484  20.751  19.872  -35.392 0.1428571492
121382  20.683  19.947  -35.658 0.1428571492
88269  24.213  16.852  -32.943 0.1428571492
90482  21.462  19.622  -34.840 0.1428571492
91799  20.175  20.674  -35.621 0.1428571492
90481  22.101  18.935  -34.596 0.1428571492
83042  27.549  10.375  -28.670 0.4285714328
83057  27.779  11.106  -29.150 0.4285714328
83901  26.999  11.607  -29.393 0.4285714328
84734  27.048  12.146  -29.923 0.4285714328
84744  25.619  12.363  -29.930 0.5714285970
119381  25.501  13.212  -30.318 0.5714285970
54724  21.066  -18.998  -19.058 0.1428571492
134898  20.682  -18.921  -19.893 0.1428571492
53834  19.128  -20.118  -19.293 0.1428571492
56735  21.462  -17.912  -20.614 0.4285714328
55730  19.819  -18.633  -20.749 0.2857142985
57795  24.292  -16.150  -20.370 0.1428571492
68371  33.076  -5.748  -27.257 0.7142857313
67482  37.700  -5.688  -30.601 0.8571428657
68413  36.597  -4.852  -29.659 0.8571428657
68431  37.883  -4.504  -34.126 0.5714285970
71203  36.688  -3.034  -32.475 0.5714285970
73130  34.566  0.098  -31.325 0.2857142985
71188  36.435  -1.861  -31.696 0.1428571492
72201  35.415  -1.172  -32.042 0.1428571492
75900  31.501  2.770  -27.526 0.5714285970
72190  33.472  -1.299  -30.941 0.8571428657
74037  32.271  0.761  -28.477 0.8571428657
76807  29.564  3.622  -27.422 0.8571428657
78587  27.472  5.727  -27.477 0.8571428657
77725  27.957  4.955  -27.420 0.8571428657
76808  27.536  4.139  -27.803 0.8571428657
79435  27.136  6.490  -27.623 0.8571428657
82163  26.406  9.229  -28.465 0.8571428657
134943  25.901  9.699  -28.719 0.8571428657
85560  25.848  14.406  -31.224 0.1428571492
88259  22.799  16.012  -31.445 0.5714285970
86467  23.148  15.065  -31.029 0.5714285970
88268  24.697  16.329  -33.383 0.1428571492
89126  21.162  17.704  -33.280 0.4285714328
89109  22.454  17.467  -32.770 0.1428571492
88282  23.988  16.668  -34.311 0.1428571492
125884  23.110  16.944  -32.019 0.1428571492
128834  22.128  18.801  -34.447 0.1428571492
58784  26.790  -15.282  -20.306 0.1428571492
83043  26.644  10.104  -28.611 0.5714285970
90490  19.990  20.108  -35.720 0.1428571492
60794  25.831  -14.174  -23.889 0.5714285970
60803  25.306  -14.156  -24.542 0.5714285970
128438  24.082  -14.177  -24.483 0.2857142985
61722  26.767  -13.014  -24.405 0.5714285970
61733  25.350  -13.295  -25.084 0.5714285970
58836  23.437  -15.476  -23.577 0.4285714328
60802  26.043  -13.617  -24.545 0.5714285970
60805  23.314  -13.928  -24.224 0.2857142985
60804  24.630  -13.846  -24.767 0.4285714328
63579  28.540  -10.729  -24.644 0.4285714328
62670  27.174  -11.595  -25.418 0.5714285970
61747  26.443  -12.116  -25.415 0.5714285970
61748  25.682  -12.390  -25.396 0.4285714328
63586  28.271  -10.532  -25.496 0.5714285970
62669  27.614  -10.810  -25.738 0.5714285970
64510  28.660  -9.905  -25.994 0.7142857313
63599  28.066  -10.242  -26.247 0.4285714328
65498  29.692  -8.945  -25.972 0.4285714328
120619  23.909  -13.449  -24.599 0.2857142985
135363  23.261  -13.075  -24.367 0.2857142985
62672  25.848  -11.582  -25.622 0.4285714328
64509  29.261  -9.497  -25.555 0.7142857313
66517  30.712  -7.896  -27.068 0.7142857313
65520  29.327  -8.821  -27.848 0.4285714328
66541  31.098  -7.596  -28.393 0.7142857313
66543  30.032  -7.886  -28.368 0.5714285970
67471  30.722  -7.242  -28.621 0.7142857313
67472  29.738  -6.849  -28.436 0.2857142985
66506  30.859  -7.661  -26.085 0.5714285970
66516  31.325  -7.252  -26.562 0.5714285970
66528  30.676  -8.180  -28.028 0.7142857313
68384  32.871  -6.045  -28.392 0.7142857313
67479  31.842  -6.488  -29.441 0.7142857313
68415  32.315  -6.271  -29.776 0.7142857313
68416  31.729  -5.980  -29.674 0.7142857313
68401  30.328  -6.203  -28.715 0.4285714328
118894  31.189  -5.027  -29.310 0.4285714328
68382  34.504  -5.207  -27.599 0.5714285970
67457  32.372  -6.366  -27.730 0.5714285970
124091  34.989  -4.870  -28.161 0.5714285970
127018  33.742  -5.535  -29.829 0.5714285970
124468  33.036  -6.037  -30.228 0.7142857313
68424  32.572  -5.709  -30.290 0.7142857313
70289  32.524  -3.727  -30.635 0.7142857313
69346  31.684  -4.925  -29.802 0.7142857313
70275  31.311  -3.883  -29.959 0.5714285970
71178  30.312  -2.543  -30.155 0.5714285970
69356  36.378  -4.588  -31.502 0.7142857313
69358  34.592  -5.128  -30.871 0.5714285970
69345  34.528  -4.974  -29.777 0.5714285970
68422  33.991  -5.194  -31.297 0.7142857313
68423  33.323  -5.500  -30.863 0.7142857313
70288  33.296  -4.138  -31.281 0.8571428657
133020  30.273  -3.957  -29.353 0.4285714328
117318  31.975  -2.691  -30.745 0.7142857313
71191  30.558  -2.025  -30.623 0.7142857313
72192  30.917  -1.623  -30.462 0.7142857313
71192  29.770  -2.045  -30.464 0.5714285970
72193  30.034  -1.513  -30.540 0.7142857313
69357  35.468  -4.777  -31.111 0.5714285970
69360  32.910  -4.951  -30.935 0.7142857313
119191  33.011  -2.810  -30.943 0.8571428657
71189  32.245  -2.069  -31.053 0.8571428657
73134  30.237  -0.966  -30.360 0.7142857313
73135  29.521  -0.877  -30.296 0.5714285970
139099  28.072  0.610  -29.231 0.2857142985
70295  33.889  -3.137  -31.428 0.7142857313
73133  30.919  -0.996  -30.018 0.7142857313
74993  27.252  1.649  -29.351 0.7142857313
72191  32.201  -1.697  -30.775 0.7142857313
73118  30.510  -0.525  -29.682 0.8571428657
73119  29.759  -0.423  -30.018 0.8571428657
75916  28.287  2.560  -28.340 0.8571428657
74053  29.979  -0.005  -29.297 0.8571428657
74992  27.940  1.289  -29.046 0.5714285970
74982  28.491  1.686  -28.511 0.8571428657
75917  27.545  2.872  -28.667 0.8571428657
75927  26.957  2.474  -29.213 0.7142857313
74052  30.851  -0.068  -28.947 0.8571428657
76832  26.949  3.146  -28.899 0.8571428657
76821  27.233  3.559  -28.446 0.8571428657
77726  26.807  4.272  -28.275 0.8571428657
77750  26.173  4.557  -28.971 0.7142857313
119623  24.867  8.721  -29.443 0.7142857313
81263  24.474  7.970  -29.748 0.7142857313
82181  24.611  9.327  -29.670 0.5714285970
81278  23.815  7.995  -30.411 0.7142857313
128028  24.213  8.708  -29.997 0.7142857313
83071  24.055  10.236  -30.296 0.7142857313
83072  23.568  10.725  -30.653 0.8571428657
83920  23.051  11.430  -30.955 0.7142857313
126129  23.278  9.777  -30.822 0.7142857313
84755  21.873  12.875  -32.289 0.7142857313
85570  21.696  13.677  -32.593 0.7142857313
127599  21.470  12.999  -33.058 0.5714285970
84753  23.059  12.354  -30.951 0.7142857313
85562  22.074  13.601  -31.654 0.7142857313
85575  21.209  13.682  -33.128 0.5714285970
86476  21.427  14.476  -32.785 0.4285714328
87368  20.678  14.737  -33.246 0.5714285970
85561  22.663  13.596  -31.125 0.5714285970
85576  20.530  13.644  -33.389 0.5714285970
88273  20.489  15.678  -33.224 0.5714285970
88285  19.290  16.550  -33.576 0.5714285970
126834  19.278  15.523  -33.644 0.5714285970
121531  19.437  14.597  -33.648 0.4285714328
86482  20.053  14.021  -33.535 0.4285714328
89140  17.432  16.674  -34.371 0.5714285970
88286  18.132  15.506  -33.872 0.5714285970
88284  20.091  16.369  -33.380 0.5714285970
88291  17.319  15.716  -34.094 0.4285714328
83942  19.255  11.795  -33.334 0.4285714328
89141  16.807  16.935  -34.378 0.5714285970
90495  14.707  19.518  -35.268 0.4285714328
66503  33.297  -6.799  -25.122 0.2857142985
69344  35.319  -4.610  -29.973 0.5714285970
140017  14.790  18.867  -34.908 0.4285714328
89836  14.940  18.406  -34.390 0.2857142985
59804  25.137  -14.706  -23.878 0.5714285970
58835  24.116  -15.537  -23.150 0.5714285970
130659  27.417  -12.429  -24.235 0.2857142985
59815  24.578  -14.550  -24.360 0.5714285970
136454  27.917  -11.928  -24.075 0.2857142985
62655  27.600  -11.847  -24.712 0.5714285970
59816  23.814  -14.797  -24.183 0.2857142985
61749  24.872  -12.364  -25.278 0.4285714328
62671  26.506  -11.427  -25.663 0.4285714328
63587  26.913  -10.917  -25.905 0.5714285970
61735  23.637  -12.608  -24.670 0.2857142985
126220  25.202  -11.745  -25.483 0.2857142985
64534  29.223  -9.172  -27.368 0.5714285970
67445  35.539  -6.244  -26.233 0.2857142985
66531  27.861  -7.691  -27.581 0.2857142985
73132  31.700  -1.129  -30.062 0.8571428657
74054  28.642  0.177  -29.448 0.7142857313
79468  25.358  6.548  -29.270 0.7142857313
80364  24.805  7.157  -29.535 0.7142857313
79469  24.807  6.432  -29.714 0.7142857313
83928  22.313  11.157  -31.796 0.7142857313
87374  18.200  14.654  -33.718 0.2857142985
84746  23.037  13.067  -30.943 0.5714285970
86469  21.866  14.421  -31.831 0.5714285970
86468  22.454  14.338  -31.272 0.5714285970
87358  21.313  15.434  -32.603 0.5714285970
126111  17.586  17.770  -34.622 0.5714285970
89839  16.928  18.819  -35.170 0.2857142985
63601  26.619  -10.311  -26.264 0.4285714328
61721  27.288  -12.946  -23.629 0.2857142985
69332  35.115  -4.656  -28.983 0.7142857313
67448  32.548  -6.170  -26.650 0.5714285970
69365  35.830  -4.212  -31.961 0.7142857313
69367  34.183  -4.276  -31.637 0.7142857313
69366  34.837  -4.595  -31.516 0.7142857313
83913  23.860  11.389  -30.542 0.8571428657
65488  29.744  -9.034  -25.103 0.5714285970
65497  30.271  -8.358  -26.354 0.5714285970
125746  25.630  5.247  -29.347 0.7142857313
68383  33.652  -5.498  -27.954 0.5714285970
60793  26.569  -13.554  -23.605 0.5714285970
59805  24.356  -15.137  -23.803 0.5714285970
61731  26.987  -12.413  -24.988 0.5714285970
61732  26.264  -12.922  -25.100 0.5714285970
61734  24.420  -12.964  -24.944 0.4285714328
62654  27.916  -11.193  -25.092 0.5714285970
64523  29.176  -9.421  -26.563 0.5714285970
129696  27.865  -9.931  -26.677 0.4285714328
65509  29.686  -8.916  -27.023 0.5714285970
127140  29.737  -8.847  -27.740 0.7142857313
65519  30.101  -8.571  -28.139 0.5714285970
66529  29.568  -8.296  -28.174 0.4285714328
65521  28.384  -8.641  -27.539 0.4285714328
64536  27.906  -9.333  -27.118 0.4285714328
66527  31.220  -7.543  -27.716 0.7142857313
67458  31.685  -7.015  -28.231 0.7142857313
66544  29.193  -7.451  -28.215 0.2857142985
67470  31.581  -6.937  -28.944 0.7142857313
68399  33.339  -5.846  -29.207 0.7142857313
68400  32.550  -6.317  -29.453 0.7142857313
69361  32.134  -4.505  -30.283 0.7142857313
70290  31.810  -3.507  -30.301 0.7142857313
73120  29.067  -0.300  -30.057 0.5714285970
74055  27.872  0.223  -29.615 0.2857142985
133493  28.609  0.826  -28.812 0.8571428657
84754  22.337  12.755  -31.389 0.8571428657
89128  18.386  16.781  -34.035 0.7142857313
89840  16.159  18.781  -35.086 0.5714285970
130118  15.561  18.271  -34.597 0.4285714328
63589  25.086  -10.838  -25.694 0.1428571492
63602  25.744  -10.158  -26.122 0.4285714328
56736  20.115  -18.065  -21.288 0.4285714328
122005  29.035  -12.490  -22.483 0.1428571492
61709  28.359  -12.555  -22.824 0.1428571492
61719  28.692  -11.985  -23.015 0.1428571492
65486  31.700  -8.303  -24.250 0.1428571492
63557  29.847  -11.098  -22.929 0.1428571492
62636  29.467  -11.785  -22.662 0.1428571492
65485  32.539  -8.226  -24.123 0.1428571492
64489  30.666  -9.560  -23.639 0.1428571492
66492  32.933  -7.495  -24.592 0.1428571492
67456  36.914  -6.302  -27.162 0.2857142985
67476  38.312  -7.373  -29.886 0.1428571492
78614  25.753  5.956  -29.053 0.5714285970
92447  21.467  21.575  -34.425 0.1428571492
77751  25.559  4.515  -29.750 0.4285714328
127875  21.066  23.164  -34.464 0.1428571492
130831  20.008  20.240  -35.598 0.1428571492
79482  24.453  6.681  -30.087 0.4285714328
80375  24.201  7.286  -30.239 0.5714285970
81279  23.251  8.002  -31.282 0.4285714328
93114  16.716  23.257  -37.337 0.2857142985
91121  16.584  20.738  -36.771 0.2857142985
128934  18.331  18.961  -34.799 0.2857142985
91120  18.058  20.569  -35.974 0.2857142985
80401  22.801  7.239  -32.588 0.1428571492
82207  22.807  8.883  -31.664 0.5714285970
83081  22.787  10.504  -31.238 0.5714285970
115552  15.207  21.932  -39.010 0.2857142985
123700  19.589  17.563  -33.599 0.4285714328
81303  22.503  8.555  -32.960 0.4285714328
83090  22.153  10.467  -32.901 0.5714285970
91122  15.505  20.641  -37.915 0.2857142985
82233  21.554  9.148  -33.501 0.4285714328
83100  21.159  10.055  -33.469 0.2857142985
91123  14.308  20.664  -37.224 0.1428571492
90496  15.835  20.223  -36.349 0.1428571492
130048  14.958  20.676  -37.879 0.1428571492
83101  19.905  10.015  -33.329 0.1428571492
84771  19.866  12.424  -33.507 0.4285714328
91124  13.907  20.911  -36.280 0.1428571492
115521  14.185  21.565  -37.566 0.1428571492
115474  14.899  23.452  -37.268 0.1428571492
83941  20.081  11.618  -33.486 0.2857142985
91119  14.239  20.658  -34.909 0.2857142985
90487  13.631  19.495  -34.012 0.1428571492
91806  13.814  21.768  -35.953 0.1428571492
115529  14.366  22.587  -36.685 0.1428571492
133722  14.120  21.333  -35.035 0.1428571492
92450  13.842  22.010  -34.557 0.1428571492
115542  14.032  22.689  -35.196 0.1428571492
131564  14.290  22.467  -33.036 0.1428571492
56747  21.179  -17.148  -21.779 0.4285714328
57816  21.338  -16.515  -22.246 0.2857142985
60780  28.473  -13.178  -22.280 0.1428571492
64488  31.616  -9.567  -23.373 0.1428571492
66502  34.608  -7.001  -25.147 0.1428571492
136578  24.570  5.923  -30.384 0.2857142985
86460  23.079  14.244  -30.944 0.4285714328
89833  19.425  19.192  -34.643 0.2857142985
115651  15.300  23.149  -38.316 0.2857142985
91810  16.620  21.289  -37.337 0.2857142985
131571  15.107  24.133  -36.244 0.2857142985
57817  20.533  -16.525  -21.703 0.2857142985
125977  25.143  -15.705  -20.146 0.1428571492
60766  28.111  -13.816  -21.711 0.1428571492
68379  37.597  -6.408  -27.948 0.1428571492
67435  34.382  -6.358  -25.607 0.1428571492
82234  20.477  9.232  -33.417 0.1428571492
120737  25.067  5.161  -30.080 0.4285714328
80402  22.328  7.674  -33.146 0.2857142985
83929  21.859  11.407  -32.749 0.5714285970
88272  21.363  16.370  -32.402 0.4285714328
115505  15.877  23.670  -37.648 0.2857142985
91811  16.625  22.183  -37.489 0.2857142985
90491  18.881  19.831  -35.208 0.2857142985
138206  17.740  20.795  -36.677 0.2857142985
92456  18.024  22.641  -36.908 0.2857142985
92455  19.008  22.479  -36.295 0.1428571492
93110  19.379  23.689  -36.170 0.1428571492
117188  14.553  23.513  -35.833 0.2857142985
131557  15.484  23.761  -37.278 0.2857142985
92454  19.264  22.114  -35.542 0.1428571492
92449  19.728  21.749  -35.355 0.1428571492
91805  19.584  20.641  -35.487 0.1428571492
91807  19.142  21.188  -35.743 0.1428571492
131082  37.878  -7.635  -30.409 0.2857142985
93112  17.722  23.751  -36.871 0.2857142985
91116  18.821  20.481  -35.518 0.2857142985
91808  18.693  20.744  -35.896 0.1428571492
120938  20.867  -17.779  -21.310 0.4285714328
68369  36.012  -5.774  -26.869 0.4285714328
87357  22.243  15.157  -31.437 0.4285714328
89127  20.280  17.270  -33.368 0.2857142985
90485  19.282  19.877  -35.185 0.2857142985
80376  23.655  7.266  -31.014 0.4285714328
129467  23.468  8.797  -30.617 0.5714285970
121614  22.658  9.778  -31.611 0.5714285970
84762  22.010  12.044  -31.964 0.5714285970
89841  15.355  18.826  -35.009 0.4285714328
89837  14.090  18.814  -34.405 0.2857142985
90497  14.951  20.103  -36.726 0.2857142985
78615  25.164  5.873  -29.598 0.5714285970
83082  22.438  10.278  -31.994 0.5714285970
83940  21.115  11.563  -33.253 0.5714285970
90492  17.135  19.566  -35.577 0.2857142985
91117  17.067  20.120  -36.101 0.2857142985
64498  31.201  -8.887  -23.892 0.1428571492
62635  30.305  -11.594  -22.413 0.1428571492
66491  33.918  -7.410  -24.662 0.1428571492
79483  24.088  6.588  -30.807 0.2857142985
115572  15.533  22.829  -38.706 0.2857142985
91812  15.636  21.678  -38.819 0.2857142985
90486  18.113  19.725  -35.283 0.2857142985
118252  18.270  20.306  -35.645 0.2857142985
81291  22.850  7.907  -32.343 0.2857142985
115545  14.829  21.863  -38.885 0.1428571492
83099  22.053  9.691  -33.301 0.4285714328
81314  22.012  8.430  -33.482 0.2857142985
82208  22.440  9.528  -32.665 0.5714285970
83091  21.418  10.883  -33.224 0.5714285970
119664  20.452  10.817  -33.426 0.4285714328
66501  35.382  -7.418  -25.325 0.1428571492
77766  24.565  4.909  -31.132 0.2857142985
91809  17.893  21.355  -36.984 0.2857142985
132215  18.692  21.541  -36.349 0.2857142985
70276  30.472  -3.345  -29.712 0.4285714328
73136  28.603  -0.795  -30.144 0.2857142985
94442  16.834  25.889  -34.527 0.1428571492
93113  16.859  24.301  -36.646 0.1428571492
94440  18.137  25.982  -33.596 0.1428571492
131553  15.215  23.957  -32.813 0.1428571492
93755  17.728  25.302  -32.518 0.1428571492
131818  15.968  25.603  -34.940 0.1428571492
94455  16.468  25.206  -35.723 0.1428571492
115487  15.702  24.843  -33.600 0.1428571492
115495  16.255  24.483  -32.281 0.1428571492
131563  15.450  24.712  -34.558 0.1428571492
137561  17.086  24.843  -32.490 0.1428571492
93754  18.828  25.591  -32.411 0.1428571492
115498  15.498  24.627  -35.422 0.1428571492
131549  16.631  25.383  -33.462 0.1428571492
115478  18.285  24.336  -31.558 0.1428571492
93096  18.173  25.015  -31.438 0.1428571492
72194  29.209  -1.494  -30.338 0.2857142985
115476  17.617  24.003  -31.515 0.1428571492
93085  18.362  25.266  -32.150 0.1428571492
93753  19.743  26.176  -32.827 0.1428571492
64500  29.528  -9.544  -24.644 0.2857142985
115516  15.887  24.515  -36.286 0.1428571492
93774  18.013  24.501  -36.389 0.1428571492
115540  16.971  25.874  -35.260 0.1428571492
93773  17.905  25.335  -35.665 0.1428571492
58819  24.307  -15.568  -22.338 0.4285714328
58805  24.479  -15.615  -21.473 0.1428571492
59794  24.885  -15.083  -22.959 0.2857142985
59793  25.625  -14.497  -23.129 0.2857142985
57814  23.206  -16.518  -21.827 0.2857142985
84770  20.851  12.327  -33.318 0.4285714328
60783  26.171  -14.060  -23.160 0.2857142985
58820  23.466  -16.026  -22.743 0.4285714328
122792  25.573  -14.627  -22.229 0.1428571492
58787  24.022  -16.111  -21.170 0.1428571492
58806  23.898  -15.960  -21.893 0.2857142985
57815  22.163  -16.955  -22.104 0.2857142985
134600  22.703  -16.446  -22.605 0.2857142985
57831  22.052  -16.348  -22.774 0.2857142985
58821  22.688  -16.021  -23.208 0.2857142985
63600  27.404  -10.371  -26.281 0.2857142985
64525  27.195  -9.802  -26.627 0.2857142985
65510  26.863  -8.996  -26.834 0.2857142985
67473  28.748  -6.376  -28.206 0.1428571492
68402  29.372  -5.765  -28.470 0.1428571492
69333  29.990  -5.153  -28.717 0.2857142985
70277  29.846  -3.488  -29.350 0.1428571492
73121  27.722  -0.330  -29.975 0.1428571492
74068  26.992  0.383  -29.951 0.1428571492
74994  26.559  1.880  -29.856 0.1428571492
75004  26.882  1.200  -29.792 0.1428571492
134874  26.333  2.579  -29.827 0.1428571492
75933  25.777  2.236  -30.632 0.1428571492
79497  24.104  5.786  -31.515 0.1428571492
79509  23.093  6.568  -32.393 0.1428571492
79498  23.646  6.523  -31.722 0.1428571492
132557  19.678  13.236  -33.550 0.1428571492
128184  18.381  14.074  -33.601 0.1428571492
84772  19.099  12.598  -33.445 0.1428571492
88292  16.903  15.930  -34.127 0.1428571492
87379  16.938  15.492  -33.925 0.1428571492
89142  16.338  17.025  -34.103 0.1428571492
56748  20.379  -17.329  -21.470 0.2857142985
76833  26.472  3.154  -29.409 0.2857142985
76845  25.272  3.183  -30.784 0.1428571492
80389  23.287  7.241  -32.003 0.1428571492
56749  19.850  -17.484  -21.266 0.2857142985
63588  26.124  -10.858  -25.866 0.2857142985
64526  26.284  -9.585  -26.476 0.2857142985
69334  29.087  -4.797  -28.572 0.1428571492
71179  29.576  -2.776  -29.695 0.1428571492
137838  28.103  -2.203  -29.931 0.1428571492
71193  28.326  -1.632  -30.188 0.1428571492
125984  26.770  -0.606  -30.197 0.1428571492
75005  26.259  1.145  -30.479 0.1428571492
134213  25.080  4.476  -30.423 0.1428571492
78641  23.543  5.759  -32.196 0.1428571492
85577  18.829  13.226  -33.469 0.1428571492
69348  29.693  -4.171  -28.974 0.1428571492
116879  19.527  10.903  -33.273 0.1428571492
76844  25.912  3.143  -30.074 0.1428571492
65511  25.867  -8.746  -26.645 0.1428571492
74069  26.155  0.159  -30.536 0.1428571492
57818  19.899  -16.752  -21.279 0.1428571492
57797  19.584  -16.182  -20.558 0.1428571492
59795  21.898  -15.455  -23.104 0.1428571492
124144  37.891  -6.930  -31.056 0.1428571492
66552  37.821  -7.154  -31.309 0.1428571492
83041  28.205  10.454  -28.854 0.1428571492
58807  20.593  -15.555  -21.909 0.1428571492
58837  22.646  -15.358  -23.479 0.1428571492
58822  21.363  -15.817  -22.577 0.1428571492
60795  22.460  -13.891  -23.715 0.1428571492
82161  28.248  9.725  -28.474 0.1428571492
83900  27.665  11.731  -29.752 0.1428571492
60806  22.640  -13.122  -23.992 0.1428571492
81243  28.745  8.948  -28.135 0.1428571492
67484  38.045  -6.094  -31.812 0.1428571492
59806  22.967  -14.788  -23.878 0.1428571492
62656  24.094  -12.103  -25.033 0.1428571492
56737  19.538  -17.897  -20.886 0.1428571492
59807  22.203  -14.652  -23.430 0.1428571492
62645  29.138  -11.389  -23.264 0.1428571492
63567  31.079  -10.191  -23.071 0.1428571492
64499  30.291  -9.030  -24.394 0.2857142985
64501  28.867  -10.044  -25.037 0.7142857313
64524  28.533  -9.626  -26.847 0.4285714328
64535  28.743  -9.186  -27.420 0.4285714328
65487  30.233  -8.539  -25.242 0.5714285970
65508  30.188  -8.568  -27.606 0.7142857313
66490  34.822  -7.821  -24.765 0.1428571492
66493  32.040  -7.633  -24.658 0.1428571492
66530  28.797  -8.052  -27.926 0.4285714328
66542  30.563  -7.997  -28.319 0.5714285970
67436  33.660  -6.247  -25.663 0.2857142985
67449  31.805  -6.726  -27.115 0.5714285970
67468  38.258  -6.814  -28.952 0.1428571492
67469  32.183  -6.621  -28.789 0.7142857313
67477  38.113  -6.228  -29.780 0.2857142985
67478  32.072  -6.558  -29.364 0.7142857313
67480  31.275  -6.479  -29.144 0.7142857313
67486  37.983  -5.663  -32.870 0.1428571492
68398  34.274  -5.135  -28.729 0.5714285970
68414  33.783  -5.485  -30.659 0.7142857313
68417  30.857  -5.598  -29.092 0.7142857313
69331  35.917  -4.635  -29.293 0.8571428657
69347  30.541  -4.638  -29.039 0.4285714328
69359  33.537  -4.952  -31.269 0.5714285970
69369  38.229  -4.264  -34.201 0.2857142985
70291  31.106  -2.815  -30.323 0.5714285970
70298  37.455  -3.520  -33.012 0.5714285970
71190  31.426  -2.060  -30.803 0.7142857313
71198  36.650  -2.546  -32.226 0.1428571492
71199  35.169  -2.510  -32.092 0.7142857313
72204  33.088  -1.862  -31.176 1.0000000000
73115  33.332  -0.216  -29.735 0.8571428657
73117  31.342  -0.555  -29.447 0.8571428657
73143  35.617  -0.517  -32.006 0.1428571492
74038  31.233  0.620  -28.447 0.8571428657
74040  29.323  0.396  -28.900 0.8571428657
74066  34.886  0.940  -31.525 0.1428571492
74079  35.075  0.335  -31.886 0.2857142985
74977  33.404  1.832  -28.852 0.1428571492
74979  31.646  1.392  -28.019 0.8571428657
74983  27.748  2.101  -28.860 0.8571428657
75899  32.257  2.876  -27.870 0.1428571492
76822  26.602  3.742  -28.909 0.8571428657
76834  25.456  3.853  -30.242 0.1428571492
80334  27.647  7.163  -27.481 0.8571428657
80350  26.262  7.262  -28.410 0.8571428657
82164  25.562  8.887  -28.864 0.8571428657
82196  24.083  9.499  -30.179 0.7142857313
82221  22.227  9.065  -33.307 0.4285714328
83102  19.412  10.147  -32.997 0.1428571492
84735  26.330  11.994  -29.723 0.5714285970
84763  21.648  12.227  -32.855 0.5714285970
84773  18.773  12.835  -33.200 0.1428571492
85553  23.435  13.725  -30.761 0.4285714328
86457  25.252  14.790  -30.810 0.1428571492
86481  20.851  14.132  -33.247 0.5714285970
86483  19.008  13.751  -33.694 0.1428571492
87345  24.057  15.263  -30.774 0.1428571492
87375  17.386  15.198  -33.659 0.1428571492
88258  23.818  16.392  -31.602 0.1428571492
89139  18.388  17.973  -34.427 0.2857142985
89818  19.467  18.344  -33.983 0.2857142985
89832  20.555  19.340  -34.586 0.2857142985
89834  17.248  18.368  -34.846 0.5714285970
89835  16.268  17.893  -34.577 0.5714285970
90473  14.431  19.186  -33.302 0.1428571492
90493  16.082  19.563  -35.591 0.5714285970
90494  15.238  19.518  -35.577 0.4285714328
91109  20.647  19.957  -35.743 0.1428571492
91110  20.378  20.080  -35.645 0.1428571492
91111  14.042  19.669  -34.653 0.2857142985
91115  19.919  20.149  -35.490 0.1428571492
91118  14.489  20.205  -35.866 0.1428571492
91125  15.693  20.987  -38.691 0.2857142985
91126  15.221  21.122  -39.020 0.2857142985
91127  14.680  21.203  -38.242 0.1428571492
91128  15.384  21.404  -39.018 0.2857142985
91804  19.624  21.134  -35.423 0.1428571492
93775  17.237  25.055  -35.925 0.1428571492
94441  17.406  25.760  -33.730 0.1428571492
94450  17.657  26.127  -34.685 0.1428571492
115477  15.049  22.529  -38.926 0.2857142985
115509  14.711  22.627  -38.324 0.1428571492
116978  13.703  22.780  -34.012 0.1428571492
117474  30.411  4.051  -27.282 0.4285714328
118667  30.256  3.326  -27.353 0.8571428657
118711  26.017  3.825  -29.520 0.2857142985
119683  31.165  4.414  -27.455 0.2857142985
120930  37.998  -6.520  -32.068 0.1428571492
121166  27.505  0.910  -29.515 0.1428571492
121951  29.342  -0.025  -29.607 0.8571428657
123913  28.896  -2.162  -30.100 0.1428571492
123944  28.211  -11.404  -24.351 0.2857142985
124474  30.914  -4.265  -29.503 0.4285714328
126226  34.808  -6.056  -26.021 0.1428571492
126371  22.478  11.937  -31.374 0.7142857313
126966  36.129  -0.999  -31.621 0.1428571492
127532  32.774  3.027  -28.484 0.1428571492
130083  20.649  13.067  -33.367 0.4285714328
131546  15.350  23.502  -31.878 0.1428571492
131569  17.447  24.528  -31.665 0.1428571492
131906  17.743  25.987  -35.199 0.1428571492
132735  13.804  18.961  -33.877 0.1428571492
135046  31.176  5.057  -27.651 0.1428571492
135516  28.412  -0.186  -29.950 0.5714285970
135907  33.981  -6.705  -25.191 0.1428571492
136706  21.224  19.874  -35.126 0.1428571492
139033  35.173  -1.816  -32.053 0.5714285970
139798  21.690  15.131  -31.910 0.5714285970
