#!ascii label  , from subject sub-v1s3x0050784_ses-1 vox2ras=TkReg
1407
56855  -34.037  3.560  51.547 0.0000000000
65783  -41.986  12.138  29.936 0.0000000000
67360  -32.451  14.527  38.546 0.0000000000
45138  -5.653  -8.845  44.174 0.0000000000
51168  -21.494  -2.485  47.688 0.0000000000
53127  -8.534  -0.129  45.172 0.0000000000
54837  -3.603  1.431  50.438 0.0000000000
67418  -37.091  13.694  35.107 0.0000000000
51252  -4.425  -2.545  38.723 0.0000000000
43151  -4.910  -10.733  52.479 0.0000000000
56931  -33.677  2.570  45.162 0.0000000000
55859  -30.465  1.862  48.548 0.0000000000
55846  -27.570  2.801  49.977 0.0000000000
120211  -44.379  15.569  29.101 0.0000000000
69310  -33.524  16.383  35.815 0.0000000000
128452  -17.082  -3.544  43.929 0.0000000000
55977  -4.430  3.010  40.848 0.0000000000
49093  -9.571  -4.447  45.533 0.0000000000
49139  -10.875  -4.427  41.770 0.0000000000
45200  -7.126  -9.168  41.593 0.0000000000
48026  -9.595  -5.927  54.135 0.0000000000
48013  -6.341  -6.036  55.280 0.0000000000
63930  -32.926  11.026  40.887 0.0000000000
53951  -24.927  -0.185  51.522 0.0000000000
54029  -24.202  0.476  45.415 0.0000000000
53972  -7.305  0.685  48.161 0.0000000000
49052  -5.920  -4.197  48.363 0.0000000000
64920  -39.709  11.190  32.939 0.0000000000
49036  -11.659  -4.974  50.452 0.0000000000
49070  -14.409  -4.490  47.658 0.0000000000
52236  -7.072  -1.779  42.611 0.0000000000
50170  -10.857  -4.255  37.895 0.0000000000
53033  -3.726  0.614  55.104 0.0000000000
123539  -3.730  -4.634  50.626 0.0000000000
44079  -4.621  -9.225  48.258 0.0000000000
121880  -36.336  5.420  50.714 0.0000000000
54861  -35.158  0.960  50.035 0.0000000000
56892  -36.382  2.434  48.257 0.0000000000
55849  -32.286  1.238  50.671 0.0000000000
54894  -32.251  0.226  48.160 0.0000000000
56852  -31.026  2.096  52.561 0.0000000000
66628  -43.027  13.970  28.898 0.0000000000
64950  -40.013  11.095  29.382 0.0000000000
65795  -41.359  12.756  27.927 0.0000000000
130413  -42.267  14.474  26.714 0.0000000000
69285  -32.971  16.295  36.904 0.0000000000
127345  -31.663  11.239  38.393 0.0000000000
109430  -31.442  13.437  36.748 0.0000000000
67395  -31.862  14.998  35.023 0.0000000000
46163  -7.037  -7.303  44.717 0.0000000000
46200  -8.152  -7.458  43.195 0.0000000000
45176  -6.846  -8.913  42.974 0.0000000000
43249  -5.458  -10.697  40.347 0.0000000000
42414  -5.867  -10.790  42.560 0.0000000000
46050  -9.023  -7.316  51.767 0.0000000000
109951  -8.230  -7.906  53.593 0.0000000000
62948  -33.431  10.036  42.793 0.0000000000
59865  -32.464  6.047  45.862 0.0000000000
120469  -31.476  4.451  43.833 0.0000000000
60863  -32.276  7.523  43.815 0.0000000000
61948  -31.908  8.809  41.482 0.0000000000
55792  -24.862  2.179  54.978 0.0000000000
126864  -27.351  2.947  47.000 0.0000000000
55870  -25.535  1.456  47.583 0.0000000000
70423  -43.978  17.825  25.388 0.0000000000
73154  -44.860  20.093  24.628 0.0000000000
53962  -4.983  1.169  48.877 0.0000000000
52165  -7.457  -1.686  48.700 0.0000000000
52152  -4.809  -1.391  49.661 0.0000000000
65733  -37.890  12.479  34.286 0.0000000000
66582  -34.304  13.445  33.401 0.0000000000
64917  -35.629  11.817  32.471 0.0000000000
113339  -37.134  10.109  31.569 0.0000000000
122467  -12.296  -3.926  53.588 0.0000000000
124035  -13.290  -3.766  51.550 0.0000000000
55937  -8.630  2.135  42.672 0.0000000000
54989  -7.639  1.068  41.368 0.0000000000
53150  -7.571  -1.026  43.569 0.0000000000
46255  -9.932  -7.503  39.456 0.0000000000
49163  -11.264  -4.042  39.898 0.0000000000
46283  -10.540  -7.254  37.093 0.0000000000
53031  -5.594  -0.793  56.390 0.0000000000
44982  -5.174  -8.559  53.691 0.0000000000
49002  -4.819  -5.112  53.703 0.0000000000
46048  -4.477  -7.639  51.944 0.0000000000
109653  -4.424  -6.646  50.151 0.0000000000
43180  -4.661  -10.270  51.162 0.0000000000
57938  -34.020  4.478  47.715 0.0000000000
55794  -27.320  2.540  54.763 0.0000000000
56840  -29.265  2.519  53.650 0.0000000000
56878  -29.285  3.134  49.669 0.0000000000
70393  -45.027  17.728  28.542 0.0000000000
112144  -43.041  15.448  26.328 0.0000000000
68321  -35.397  15.549  35.453 0.0000000000
67431  -32.995  14.354  33.701 0.0000000000
51187  -21.204  -2.375  45.011 0.0000000000
51185  -19.575  -2.599  45.588 0.0000000000
53171  -2.915  -1.531  41.745 0.0000000000
117236  -9.953  -2.184  45.915 0.0000000000
51199  -10.432  -2.269  43.392 0.0000000000
48167  -10.402  -4.552  43.326 0.0000000000
46227  -9.104  -7.143  41.702 0.0000000000
44225  -7.316  -9.483  38.542 0.0000000000
48994  -9.769  -4.167  56.442 0.0000000000
50013  -7.145  -3.400  56.907 0.0000000000
118735  -7.990  -6.510  56.080 0.0000000000
44985  -6.920  -8.910  54.962 0.0000000000
65682  -32.469  12.576  39.726 0.0000000000
62999  -31.684  9.723  39.505 0.0000000000
52164  -23.417  -1.554  49.574 0.0000000000
54835  -26.702  1.163  52.038 0.0000000000
53978  -24.969  0.225  48.476 0.0000000000
52188  -23.234  -0.991  46.527 0.0000000000
55906  -8.115  2.456  44.586 0.0000000000
55878  -7.471  3.106  46.133 0.0000000000
54006  -8.482  0.360  46.436 0.0000000000
52177  -8.857  -1.485  47.443 0.0000000000
49068  -8.214  -4.213  47.371 0.0000000000
125018  -5.679  -6.571  46.612 0.0000000000
64933  -40.993  11.321  31.637 0.0000000000
64043  -38.554  10.202  30.548 0.0000000000
110660  -11.094  -4.086  55.588 0.0000000000
48046  -10.441  -5.506  52.540 0.0000000000
47128  -10.454  -6.518  49.616 0.0000000000
51174  -17.830  -2.676  46.887 0.0000000000
50054  -16.448  -3.285  48.605 0.0000000000
109759  -15.182  -3.519  50.250 0.0000000000
49054  -13.066  -4.933  49.034 0.0000000000
47144  -11.397  -6.368  48.480 0.0000000000
114436  -7.285  3.128  40.226 0.0000000000
54071  -5.714  -0.208  41.599 0.0000000000
51228  -5.761  -2.392  41.486 0.0000000000
52223  -10.094  -1.876  42.020 0.0000000000
51243  -9.704  -2.220  39.845 0.0000000000
51255  -8.320  -2.916  38.186 0.0000000000
54818  -3.273  0.874  53.156 0.0000000000
50018  -5.278  -3.054  55.853 0.0000000000
51110  -3.723  -2.242  52.887 0.0000000000
52140  -3.396  -1.597  50.733 0.0000000000
50044  -4.110  -4.086  49.356 0.0000000000
46118  -4.543  -7.198  47.773 0.0000000000
44139  -4.894  -9.162  45.282 0.0000000000
41496  -4.491  -12.569  51.265 0.0000000000
116844  -4.968  -12.292  48.969 0.0000000000
42402  -5.953  -11.253  44.532 0.0000000000
56856  -35.947  3.993  51.093 0.0000000000
58877  -33.899  5.295  51.484 0.0000000000
55834  -34.923  2.170  50.861 0.0000000000
56868  -36.215  3.257  50.462 0.0000000000
55819  -33.507  2.724  51.680 0.0000000000
55850  -33.295  1.279  50.754 0.0000000000
57904  -32.920  4.254  52.188 0.0000000000
56853  -32.561  3.247  52.468 0.0000000000
65784  -42.425  12.737  29.529 0.0000000000
64951  -40.703  11.408  29.816 0.0000000000
64982  -40.276  11.834  27.956 0.0000000000
64967  -41.484  12.331  28.896 0.0000000000
65796  -42.045  13.042  28.541 0.0000000000
123718  -32.581  15.188  38.227 0.0000000000
69258  -33.431  16.660  38.337 0.0000000000
68266  -33.133  15.902  39.151 0.0000000000
121726  -31.495  12.049  37.633 0.0000000000
66531  -31.754  13.712  37.509 0.0000000000
67383  -32.157  15.015  37.033 0.0000000000
46184  -6.325  -8.055  44.301 0.0000000000
46198  -6.609  -8.397  43.735 0.0000000000
45156  -6.007  -8.966  43.712 0.0000000000
44193  -6.427  -9.487  42.831 0.0000000000
44177  -6.014  -9.203  43.534 0.0000000000
45049  -8.859  -7.950  50.526 0.0000000000
46049  -8.716  -7.798  51.320 0.0000000000
60834  -32.687  7.024  45.369 0.0000000000
59875  -32.177  6.856  44.492 0.0000000000
61895  -32.928  8.168  44.290 0.0000000000
61911  -32.745  8.727  43.071 0.0000000000
110216  -44.692  19.072  26.207 0.0000000000
71376  -44.181  18.557  24.913 0.0000000000
73142  -45.413  20.449  25.673 0.0000000000
125427  -4.268  1.099  49.206 0.0000000000
53073  -5.226  -0.422  49.529 0.0000000000
53961  -3.890  0.530  49.579 0.0000000000
66567  -37.475  13.076  34.686 0.0000000000
66554  -38.733  13.367  35.601 0.0000000000
66565  -35.730  13.526  34.228 0.0000000000
65763  -34.841  12.222  32.456 0.0000000000
66583  -36.102  12.904  33.803 0.0000000000
64903  -36.972  11.907  33.266 0.0000000000
50032  -13.830  -3.181  53.135 0.0000000000
113173  -14.485  -3.281  51.731 0.0000000000
52172  -22.136  -2.291  49.106 0.0000000000
51167  -20.683  -2.575  47.824 0.0000000000
52279  -3.190  -1.723  39.152 0.0000000000
113206  -7.811  0.511  44.128 0.0000000000
54058  -7.688  0.351  43.193 0.0000000000
53139  -8.119  -0.256  44.500 0.0000000000
45256  -9.147  -8.495  38.259 0.0000000000
122055  -10.593  -7.277  38.104 0.0000000000
46297  -9.712  -8.013  36.692 0.0000000000
52096  -6.901  -0.915  54.594 0.0000000000
52097  -7.322  -1.534  55.455 0.0000000000
110279  -4.893  -9.758  53.001 0.0000000000
46009  -4.815  -7.979  53.163 0.0000000000
45006  -4.704  -9.134  52.631 0.0000000000
118079  -4.528  -8.241  51.723 0.0000000000
44025  -4.674  -10.123  51.918 0.0000000000
57930  -35.641  4.729  48.931 0.0000000000
56910  -35.498  3.145  47.786 0.0000000000
58904  -34.669  5.079  48.248 0.0000000000
121700  -33.581  5.829  47.374 0.0000000000
55830  -30.807  1.735  50.701 0.0000000000
56865  -30.398  2.006  51.325 0.0000000000
56890  -30.055  2.464  49.014 0.0000000000
115559  -29.358  3.169  47.841 0.0000000000
68409  -44.423  16.151  28.654 0.0000000000
67497  -43.169  14.934  27.622 0.0000000000
67508  -42.803  14.908  26.833 0.0000000000
68425  -43.379  15.478  27.123 0.0000000000
69413  -44.063  16.853  26.858 0.0000000000
68320  -34.490  15.859  35.241 0.0000000000
69289  -35.459  16.760  36.286 0.0000000000
69288  -34.688  16.935  36.217 0.0000000000
68318  -32.929  15.841  35.310 0.0000000000
67412  -32.005  14.746  34.305 0.0000000000
68339  -33.155  15.449  34.693 0.0000000000
68340  -33.974  15.395  34.690 0.0000000000
55958  -3.151  2.457  41.433 0.0000000000
54068  -2.857  0.978  41.087 0.0000000000
54988  -3.461  1.417  41.223 0.0000000000
50077  -9.841  -3.676  45.768 0.0000000000
50087  -10.433  -3.110  44.602 0.0000000000
49102  -9.731  -4.706  44.889 0.0000000000
45178  -7.930  -8.254  42.175 0.0000000000
46214  -8.482  -7.537  42.387 0.0000000000
46226  -8.540  -7.927  41.645 0.0000000000
45221  -8.519  -8.822  39.970 0.0000000000
44216  -6.897  -9.739  40.134 0.0000000000
44215  -6.224  -10.201  39.946 0.0000000000
48018  -9.818  -4.969  55.576 0.0000000000
48011  -8.553  -5.016  56.436 0.0000000000
47037  -8.452  -6.391  55.679 0.0000000000
44010  -7.537  -9.388  53.478 0.0000000000
44986  -7.536  -8.565  54.853 0.0000000000
43997  -6.756  -9.894  54.149 0.0000000000
43126  -6.224  -10.101  54.117 0.0000000000
64840  -33.011  11.823  40.920 0.0000000000
123624  -32.389  9.514  41.413 0.0000000000
62979  -31.977  9.383  40.781 0.0000000000
63949  -32.417  10.692  40.252 0.0000000000
64846  -32.234  11.252  39.649 0.0000000000
53060  -24.058  -0.524  52.187 0.0000000000
53069  -23.613  -0.951  51.401 0.0000000000
53070  -24.435  -0.618  50.844 0.0000000000
55814  -27.887  1.944  52.186 0.0000000000
55802  -27.213  1.561  52.805 0.0000000000
55813  -27.314  1.720  51.497 0.0000000000
54014  -24.921  0.923  47.213 0.0000000000
53995  -25.161  0.788  48.144 0.0000000000
53994  -24.716  0.372  47.699 0.0000000000
53105  -23.682  -0.699  47.072 0.0000000000
53118  -23.714  -0.414  46.401 0.0000000000
120855  -22.418  -1.419  44.973 0.0000000000
54884  -5.979  2.053  47.773 0.0000000000
54885  -6.624  2.012  47.135 0.0000000000
54898  -7.177  1.998  46.355 0.0000000000
53987  -7.882  0.771  47.408 0.0000000000
53098  -8.742  -0.580  47.287 0.0000000000
53085  -8.343  -0.825  47.925 0.0000000000
50050  -6.785  -3.457  48.506 0.0000000000
114273  -7.662  -3.065  48.336 0.0000000000
49053  -6.872  -4.125  48.104 0.0000000000
48121  -7.069  -5.667  46.624 0.0000000000
48107  -5.781  -5.486  47.554 0.0000000000
64932  -40.192  11.103  32.186 0.0000000000
64921  -41.033  11.361  33.182 0.0000000000
64906  -40.123  11.477  33.769 0.0000000000
119464  -38.040  10.965  32.805 0.0000000000
64027  -37.886  10.165  31.582 0.0000000000
64028  -38.687  10.338  31.445 0.0000000000
64044  -39.343  10.564  30.697 0.0000000000
50021  -12.195  -2.637  55.643 0.0000000000
112977  -11.887  -4.481  51.791 0.0000000000
49020  -11.693  -4.459  52.794 0.0000000000
48058  -10.950  -5.334  51.207 0.0000000000
48069  -10.627  -5.799  50.839 0.0000000000
48082  -10.839  -5.907  50.072 0.0000000000
115075  -18.090  -2.929  45.060 0.0000000000
51175  -18.673  -2.523  46.525 0.0000000000
50081  -17.502  -3.052  45.499 0.0000000000
49084  -15.148  -4.085  46.449 0.0000000000
50063  -15.751  -3.668  47.107 0.0000000000
50053  -15.666  -3.679  48.117 0.0000000000
50047  -15.573  -3.516  49.546 0.0000000000
49056  -14.376  -4.322  48.587 0.0000000000
49045  -13.796  -4.307  49.431 0.0000000000
49069  -13.778  -4.774  47.935 0.0000000000
47160  -12.253  -6.209  47.305 0.0000000000
56983  -8.625  3.713  40.531 0.0000000000
53175  -6.794  -0.719  42.586 0.0000000000
113089  -6.651  -0.004  41.615 0.0000000000
53174  -6.084  -1.111  42.357 0.0000000000
109097  -4.554  -2.121  42.246 0.0000000000
51216  -6.421  -2.160  42.183 0.0000000000
119152  -10.803  -3.081  42.747 0.0000000000
51206  -10.468  -2.333  42.419 0.0000000000
50105  -10.864  -2.946  41.766 0.0000000000
49178  -11.184  -4.578  38.543 0.0000000000
50136  -11.063  -3.428  39.656 0.0000000000
51257  -10.243  -3.092  38.607 0.0000000000
51242  -9.134  -2.368  39.097 0.0000000000
51256  -9.446  -2.900  38.362 0.0000000000
51277  -8.872  -3.318  37.486 0.0000000000
54812  -3.375  0.990  54.073 0.0000000000
48998  -6.540  -4.718  56.021 0.0000000000
50011  -5.813  -2.847  56.748 0.0000000000
50023  -5.332  -3.995  55.159 0.0000000000
121176  -4.179  -5.437  52.174 0.0000000000
51119  -3.989  -3.205  53.052 0.0000000000
51118  -3.588  -3.021  52.105 0.0000000000
51125  -3.430  -1.988  51.815 0.0000000000
115823  -3.405  -3.461  50.574 0.0000000000
120390  -3.480  -3.437  50.007 0.0000000000
49041  -3.727  -4.179  49.874 0.0000000000
45076  -4.544  -8.465  48.967 0.0000000000
129358  -4.453  -6.476  49.019 0.0000000000
108394  -4.520  -8.409  47.994 0.0000000000
117585  -4.506  -8.036  47.207 0.0000000000
45089  -4.512  -8.902  47.100 0.0000000000
40636  -4.507  -13.971  50.787 0.0000000000
41503  -4.739  -12.304  50.193 0.0000000000
58892  -36.642  5.820  49.995 0.0000000000
53982  -35.775  0.217  48.486 0.0000000000
54895  -36.798  1.142  47.823 0.0000000000
54863  -36.554  1.633  49.346 0.0000000000
56880  -36.247  3.811  49.977 0.0000000000
54876  -30.977  1.065  49.259 0.0000000000
54859  -32.003  0.778  49.712 0.0000000000
54878  -33.607  0.210  49.240 0.0000000000
55831  -31.761  1.547  51.234 0.0000000000
67483  -43.693  14.453  29.227 0.0000000000
65807  -39.963  12.091  27.364 0.0000000000
65818  -40.560  12.957  26.840 0.0000000000
66659  -41.091  14.014  26.084 0.0000000000
65809  -41.192  13.261  27.134 0.0000000000
66636  -42.353  13.960  27.668 0.0000000000
69286  -33.486  16.706  36.505 0.0000000000
70287  -33.921  17.296  36.980 0.0000000000
117107  -33.887  17.361  37.815 0.0000000000
70274  -34.048  17.359  38.729 0.0000000000
63034  -31.099  10.106  37.887 0.0000000000
63984  -30.892  10.880  37.102 0.0000000000
64872  -30.588  11.071  36.256 0.0000000000
64881  -30.367  11.670  35.495 0.0000000000
65732  -30.484  13.124  34.362 0.0000000000
111078  -31.411  14.228  35.686 0.0000000000
67382  -32.014  15.139  35.987 0.0000000000
48135  -8.234  -5.760  45.441 0.0000000000
48151  -8.735  -5.849  44.652 0.0000000000
127761  -7.826  -7.254  44.008 0.0000000000
45158  -6.973  -8.656  43.147 0.0000000000
45199  -6.898  -9.223  41.955 0.0000000000
113775  -6.193  -10.228  40.761 0.0000000000
44206  -6.253  -9.839  41.928 0.0000000000
43244  -5.888  -10.410  41.398 0.0000000000
47087  -9.404  -6.583  52.602 0.0000000000
47075  -8.571  -7.255  54.169 0.0000000000
110129  -8.505  -7.744  52.411 0.0000000000
63915  -33.544  10.891  42.320 0.0000000000
57960  -32.402  4.207  45.633 0.0000000000
56940  -31.945  3.771  44.126 0.0000000000
58924  -31.964  5.583  45.090 0.0000000000
58942  -31.303  5.844  43.654 0.0000000000
114460  -31.173  6.487  42.889 0.0000000000
60880  -32.101  7.972  42.920 0.0000000000
62960  -32.491  9.261  41.934 0.0000000000
53929  -25.287  1.095  54.281 0.0000000000
55858  -27.403  3.059  48.997 0.0000000000
55845  -26.838  2.330  49.478 0.0000000000
55871  -26.567  2.498  47.475 0.0000000000
54907  -25.386  1.504  46.555 0.0000000000
111577  -43.401  17.556  23.889 0.0000000000
72302  -43.828  18.756  23.309 0.0000000000
111945  -44.027  19.206  22.864 0.0000000000
73172  -44.574  20.072  22.112 0.0000000000
53971  -6.132  0.985  48.588 0.0000000000
53084  -7.714  -0.288  48.362 0.0000000000
53074  -6.332  -0.518  49.269 0.0000000000
52153  -5.859  -1.292  49.429 0.0000000000
51149  -5.130  -2.909  49.166 0.0000000000
123511  -38.418  11.370  33.258 0.0000000000
65722  -39.236  12.635  35.078 0.0000000000
64941  -34.324  11.158  31.422 0.0000000000
64024  -35.076  10.825  31.441 0.0000000000
64041  -35.911  9.756  31.013 0.0000000000
64918  -36.451  11.473  32.576 0.0000000000
110868  -37.275  11.194  32.724 0.0000000000
50024  -12.641  -3.009  55.242 0.0000000000
50028  -13.669  -2.870  54.184 0.0000000000
50031  -13.146  -3.636  52.344 0.0000000000
49028  -12.637  -4.073  51.625 0.0000000000
49104  -14.778  -4.595  44.890 0.0000000000
48124  -13.527  -5.356  46.615 0.0000000000
55938  -9.128  2.897  42.343 0.0000000000
56966  -8.769  3.021  40.930 0.0000000000
54967  -8.241  1.389  42.287 0.0000000000
113610  -7.327  -0.222  42.786 0.0000000000
52208  -7.317  -1.345  43.106 0.0000000000
120102  -10.639  -5.566  40.706 0.0000000000
48193  -10.978  -4.740  40.883 0.0000000000
47283  -11.048  -5.820  39.203 0.0000000000
47298  -11.109  -6.079  38.363 0.0000000000
47311  -11.105  -5.858  37.731 0.0000000000
53927  -6.523  0.776  53.886 0.0000000000
122070  -5.796  0.348  55.359 0.0000000000
53030  -5.177  0.159  55.867 0.0000000000
45991  -5.681  -7.650  54.497 0.0000000000
48025  -5.567  -5.832  54.447 0.0000000000
47073  -4.811  -6.883  53.183 0.0000000000
48044  -4.379  -6.282  52.294 0.0000000000
110703  -4.311  -6.543  51.607 0.0000000000
48068  -4.120  -5.238  50.100 0.0000000000
46064  -4.422  -7.426  51.081 0.0000000000
45063  -4.505  -8.646  50.141 0.0000000000
44059  -4.566  -9.276  49.473 0.0000000000
108421  -34.459  1.966  45.101 0.0000000000
55874  -36.026  2.267  47.269 0.0000000000
55887  -34.992  2.849  46.890 0.0000000000
56922  -33.910  3.281  46.596 0.0000000000
58914  -33.216  5.062  47.144 0.0000000000
59866  -33.112  6.787  46.344 0.0000000000
56851  -28.559  2.411  51.687 0.0000000000
56841  -30.456  2.565  53.275 0.0000000000
110775  -29.375  2.360  51.822 0.0000000000
56876  -28.201  3.267  49.527 0.0000000000
127430  -28.189  3.315  47.678 0.0000000000
68442  -41.992  15.240  25.308 0.0000000000
69412  -43.650  16.597  26.145 0.0000000000
70411  -44.246  17.687  26.364 0.0000000000
67396  -35.787  14.706  35.175 0.0000000000
68323  -37.126  14.837  36.111 0.0000000000
69313  -35.965  16.038  36.054 0.0000000000
66564  -30.895  13.845  34.103 0.0000000000
66581  -33.420  13.657  33.286 0.0000000000
67433  -34.803  13.822  34.005 0.0000000000
51178  -21.270  -2.422  46.042 0.0000000000
51177  -20.317  -2.504  46.238 0.0000000000
51186  -20.470  -2.580  45.332 0.0000000000
50092  -19.120  -2.894  44.141 0.0000000000
53184  -2.528  -1.025  41.042 0.0000000000
51237  -3.222  -2.394  40.696 0.0000000000
53128  -9.304  -0.714  45.362 0.0000000000
52199  -9.701  -1.216  44.730 0.0000000000
52193  -10.143  -1.748  44.696 0.0000000000
50096  -10.646  -2.995  43.743 0.0000000000
48180  -10.499  -4.894  42.368 0.0000000000
47223  -9.273  -6.051  43.220 0.0000000000
47237  -9.453  -6.196  42.503 0.0000000000
47254  -10.147  -5.984  41.286 0.0000000000
111904  -9.802  -7.055  40.275 0.0000000000
52086  -7.330  -2.554  56.954 0.0000000000
48993  -8.537  -4.345  56.702 0.0000000000
48010  -8.048  -5.113  56.498 0.0000000000
48014  -7.026  -6.085  55.912 0.0000000000
47055  -8.312  -7.349  55.188 0.0000000000
113056  -7.156  -7.536  55.790 0.0000000000
45981  -6.606  -7.929  55.425 0.0000000000
45992  -5.997  -8.337  54.892 0.0000000000
44008  -5.316  -10.026  53.441 0.0000000000
44007  -5.057  -10.424  52.869 0.0000000000
66513  -32.550  13.457  39.568 0.0000000000
67349  -32.940  15.095  39.754 0.0000000000
127465  -33.100  13.684  40.878 0.0000000000
56951  -31.733  3.628  43.359 0.0000000000
62007  -31.162  9.139  39.161 0.0000000000
65694  -31.963  12.207  38.996 0.0000000000
52163  -22.614  -1.781  49.920 0.0000000000
52173  -22.712  -2.069  48.305 0.0000000000
55785  -26.340  2.493  55.114 0.0000000000
54824  -26.358  1.290  53.492 0.0000000000
53952  -25.418  0.315  52.103 0.0000000000
54858  -26.454  1.445  49.898 0.0000000000
53970  -25.650  0.362  49.706 0.0000000000
53959  -25.162  -0.164  50.230 0.0000000000
53093  -24.640  -0.426  48.708 0.0000000000
118707  -23.267  -1.559  47.924 0.0000000000
51179  -22.282  -1.969  47.027 0.0000000000
52194  -21.945  -1.993  45.469 0.0000000000
73173  -45.178  20.636  21.890 0.0000000000
73982  -45.784  21.257  20.664 0.0000000000
73983  -46.369  21.789  20.231 0.0000000000
55921  -8.411  2.424  43.916 0.0000000000
122188  -7.833  1.100  44.698 0.0000000000
55891  -7.740  2.647  45.391 0.0000000000
54036  -7.789  1.201  45.330 0.0000000000
54022  -8.278  0.511  45.687 0.0000000000
53113  -9.436  -0.883  46.093 0.0000000000
51173  -9.550  -2.448  46.587 0.0000000000
50070  -9.505  -3.343  46.500 0.0000000000
52166  -8.272  -1.623  48.136 0.0000000000
50061  -8.502  -3.553  47.521 0.0000000000
49080  -8.557  -4.557  46.683 0.0000000000
47175  -7.316  -6.103  45.930 0.0000000000
111337  -6.659  -6.875  45.540 0.0000000000
46161  -5.434  -7.993  45.205 0.0000000000
111424  -41.802  11.548  31.240 0.0000000000
64042  -36.683  9.647  30.994 0.0000000000
63091  -37.001  9.433  30.217 0.0000000000
63111  -37.678  9.779  29.334 0.0000000000
109534  -38.989  10.488  29.977 0.0000000000
64045  -40.104  10.955  30.259 0.0000000000
48999  -10.362  -4.262  55.967 0.0000000000
113870  -10.636  -4.638  55.185 0.0000000000
49013  -12.123  -3.760  54.609 0.0000000000
122184  -10.848  -4.823  54.205 0.0000000000
48036  -10.316  -5.432  53.591 0.0000000000
47111  -9.704  -6.801  50.849 0.0000000000
111889  -19.248  -2.482  47.264 0.0000000000
51165  -18.444  -2.547  47.511 0.0000000000
51154  -18.304  -2.609  48.331 0.0000000000
50072  -16.468  -3.424  45.920 0.0000000000
50065  -17.124  -3.023  48.220 0.0000000000
50055  -17.251  -2.918  49.163 0.0000000000
50048  -16.377  -3.203  49.458 0.0000000000
50042  -16.071  -3.073  50.405 0.0000000000
123537  -15.472  -3.138  50.982 0.0000000000
109563  -13.878  -3.662  51.046 0.0000000000
118281  -13.564  -4.058  50.260 0.0000000000
49043  -12.064  -4.879  50.038 0.0000000000
48109  -12.711  -5.657  47.772 0.0000000000
48095  -12.532  -5.469  48.582 0.0000000000
48083  -11.546  -5.426  49.801 0.0000000000
47143  -10.711  -6.718  48.821 0.0000000000
56982  -6.335  3.343  40.275 0.0000000000
55979  -7.558  2.319  40.419 0.0000000000
55010  -6.957  1.599  40.504 0.0000000000
55008  -4.618  1.284  40.869 0.0000000000
54070  -4.490  -0.413  41.687 0.0000000000
51213  -3.806  -2.328  42.012 0.0000000000
51227  -5.002  -2.566  40.636 0.0000000000
52210  -9.381  -1.145  44.066 0.0000000000
52222  -9.273  -1.526  42.570 0.0000000000
121270  -8.338  -1.691  42.144 0.0000000000
51218  -10.874  -2.919  40.923 0.0000000000
52238  -10.106  -2.102  41.099 0.0000000000
52252  -8.658  -1.792  40.995 0.0000000000
52266  -7.894  -1.968  40.323 0.0000000000
122687  -7.113  -2.339  39.597 0.0000000000
51254  -7.201  -2.792  38.505 0.0000000000
51276  -8.069  -3.325  37.262 0.0000000000
52085  -6.500  -2.056  57.119 0.0000000000
52088  -5.445  -1.407  56.522 0.0000000000
52087  -4.738  -1.342  55.957 0.0000000000
50022  -4.814  -4.097  54.255 0.0000000000
51104  -4.359  -2.385  54.459 0.0000000000
52094  -3.773  -0.666  54.307 0.0000000000
53040  -3.136  0.165  52.842 0.0000000000
111675  -3.097  0.026  52.051 0.0000000000
53061  -3.333  -0.057  50.653 0.0000000000
113573  -3.729  -0.872  50.046 0.0000000000
51140  -4.384  -2.528  49.558 0.0000000000
120933  -4.745  -4.308  48.762 0.0000000000
48081  -4.198  -5.119  49.596 0.0000000000
48092  -4.273  -5.094  49.234 0.0000000000
48106  -4.950  -5.678  47.985 0.0000000000
47173  -5.086  -6.915  46.686 0.0000000000
46139  -5.047  -7.649  46.041 0.0000000000
44158  -5.228  -8.994  44.601 0.0000000000
42333  -4.810  -11.549  52.161 0.0000000000
41492  -4.595  -12.781  51.808 0.0000000000
125066  -4.609  -11.460  52.035 0.0000000000
116390  -4.631  -11.717  50.956 0.0000000000
42364  -4.811  -11.379  49.590 0.0000000000
121260  -4.829  -10.627  48.659 0.0000000000
41523  -5.283  -12.120  47.838 0.0000000000
43198  -5.063  -10.604  47.580 0.0000000000
43205  -5.228  -10.518  46.072 0.0000000000
43214  -5.079  -10.126  45.238 0.0000000000
43222  -5.238  -9.831  44.440 0.0000000000
42410  -5.957  -11.008  43.533 0.0000000000
115663  -6.235  -12.446  42.328 0.0000000000
57906  -34.793  4.458  51.405 0.0000000000
56866  -34.463  2.830  51.296 0.0000000000
56867  -35.538  3.028  50.956 0.0000000000
55833  -33.836  2.030  51.160 0.0000000000
57905  -33.643  4.318  51.726 0.0000000000
56854  -33.237  3.464  52.029 0.0000000000
110549  -43.050  12.524  30.642 0.0000000000
64952  -41.231  11.829  29.534 0.0000000000
68265  -32.708  15.149  38.924 0.0000000000
112509  -32.327  13.733  38.785 0.0000000000
66524  -31.925  13.274  38.230 0.0000000000
66532  -32.101  14.044  38.104 0.0000000000
67370  -32.323  14.788  37.827 0.0000000000
46183  -5.768  -8.355  44.512 0.0000000000
45139  -6.060  -8.637  43.977 0.0000000000
129671  -5.769  -9.014  43.893 0.0000000000
45065  -8.793  -8.327  49.955 0.0000000000
60848  -32.656  7.519  44.620 0.0000000000
54848  -3.885  1.257  49.576 0.0000000000
66553  -37.894  13.508  35.378 0.0000000000
67417  -36.232  13.941  34.838 0.0000000000
66566  -36.634  13.283  34.438 0.0000000000
114990  -37.031  12.612  33.943 0.0000000000
51126  -15.410  -2.452  53.002 0.0000000000
50036  -14.651  -2.825  52.791 0.0000000000
51158  -22.009  -2.400  48.245 0.0000000000
51157  -21.338  -2.509  48.507 0.0000000000
52281  -4.736  -2.340  37.776 0.0000000000
54037  -7.980  0.462  44.923 0.0000000000
46282  -9.934  -7.966  37.671 0.0000000000
129520  -4.949  -10.188  52.812 0.0000000000
44017  -4.788  -10.039  52.472 0.0000000000
43159  -4.726  -10.851  52.225 0.0000000000
125485  -36.190  5.821  49.300 0.0000000000
58897  -35.380  5.885  48.608 0.0000000000
59846  -35.042  6.727  48.384 0.0000000000
55847  -30.553  1.861  49.617 0.0000000000
56908  -29.905  2.720  48.185 0.0000000000
68408  -43.753  15.554  28.056 0.0000000000
69401  -43.927  16.147  27.532 0.0000000000
69311  -34.181  16.483  35.716 0.0000000000
69287  -34.029  16.941  36.311 0.0000000000
68319  -33.662  15.952  35.213 0.0000000000
56980  -4.458  3.769  41.001 0.0000000000
118071  -4.535  2.083  40.721 0.0000000000
49103  -10.173  -3.976  44.965 0.0000000000
45201  -7.791  -8.623  41.589 0.0000000000
45220  -7.590  -9.195  40.734 0.0000000000
44208  -6.672  -9.750  41.012 0.0000000000
111610  -9.291  -5.741  55.193 0.0000000000
44993  -7.219  -9.342  54.367 0.0000000000
116784  -33.406  12.031  41.618 0.0000000000
55916  -33.814  2.114  44.390 0.0000000000
125923  -32.564  10.168  40.977 0.0000000000
126096  -32.648  11.354  40.361 0.0000000000
53940  -24.456  0.033  53.086 0.0000000000
55829  -27.803  2.391  50.954 0.0000000000
54906  -24.719  0.878  46.149 0.0000000000
54013  -24.541  0.441  46.913 0.0000000000
53119  -24.171  0.193  46.266 0.0000000000
53130  -23.645  -0.199  45.505 0.0000000000
54865  -6.332  1.612  47.873 0.0000000000
118974  -7.122  1.374  47.488 0.0000000000
54005  -7.463  1.432  46.865 0.0000000000
53097  -8.184  0.025  47.758 0.0000000000
49066  -6.297  -4.744  47.812 0.0000000000
64919  -38.798  11.020  32.820 0.0000000000
64019  -38.369  10.554  32.227 0.0000000000
64020  -39.181  10.746  32.223 0.0000000000
49027  -11.457  -4.901  51.114 0.0000000000
48070  -11.160  -5.377  50.564 0.0000000000
50090  -17.638  -3.272  44.243 0.0000000000
108793  -17.379  -3.262  44.926 0.0000000000
49083  -14.438  -4.591  46.755 0.0000000000
49071  -15.071  -4.120  47.400 0.0000000000
49057  -14.963  -4.116  48.133 0.0000000000
56967  -9.222  3.761  41.013 0.0000000000
52220  -6.683  -1.596  42.668 0.0000000000
114359  -6.235  -1.915  42.516 0.0000000000
49126  -10.850  -4.037  42.598 0.0000000000
49127  -10.986  -3.654  41.895 0.0000000000
126312  -11.031  -3.943  38.533 0.0000000000
50150  -10.884  -3.443  38.912 0.0000000000
113640  -10.565  -3.622  38.159 0.0000000000
51278  -9.785  -3.432  37.674 0.0000000000
50169  -10.232  -3.968  37.366 0.0000000000
53921  -4.748  1.001  55.632 0.0000000000
53923  -3.532  1.179  54.892 0.0000000000
110706  -6.641  -5.403  55.783 0.0000000000
48997  -5.944  -4.942  55.338 0.0000000000
49018  -3.797  -4.616  51.566 0.0000000000
50030  -3.882  -3.939  52.358 0.0000000000
50029  -3.499  -3.717  51.338 0.0000000000
123766  -3.366  -2.974  51.213 0.0000000000
50034  -3.516  -4.121  50.580 0.0000000000
50038  -3.496  -3.813  50.154 0.0000000000
49035  -3.656  -4.301  50.224 0.0000000000
46097  -4.501  -7.466  48.534 0.0000000000
44101  -4.746  -9.710  47.270 0.0000000000
38735  -4.524  -15.305  50.538 0.0000000000
39739  -4.633  -14.569  50.109 0.0000000000
54880  -36.108  0.909  49.212 0.0000000000
54862  -36.043  1.509  49.969 0.0000000000
120461  -36.229  4.122  50.601 0.0000000000
57923  -36.389  4.797  50.322 0.0000000000
58898  -36.221  4.838  49.680 0.0000000000
55848  -31.324  1.358  50.218 0.0000000000
54846  -34.375  1.395  50.575 0.0000000000
54860  -33.849  0.699  50.021 0.0000000000
54879  -34.849  0.433  49.321 0.0000000000
55832  -32.813  1.866  51.489 0.0000000000
55817  -32.260  2.118  52.087 0.0000000000
66621  -43.661  13.859  29.820 0.0000000000
64077  -39.191  10.671  29.164 0.0000000000
64964  -39.006  10.967  28.225 0.0000000000
64965  -39.798  11.285  28.519 0.0000000000
65794  -40.886  12.187  28.155 0.0000000000
65808  -40.621  12.495  27.426 0.0000000000
65817  -40.030  12.536  26.861 0.0000000000
111580  -42.777  13.416  29.174 0.0000000000
66627  -42.487  13.674  28.305 0.0000000000
67496  -42.959  14.343  28.169 0.0000000000
69266  -33.441  16.835  37.337 0.0000000000
69246  -33.677  16.703  39.384 0.0000000000
70257  -34.269  17.502  39.809 0.0000000000
110121  -31.480  10.710  38.180 0.0000000000
64865  -31.397  11.274  37.737 0.0000000000
65709  -31.268  12.476  36.876 0.0000000000
64873  -31.085  11.615  36.997 0.0000000000
65708  -30.781  12.064  36.205 0.0000000000
65721  -30.983  13.098  35.995 0.0000000000
68299  -32.527  15.702  36.526 0.0000000000
69309  -32.929  16.220  36.069 0.0000000000
112534  -7.459  -6.537  45.300 0.0000000000
47190  -7.970  -6.548  44.731 0.0000000000
45157  -6.395  -8.867  43.455 0.0000000000
46199  -7.339  -8.003  43.481 0.0000000000
45177  -7.217  -8.783  42.330 0.0000000000
44207  -6.391  -9.844  41.569 0.0000000000
44194  -6.658  -9.320  42.477 0.0000000000
115991  -5.950  -10.300  42.313 0.0000000000
120000  -6.082  -10.045  42.364 0.0000000000
42413  -5.562  -10.862  41.518 0.0000000000
41566  -5.760  -11.646  41.934 0.0000000000
47086  -8.796  -7.167  53.090 0.0000000000
46031  -9.068  -7.106  52.288 0.0000000000
58925  -32.274  5.105  45.780 0.0000000000
57959  -31.910  4.729  45.069 0.0000000000
59874  -31.716  6.084  44.418 0.0000000000
59886  -31.678  6.677  43.749 0.0000000000
60862  -31.678  7.220  43.184 0.0000000000
60879  -31.411  7.322  42.476 0.0000000000
62931  -33.305  9.392  43.306 0.0000000000
54816  -24.545  1.536  54.733 0.0000000000
130464  -25.123  1.793  55.022 0.0000000000
55872  -27.406  3.095  47.909 0.0000000000
70430  -43.582  17.439  24.698 0.0000000000
72292  -44.466  19.269  24.776 0.0000000000
71387  -44.079  18.847  24.116 0.0000000000
112170  -44.459  19.520  24.121 0.0000000000
72303  -44.247  19.352  23.476 0.0000000000
116747  -44.666  20.010  23.648 0.0000000000
53083  -6.855  0.123  48.870 0.0000000000
53963  -5.734  0.349  49.173 0.0000000000
51141  -5.478  -2.153  49.360 0.0000000000
65750  -38.388  11.882  33.844 0.0000000000
65734  -38.611  12.366  34.484 0.0000000000
130552  -34.159  12.540  32.501 0.0000000000
65764  -35.591  12.507  33.083 0.0000000000
64930  -34.944  11.508  31.941 0.0000000000
64931  -35.824  11.022  31.898 0.0000000000
65749  -37.626  12.107  33.721 0.0000000000
64904  -37.792  11.556  33.290 0.0000000000
50035  -13.867  -3.409  52.064 0.0000000000
49094  -14.618  -4.557  45.818 0.0000000000
48139  -14.105  -5.082  45.199 0.0000000000
55959  -8.696  2.344  41.665 0.0000000000
54048  -7.755  -0.461  43.906 0.0000000000
54057  -7.469  -0.611  43.465 0.0000000000
53162  -7.136  -1.060  43.212 0.0000000000
52209  -7.809  -1.230  43.507 0.0000000000
47282  -10.474  -6.595  39.553 0.0000000000
48222  -10.725  -5.900  39.990 0.0000000000
47310  -10.954  -6.595  37.814 0.0000000000
47297  -10.834  -6.591  38.631 0.0000000000
116744  -10.830  -6.340  36.982 0.0000000000
53034  -6.057  -0.328  55.634 0.0000000000
53036  -6.420  0.014  54.338 0.0000000000
123578  -5.511  -8.284  54.242 0.0000000000
47074  -5.405  -6.873  54.006 0.0000000000
46010  -5.218  -7.743  53.768 0.0000000000
46030  -4.650  -8.268  52.641 0.0000000000
47085  -4.547  -7.303  52.499 0.0000000000
128244  -4.373  -7.000  51.394 0.0000000000
44041  -4.581  -9.359  51.179 0.0000000000
45047  -4.512  -8.425  51.094 0.0000000000
129494  -4.575  -9.499  50.441 0.0000000000
121130  -4.632  -10.030  50.056 0.0000000000
54925  -35.251  1.342  45.061 0.0000000000
55902  -35.203  1.842  45.669 0.0000000000
113963  -36.709  1.741  48.375 0.0000000000
55875  -36.608  1.542  47.616 0.0000000000
56909  -34.396  3.605  47.427 0.0000000000
57949  -33.456  4.060  46.987 0.0000000000
59856  -33.662  6.584  47.188 0.0000000000
53996  -32.011  0.164  47.277 0.0000000000
55815  -28.545  2.081  53.044 0.0000000000
125088  -29.134  2.253  52.656 0.0000000000
56842  -31.319  3.111  53.285 0.0000000000
56864  -29.470  2.640  50.733 0.0000000000
56863  -28.945  2.824  50.858 0.0000000000
56877  -28.905  3.203  50.010 0.0000000000
124865  -28.154  3.377  48.550 0.0000000000
56888  -28.882  3.403  48.217 0.0000000000
56919  -28.715  2.890  46.680 0.0000000000
71342  -44.990  18.383  27.850 0.0000000000
66649  -41.336  13.784  26.610 0.0000000000
66650  -41.740  14.273  26.370 0.0000000000
67518  -42.327  14.879  26.105 0.0000000000
68443  -42.692  15.593  25.580 0.0000000000
69427  -43.012  16.250  25.047 0.0000000000
68444  -43.281  16.092  25.837 0.0000000000
70400  -44.540  17.649  27.385 0.0000000000
68322  -36.276  15.156  35.756 0.0000000000
70307  -35.896  17.116  36.811 0.0000000000
131079  -36.136  16.564  36.548 0.0000000000
70288  -34.498  17.638  37.573 0.0000000000
66552  -30.867  13.637  34.966 0.0000000000
124521  -31.396  14.369  34.580 0.0000000000
67413  -32.683  14.861  34.237 0.0000000000
66580  -32.539  13.814  33.237 0.0000000000
68341  -34.881  15.086  34.883 0.0000000000
67415  -34.391  14.584  34.353 0.0000000000
67416  -35.310  14.266  34.574 0.0000000000
55007  -2.612  1.681  40.898 0.0000000000
111217  -2.778  -0.318  41.292 0.0000000000
54082  -2.596  0.033  41.034 0.0000000000
52264  -2.807  -1.825  40.284 0.0000000000
52250  -2.723  -1.962  41.402 0.0000000000
52192  -9.863  -1.519  45.477 0.0000000000
51182  -10.231  -2.399  45.171 0.0000000000
49114  -10.484  -3.818  44.064 0.0000000000
127369  -10.705  -3.673  43.315 0.0000000000
47222  -8.593  -6.658  43.550 0.0000000000
47207  -9.050  -5.928  43.942 0.0000000000
46215  -9.078  -6.813  42.252 0.0000000000
47253  -9.574  -6.409  41.810 0.0000000000
47238  -10.045  -5.691  42.061 0.0000000000
47268  -9.668  -6.697  41.076 0.0000000000
45222  -9.290  -8.002  40.162 0.0000000000
43245  -6.042  -10.325  41.017 0.0000000000
43250  -5.745  -10.467  40.128 0.0000000000
50014  -8.918  -3.521  56.710 0.0000000000
109422  -9.241  -4.087  56.649 0.0000000000
48016  -8.269  -5.706  56.164 0.0000000000
48015  -7.714  -5.900  56.143 0.0000000000
47036  -7.412  -6.781  55.976 0.0000000000
46011  -8.053  -8.031  54.666 0.0000000000
45982  -7.260  -8.192  55.430 0.0000000000
44974  -6.576  -8.523  55.195 0.0000000000
44984  -6.184  -9.049  54.844 0.0000000000
43125  -5.739  -10.241  53.774 0.0000000000
43995  -5.782  -9.669  54.231 0.0000000000
66507  -32.807  13.234  40.368 0.0000000000
127456  -31.721  4.425  44.482 0.0000000000
111418  -31.597  9.199  39.998 0.0000000000
64839  -32.579  11.903  40.127 0.0000000000
117414  -32.215  11.899  39.505 0.0000000000
53081  -23.970  -1.134  50.179 0.0000000000
52150  -23.130  -1.375  50.628 0.0000000000
127885  -22.931  -1.994  49.113 0.0000000000
52174  -23.448  -1.589  48.641 0.0000000000
54834  -25.896  0.780  52.739 0.0000000000
54844  -26.146  0.727  51.366 0.0000000000
54892  -26.036  1.879  48.111 0.0000000000
54874  -26.212  1.657  49.002 0.0000000000
53979  -25.486  0.519  48.917 0.0000000000
53969  -25.182  -0.017  49.232 0.0000000000
53082  -24.655  -0.598  49.668 0.0000000000
53092  -23.998  -0.933  47.958 0.0000000000
52180  -23.284  -1.230  47.275 0.0000000000
52179  -22.745  -1.781  47.474 0.0000000000
52187  -22.719  -1.554  46.751 0.0000000000
52186  -22.158  -2.059  46.336 0.0000000000
52195  -22.703  -1.399  45.857 0.0000000000
52202  -22.276  -1.364  44.210 0.0000000000
73165  -45.070  20.471  22.880 0.0000000000
73962  -45.660  21.140  22.462 0.0000000000
73972  -46.321  21.741  21.159 0.0000000000
56935  -8.605  3.166  44.200 0.0000000000
54930  -8.064  1.619  44.138 0.0000000000
54929  -7.770  1.823  44.969 0.0000000000
55864  -6.929  2.635  46.787 0.0000000000
116655  -7.358  2.470  46.064 0.0000000000
54021  -7.812  1.191  46.182 0.0000000000
54913  -7.510  1.937  45.646 0.0000000000
53112  -8.922  -0.175  45.925 0.0000000000
114534  -8.946  -0.355  46.604 0.0000000000
52178  -9.241  -1.109  46.790 0.0000000000
117579  -9.328  -1.785  46.894 0.0000000000
51163  -9.132  -2.209  47.222 0.0000000000
53075  -7.252  -0.770  48.851 0.0000000000
114844  -7.882  -1.039  48.416 0.0000000000
50060  -7.734  -3.730  47.978 0.0000000000
50051  -8.325  -3.018  47.904 0.0000000000
50069  -8.964  -3.827  47.011 0.0000000000
48122  -7.992  -5.319  46.295 0.0000000000
49079  -7.698  -4.925  47.007 0.0000000000
47174  -6.441  -6.410  46.274 0.0000000000
46162  -6.068  -7.667  45.012 0.0000000000
47189  -5.727  -7.188  45.919 0.0000000000
64942  -40.825  11.318  30.721 0.0000000000
117757  -33.326  15.054  40.689 0.0000000000
64026  -36.335  10.235  31.503 0.0000000000
63079  -38.080  9.942  31.032 0.0000000000
63078  -37.454  9.745  30.999 0.0000000000
63092  -37.862  9.791  30.360 0.0000000000
63093  -38.451  10.202  29.688 0.0000000000
64030  -40.127  10.951  31.192 0.0000000000
48996  -10.989  -3.245  56.254 0.0000000000
111321  -12.906  -3.310  54.396 0.0000000000
49011  -10.982  -4.921  53.127 0.0000000000
49012  -11.565  -4.376  53.857 0.0000000000
48045  -9.791  -5.978  53.047 0.0000000000
47112  -10.244  -6.356  50.420 0.0000000000
47098  -10.117  -6.241  51.241 0.0000000000
47127  -9.779  -7.011  49.987 0.0000000000
109549  -20.089  -2.501  47.107 0.0000000000
51176  -19.502  -2.487  46.444 0.0000000000
51164  -17.737  -2.728  47.825 0.0000000000
50071  -15.830  -3.654  46.139 0.0000000000
50064  -16.436  -3.361  47.707 0.0000000000
50040  -14.768  -3.410  50.991 0.0000000000
50039  -14.328  -3.805  50.210 0.0000000000
49044  -12.824  -4.531  49.932 0.0000000000
48123  -12.900  -5.838  46.974 0.0000000000
48110  -13.336  -5.286  47.447 0.0000000000
47159  -11.607  -6.585  47.661 0.0000000000
47145  -12.073  -6.027  48.128 0.0000000000
48094  -11.827  -5.760  48.938 0.0000000000
47129  -11.142  -6.125  49.294 0.0000000000
58015  -7.805  4.721  40.303 0.0000000000
117690  -6.929  3.856  40.225 0.0000000000
58013  -6.077  4.329  40.449 0.0000000000
54990  -8.134  1.566  41.423 0.0000000000
55980  -8.255  2.272  40.812 0.0000000000
55011  -7.675  1.620  40.798 0.0000000000
54085  -6.355  0.795  40.955 0.0000000000
55009  -5.776  1.644  40.522 0.0000000000
54084  -5.211  0.646  41.103 0.0000000000
54083  -3.880  0.500  41.359 0.0000000000
51215  -5.551  -2.103  42.339 0.0000000000
51214  -4.729  -2.369  41.891 0.0000000000
52200  -10.123  -1.641  44.036 0.0000000000
52211  -9.971  -1.619  43.136 0.0000000000
48207  -11.193  -4.583  40.170 0.0000000000
49151  -11.197  -4.059  40.637 0.0000000000
50128  -11.100  -3.439  40.396 0.0000000000
118921  -10.336  -2.525  39.944 0.0000000000
126591  -10.096  -2.230  40.413 0.0000000000
52253  -9.550  -1.959  40.606 0.0000000000
52267  -8.898  -1.973  39.950 0.0000000000
51241  -8.141  -2.308  39.232 0.0000000000
51253  -6.343  -2.686  38.976 0.0000000000
51275  -7.248  -3.121  37.506 0.0000000000
54825  -3.172  0.870  52.182 0.0000000000
51091  -6.470  -2.667  57.096 0.0000000000
51097  -5.272  -2.135  56.436 0.0000000000
51096  -4.709  -2.249  55.559 0.0000000000
49003  -5.286  -4.798  54.573 0.0000000000
124660  -4.446  -3.257  53.910 0.0000000000
124529  -4.092  -2.547  53.626 0.0000000000
52104  -3.872  -1.591  53.817 0.0000000000
130292  -3.578  -0.823  53.632 0.0000000000
53035  -3.321  -0.092  53.571 0.0000000000
52103  -3.464  -1.064  52.885 0.0000000000
52127  -3.309  -1.464  51.254 0.0000000000
52115  -3.270  -0.810  51.951 0.0000000000
112290  -3.235  -0.567  51.189 0.0000000000
53942  -3.182  0.249  51.218 0.0000000000
117281  -3.464  -0.758  50.531 0.0000000000
52151  -3.635  -1.669  50.282 0.0000000000
50043  -3.660  -4.016  49.830 0.0000000000
116379  -3.817  -3.422  49.658 0.0000000000
50045  -4.465  -3.519  49.218 0.0000000000
126108  -4.305  -5.749  49.944 0.0000000000
47126  -4.389  -6.012  49.508 0.0000000000
119886  -4.525  -6.500  48.494 0.0000000000
109278  -4.389  -5.741  49.108 0.0000000000
48105  -4.545  -5.765  48.614 0.0000000000
48093  -4.576  -5.076  48.669 0.0000000000
47157  -4.755  -6.514  47.679 0.0000000000
45104  -4.692  -8.707  46.034 0.0000000000
46138  -4.714  -8.035  46.310 0.0000000000
46160  -4.998  -8.337  45.506 0.0000000000
45120  -5.039  -8.823  45.117 0.0000000000
112587  -4.779  -12.424  51.998 0.0000000000
40632  -4.474  -13.411  51.428 0.0000000000
109230  -4.472  -14.135  51.630 0.0000000000
128608  -4.624  -12.056  51.958 0.0000000000
116264  -4.515  -11.983  51.799 0.0000000000
128273  -4.818  -12.718  49.676 0.0000000000
128970  -5.296  -11.416  47.495 0.0000000000
42379  -5.491  -11.835  47.113 0.0000000000
42385  -5.361  -10.980  46.868 0.0000000000
42386  -5.577  -11.323  46.469 0.0000000000
116433  -5.467  -10.799  45.802 0.0000000000
42392  -5.516  -10.703  45.090 0.0000000000
42401  -5.539  -10.363  44.043 0.0000000000
57915  -36.212  4.646  50.831 0.0000000000
58879  -35.936  6.121  51.124 0.0000000000
57907  -35.871  5.008  51.190 0.0000000000
58878  -34.969  5.583  51.396 0.0000000000
54847  -35.316  1.597  50.435 0.0000000000
55835  -35.948  2.306  50.439 0.0000000000
55818  -32.898  2.649  52.053 0.0000000000
119636  -33.185  5.061  51.715 0.0000000000
66620  -43.438  13.223  30.287 0.0000000000
64966  -40.642  11.675  28.850 0.0000000000
68282  -32.638  15.615  37.497 0.0000000000
69265  -33.075  16.269  37.672 0.0000000000
68272  -32.904  15.804  38.326 0.0000000000
65693  -31.780  12.497  38.300 0.0000000000
65701  -31.606  12.866  37.566 0.0000000000
126032  -31.982  14.363  37.482 0.0000000000
108749  -6.987  -7.832  44.041 0.0000000000
44178  -6.413  -9.166  43.212 0.0000000000
43239  -6.184  -9.671  43.054 0.0000000000
113711  -9.263  -7.214  51.237 0.0000000000
45048  -8.311  -8.594  50.886 0.0000000000
114822  -32.186  6.319  45.028 0.0000000000
125542  -32.639  8.249  43.579 0.0000000000
61912  -33.177  8.806  43.841 0.0000000000
56829  -25.397  2.854  54.996 0.0000000000
55883  -26.706  2.600  46.513 0.0000000000
122376  -44.382  18.377  25.894 0.0000000000
128471  -44.258  18.414  25.387 0.0000000000
71365  -44.449  18.897  25.429 0.0000000000
72283  -44.801  19.628  25.515 0.0000000000
73915  -46.087  21.257  26.473 0.0000000000
115821  -4.588  0.478  49.335 0.0000000000
53072  -4.125  -0.422  49.671 0.0000000000
66568  -38.281  12.895  34.931 0.0000000000
65747  -35.195  13.181  33.563 0.0000000000
66598  -34.658  12.847  32.947 0.0000000000
65765  -36.213  12.048  32.966 0.0000000000
65748  -36.389  12.403  33.427 0.0000000000
50033  -14.430  -2.515  53.944 0.0000000000
53203  -3.399  -1.209  38.556 0.0000000000
52280  -3.793  -1.900  38.222 0.0000000000
54950  -8.174  1.312  43.253 0.0000000000
53151  -8.180  -0.891  43.997 0.0000000000
46269  -10.008  -7.830  38.614 0.0000000000
46270  -10.428  -7.158  38.858 0.0000000000
116306  -6.463  -1.074  56.175 0.0000000000
44992  -4.827  -8.884  53.152 0.0000000000
118182  -4.599  -8.503  52.236 0.0000000000
45025  -4.627  -9.142  51.957 0.0000000000
56891  -35.867  3.504  48.667 0.0000000000
57939  -34.952  4.032  48.226 0.0000000000
58903  -33.925  5.317  47.731 0.0000000000
59845  -34.335  6.117  47.959 0.0000000000
53980  -33.237  -0.115  48.460 0.0000000000
56879  -29.960  2.501  49.978 0.0000000000
56889  -29.473  3.159  48.837 0.0000000000
69402  -44.542  16.916  28.194 0.0000000000
111786  -42.571  14.422  27.300 0.0000000000
115521  -43.573  16.065  26.614 0.0000000000
69312  -35.015  16.356  35.749 0.0000000000
70306  -35.179  17.239  36.614 0.0000000000
68338  -32.483  15.267  34.769 0.0000000000
67414  -33.483  14.828  34.229 0.0000000000
51195  -21.164  -2.302  44.126 0.0000000000
54986  -2.713  1.951  41.185 0.0000000000
54987  -2.856  1.721  41.272 0.0000000000
54069  -2.985  0.614  41.328 0.0000000000
116599  -3.230  -0.529  41.667 0.0000000000
114379  -9.980  -2.877  45.899 0.0000000000
50078  -10.200  -3.217  45.300 0.0000000000
49113  -10.065  -4.616  44.249 0.0000000000
46213  -7.682  -8.193  42.807 0.0000000000
47236  -8.823  -6.777  42.839 0.0000000000
46243  -9.204  -7.521  40.968 0.0000000000
46242  -8.527  -8.373  40.877 0.0000000000
44217  -7.557  -9.414  39.614 0.0000000000
44224  -6.659  -9.829  39.217 0.0000000000
44223  -5.981  -10.247  38.899 0.0000000000
130992  -9.574  -4.632  56.149 0.0000000000
48012  -9.091  -4.601  56.477 0.0000000000
48017  -8.937  -5.263  55.998 0.0000000000
44994  -7.738  -8.667  54.062 0.0000000000
43996  -6.533  -9.531  54.560 0.0000000000
65677  -32.863  12.517  40.607 0.0000000000
118874  -31.210  5.112  43.567 0.0000000000
63000  -32.050  9.918  40.166 0.0000000000
63961  -31.968  10.413  39.519 0.0000000000
55803  -27.727  1.972  53.613 0.0000000000
55793  -26.867  1.849  54.228 0.0000000000
54845  -26.677  1.254  50.863 0.0000000000
121128  -25.686  1.139  48.564 0.0000000000
118467  -24.543  -0.165  48.011 0.0000000000
53106  -24.227  -0.152  47.195 0.0000000000
52196  -23.275  -0.769  45.878 0.0000000000
53129  -23.022  -0.858  45.206 0.0000000000
126847  -22.750  -0.966  44.568 0.0000000000
71401  -42.947  17.899  22.453 0.0000000000
127894  -8.138  0.809  46.850 0.0000000000
53988  -8.500  0.207  47.095 0.0000000000
51151  -7.150  -2.602  48.709 0.0000000000
49067  -7.300  -4.489  47.597 0.0000000000
48108  -6.742  -5.237  47.262 0.0000000000
48120  -6.211  -5.988  46.971 0.0000000000
110394  -41.250  11.352  32.416 0.0000000000
64018  -37.574  10.553  32.195 0.0000000000
64029  -39.475  10.694  31.588 0.0000000000
49005  -11.771  -3.490  55.544 0.0000000000
49021  -12.434  -4.016  52.565 0.0000000000
49019  -11.075  -4.988  51.986 0.0000000000
48057  -10.519  -5.647  51.626 0.0000000000
51184  -18.724  -2.637  45.653 0.0000000000
128414  -19.109  -2.504  46.029 0.0000000000
51183  -17.967  -2.684  45.965 0.0000000000
50073  -17.179  -3.076  46.247 0.0000000000
111885  -15.845  -3.494  48.909 0.0000000000
50052  -15.204  -3.851  48.806 0.0000000000
50046  -14.758  -3.900  49.464 0.0000000000
49055  -13.630  -4.689  48.629 0.0000000000
47177  -12.410  -6.375  46.497 0.0000000000
47158  -10.965  -6.997  48.042 0.0000000000
116418  -7.797  3.913  40.229 0.0000000000
54072  -7.307  0.282  41.809 0.0000000000
54086  -7.171  0.908  41.047 0.0000000000
53173  -5.065  -1.385  42.150 0.0000000000
52235  -5.734  -1.964  42.489 0.0000000000
50151  -11.214  -4.023  39.159 0.0000000000
51244  -10.613  -2.942  39.413 0.0000000000
115891  -9.949  -2.615  39.206 0.0000000000
48991  -6.847  -4.162  56.536 0.0000000000
50012  -6.406  -3.386  56.788 0.0000000000
50019  -5.989  -3.877  56.114 0.0000000000
49010  -4.279  -4.855  52.676 0.0000000000
50026  -4.379  -4.091  53.323 0.0000000000
51132  -3.361  -2.533  50.787 0.0000000000
51138  -3.460  -2.610  50.338 0.0000000000
120536  -3.430  -3.283  50.262 0.0000000000
111493  -4.503  -7.835  49.465 0.0000000000
110657  -4.487  -6.979  49.474 0.0000000000
44120  -4.691  -9.391  46.229 0.0000000000
117480  -4.592  -13.151  50.388 0.0000000000
40642  -4.738  -13.841  49.673 0.0000000000
120047  -4.948  -13.108  49.229 0.0000000000
54000  -36.392  0.085  47.595 0.0000000000
53983  -36.599  0.730  48.148 0.0000000000
54881  -36.720  1.418  48.622 0.0000000000
129098  -36.667  2.227  48.745 0.0000000000
55836  -36.367  2.641  50.114 0.0000000000
56881  -36.492  2.818  49.744 0.0000000000
56893  -36.476  2.928  49.146 0.0000000000
57931  -35.974  3.933  49.371 0.0000000000
120546  -31.561  0.613  48.776 0.0000000000
54877  -32.553  0.267  49.063 0.0000000000
114695  -32.838  0.799  50.210 0.0000000000
108367  -32.943  0.454  49.691 0.0000000000
53999  -35.323  -0.316  47.777 0.0000000000
116644  -31.828  2.536  52.597 0.0000000000
55816  -31.350  1.787  51.826 0.0000000000
115558  -43.688  14.988  28.577 0.0000000000
68395  -44.494  15.057  29.695 0.0000000000
64981  -39.533  11.579  27.725 0.0000000000
64991  -39.266  12.062  26.995 0.0000000000
66648  -40.790  13.458  26.487 0.0000000000
111041  -41.887  13.954  27.060 0.0000000000
66635  -41.861  13.452  27.746 0.0000000000
130347  -29.978  11.461  34.943 0.0000000000
65720  -30.556  12.632  35.303 0.0000000000
67369  -31.730  14.340  36.763 0.0000000000
68298  -32.530  15.726  35.790 0.0000000000
56981  -5.335  3.607  40.550 0.0000000000
49092  -8.835  -4.898  45.917 0.0000000000
48136  -9.158  -5.191  45.181 0.0000000000
47206  -8.438  -6.459  44.168 0.0000000000
42418  -5.179  -11.089  40.587 0.0000000000
47056  -8.895  -6.548  54.722 0.0000000000
47076  -9.169  -6.559  53.610 0.0000000000
45007  -7.944  -8.612  53.041 0.0000000000
63931  -33.101  10.689  41.507 0.0000000000
64829  -33.316  11.405  41.573 0.0000000000
56930  -32.845  3.334  45.253 0.0000000000
127052  -32.487  3.360  44.453 0.0000000000
57970  -32.103  3.932  44.881 0.0000000000
57969  -31.526  5.181  44.345 0.0000000000
59910  -30.938  6.764  42.124 0.0000000000
61930  -31.632  8.051  42.031 0.0000000000
61931  -32.299  8.688  42.327 0.0000000000
53928  -24.377  0.786  54.191 0.0000000000
53941  -25.084  0.499  53.382 0.0000000000
55857  -26.700  2.512  48.482 0.0000000000
130186  -25.974  1.974  47.514 0.0000000000
55882  -25.990  2.063  46.917 0.0000000000
70444  -43.049  17.495  23.195 0.0000000000
71375  -43.787  18.107  24.465 0.0000000000
71386  -43.688  18.284  23.786 0.0000000000
70456  -43.431  18.097  23.169 0.0000000000
72312  -44.073  19.434  22.235 0.0000000000
73164  -44.438  19.761  22.860 0.0000000000
114699  -45.480  20.779  24.713 0.0000000000
52154  -6.738  -1.258  49.158 0.0000000000
51142  -6.495  -1.993  49.123 0.0000000000
51150  -6.097  -2.789  48.953 0.0000000000
50049  -5.484  -3.530  48.771 0.0000000000
64905  -39.107  11.444  33.501 0.0000000000
65735  -39.379  11.922  34.300 0.0000000000
65774  -34.035  11.940  31.971 0.0000000000
64025  -35.652  10.399  31.382 0.0000000000
64017  -36.763  10.719  32.097 0.0000000000
50025  -13.360  -2.542  54.962 0.0000000000
50027  -13.039  -3.498  53.357 0.0000000000
49037  -12.187  -4.526  50.803 0.0000000000
50097  -16.491  -3.789  43.642 0.0000000000
50088  -16.099  -3.845  44.358 0.0000000000
49105  -15.483  -4.183  44.610 0.0000000000
49095  -15.309  -4.107  45.513 0.0000000000
126009  -13.960  -4.958  46.669 0.0000000000
49082  -13.895  -4.900  47.173 0.0000000000
55960  -9.219  3.232  41.602 0.0000000000
54073  -7.788  0.728  42.047 0.0000000000
111225  -11.030  -5.247  40.049 0.0000000000
116624  -11.256  -4.821  39.368 0.0000000000
48240  -11.196  -5.401  38.500 0.0000000000
48257  -11.051  -5.042  37.772 0.0000000000
49193  -10.491  -4.651  37.083 0.0000000000
53925  -6.050  0.855  54.915 0.0000000000
53924  -5.376  0.945  55.545 0.0000000000
53029  -4.445  0.424  55.526 0.0000000000
47054  -5.968  -6.862  54.819 0.0000000000
48035  -5.087  -6.100  53.595 0.0000000000
114597  -4.621  -5.797  52.903 0.0000000000
48056  -4.022  -5.438  51.322 0.0000000000
48055  -3.895  -4.859  50.339 0.0000000000
108465  -4.126  -5.636  50.799 0.0000000000
47110  -4.299  -6.295  50.721 0.0000000000
46078  -4.465  -7.658  50.243 0.0000000000
126237  -4.670  -9.923  49.004 0.0000000000
54001  -36.790  0.651  47.309 0.0000000000
55888  -36.403  1.451  46.792 0.0000000000
108491  -35.583  2.086  46.392 0.0000000000
55901  -34.461  2.510  45.966 0.0000000000
131036  -33.557  3.089  45.845 0.0000000000
56921  -33.079  3.726  46.166 0.0000000000
57948  -32.743  4.566  46.412 0.0000000000
58913  -32.651  5.361  46.425 0.0000000000
59855  -33.001  5.974  46.781 0.0000000000
60835  -33.392  7.498  45.964 0.0000000000
55804  -28.316  2.538  54.226 0.0000000000
128346  -29.889  2.595  53.516 0.0000000000
122016  -30.159  2.127  52.181 0.0000000000
119963  -29.776  2.272  52.932 0.0000000000
56862  -28.327  2.926  50.479 0.0000000000
128505  -27.768  3.171  47.337 0.0000000000
56906  -28.754  3.201  47.400 0.0000000000
56905  -28.095  3.095  46.882 0.0000000000
67517  -41.543  14.585  25.708 0.0000000000
67525  -41.289  14.976  24.979 0.0000000000
69428  -43.528  16.872  25.353 0.0000000000
70410  -43.859  17.169  26.034 0.0000000000
71353  -44.606  18.400  26.796 0.0000000000
72269  -45.097  19.157  27.268 0.0000000000
67397  -36.696  14.377  35.462 0.0000000000
131145  -36.714  15.506  36.285 0.0000000000
70305  -34.618  17.396  36.874 0.0000000000
67432  -33.896  14.105  33.824 0.0000000000
112226  -21.695  -2.303  46.943 0.0000000000
111660  -20.930  -2.489  46.972 0.0000000000
51193  -19.790  -2.755  44.708 0.0000000000
50082  -18.989  -2.825  44.897 0.0000000000
50091  -18.446  -2.986  44.389 0.0000000000
54096  -2.732  0.863  40.669 0.0000000000
52265  -3.473  -2.271  39.420 0.0000000000
51238  -4.191  -2.592  39.951 0.0000000000
53140  -8.887  -0.674  44.667 0.0000000000
51192  -10.407  -2.292  44.259 0.0000000000
48152  -9.455  -5.286  44.443 0.0000000000
48166  -9.738  -5.326  43.678 0.0000000000
48179  -9.934  -5.457  42.862 0.0000000000
116296  -10.567  -5.227  41.524 0.0000000000
46244  -10.267  -6.292  40.482 0.0000000000
111378  -8.042  -3.483  56.835 0.0000000000
48992  -7.694  -4.301  56.685 0.0000000000
48009  -7.281  -5.117  56.243 0.0000000000
45983  -7.842  -7.350  55.754 0.0000000000
45993  -7.830  -7.967  55.267 0.0000000000
47035  -6.667  -7.028  55.525 0.0000000000
45980  -6.190  -7.607  55.063 0.0000000000
44983  -5.608  -8.921  54.306 0.0000000000
43994  -5.237  -9.330  53.630 0.0000000000
67348  -32.623  14.334  39.312 0.0000000000
67341  -32.878  14.147  40.252 0.0000000000
56952  -32.530  3.002  43.701 0.0000000000
63020  -30.905  9.411  38.274 0.0000000000
63972  -31.818  10.872  38.875 0.0000000000
64858  -31.881  11.550  38.973 0.0000000000
64857  -31.682  11.787  38.333 0.0000000000
66525  -32.169  12.937  38.948 0.0000000000
51169  -22.179  -2.241  47.612 0.0000000000
54811  -25.516  2.399  55.116 0.0000000000
54817  -25.879  1.767  54.792 0.0000000000
55828  -27.103  2.052  50.456 0.0000000000
54873  -25.934  0.891  49.370 0.0000000000
54857  -26.116  0.786  50.257 0.0000000000
53960  -25.634  0.284  50.782 0.0000000000
113821  -24.126  -1.117  49.076 0.0000000000
52201  -21.765  -1.874  44.600 0.0000000000
73184  -44.695  20.252  21.327 0.0000000000
73971  -45.738  21.225  21.559 0.0000000000
73185  -45.257  20.724  21.029 0.0000000000
126091  -46.774  22.243  20.226 0.0000000000
55922  -8.849  2.828  43.291 0.0000000000
121405  -8.440  2.057  43.424 0.0000000000
52185  -9.622  -1.659  46.303 0.0000000000
49081  -9.328  -4.158  46.311 0.0000000000
51162  -8.638  -2.293  47.730 0.0000000000
51152  -7.991  -2.402  48.313 0.0000000000
50062  -9.037  -2.981  47.271 0.0000000000
64943  -41.466  11.679  30.330 0.0000000000
65776  -42.483  11.927  30.941 0.0000000000
67398  -37.537  14.162  35.759 0.0000000000
68255  -33.405  15.902  40.006 0.0000000000
63090  -36.141  9.277  30.425 0.0000000000
63110  -36.256  9.108  29.680 0.0000000000
123492  -36.886  9.424  29.318 0.0000000000
64075  -37.095  9.826  28.566 0.0000000000
118989  -37.762  10.199  28.470 0.0000000000
64076  -38.411  10.362  28.768 0.0000000000
64062  -39.525  10.715  29.868 0.0000000000
48027  -10.126  -5.296  54.681 0.0000000000
49004  -11.392  -4.248  54.883 0.0000000000
47097  -9.532  -6.748  51.701 0.0000000000
46065  -9.276  -7.411  50.631 0.0000000000
117857  -9.275  -7.703  49.954 0.0000000000
51166  -19.810  -2.543  47.946 0.0000000000
109881  -19.003  -2.529  48.087 0.0000000000
51145  -18.244  -2.649  49.151 0.0000000000
50080  -16.896  -3.356  45.371 0.0000000000
120609  -16.464  -3.375  46.745 0.0000000000
110261  -17.130  -3.047  47.296 0.0000000000
51153  -17.717  -2.760  48.560 0.0000000000
51144  -17.854  -2.615  50.008 0.0000000000
51143  -16.994  -2.843  50.158 0.0000000000
50041  -16.035  -2.701  51.525 0.0000000000
50037  -15.259  -2.858  51.921 0.0000000000
49029  -13.047  -4.104  50.844 0.0000000000
48096  -13.187  -5.157  48.234 0.0000000000
48084  -12.303  -5.174  49.372 0.0000000000
46079  -10.103  -7.146  49.172 0.0000000000
117802  -5.556  2.692  40.400 0.0000000000
110019  -8.122  3.020  40.428 0.0000000000
55978  -6.650  2.426  40.266 0.0000000000
53172  -3.786  -1.518  42.094 0.0000000000
52233  -2.994  -2.099  41.900 0.0000000000
51226  -3.978  -2.554  41.227 0.0000000000
51239  -5.318  -2.703  39.164 0.0000000000
109005  -8.781  -1.237  43.452 0.0000000000
52221  -7.963  -1.534  43.062 0.0000000000
49140  -11.088  -4.072  41.277 0.0000000000
50115  -11.059  -3.495  41.147 0.0000000000
51217  -10.506  -2.438  41.471 0.0000000000
51231  -10.821  -2.911  40.159 0.0000000000
51230  -10.485  -2.518  40.660 0.0000000000
52237  -9.457  -1.754  41.541 0.0000000000
52251  -7.471  -1.976  41.695 0.0000000000
51229  -6.809  -2.246  40.922 0.0000000000
51240  -6.084  -2.510  40.070 0.0000000000
123988  -6.169  -2.922  38.121 0.0000000000
51293  -7.728  -3.150  36.692 0.0000000000
50187  -8.413  -3.454  36.601 0.0000000000
51098  -7.858  -2.101  56.393 0.0000000000
52090  -6.941  -1.704  56.803 0.0000000000
52089  -6.090  -1.460  56.975 0.0000000000
51090  -5.889  -2.068  57.046 0.0000000000
117105  -4.915  -0.544  55.976 0.0000000000
112738  -4.188  -0.326  55.288 0.0000000000
50017  -4.785  -3.189  54.877 0.0000000000
52095  -4.278  -1.412  54.924 0.0000000000
53032  -3.595  0.103  54.569 0.0000000000
53922  -3.416  0.584  54.309 0.0000000000
53926  -3.255  0.479  53.413 0.0000000000
126100  -3.186  -0.227  52.650 0.0000000000
53930  -3.146  0.434  52.577 0.0000000000
122972  -3.116  0.454  51.856 0.0000000000
54836  -3.226  0.831  51.232 0.0000000000
53953  -3.438  0.607  50.326 0.0000000000
53071  -3.591  -0.126  50.054 0.0000000000
116126  -3.983  -1.560  49.858 0.0000000000
51139  -3.699  -2.585  49.928 0.0000000000
48080  -3.916  -4.541  49.859 0.0000000000
49042  -4.003  -4.468  49.654 0.0000000000
49051  -4.299  -4.685  49.110 0.0000000000
49065  -5.302  -4.935  48.197 0.0000000000
48119  -5.346  -6.224  47.250 0.0000000000
47172  -4.704  -7.394  46.918 0.0000000000
45121  -5.357  -8.632  44.749 0.0000000000
42323  -5.134  -11.132  52.616 0.0000000000
40626  -4.675  -13.827  51.797 0.0000000000
40619  -4.784  -13.136  51.946 0.0000000000
43169  -4.613  -10.893  51.798 0.0000000000
118494  -4.611  -11.198  51.548 0.0000000000
119004  -4.722  -10.834  50.524 0.0000000000
128860  -4.716  -10.538  49.560 0.0000000000
123799  -4.810  -9.996  48.125 0.0000000000
41513  -5.226  -12.915  48.225 0.0000000000
42372  -5.056  -11.411  48.305 0.0000000000
43204  -4.968  -10.163  46.561 0.0000000000
43213  -4.891  -9.762  45.606 0.0000000000
44140  -5.085  -9.436  44.809 0.0000000000
44159  -5.486  -9.191  44.132 0.0000000000
43230  -5.668  -9.639  43.703 0.0000000000
42409  -5.892  -10.199  43.215 0.0000000000
49000  -11.068  -3.620  56.043 0.0000000000
51212  -3.304  -2.235  41.993 0.0000000000
51225  -3.224  -2.302  41.664 0.0000000000
52234  -3.440  -2.127  42.089 0.0000000000
55851  -36.503  2.177  49.794 0.0000000000
58014  -7.074  4.568  40.313 0.0000000000
63978  -31.149  10.663  37.627 0.0000000000
67430  -32.207  14.389  33.720 0.0000000000
120828  -28.901  3.409  49.126 0.0000000000
122352  -35.008  3.563  51.284 0.0000000000
130728  -36.761  2.147  49.065 0.0000000000
