#!ascii label  , from subject sub-v1s3x0050825_ses-1 vox2ras=TkReg
1953
139284  -33.382  -19.965  49.868 0.0000000000
66836  -48.423  -4.364  28.911 0.0000000000
56579  -40.656  -16.129  34.264 0.0000000000
38502  -8.310  -33.537  40.873 0.0000000000
125396  -24.132  -34.708  42.833 0.0000000000
44899  -6.502  -27.883  40.213 0.0000000000
42718  -7.901  -29.484  50.603 0.0000000000
58517  -46.789  -13.470  27.319 0.0000000000
51019  -4.453  -20.452  32.725 0.0000000000
34511  -5.522  -37.908  51.768 0.0000000000
53043  -31.773  -19.294  41.351 0.0000000000
45795  -27.635  -26.435  45.739 0.0000000000
42747  -30.329  -30.046  47.308 0.0000000000
68609  -52.408  -2.447  26.668 0.0000000000
56628  -43.760  -16.138  30.904 0.0000000000
38506  -18.870  -33.592  41.317 0.0000000000
123263  -8.345  -18.407  40.112 0.0000000000
43851  -13.421  -28.733  42.159 0.0000000000
44949  -11.952  -27.801  36.202 0.0000000000
37559  -11.446  -33.690  36.860 0.0000000000
36405  -15.298  -35.624  52.368 0.0000000000
36385  -12.625  -35.501  56.260 0.0000000000
54883  -38.838  -17.652  37.998 0.0000000000
124094  -28.109  -31.859  48.716 0.0000000000
38545  -26.030  -33.182  40.241 0.0000000000
132157  -7.723  -28.657  45.527 0.0000000000
127367  -12.570  -31.829  46.558 0.0000000000
63101  -47.912  -8.568  28.903 0.0000000000
134642  -15.863  -34.669  47.763 0.0000000000
37466  -17.331  -34.496  44.561 0.0000000000
47952  -4.670  -24.869  36.591 0.0000000000
45957  -7.712  -26.540  32.194 0.0000000000
42689  -11.502  -29.531  54.383 0.0000000000
37402  -11.430  -34.465  51.424 0.0000000000
36450  -6.111  -35.179  46.539 0.0000000000
53866  -34.885  -18.262  48.678 0.0000000000
50887  -30.962  -21.709  46.601 0.0000000000
53020  -32.434  -19.697  45.194 0.0000000000
48820  -30.237  -23.360  48.265 0.0000000000
48866  -28.921  -24.023  45.206 0.0000000000
47815  -30.487  -24.474  50.549 0.0000000000
67754  -50.700  -3.559  27.847 0.0000000000
65043  -45.839  -5.915  27.023 0.0000000000
66880  -48.339  -4.418  26.159 0.0000000000
121894  -49.749  -4.107  24.995 0.0000000000
56612  -41.792  -16.010  31.858 0.0000000000
55729  -37.153  -16.139  33.932 0.0000000000
132340  -38.788  -15.223  31.725 0.0000000000
55752  -40.281  -16.309  29.930 0.0000000000
39535  -11.303  -32.287  41.806 0.0000000000
40693  -12.402  -31.240  39.199 0.0000000000
37542  -9.980  -33.934  38.981 0.0000000000
35549  -10.531  -36.750  37.173 0.0000000000
35526  -9.362  -36.337  39.348 0.0000000000
35469  -13.268  -36.795  49.710 0.0000000000
34513  -12.787  -37.737  51.991 0.0000000000
56556  -37.988  -16.076  39.810 0.0000000000
55643  -33.714  -17.070  42.159 0.0000000000
53980  -32.338  -18.356  38.741 0.0000000000
55671  -34.896  -16.444  39.409 0.0000000000
126612  -36.690  -18.989  37.539 0.0000000000
43739  -26.828  -28.979  51.941 0.0000000000
41714  -30.402  -31.204  41.408 0.0000000000
39519  -30.502  -32.781  42.737 0.0000000000
138374  -51.562  -0.817  22.451 0.0000000000
70941  -52.149  0.814  22.022 0.0000000000
43763  -7.042  -29.118  48.200 0.0000000000
43792  -10.781  -28.498  46.468 0.0000000000
42731  -10.470  -29.481  48.568 0.0000000000
127172  -47.384  -11.026  27.293 0.0000000000
56680  -43.859  -15.569  26.556 0.0000000000
58530  -44.702  -13.509  25.311 0.0000000000
60501  -44.799  -11.265  26.447 0.0000000000
37414  -18.548  -33.809  49.983 0.0000000000
122309  -18.597  -34.728  48.537 0.0000000000
118997  -6.657  -23.930  41.304 0.0000000000
50960  -5.592  -21.619  39.722 0.0000000000
46914  -6.084  -25.788  38.280 0.0000000000
128552  -10.118  -30.124  34.598 0.0000000000
44963  -10.317  -27.236  33.947 0.0000000000
42906  -7.582  -29.640  34.239 0.0000000000
42691  -12.872  -29.729  53.840 0.0000000000
34496  -8.349  -37.933  54.774 0.0000000000
36400  -11.204  -35.256  53.923 0.0000000000
35453  -8.843  -35.948  52.061 0.0000000000
36422  -9.387  -35.401  49.293 0.0000000000
35467  -5.117  -36.586  49.744 0.0000000000
54828  -33.821  -17.838  44.218 0.0000000000
44781  -28.705  -27.292  51.711 0.0000000000
118670  -29.631  -26.387  51.203 0.0000000000
43798  -28.861  -28.619  46.569 0.0000000000
121047  -53.780  -0.225  25.965 0.0000000000
68631  -50.527  -2.825  23.571 0.0000000000
56667  -45.448  -15.021  28.641 0.0000000000
131220  -41.951  -16.566  28.348 0.0000000000
38527  -22.183  -33.448  40.794 0.0000000000
38492  -22.128  -33.955  42.438 0.0000000000
129028  -6.238  -18.984  37.039 0.0000000000
119677  -10.985  -26.741  41.981 0.0000000000
46899  -10.420  -25.991  39.496 0.0000000000
44921  -13.411  -27.802  38.892 0.0000000000
124498  -12.762  -31.263  36.247 0.0000000000
38590  -11.047  -33.509  34.357 0.0000000000
38417  -17.440  -33.068  53.281 0.0000000000
39459  -15.347  -32.843  55.382 0.0000000000
35444  -14.594  -36.139  54.974 0.0000000000
33571  -10.481  -39.067  54.211 0.0000000000
123477  -39.595  -16.569  35.697 0.0000000000
54889  -37.146  -17.839  35.463 0.0000000000
38466  -27.191  -34.159  44.864 0.0000000000
40622  -30.112  -31.762  48.227 0.0000000000
138193  -28.507  -34.326  43.945 0.0000000000
38512  -24.905  -33.815  41.382 0.0000000000
46861  -6.145  -25.007  42.590 0.0000000000
45798  -5.331  -26.799  44.528 0.0000000000
44854  -7.441  -28.203  42.897 0.0000000000
124828  -10.551  -27.463  44.465 0.0000000000
40647  -13.188  -30.780  44.405 0.0000000000
38476  -10.584  -33.346  43.798 0.0000000000
65035  -47.086  -6.101  28.939 0.0000000000
63124  -45.400  -8.388  26.622 0.0000000000
38419  -18.021  -33.025  51.545 0.0000000000
36425  -15.456  -35.220  49.724 0.0000000000
36442  -13.846  -35.747  47.688 0.0000000000
132978  -20.816  -34.845  43.554 0.0000000000
37455  -20.332  -35.404  45.475 0.0000000000
37443  -19.442  -35.251  46.971 0.0000000000
136542  -16.902  -34.598  45.964 0.0000000000
36466  -14.138  -35.220  46.088 0.0000000000
53931  -5.911  -17.719  41.247 0.0000000000
52041  -4.662  -20.377  37.486 0.0000000000
49954  -3.946  -22.201  34.808 0.0000000000
134562  -9.319  -24.543  36.989 0.0000000000
47980  -7.792  -23.891  34.177 0.0000000000
125982  -5.361  -23.163  31.884 0.0000000000
42693  -9.017  -29.718  52.768 0.0000000000
123465  -13.298  -32.773  54.861 0.0000000000
40593  -12.033  -31.563  53.032 0.0000000000
40605  -11.420  -31.136  50.276 0.0000000000
38428  -12.255  -33.031  48.797 0.0000000000
122757  -9.810  -34.618  46.380 0.0000000000
37484  -7.060  -34.257  43.602 0.0000000000
33589  -4.329  -38.706  48.450 0.0000000000
34533  -5.023  -37.436  46.258 0.0000000000
34579  -7.018  -36.952  41.181 0.0000000000
52986  -33.785  -19.370  48.654 0.0000000000
53838  -33.805  -18.778  50.084 0.0000000000
51960  -32.418  -20.883  48.013 0.0000000000
51961  -32.760  -20.284  47.527 0.0000000000
50864  -31.700  -22.004  48.901 0.0000000000
117086  -30.639  -22.270  47.085 0.0000000000
51928  -32.598  -20.732  50.570 0.0000000000
49828  -31.411  -22.603  49.455 0.0000000000
67739  -50.073  -3.507  28.426 0.0000000000
124562  -47.311  -5.037  28.099 0.0000000000
131374  -46.778  -4.931  26.315 0.0000000000
66868  -48.394  -4.324  27.038 0.0000000000
132871  -49.759  -3.803  26.908 0.0000000000
124795  -41.327  -15.768  33.414 0.0000000000
126969  -43.281  -15.501  33.741 0.0000000000
121855  -42.878  -15.848  34.713 0.0000000000
56584  -38.342  -15.480  33.211 0.0000000000
56585  -39.456  -15.575  33.122 0.0000000000
56611  -40.344  -15.673  31.822 0.0000000000
39533  -9.507  -32.675  41.298 0.0000000000
127055  -10.773  -32.395  40.273 0.0000000000
38520  -8.873  -33.280  40.478 0.0000000000
36521  -9.435  -35.465  39.192 0.0000000000
37540  -8.802  -34.941  39.925 0.0000000000
34526  -12.351  -37.216  47.993 0.0000000000
34521  -12.084  -37.942  49.471 0.0000000000
56527  -35.416  -15.498  42.625 0.0000000000
55660  -34.367  -16.325  40.755 0.0000000000
128267  -35.688  -15.446  40.486 0.0000000000
55672  -36.188  -15.964  39.603 0.0000000000
70922  -53.339  0.612  23.922 0.0000000000
70930  -52.095  0.119  22.149 0.0000000000
72536  -53.285  2.358  22.596 0.0000000000
42728  -7.566  -29.348  49.133 0.0000000000
43765  -9.178  -29.067  48.360 0.0000000000
42720  -9.270  -29.633  49.585 0.0000000000
60485  -47.776  -11.701  27.289 0.0000000000
61356  -49.560  -10.860  28.241 0.0000000000
57536  -44.982  -14.953  27.068 0.0000000000
58523  -44.812  -14.405  26.028 0.0000000000
58525  -46.272  -13.013  26.694 0.0000000000
59482  -46.383  -12.304  26.681 0.0000000000
38429  -19.909  -33.611  49.609 0.0000000000
37423  -20.167  -34.453  49.382 0.0000000000
37472  -25.861  -34.351  44.106 0.0000000000
37496  -23.918  -35.282  43.752 0.0000000000
52080  -6.247  -20.430  34.873 0.0000000000
46881  -5.547  -26.451  39.998 0.0000000000
46895  -5.531  -26.118  39.276 0.0000000000
45861  -6.127  -27.204  39.363 0.0000000000
40736  -8.640  -31.751  34.549 0.0000000000
42890  -8.212  -30.098  34.644 0.0000000000
40734  -6.856  -31.619  34.073 0.0000000000
42700  -13.045  -29.006  52.389 0.0000000000
41619  -13.880  -30.162  53.534 0.0000000000
34501  -6.998  -37.729  53.388 0.0000000000
132837  -8.041  -36.891  53.983 0.0000000000
35450  -6.542  -36.769  52.432 0.0000000000
35463  -6.774  -36.090  50.484 0.0000000000
35461  -5.205  -36.984  50.444 0.0000000000
53890  -34.464  -17.850  45.917 0.0000000000
53902  -33.381  -18.332  44.671 0.0000000000
54805  -35.277  -17.222  45.784 0.0000000000
55632  -35.630  -16.639  44.350 0.0000000000
46820  -28.625  -25.440  47.835 0.0000000000
128916  -29.070  -26.180  49.141 0.0000000000
44835  -28.250  -27.949  45.995 0.0000000000
42780  -28.845  -29.475  44.589 0.0000000000
69386  -53.466  -1.300  26.901 0.0000000000
67774  -51.176  -3.167  25.636 0.0000000000
67783  -50.343  -3.284  24.032 0.0000000000
68616  -51.761  -2.513  25.475 0.0000000000
69402  -52.138  -1.458  24.463 0.0000000000
56649  -44.622  -15.627  29.675 0.0000000000
57510  -46.198  -14.977  30.054 0.0000000000
56616  -45.438  -15.375  31.243 0.0000000000
55754  -41.877  -16.585  30.385 0.0000000000
55769  -40.776  -16.583  29.396 0.0000000000
55772  -43.081  -16.331  29.360 0.0000000000
55782  -43.345  -16.147  28.382 0.0000000000
53957  -8.806  -18.383  39.382 0.0000000000
53985  -8.520  -18.729  37.899 0.0000000000
53969  -7.117  -18.462  38.613 0.0000000000
44875  -12.756  -27.354  42.157 0.0000000000
45848  -12.479  -27.106  40.456 0.0000000000
43875  -13.572  -28.528  40.541 0.0000000000
39590  -11.475  -32.579  37.802 0.0000000000
40708  -12.621  -31.402  37.653 0.0000000000
39611  -12.260  -32.675  36.432 0.0000000000
135277  -12.101  -32.446  34.894 0.0000000000
38577  -11.833  -33.717  35.257 0.0000000000
37567  -11.112  -34.830  35.837 0.0000000000
36407  -16.752  -34.578  53.100 0.0000000000
36401  -15.846  -34.761  54.489 0.0000000000
35449  -15.422  -35.599  53.498 0.0000000000
33579  -11.400  -38.676  51.848 0.0000000000
33576  -12.072  -38.288  53.535 0.0000000000
33574  -10.720  -39.114  52.674 0.0000000000
32592  -9.130  -39.565  53.821 0.0000000000
54887  -39.358  -17.262  37.438 0.0000000000
135442  -37.588  -18.407  38.031 0.0000000000
54013  -37.432  -19.462  36.394 0.0000000000
53998  -38.427  -17.996  37.385 0.0000000000
54886  -38.126  -17.620  36.391 0.0000000000
40619  -27.166  -31.435  48.230 0.0000000000
39492  -27.138  -32.445  46.102 0.0000000000
38454  -28.082  -33.848  46.382 0.0000000000
43751  -30.445  -29.103  49.906 0.0000000000
41633  -29.812  -30.146  50.237 0.0000000000
40629  -30.467  -31.239  47.599 0.0000000000
39536  -27.936  -32.993  40.907 0.0000000000
38498  -28.942  -33.795  42.512 0.0000000000
129869  -27.425  -33.688  41.721 0.0000000000
38496  -27.008  -34.218  42.373 0.0000000000
38530  -25.462  -33.511  40.793 0.0000000000
38529  -24.645  -33.529  40.615 0.0000000000
118376  -5.732  -28.815  45.984 0.0000000000
137191  -5.833  -28.828  45.252 0.0000000000
43820  -5.726  -28.285  43.554 0.0000000000
43822  -6.669  -28.656  44.309 0.0000000000
44856  -9.310  -27.477  43.673 0.0000000000
43806  -8.798  -27.971  45.237 0.0000000000
41657  -12.491  -30.209  46.578 0.0000000000
42758  -12.581  -29.562  45.491 0.0000000000
40638  -13.012  -31.092  45.232 0.0000000000
39518  -11.878  -32.347  43.604 0.0000000000
39496  -12.101  -32.671  45.182 0.0000000000
64069  -47.585  -7.630  29.081 0.0000000000
65027  -48.393  -6.705  30.119 0.0000000000
64056  -48.547  -8.053  29.506 0.0000000000
120655  -46.785  -10.211  27.445 0.0000000000
62248  -45.488  -9.301  26.702 0.0000000000
63112  -46.372  -8.212  27.748 0.0000000000
64080  -46.399  -7.151  28.019 0.0000000000
39470  -18.142  -32.798  51.046 0.0000000000
37420  -17.184  -34.627  48.739 0.0000000000
133858  -17.195  -34.569  50.009 0.0000000000
36435  -15.618  -35.036  48.898 0.0000000000
36434  -14.771  -35.406  48.856 0.0000000000
36443  -14.552  -35.217  47.468 0.0000000000
38508  -20.668  -33.495  41.623 0.0000000000
37513  -21.144  -34.519  43.200 0.0000000000
38490  -20.156  -33.950  42.277 0.0000000000
121824  -18.142  -34.407  43.339 0.0000000000
37491  -19.198  -34.783  43.881 0.0000000000
37467  -18.922  -34.822  44.969 0.0000000000
36457  -20.312  -35.621  46.548 0.0000000000
37453  -18.790  -34.780  45.943 0.0000000000
37442  -18.489  -34.773  46.765 0.0000000000
116273  -17.238  -34.579  45.500 0.0000000000
131883  -14.957  -34.609  45.179 0.0000000000
53916  -5.744  -17.767  42.006 0.0000000000
49934  -4.879  -23.233  38.308 0.0000000000
50959  -4.963  -20.796  39.096 0.0000000000
49942  -4.383  -23.061  37.473 0.0000000000
50978  -3.763  -21.563  36.117 0.0000000000
48958  -4.118  -23.431  35.436 0.0000000000
45883  -11.652  -26.127  38.116 0.0000000000
128424  -10.123  -24.979  38.011 0.0000000000
119471  -11.052  -25.608  36.606 0.0000000000
45942  -9.211  -26.444  33.127 0.0000000000
46964  -9.765  -25.333  34.426 0.0000000000
47990  -8.492  -24.942  33.106 0.0000000000
47989  -7.676  -24.279  33.222 0.0000000000
119665  -7.373  -25.221  31.825 0.0000000000
48009  -6.602  -24.884  31.050 0.0000000000
42687  -10.033  -29.580  54.156 0.0000000000
128794  -14.619  -33.460  55.970 0.0000000000
39453  -14.277  -32.871  55.787 0.0000000000
38407  -13.410  -33.867  55.897 0.0000000000
37397  -11.550  -34.578  52.293 0.0000000000
136954  -12.451  -33.764  53.210 0.0000000000
38418  -12.196  -33.185  51.524 0.0000000000
40596  -11.855  -31.695  51.752 0.0000000000
38421  -12.123  -33.178  50.590 0.0000000000
40606  -11.926  -31.725  49.791 0.0000000000
38423  -11.746  -33.845  50.126 0.0000000000
123919  -8.036  -35.469  48.138 0.0000000000
37425  -9.617  -35.085  47.694 0.0000000000
36453  -8.431  -35.031  46.876 0.0000000000
132469  -8.589  -34.515  45.494 0.0000000000
37446  -7.034  -34.558  45.470 0.0000000000
32631  -4.253  -39.787  46.380 0.0000000000
33591  -4.299  -38.415  47.625 0.0000000000
54783  -35.924  -17.272  47.662 0.0000000000
49866  -30.281  -22.193  45.294 0.0000000000
51981  -31.384  -20.813  44.679 0.0000000000
51967  -31.928  -20.633  46.399 0.0000000000
53871  -34.028  -18.606  47.300 0.0000000000
47840  -28.783  -24.748  47.421 0.0000000000
122676  -29.504  -23.527  46.713 0.0000000000
49865  -29.805  -22.924  45.611 0.0000000000
48819  -29.949  -24.018  48.791 0.0000000000
68598  -52.205  -3.041  27.826 0.0000000000
65999  -45.752  -5.310  24.769 0.0000000000
66000  -47.647  -4.733  24.301 0.0000000000
66897  -47.879  -4.739  23.496 0.0000000000
139151  -48.951  -4.368  25.683 0.0000000000
67764  -50.036  -3.850  26.250 0.0000000000
55742  -43.010  -16.399  31.136 0.0000000000
56615  -44.483  -15.633  31.501 0.0000000000
56599  -43.336  -15.537  32.681 0.0000000000
57484  -45.278  -14.891  34.299 0.0000000000
54895  -36.225  -17.189  33.994 0.0000000000
55735  -35.968  -16.324  32.633 0.0000000000
56608  -36.930  -15.106  31.630 0.0000000000
56623  -37.024  -15.049  30.732 0.0000000000
56646  -38.773  -15.898  29.387 0.0000000000
56610  -39.657  -15.547  31.285 0.0000000000
56627  -41.410  -16.361  31.061 0.0000000000
41709  -13.245  -30.533  41.719 0.0000000000
41720  -13.480  -30.017  40.297 0.0000000000
40686  -11.478  -31.970  40.391 0.0000000000
39573  -10.653  -32.844  38.924 0.0000000000
133038  -10.550  -33.447  38.396 0.0000000000
122386  -10.799  -34.806  37.468 0.0000000000
138586  -10.407  -35.041  38.085 0.0000000000
35537  -9.885  -36.397  38.801 0.0000000000
35460  -14.315  -36.097  51.163 0.0000000000
35459  -14.097  -36.711  52.030 0.0000000000
34518  -13.197  -37.123  50.583 0.0000000000
55690  -38.542  -17.089  38.958 0.0000000000
54847  -32.754  -18.012  41.898 0.0000000000
53966  -31.843  -18.807  40.142 0.0000000000
54864  -32.903  -17.730  40.093 0.0000000000
54865  -33.507  -17.419  39.221 0.0000000000
53982  -33.882  -17.941  37.875 0.0000000000
54876  -35.885  -17.426  38.315 0.0000000000
135045  -36.691  -17.348  38.556 0.0000000000
41640  -27.524  -30.813  49.813 0.0000000000
41684  -30.264  -30.909  44.564 0.0000000000
40655  -30.495  -31.715  44.764 0.0000000000
40674  -30.646  -31.863  42.428 0.0000000000
39552  -28.504  -32.413  40.138 0.0000000000
69442  -50.671  -1.239  20.750 0.0000000000
70187  -50.961  -0.717  20.445 0.0000000000
70959  -51.223  0.866  19.973 0.0000000000
70966  -51.010  1.008  18.599 0.0000000000
126570  -7.909  -28.760  46.867 0.0000000000
43807  -9.336  -28.218  45.975 0.0000000000
134999  -9.677  -28.646  47.303 0.0000000000
42738  -10.833  -29.174  47.800 0.0000000000
41650  -11.883  -30.249  47.825 0.0000000000
62224  -47.571  -9.838  27.955 0.0000000000
118766  -49.586  -10.127  28.639 0.0000000000
57551  -43.570  -14.302  24.687 0.0000000000
58529  -44.067  -13.559  24.624 0.0000000000
60507  -44.020  -11.821  25.048 0.0000000000
131425  -45.216  -12.067  26.096 0.0000000000
61367  -46.334  -10.929  27.071 0.0000000000
39472  -18.488  -32.798  50.323 0.0000000000
38426  -19.386  -33.433  49.807 0.0000000000
37421  -18.385  -34.371  49.317 0.0000000000
37431  -17.622  -34.625  48.151 0.0000000000
115442  -16.900  -34.020  42.739 0.0000000000
134106  -16.667  -34.338  44.005 0.0000000000
49898  -6.810  -21.893  41.755 0.0000000000
52012  -5.835  -20.302  40.705 0.0000000000
49917  -6.289  -22.440  40.306 0.0000000000
48921  -5.272  -24.008  38.898 0.0000000000
133632  -5.908  -25.404  37.640 0.0000000000
43922  -11.518  -28.743  35.231 0.0000000000
44958  -11.087  -27.479  34.806 0.0000000000
43935  -10.559  -29.136  34.311 0.0000000000
125667  -8.992  -28.448  33.604 0.0000000000
44961  -8.131  -28.010  33.016 0.0000000000
132380  -11.443  -27.743  51.667 0.0000000000
43724  -12.037  -29.067  53.708 0.0000000000
42690  -12.111  -29.499  54.176 0.0000000000
35435  -10.470  -36.746  55.808 0.0000000000
37386  -11.971  -34.939  55.858 0.0000000000
36393  -9.712  -36.090  54.280 0.0000000000
36398  -9.657  -35.832  53.196 0.0000000000
129216  -10.244  -35.376  51.755 0.0000000000
36415  -10.142  -35.284  50.358 0.0000000000
35458  -8.581  -35.743  51.070 0.0000000000
36420  -7.257  -35.708  49.497 0.0000000000
36427  -5.565  -35.749  48.110 0.0000000000
52007  -30.885  -20.284  41.724 0.0000000000
53019  -32.020  -19.926  44.431 0.0000000000
53027  -32.357  -19.286  43.891 0.0000000000
53928  -32.579  -18.485  42.542 0.0000000000
54840  -33.945  -17.175  43.006 0.0000000000
55645  -35.459  -16.098  43.458 0.0000000000
43772  -30.167  -28.715  48.818 0.0000000000
47814  -30.185  -25.216  51.282 0.0000000000
44798  -29.572  -27.303  49.456 0.0000000000
43799  -29.595  -29.279  47.168 0.0000000000
42767  -29.671  -29.999  44.960 0.0000000000
118278  -49.173  -3.556  22.059 0.0000000000
69410  -51.663  -1.450  23.552 0.0000000000
70147  -52.741  -0.598  24.434 0.0000000000
57527  -45.916  -14.688  28.180 0.0000000000
58509  -48.091  -13.741  28.588 0.0000000000
57515  -46.866  -14.564  29.468 0.0000000000
55767  -39.281  -16.313  28.868 0.0000000000
55793  -42.674  -16.351  27.690 0.0000000000
127898  -44.687  -15.357  27.810 0.0000000000
38511  -23.486  -33.892  41.568 0.0000000000
38493  -22.972  -34.205  42.302 0.0000000000
38510  -22.561  -33.742  41.642 0.0000000000
38525  -20.205  -33.143  40.779 0.0000000000
52049  -7.578  -20.172  36.415 0.0000000000
139365  -5.375  -20.148  35.006 0.0000000000
45834  -8.818  -27.319  40.926 0.0000000000
124861  -8.931  -26.401  39.531 0.0000000000
45865  -10.446  -26.641  40.324 0.0000000000
45884  -12.338  -26.774  38.627 0.0000000000
44930  -12.864  -27.531  37.620 0.0000000000
41726  -13.453  -30.010  39.441 0.0000000000
42855  -13.436  -29.345  37.518 0.0000000000
134284  -12.900  -29.243  36.250 0.0000000000
41775  -12.037  -30.833  35.097 0.0000000000
41620  -14.980  -30.917  53.428 0.0000000000
39460  -16.287  -32.987  54.789 0.0000000000
37390  -15.701  -34.072  55.390 0.0000000000
35433  -14.106  -36.087  55.798 0.0000000000
34505  -13.394  -37.222  53.680 0.0000000000
34499  -12.604  -37.627  55.062 0.0000000000
34493  -11.655  -37.509  55.809 0.0000000000
33566  -9.934  -38.809  54.850 0.0000000000
33570  -8.048  -38.894  54.029 0.0000000000
32595  -6.457  -38.958  52.478 0.0000000000
55724  -40.371  -16.353  35.079 0.0000000000
55716  -42.183  -16.300  35.404 0.0000000000
55707  -41.088  -16.614  36.646 0.0000000000
53065  -30.567  -19.557  38.459 0.0000000000
54031  -36.834  -19.170  33.963 0.0000000000
55722  -38.861  -16.417  35.125 0.0000000000
131577  -26.687  -33.666  45.011 0.0000000000
37498  -25.620  -34.572  43.479 0.0000000000
125619  -28.281  -29.051  51.502 0.0000000000
41632  -28.855  -30.359  50.487 0.0000000000
40620  -29.039  -31.846  48.798 0.0000000000
39504  -30.491  -32.504  45.524 0.0000000000
38456  -29.531  -33.737  45.796 0.0000000000
38455  -28.751  -34.065  46.265 0.0000000000
37500  -27.720  -34.521  43.973 0.0000000000
37518  -26.473  -34.552  43.051 0.0000000000
38494  -24.322  -34.164  42.003 0.0000000000
120705  -24.212  -33.794  41.207 0.0000000000
72582  -51.857  2.159  18.371 0.0000000000
122050  -52.398  2.484  18.034 0.0000000000
131887  -53.321  2.202  16.648 0.0000000000
47902  -6.536  -24.429  41.977 0.0000000000
45833  -5.531  -27.036  41.535 0.0000000000
115837  -5.462  -26.202  43.904 0.0000000000
44853  -5.569  -27.735  42.828 0.0000000000
43863  -6.358  -28.329  41.668 0.0000000000
44890  -9.155  -27.344  41.991 0.0000000000
45823  -10.835  -26.849  42.702 0.0000000000
126929  -12.565  -28.014  43.437 0.0000000000
44829  -10.819  -27.864  45.243 0.0000000000
43825  -12.357  -28.601  44.710 0.0000000000
42802  -13.413  -29.632  42.868 0.0000000000
39528  -12.365  -31.723  42.927 0.0000000000
39526  -10.765  -32.665  42.364 0.0000000000
126970  -9.438  -33.105  42.596 0.0000000000
66819  -47.850  -4.977  29.348 0.0000000000
61382  -44.342  -10.683  26.192 0.0000000000
61389  -44.256  -10.071  25.519 0.0000000000
63132  -44.443  -8.325  25.537 0.0000000000
64091  -45.369  -7.329  26.655 0.0000000000
65034  -46.514  -6.249  28.205 0.0000000000
129183  -17.734  -33.015  52.516 0.0000000000
36412  -16.698  -34.684  52.166 0.0000000000
38422  -18.364  -33.170  50.546 0.0000000000
37408  -17.230  -34.343  50.695 0.0000000000
36417  -15.636  -35.147  50.784 0.0000000000
35474  -13.502  -36.237  48.328 0.0000000000
37514  -22.599  -34.685  42.937 0.0000000000
36490  -22.442  -35.643  44.052 0.0000000000
36480  -22.681  -36.212  45.015 0.0000000000
37511  -19.644  -34.480  42.923 0.0000000000
37469  -21.037  -35.593  45.064 0.0000000000
36459  -22.010  -36.426  46.712 0.0000000000
36458  -21.161  -35.988  47.332 0.0000000000
36446  -20.957  -35.504  48.345 0.0000000000
37424  -20.854  -34.463  49.248 0.0000000000
135307  -18.936  -34.980  47.769 0.0000000000
37432  -18.043  -34.691  47.444 0.0000000000
126343  -16.140  -34.536  47.145 0.0000000000
37464  -15.641  -34.525  44.875 0.0000000000
37450  -15.538  -34.597  45.662 0.0000000000
37429  -15.286  -34.756  47.275 0.0000000000
36456  -14.006  -35.432  46.860 0.0000000000
53944  -7.554  -18.354  40.753 0.0000000000
52011  -5.258  -19.377  40.071 0.0000000000
53052  -5.250  -18.878  39.421 0.0000000000
53053  -5.510  -18.615  38.796 0.0000000000
53083  -4.840  -19.699  36.738 0.0000000000
138894  -4.059  -20.278  35.173 0.0000000000
51005  -3.747  -20.418  33.751 0.0000000000
46897  -8.624  -25.903  38.971 0.0000000000
46930  -7.925  -25.112  37.905 0.0000000000
47954  -6.828  -24.598  36.517 0.0000000000
46965  -10.289  -25.567  34.986 0.0000000000
47971  -9.162  -24.482  35.465 0.0000000000
48960  -6.410  -23.791  35.274 0.0000000000
48970  -5.867  -23.213  34.305 0.0000000000
48979  -4.776  -22.670  33.473 0.0000000000
49997  -4.390  -21.683  31.895 0.0000000000
49009  -5.421  -23.278  30.802 0.0000000000
135685  -14.029  -31.068  54.552 0.0000000000
41609  -13.341  -30.857  54.497 0.0000000000
134678  -12.007  -30.258  54.433 0.0000000000
37395  -12.466  -34.159  53.845 0.0000000000
39461  -12.488  -32.204  53.421 0.0000000000
40592  -11.729  -30.888  53.932 0.0000000000
41617  -10.241  -30.572  52.851 0.0000000000
41622  -10.241  -30.559  51.652 0.0000000000
42710  -9.762  -30.092  50.149 0.0000000000
41636  -11.207  -30.668  49.593 0.0000000000
121828  -12.125  -31.612  48.843 0.0000000000
38433  -12.207  -33.157  47.284 0.0000000000
126088  -11.057  -34.598  48.934 0.0000000000
37427  -10.978  -34.327  47.381 0.0000000000
38440  -11.773  -33.456  46.484 0.0000000000
38450  -10.764  -33.764  45.202 0.0000000000
38459  -8.584  -33.702  43.726 0.0000000000
37505  -7.760  -33.708  42.312 0.0000000000
126280  -5.328  -39.182  51.338 0.0000000000
32609  -4.892  -39.279  49.574 0.0000000000
33582  -5.013  -38.341  50.189 0.0000000000
34520  -4.656  -37.141  49.411 0.0000000000
34528  -4.935  -37.058  47.705 0.0000000000
35478  -5.328  -36.611  46.097 0.0000000000
128269  -5.296  -37.449  44.785 0.0000000000
36475  -5.933  -35.428  44.801 0.0000000000
36486  -6.426  -35.402  43.281 0.0000000000
36499  -7.003  -35.235  41.895 0.0000000000
36500  -7.487  -34.839  41.330 0.0000000000
35516  -8.243  -36.357  40.353 0.0000000000
33668  -9.362  -38.493  39.322 0.0000000000
52985  -33.358  -20.096  49.030 0.0000000000
52969  -33.727  -19.428  49.576 0.0000000000
51945  -32.942  -20.744  48.856 0.0000000000
129447  -32.991  -20.418  48.284 0.0000000000
50865  -32.427  -21.340  49.082 0.0000000000
119336  -31.761  -21.563  48.089 0.0000000000
51935  -33.013  -20.664  49.741 0.0000000000
50853  -32.527  -21.280  50.027 0.0000000000
52968  -33.051  -20.074  50.436 0.0000000000
67738  -49.197  -3.807  28.337 0.0000000000
67722  -50.130  -3.426  29.365 0.0000000000
67721  -49.160  -3.896  29.397 0.0000000000
66835  -47.792  -4.745  28.482 0.0000000000
66853  -47.719  -4.643  27.624 0.0000000000
66854  -48.420  -4.282  27.954 0.0000000000
56588  -42.232  -15.699  33.789 0.0000000000
56587  -41.711  -16.075  34.415 0.0000000000
56578  -39.747  -15.939  33.964 0.0000000000
56586  -40.416  -15.789  33.366 0.0000000000
134480  -40.849  -15.699  32.833 0.0000000000
38503  -8.771  -32.921  41.110 0.0000000000
39543  -9.390  -32.851  40.524 0.0000000000
37533  -8.725  -33.943  40.132 0.0000000000
122663  -11.695  -37.642  47.620 0.0000000000
56535  -35.342  -15.330  41.585 0.0000000000
42719  -8.326  -29.516  49.776 0.0000000000
42729  -8.743  -29.358  48.976 0.0000000000
59476  -47.134  -12.548  27.097 0.0000000000
59477  -48.076  -12.426  27.583 0.0000000000
58518  -47.647  -13.235  27.752 0.0000000000
58516  -45.985  -13.789  26.963 0.0000000000
57543  -45.384  -14.240  26.681 0.0000000000
39476  -20.019  -33.028  49.225 0.0000000000
38430  -20.506  -33.820  49.426 0.0000000000
37497  -24.738  -34.780  43.489 0.0000000000
51006  -5.893  -20.598  33.904 0.0000000000
136829  -6.462  -21.067  33.643 0.0000000000
45843  -5.654  -27.284  40.105 0.0000000000
45860  -5.728  -27.010  39.546 0.0000000000
44909  -6.441  -27.554  39.642 0.0000000000
40735  -7.762  -31.783  34.352 0.0000000000
124570  -14.636  -30.353  52.720 0.0000000000
137368  -6.468  -37.573  52.882 0.0000000000
34507  -6.567  -37.008  53.023 0.0000000000
34512  -6.079  -37.193  52.337 0.0000000000
35456  -5.664  -37.086  51.238 0.0000000000
54793  -35.225  -17.427  46.768 0.0000000000
55614  -36.063  -16.781  46.611 0.0000000000
55623  -35.930  -16.704  45.425 0.0000000000
45786  -27.881  -26.227  46.622 0.0000000000
44813  -28.222  -26.889  47.203 0.0000000000
44823  -27.887  -27.092  46.315 0.0000000000
69377  -52.984  -1.991  27.154 0.0000000000
68608  -51.827  -2.815  26.231 0.0000000000
126141  -52.206  -2.294  25.962 0.0000000000
69385  -52.753  -1.701  26.183 0.0000000000
56648  -43.843  -16.052  29.992 0.0000000000
56630  -45.386  -15.381  30.329 0.0000000000
56629  -44.559  -15.727  30.608 0.0000000000
55756  -43.127  -16.400  30.343 0.0000000000
55755  -42.469  -16.546  29.960 0.0000000000
122977  -9.814  -18.531  41.113 0.0000000000
53945  -9.278  -18.385  40.169 0.0000000000
53970  -8.083  -18.475  38.711 0.0000000000
53956  -8.014  -18.423  39.487 0.0000000000
44892  -13.271  -27.804  41.737 0.0000000000
44902  -13.388  -27.792  40.919 0.0000000000
43864  -13.482  -28.325  41.317 0.0000000000
38556  -11.130  -33.225  37.692 0.0000000000
39591  -12.308  -32.218  37.184 0.0000000000
39610  -11.810  -32.986  37.007 0.0000000000
38566  -12.008  -33.322  35.984 0.0000000000
37568  -11.455  -34.044  35.952 0.0000000000
37558  -11.212  -34.466  36.747 0.0000000000
36406  -16.073  -35.114  52.775 0.0000000000
33578  -10.659  -39.152  51.813 0.0000000000
54884  -39.665  -17.110  38.079 0.0000000000
54879  -39.080  -17.192  38.569 0.0000000000
138870  -30.806  -20.151  40.785 0.0000000000
53997  -37.743  -18.687  37.465 0.0000000000
41648  -27.337  -31.251  49.144 0.0000000000
40628  -27.591  -32.145  47.863 0.0000000000
39485  -27.889  -32.883  47.478 0.0000000000
42737  -30.438  -29.793  48.341 0.0000000000
42727  -30.455  -29.925  49.117 0.0000000000
41663  -30.411  -30.667  46.959 0.0000000000
131894  -26.671  -33.167  40.461 0.0000000000
137266  -27.677  -33.333  41.315 0.0000000000
38531  -26.247  -33.481  40.960 0.0000000000
38544  -25.231  -33.202  40.022 0.0000000000
127476  -6.059  -29.071  45.648 0.0000000000
43805  -6.748  -28.892  45.216 0.0000000000
43804  -6.006  -28.912  44.808 0.0000000000
43823  -7.720  -28.448  44.722 0.0000000000
40630  -12.673  -31.004  46.457 0.0000000000
136718  -12.860  -31.007  45.841 0.0000000000
119934  -12.713  -31.523  45.887 0.0000000000
39497  -12.656  -31.890  45.197 0.0000000000
39488  -12.439  -32.300  45.982 0.0000000000
133610  -48.074  -7.198  29.623 0.0000000000
62223  -47.300  -8.934  28.225 0.0000000000
62236  -46.644  -9.288  27.675 0.0000000000
64068  -47.037  -7.942  28.456 0.0000000000
37419  -16.174  -34.750  48.436 0.0000000000
36444  -15.220  -35.015  48.128 0.0000000000
38507  -19.747  -33.535  41.461 0.0000000000
38489  -19.261  -34.007  42.100 0.0000000000
116701  -18.170  -34.574  44.260 0.0000000000
116915  -18.086  -34.614  45.200 0.0000000000
37452  -18.039  -34.606  45.989 0.0000000000
53028  -5.479  -18.158  41.823 0.0000000000
47939  -4.456  -24.759  37.123 0.0000000000
48939  -3.993  -24.069  36.892 0.0000000000
48950  -3.956  -23.794  36.283 0.0000000000
47967  -4.388  -24.342  36.063 0.0000000000
117826  -12.192  -27.206  36.998 0.0000000000
45895  -11.673  -26.319  37.075 0.0000000000
45908  -11.680  -26.874  36.300 0.0000000000
45958  -8.522  -27.018  32.742 0.0000000000
46975  -8.945  -25.655  33.109 0.0000000000
138516  -8.593  -26.247  32.694 0.0000000000
48000  -7.739  -24.813  32.504 0.0000000000
46986  -8.141  -25.592  32.460 0.0000000000
46985  -7.455  -25.839  31.800 0.0000000000
42686  -10.908  -29.106  54.359 0.0000000000
42688  -10.778  -29.604  54.352 0.0000000000
37384  -13.050  -34.909  56.304 0.0000000000
37388  -13.767  -34.170  56.117 0.0000000000
37387  -12.846  -34.584  56.172 0.0000000000
37403  -11.966  -33.982  51.881 0.0000000000
38420  -11.800  -33.869  51.004 0.0000000000
37407  -11.360  -34.418  50.634 0.0000000000
36439  -7.142  -35.326  47.676 0.0000000000
36440  -8.035  -35.303  47.460 0.0000000000
36452  -7.500  -35.030  46.865 0.0000000000
37437  -7.899  -34.732  46.022 0.0000000000
36463  -6.450  -34.889  45.789 0.0000000000
31709  -4.187  -40.845  46.250 0.0000000000
54782  -35.436  -17.820  48.235 0.0000000000
50892  -30.796  -21.691  45.759 0.0000000000
50893  -31.195  -21.203  45.422 0.0000000000
50888  -31.353  -21.183  46.136 0.0000000000
53865  -34.233  -18.759  48.258 0.0000000000
52999  -33.604  -19.204  47.662 0.0000000000
53872  -34.819  -18.270  47.877 0.0000000000
54792  -35.248  -17.795  47.548 0.0000000000
48836  -29.683  -23.823  47.909 0.0000000000
48835  -29.188  -24.013  47.183 0.0000000000
48837  -29.823  -23.409  47.393 0.0000000000
123069  -31.208  -21.772  47.384 0.0000000000
49858  -29.983  -22.932  46.672 0.0000000000
49859  -30.367  -22.278  46.162 0.0000000000
116023  -30.716  -23.380  49.315 0.0000000000
47841  -29.310  -24.363  48.012 0.0000000000
67755  -51.500  -3.388  27.648 0.0000000000
68586  -52.027  -3.052  28.559 0.0000000000
65054  -45.375  -6.274  26.331 0.0000000000
65059  -44.906  -6.364  25.523 0.0000000000
126589  -47.592  -4.604  26.733 0.0000000000
65995  -46.290  -5.168  25.514 0.0000000000
66878  -46.940  -4.759  25.482 0.0000000000
66889  -46.723  -4.881  24.688 0.0000000000
66879  -47.530  -4.666  25.037 0.0000000000
138500  -48.035  -4.628  24.696 0.0000000000
131366  -48.322  -4.526  25.236 0.0000000000
67753  -49.887  -3.649  27.622 0.0000000000
67765  -50.606  -3.630  27.005 0.0000000000
67766  -51.358  -3.338  26.616 0.0000000000
56613  -42.674  -15.973  31.892 0.0000000000
56614  -43.578  -15.853  31.747 0.0000000000
57496  -44.278  -15.292  33.412 0.0000000000
57483  -44.419  -15.324  34.314 0.0000000000
55728  -36.495  -16.346  33.458 0.0000000000
56595  -37.803  -15.150  32.349 0.0000000000
56609  -37.899  -15.034  31.237 0.0000000000
56624  -38.883  -15.429  30.783 0.0000000000
121111  -41.037  -15.977  31.732 0.0000000000
55741  -42.226  -16.417  31.169 0.0000000000
40679  -12.632  -31.217  41.473 0.0000000000
40687  -12.321  -31.348  40.595 0.0000000000
40678  -11.784  -31.798  41.225 0.0000000000
39556  -10.180  -32.756  39.823 0.0000000000
38537  -10.175  -33.310  39.200 0.0000000000
134870  -10.913  -32.857  38.245 0.0000000000
37550  -10.441  -34.302  38.229 0.0000000000
34615  -10.224  -37.271  38.552 0.0000000000
34604  -9.696  -37.066  39.221 0.0000000000
35466  -13.937  -36.219  50.190 0.0000000000
35465  -13.697  -36.669  50.988 0.0000000000
133111  -13.490  -36.706  50.347 0.0000000000
55674  -37.810  -16.789  39.206 0.0000000000
54848  -33.203  -17.518  41.699 0.0000000000
54853  -32.750  -17.909  41.125 0.0000000000
55652  -33.597  -17.019  41.446 0.0000000000
121065  -34.236  -16.534  40.050 0.0000000000
54855  -33.594  -17.064  40.031 0.0000000000
54866  -34.201  -16.918  39.251 0.0000000000
137597  -33.480  -17.718  38.547 0.0000000000
54874  -34.279  -17.438  38.414 0.0000000000
54875  -34.871  -17.969  37.679 0.0000000000
55687  -35.022  -16.962  38.634 0.0000000000
56555  -37.068  -15.989  39.607 0.0000000000
55673  -36.817  -16.669  39.092 0.0000000000
42703  -26.577  -29.564  51.367 0.0000000000
123714  -27.219  -29.951  50.939 0.0000000000
128355  -30.245  -30.841  43.712 0.0000000000
41694  -30.518  -31.323  42.970 0.0000000000
41705  -30.516  -31.277  42.136 0.0000000000
69428  -51.277  -0.860  21.954 0.0000000000
69427  -50.777  -1.224  21.438 0.0000000000
70940  -51.796  0.243  21.504 0.0000000000
70174  -51.395  -0.204  20.975 0.0000000000
70188  -51.062  0.001  20.216 0.0000000000
71737  -51.599  1.427  20.533 0.0000000000
71719  -52.235  1.514  21.752 0.0000000000
43775  -7.185  -29.000  47.276 0.0000000000
43790  -8.934  -28.538  46.905 0.0000000000
43776  -8.120  -28.849  47.565 0.0000000000
43766  -9.941  -28.931  48.005 0.0000000000
42732  -11.249  -29.815  48.293 0.0000000000
135310  -47.763  -10.535  27.678 0.0000000000
61355  -48.565  -10.367  28.093 0.0000000000
56688  -43.344  -15.549  25.752 0.0000000000
133183  -43.687  -14.857  25.246 0.0000000000
57552  -44.202  -14.290  25.231 0.0000000000
59486  -44.396  -12.736  24.779 0.0000000000
59487  -45.076  -12.707  25.606 0.0000000000
60484  -46.856  -11.677  26.921 0.0000000000
124876  -45.823  -11.657  26.644 0.0000000000
39475  -19.371  -32.722  49.467 0.0000000000
37422  -19.424  -34.155  49.536 0.0000000000
37507  -15.963  -33.996  42.802 0.0000000000
49907  -6.820  -22.861  41.316 0.0000000000
120801  -6.685  -21.947  41.001 0.0000000000
48912  -6.390  -23.557  40.491 0.0000000000
46896  -5.783  -26.495  38.958 0.0000000000
47921  -5.356  -25.089  39.085 0.0000000000
117193  -5.548  -25.515  38.544 0.0000000000
47931  -5.268  -24.958  37.761 0.0000000000
46913  -5.624  -25.296  37.902 0.0000000000
42892  -10.554  -29.566  34.601 0.0000000000
127040  -11.050  -29.053  34.783 0.0000000000
42907  -8.611  -29.311  34.208 0.0000000000
43948  -7.951  -28.920  33.712 0.0000000000
132783  -7.138  -29.356  33.640 0.0000000000
41786  -6.530  -30.064  33.940 0.0000000000
42694  -12.670  -29.254  53.414 0.0000000000
43729  -12.412  -28.817  52.833 0.0000000000
35434  -9.670  -36.938  55.487 0.0000000000
35442  -9.938  -36.332  55.274 0.0000000000
35441  -9.147  -36.679  54.987 0.0000000000
122594  -8.086  -36.368  53.082 0.0000000000
136508  -9.021  -36.026  52.877 0.0000000000
36402  -9.655  -35.690  52.240 0.0000000000
124293  -9.659  -35.521  51.283 0.0000000000
35468  -6.107  -36.075  49.713 0.0000000000
36419  -6.449  -35.721  49.005 0.0000000000
35472  -5.559  -35.997  48.902 0.0000000000
50944  -30.284  -20.866  41.879 0.0000000000
51995  -30.992  -20.451  42.460 0.0000000000
51982  -31.976  -20.243  45.133 0.0000000000
53901  -32.780  -18.745  44.290 0.0000000000
53915  -33.162  -18.198  43.881 0.0000000000
53035  -32.215  -19.206  43.044 0.0000000000
53929  -32.990  -18.109  43.181 0.0000000000
119395  -33.543  -17.710  43.445 0.0000000000
54829  -34.255  -17.350  43.812 0.0000000000
47862  -28.365  -24.692  45.188 0.0000000000
45749  -29.369  -26.565  51.579 0.0000000000
44790  -29.929  -27.738  50.713 0.0000000000
44799  -30.220  -27.888  49.995 0.0000000000
48791  -30.948  -23.781  50.946 0.0000000000
115861  -29.949  -25.233  50.315 0.0000000000
44814  -28.764  -27.596  47.786 0.0000000000
44805  -29.124  -27.466  48.668 0.0000000000
43785  -29.117  -28.440  47.471 0.0000000000
43771  -29.450  -28.224  48.346 0.0000000000
42755  -29.358  -29.363  46.231 0.0000000000
42756  -29.850  -29.919  45.824 0.0000000000
42766  -29.166  -29.462  45.421 0.0000000000
42796  -28.840  -29.693  43.655 0.0000000000
70904  -53.980  0.355  25.555 0.0000000000
66891  -49.429  -4.175  24.399 0.0000000000
66905  -48.624  -4.414  23.250 0.0000000000
66898  -49.168  -4.213  23.747 0.0000000000
68624  -50.899  -2.741  24.143 0.0000000000
67792  -50.039  -3.270  23.316 0.0000000000
119834  -50.356  -2.618  22.965 0.0000000000
68643  -50.683  -2.013  22.681 0.0000000000
68632  -51.001  -2.190  23.399 0.0000000000
69393  -52.747  -1.142  25.270 0.0000000000
70142  -53.382  -0.295  25.170 0.0000000000
70148  -53.245  0.008  24.363 0.0000000000
57528  -46.681  -14.426  28.523 0.0000000000
57514  -46.043  -14.793  29.038 0.0000000000
134128  -46.658  -14.920  30.731 0.0000000000
57511  -47.100  -14.656  30.443 0.0000000000
57505  -45.388  -15.223  32.210 0.0000000000
56647  -39.545  -16.092  29.583 0.0000000000
55781  -41.340  -16.646  28.884 0.0000000000
117319  -41.246  -16.663  28.122 0.0000000000
56666  -44.759  -15.418  28.658 0.0000000000
115794  -44.094  -15.704  28.114 0.0000000000
57526  -45.252  -15.036  27.948 0.0000000000
38526  -21.145  -33.222  40.858 0.0000000000
53972  -9.866  -18.221  38.275 0.0000000000
53085  -7.216  -19.416  36.939 0.0000000000
52048  -6.336  -19.569  36.378 0.0000000000
52063  -5.741  -19.904  35.589 0.0000000000
45835  -9.752  -27.058  41.237 0.0000000000
45846  -9.576  -26.910  40.534 0.0000000000
45836  -10.621  -26.835  41.191 0.0000000000
44911  -13.271  -27.711  39.680 0.0000000000
45867  -12.097  -26.939  39.609 0.0000000000
44920  -12.820  -27.334  39.167 0.0000000000
125945  -12.936  -27.347  38.359 0.0000000000
44931  -13.393  -27.921  38.115 0.0000000000
41725  -12.865  -30.799  39.867 0.0000000000
41734  -12.987  -30.655  38.941 0.0000000000
41755  -13.200  -30.792  37.068 0.0000000000
41747  -13.426  -30.017  37.704 0.0000000000
42867  -13.331  -29.857  36.816 0.0000000000
121415  -13.072  -30.528  36.344 0.0000000000
42879  -12.105  -29.976  35.182 0.0000000000
41763  -12.626  -30.634  35.677 0.0000000000
39639  -11.845  -33.134  34.641 0.0000000000
36529  -10.562  -35.755  37.463 0.0000000000
126698  -10.974  -35.327  36.594 0.0000000000
132113  -16.358  -32.613  54.175 0.0000000000
39463  -17.070  -32.972  53.971 0.0000000000
35445  -15.263  -35.512  54.634 0.0000000000
36397  -15.468  -34.729  55.153 0.0000000000
36396  -14.906  -35.468  55.341 0.0000000000
36391  -14.499  -35.406  55.854 0.0000000000
35439  -14.350  -36.089  55.457 0.0000000000
34510  -13.432  -37.245  52.573 0.0000000000
33572  -11.339  -38.752  53.997 0.0000000000
34504  -12.694  -37.751  54.126 0.0000000000
33573  -11.942  -38.223  54.551 0.0000000000
33567  -11.041  -38.522  54.937 0.0000000000
33562  -11.171  -37.999  55.563 0.0000000000
32597  -8.512  -39.595  53.370 0.0000000000
32591  -8.503  -39.259  53.994 0.0000000000
32590  -8.004  -39.206  53.544 0.0000000000
32596  -7.379  -39.157  52.946 0.0000000000
55715  -40.597  -16.543  35.776 0.0000000000
53979  -31.781  -18.769  39.272 0.0000000000
53061  -31.315  -19.397  39.748 0.0000000000
53066  -31.235  -19.227  38.846 0.0000000000
128923  -37.416  -19.265  35.525 0.0000000000
53111  -37.188  -20.008  35.821 0.0000000000
54022  -37.137  -18.780  34.721 0.0000000000
55714  -38.626  -16.839  35.892 0.0000000000
55713  -37.848  -16.794  35.375 0.0000000000
55723  -39.752  -16.235  34.746 0.0000000000
38453  -27.416  -33.779  45.475 0.0000000000
37473  -26.378  -34.115  44.505 0.0000000000
37499  -26.388  -34.478  43.808 0.0000000000
40613  -30.069  -31.168  48.808 0.0000000000
41642  -29.252  -30.814  49.855 0.0000000000
40612  -29.474  -31.269  49.199 0.0000000000
40611  -28.704  -31.364  49.364 0.0000000000
39480  -29.451  -32.213  48.341 0.0000000000
128954  -30.570  -32.223  43.764 0.0000000000
40644  -30.519  -31.620  45.837 0.0000000000
38480  -30.547  -32.953  43.620 0.0000000000
38478  -29.260  -33.883  43.394 0.0000000000
38467  -29.627  -33.662  44.851 0.0000000000
37476  -29.045  -34.072  44.365 0.0000000000
38447  -29.566  -33.661  46.785 0.0000000000
37459  -28.818  -34.146  45.299 0.0000000000
37475  -28.253  -34.391  44.667 0.0000000000
38513  -25.728  -33.883  41.683 0.0000000000
38495  -26.274  -34.208  42.292 0.0000000000
37517  -25.600  -34.440  42.634 0.0000000000
37528  -25.073  -34.163  42.076 0.0000000000
38542  -23.340  -33.321  39.688 0.0000000000
72560  -51.963  2.318  20.193 0.0000000000
71756  -51.433  1.669  18.811 0.0000000000
72569  -51.841  2.293  19.214 0.0000000000
71767  -52.610  1.876  16.706 0.0000000000
72597  -53.668  3.006  17.678 0.0000000000
47891  -6.494  -24.110  42.747 0.0000000000
46868  -6.074  -25.296  41.763 0.0000000000
46860  -5.672  -26.101  42.291 0.0000000000
118739  -5.293  -26.400  45.267 0.0000000000
43836  -5.947  -28.445  42.979 0.0000000000
43849  -6.466  -28.407  42.466 0.0000000000
43848  -5.931  -28.332  42.037 0.0000000000
44871  -7.210  -28.223  41.966 0.0000000000
44889  -8.019  -27.749  41.466 0.0000000000
44872  -8.255  -27.799  42.427 0.0000000000
117104  -10.033  -27.294  43.870 0.0000000000
44874  -9.916  -27.162  42.987 0.0000000000
44857  -10.724  -27.120  43.554 0.0000000000
45806  -11.504  -27.032  43.127 0.0000000000
44858  -11.436  -27.401  43.956 0.0000000000
43791  -9.894  -28.467  46.602 0.0000000000
43808  -10.268  -28.200  45.873 0.0000000000
121552  -11.061  -28.282  45.803 0.0000000000
42759  -12.864  -29.940  45.091 0.0000000000
42772  -12.661  -29.356  44.883 0.0000000000
42773  -13.153  -29.982  44.392 0.0000000000
42787  -13.257  -29.634  43.643 0.0000000000
41687  -13.295  -30.411  43.553 0.0000000000
41699  -13.319  -30.435  42.597 0.0000000000
40660  -13.143  -31.112  43.865 0.0000000000
38477  -11.302  -32.927  43.918 0.0000000000
39517  -11.077  -32.799  43.200 0.0000000000
38486  -10.249  -33.096  42.899 0.0000000000
65964  -47.675  -5.676  29.500 0.0000000000
65957  -48.167  -5.281  30.097 0.0000000000
60500  -43.960  -11.238  25.999 0.0000000000
62247  -44.962  -9.815  26.108 0.0000000000
63123  -44.972  -8.862  26.057 0.0000000000
62254  -44.430  -9.292  25.542 0.0000000000
64090  -44.933  -7.860  26.052 0.0000000000
124445  -45.755  -8.014  27.126 0.0000000000
121004  -46.925  -6.960  28.678 0.0000000000
65971  -47.384  -5.345  28.780 0.0000000000
39468  -17.749  -32.748  51.946 0.0000000000
37405  -17.690  -33.344  52.069 0.0000000000
37399  -17.255  -34.040  52.541 0.0000000000
37404  -17.270  -34.118  51.592 0.0000000000
38425  -18.906  -33.325  50.033 0.0000000000
124941  -17.862  -33.903  50.272 0.0000000000
36426  -16.449  -34.868  50.258 0.0000000000
36416  -14.758  -35.592  50.459 0.0000000000
36433  -14.062  -35.783  48.525 0.0000000000
35477  -13.179  -36.310  47.579 0.0000000000
37494  -21.558  -35.148  43.663 0.0000000000
36479  -21.743  -35.723  44.559 0.0000000000
37510  -18.750  -34.340  42.769 0.0000000000
138871  -19.672  -35.006  44.889 0.0000000000
37468  -20.202  -35.147  44.491 0.0000000000
36467  -21.125  -36.001  46.124 0.0000000000
36445  -20.328  -35.559  47.730 0.0000000000
37434  -20.546  -35.128  48.829 0.0000000000
37433  -19.740  -35.216  48.295 0.0000000000
117385  -17.496  -34.591  46.460 0.0000000000
122978  -17.082  -34.563  47.209 0.0000000000
37441  -16.510  -34.562  46.375 0.0000000000
37488  -15.739  -34.298  43.780 0.0000000000
37465  -16.496  -34.487  44.732 0.0000000000
36478  -14.204  -34.920  45.168 0.0000000000
37449  -14.803  -34.768  45.875 0.0000000000
37440  -15.535  -34.625  46.428 0.0000000000
37428  -14.668  -34.954  46.677 0.0000000000
53904  -7.549  -17.831  42.855 0.0000000000
53918  -7.190  -17.997  42.107 0.0000000000
53933  -7.954  -18.424  41.567 0.0000000000
53932  -6.621  -17.893  41.338 0.0000000000
50950  -6.177  -21.352  40.490 0.0000000000
52024  -5.386  -20.503  39.910 0.0000000000
120189  -4.692  -21.200  38.272 0.0000000000
52023  -4.868  -19.583  39.216 0.0000000000
52033  -4.652  -19.897  38.413 0.0000000000
53954  -5.702  -18.393  39.735 0.0000000000
53062  -4.844  -19.009  38.555 0.0000000000
53069  -5.471  -18.713  37.798 0.0000000000
53068  -4.763  -19.271  37.662 0.0000000000
49949  -3.775  -22.544  35.757 0.0000000000
52061  -3.924  -20.589  35.716 0.0000000000
50990  -3.734  -21.000  34.948 0.0000000000
52078  -3.987  -20.007  34.195 0.0000000000
121171  -3.717  -21.246  34.107 0.0000000000
46898  -9.599  -25.799  39.262 0.0000000000
47943  -9.968  -24.758  37.212 0.0000000000
46931  -9.201  -24.759  37.811 0.0000000000
47942  -8.475  -24.559  37.179 0.0000000000
47941  -7.395  -24.796  37.179 0.0000000000
47956  -8.863  -24.393  36.359 0.0000000000
45920  -10.714  -25.966  35.307 0.0000000000
137122  -10.445  -26.056  34.852 0.0000000000
121302  -8.560  -24.506  33.899 0.0000000000
123667  -9.275  -24.703  34.557 0.0000000000
115422  -8.505  -24.206  34.798 0.0000000000
47970  -8.261  -24.133  35.715 0.0000000000
48961  -7.604  -23.787  35.108 0.0000000000
48971  -6.984  -23.567  34.528 0.0000000000
48981  -6.592  -23.841  32.578 0.0000000000
48980  -5.666  -23.179  33.046 0.0000000000
48993  -4.665  -22.508  32.334 0.0000000000
49008  -4.818  -22.368  31.405 0.0000000000
48994  -5.970  -23.854  31.627 0.0000000000
39462  -15.541  -32.377  54.603 0.0000000000
40589  -14.794  -31.507  54.338 0.0000000000
119496  -14.815  -32.187  54.934 0.0000000000
39457  -13.736  -32.183  55.215 0.0000000000
40586  -13.784  -31.541  54.923 0.0000000000
40585  -13.185  -31.328  54.606 0.0000000000
41608  -12.655  -30.558  54.325 0.0000000000
37392  -11.914  -34.805  54.497 0.0000000000
37393  -12.627  -34.315  55.166 0.0000000000
123846  -12.380  -33.290  52.630 0.0000000000
41618  -11.010  -30.803  53.405 0.0000000000
40595  -11.490  -31.300  52.546 0.0000000000
40600  -11.407  -31.271  51.320 0.0000000000
41623  -10.830  -30.990  52.083 0.0000000000
41627  -10.924  -30.780  50.998 0.0000000000
41621  -9.589  -30.197  51.148 0.0000000000
41626  -10.360  -30.433  50.640 0.0000000000
41635  -10.549  -30.320  49.826 0.0000000000
134807  -10.931  -30.650  50.254 0.0000000000
39471  -12.243  -32.399  49.318 0.0000000000
39474  -12.358  -32.359  48.580 0.0000000000
40615  -12.465  -31.942  47.982 0.0000000000
127663  -12.006  -33.512  48.120 0.0000000000
133838  -9.614  -35.397  49.986 0.0000000000
37410  -10.639  -34.969  49.656 0.0000000000
36432  -10.249  -35.074  48.853 0.0000000000
37438  -9.314  -34.905  47.032 0.0000000000
37426  -10.168  -34.706  47.316 0.0000000000
127865  -10.597  -34.313  46.600 0.0000000000
37439  -11.225  -33.990  46.769 0.0000000000
38439  -11.070  -33.902  46.031 0.0000000000
37448  -10.293  -34.257  45.742 0.0000000000
116056  -7.739  -33.915  44.175 0.0000000000
37463  -8.716  -34.050  44.706 0.0000000000
37485  -7.797  -33.785  43.222 0.0000000000
31650  -5.186  -40.017  50.361 0.0000000000
130035  -4.181  -39.747  48.219 0.0000000000
31667  -4.453  -40.378  48.553 0.0000000000
32613  -4.549  -39.488  48.923 0.0000000000
33586  -4.636  -38.637  49.292 0.0000000000
34519  -4.677  -37.948  49.631 0.0000000000
34523  -4.494  -37.809  49.031 0.0000000000
34532  -4.635  -37.790  47.089 0.0000000000
127145  -5.073  -37.052  46.856 0.0000000000
35475  -5.288  -36.375  47.092 0.0000000000
35485  -5.527  -36.617  44.283 0.0000000000
35495  -5.730  -36.588  43.562 0.0000000000
35486  -5.875  -35.839  43.937 0.0000000000
35496  -6.138  -36.222  43.058 0.0000000000
36494  -6.577  -35.754  42.452 0.0000000000
35507  -6.853  -36.189  41.623 0.0000000000
35515  -7.429  -36.278  40.938 0.0000000000
36508  -7.780  -35.503  40.775 0.0000000000
53853  -34.779  -18.047  49.286 0.0000000000
53852  -34.313  -18.743  49.275 0.0000000000
54757  -34.225  -18.039  49.831 0.0000000000
50877  -31.667  -21.165  47.110 0.0000000000
124623  -32.254  -20.612  47.133 0.0000000000
52998  -33.270  -19.854  48.033 0.0000000000
131421  -31.264  -22.400  48.739 0.0000000000
119980  -30.433  -22.824  47.659 0.0000000000
49837  -31.116  -22.224  48.056 0.0000000000
50852  -32.065  -21.537  50.779 0.0000000000
50859  -32.049  -21.911  49.808 0.0000000000
67740  -51.076  -3.295  28.685 0.0000000000
65981  -46.361  -5.724  27.585 0.0000000000
65980  -46.371  -5.427  26.934 0.0000000000
65982  -46.951  -5.057  27.371 0.0000000000
66837  -49.109  -3.923  27.352 0.0000000000
56598  -41.326  -15.768  32.479 0.0000000000
132850  -42.230  -15.632  32.820 0.0000000000
56583  -37.363  -15.682  33.273 0.0000000000
134850  -38.792  -15.327  32.534 0.0000000000
56596  -39.581  -15.437  32.176 0.0000000000
56597  -40.283  -15.627  32.605 0.0000000000
131512  -40.794  -15.740  32.289 0.0000000000
39534  -10.406  -32.539  41.542 0.0000000000
39545  -10.990  -32.304  40.989 0.0000000000
39544  -10.132  -32.538  40.724 0.0000000000
38536  -9.474  -33.453  39.773 0.0000000000
37541  -9.369  -34.403  39.451 0.0000000000
36514  -8.863  -35.901  39.821 0.0000000000
121332  -13.232  -36.646  48.857 0.0000000000
34522  -12.663  -37.253  48.947 0.0000000000
34525  -11.922  -37.830  48.486 0.0000000000
56526  -34.767  -15.907  42.036 0.0000000000
55653  -34.188  -16.504  41.566 0.0000000000
56534  -34.822  -15.856  41.108 0.0000000000
55661  -34.884  -16.070  40.238 0.0000000000
138744  -35.470  -16.068  39.716 0.0000000000
121754  -36.537  -15.430  40.067 0.0000000000
44772  -26.671  -27.548  52.538 0.0000000000
40688  -30.021  -31.268  40.536 0.0000000000
70156  -52.327  -0.097  22.943 0.0000000000
70164  -51.812  -0.414  22.309 0.0000000000
70921  -52.838  0.416  23.313 0.0000000000
70931  -52.595  0.720  22.741 0.0000000000
72528  -53.743  2.125  23.417 0.0000000000
43764  -8.309  -29.096  48.319 0.0000000000
42730  -9.658  -29.330  48.808 0.0000000000
42721  -10.144  -29.755  49.357 0.0000000000
61368  -48.478  -11.116  27.661 0.0000000000
60486  -48.538  -11.769  27.610 0.0000000000
60469  -49.439  -11.661  28.113 0.0000000000
56681  -44.466  -15.131  26.479 0.0000000000
58524  -45.427  -13.431  26.153 0.0000000000
59481  -45.716  -12.547  26.298 0.0000000000
138741  -19.360  -34.836  48.805 0.0000000000
38464  -25.731  -33.845  44.672 0.0000000000
52065  -7.905  -20.729  35.873 0.0000000000
50991  -7.543  -21.008  35.226 0.0000000000
51007  -7.086  -21.186  34.279 0.0000000000
47913  -6.168  -24.530  40.630 0.0000000000
47912  -5.616  -25.366  39.914 0.0000000000
45881  -6.653  -26.490  38.739 0.0000000000
123613  -9.386  -31.317  34.595 0.0000000000
41773  -9.294  -30.460  34.624 0.0000000000
123379  -8.425  -31.011  34.573 0.0000000000
41772  -7.427  -30.876  34.480 0.0000000000
137435  -7.224  -30.292  34.399 0.0000000000
42695  -13.416  -29.475  53.011 0.0000000000
34503  -7.909  -37.526  54.234 0.0000000000
35440  -8.409  -37.100  54.711 0.0000000000
34508  -7.354  -37.034  53.559 0.0000000000
35451  -7.085  -36.612  52.808 0.0000000000
35457  -7.087  -36.479  51.968 0.0000000000
35464  -7.432  -36.112  51.213 0.0000000000
126312  -6.410  -36.573  51.508 0.0000000000
35462  -5.745  -36.507  50.567 0.0000000000
53878  -33.872  -18.457  46.375 0.0000000000
53888  -32.913  -18.930  45.194 0.0000000000
53889  -33.646  -18.389  45.501 0.0000000000
54804  -34.104  -17.945  44.978 0.0000000000
54816  -34.526  -17.507  44.531 0.0000000000
55631  -34.926  -17.103  44.203 0.0000000000
54817  -35.236  -17.168  44.862 0.0000000000
46813  -29.095  -25.505  48.772 0.0000000000
139377  -29.575  -25.201  49.482 0.0000000000
119984  -28.673  -26.123  48.400 0.0000000000
45777  -28.582  -26.799  48.101 0.0000000000
44824  -28.479  -27.733  46.866 0.0000000000
43816  -28.680  -28.789  45.764 0.0000000000
43832  -28.505  -29.004  45.172 0.0000000000
69394  -53.349  -0.879  26.025 0.0000000000
67773  -50.318  -3.741  25.426 0.0000000000
67782  -50.084  -3.763  24.561 0.0000000000
67784  -50.729  -3.279  24.762 0.0000000000
68625  -51.334  -2.704  24.841 0.0000000000
68626  -51.803  -2.165  24.863 0.0000000000
69401  -51.482  -2.139  24.212 0.0000000000
68617  -52.244  -1.903  25.354 0.0000000000
56650  -45.378  -15.214  29.404 0.0000000000
122021  -46.254  -15.139  30.964 0.0000000000
55770  -41.519  -16.622  29.667 0.0000000000
55771  -42.139  -16.563  29.233 0.0000000000
131388  -42.637  -16.408  28.602 0.0000000000
56665  -43.955  -15.912  29.032 0.0000000000
39549  -21.564  -33.043  40.122 0.0000000000
53971  -9.103  -18.445  38.531 0.0000000000
53984  -7.487  -18.555  38.007 0.0000000000
123826  -6.792  -18.765  37.516 0.0000000000
45837  -11.585  -26.712  41.515 0.0000000000
120485  -12.268  -26.818  41.158 0.0000000000
44891  -12.919  -27.208  41.253 0.0000000000
44901  -13.132  -27.508  40.422 0.0000000000
43881  -13.600  -28.361  39.560 0.0000000000
40697  -11.892  -31.916  38.113 0.0000000000
40698  -12.451  -31.293  38.491 0.0000000000
129435  -12.502  -32.051  36.331 0.0000000000
40724  -12.386  -31.885  35.634 0.0000000000
39625  -12.362  -32.633  35.631 0.0000000000
38578  -12.240  -33.216  34.998 0.0000000000
38591  -11.686  -33.675  34.787 0.0000000000
37580  -11.446  -34.328  35.081 0.0000000000
121818  -17.157  -33.953  53.348 0.0000000000
38416  -17.079  -33.410  53.885 0.0000000000
134262  -16.060  -34.915  53.679 0.0000000000
138730  -15.659  -35.236  54.104 0.0000000000
35448  -14.773  -36.250  53.998 0.0000000000
33585  -12.224  -38.231  51.408 0.0000000000
33580  -12.137  -38.244  52.457 0.0000000000
33575  -11.435  -38.706  53.002 0.0000000000
127065  -10.813  -39.078  53.507 0.0000000000
32593  -9.998  -39.460  53.447 0.0000000000
32598  -9.188  -39.932  53.057 0.0000000000
55706  -39.975  -16.792  36.611 0.0000000000
55699  -40.319  -16.837  37.453 0.0000000000
53996  -37.307  -18.856  37.656 0.0000000000
54007  -37.364  -19.354  37.078 0.0000000000
54008  -37.916  -18.863  36.921 0.0000000000
54014  -37.616  -18.389  36.178 0.0000000000
54890  -37.498  -17.425  35.671 0.0000000000
55705  -39.035  -17.171  36.632 0.0000000000
40636  -27.337  -32.280  46.967 0.0000000000
39493  -27.643  -33.147  46.746 0.0000000000
43742  -29.649  -28.348  51.111 0.0000000000
42706  -29.845  -29.045  50.870 0.0000000000
41634  -30.377  -29.721  49.784 0.0000000000
41649  -30.387  -30.463  48.657 0.0000000000
129538  -30.399  -31.028  48.258 0.0000000000
38516  -29.573  -33.205  41.975 0.0000000000
38499  -29.908  -33.319  42.589 0.0000000000
38515  -28.469  -33.332  41.622 0.0000000000
38497  -27.926  -34.083  42.409 0.0000000000
37501  -28.297  -34.279  43.221 0.0000000000
38514  -26.604  -33.787  41.670 0.0000000000
38543  -24.338  -33.265  39.851 0.0000000000
69450  -50.002  -1.598  18.755 0.0000000000
119299  -5.311  -27.258  45.069 0.0000000000
44838  -5.458  -27.788  44.457 0.0000000000
43803  -5.773  -28.567  44.535 0.0000000000
43821  -5.945  -28.671  43.913 0.0000000000
44839  -7.607  -28.285  43.815 0.0000000000
44855  -8.434  -27.826  43.342 0.0000000000
44840  -8.633  -27.848  44.256 0.0000000000
44841  -9.564  -27.551  44.493 0.0000000000
42748  -11.805  -29.223  46.842 0.0000000000
43793  -11.645  -28.706  46.194 0.0000000000
42749  -12.310  -29.435  46.254 0.0000000000
41664  -12.759  -30.332  45.743 0.0000000000
40639  -13.040  -30.438  44.971 0.0000000000
40646  -12.908  -31.456  44.479 0.0000000000
39506  -11.737  -32.747  44.440 0.0000000000
38462  -11.173  -33.287  44.606 0.0000000000
137555  -47.414  -6.840  29.190 0.0000000000
65026  -47.728  -6.393  29.585 0.0000000000
61383  -45.716  -10.171  26.945 0.0000000000
119446  -45.041  -10.554  26.575 0.0000000000
62235  -46.063  -9.584  27.264 0.0000000000
63111  -45.905  -8.825  27.234 0.0000000000
37413  -17.680  -34.395  49.608 0.0000000000
37412  -16.551  -34.824  49.351 0.0000000000
133211  -14.474  -35.440  48.135 0.0000000000
38491  -21.149  -33.933  42.545 0.0000000000
37512  -20.483  -34.448  43.031 0.0000000000
37454  -19.593  -35.094  45.786 0.0000000000
132938  -14.772  -34.602  44.303 0.0000000000
36465  -13.584  -35.498  45.653 0.0000000000
53930  -5.671  -17.955  41.204 0.0000000000
49924  -5.021  -22.100  38.931 0.0000000000
132038  -4.656  -22.288  38.110 0.0000000000
50972  -4.389  -21.733  37.248 0.0000000000
49941  -3.846  -22.933  36.586 0.0000000000
46919  -11.058  -25.849  38.881 0.0000000000
46918  -10.278  -25.477  38.731 0.0000000000
127691  -10.834  -25.513  38.094 0.0000000000
46932  -10.624  -25.243  37.323 0.0000000000
46942  -10.439  -25.074  36.638 0.0000000000
122354  -9.755  -26.584  33.668 0.0000000000
45943  -10.134  -26.149  34.334 0.0000000000
125449  -9.543  -25.840  33.737 0.0000000000
46976  -9.193  -25.091  33.748 0.0000000000
137539  -7.293  -24.359  32.567 0.0000000000
47999  -6.896  -24.504  31.901 0.0000000000
47998  -6.047  -24.244  31.089 0.0000000000
39454  -14.806  -32.948  55.770 0.0000000000
39458  -14.395  -32.344  55.368 0.0000000000
38408  -14.026  -33.417  56.040 0.0000000000
38412  -13.746  -33.062  55.595 0.0000000000
36404  -11.050  -35.088  52.837 0.0000000000
124696  -11.773  -34.695  53.284 0.0000000000
37398  -12.163  -34.160  52.785 0.0000000000
39464  -12.228  -32.321  52.194 0.0000000000
39466  -12.146  -32.384  51.127 0.0000000000
40601  -11.859  -31.716  50.713 0.0000000000
39469  -12.164  -32.420  50.196 0.0000000000
38424  -12.156  -33.163  49.681 0.0000000000
38427  -11.720  -33.853  49.089 0.0000000000
120387  -8.729  -35.456  48.638 0.0000000000
36431  -9.530  -35.283  48.367 0.0000000000
36441  -8.841  -35.322  47.735 0.0000000000
115667  -8.947  -34.824  46.175 0.0000000000
37447  -9.412  -34.460  45.531 0.0000000000
120507  -7.795  -34.288  45.074 0.0000000000
37462  -7.019  -34.323  44.597 0.0000000000
128109  -4.013  -39.806  47.417 0.0000000000
32618  -4.118  -39.086  47.705 0.0000000000
33595  -4.311  -38.794  46.801 0.0000000000
33600  -4.655  -38.557  45.894 0.0000000000
34551  -5.861  -37.061  42.929 0.0000000000
49881  -30.293  -22.026  44.618 0.0000000000
49892  -30.033  -22.227  43.926 0.0000000000
50905  -30.779  -21.584  44.988 0.0000000000
51973  -31.677  -20.695  45.589 0.0000000000
51974  -32.241  -20.142  45.822 0.0000000000
51968  -32.511  -20.140  46.661 0.0000000000
53006  -33.420  -19.042  46.731 0.0000000000
53879  -34.558  -18.036  46.962 0.0000000000
46826  -28.230  -25.341  46.847 0.0000000000
46835  -27.810  -25.646  45.961 0.0000000000
47849  -28.628  -24.543  46.576 0.0000000000
48853  -29.095  -23.916  46.174 0.0000000000
48854  -29.540  -23.372  46.144 0.0000000000
133493  -29.357  -23.533  45.588 0.0000000000
49880  -29.831  -22.693  44.647 0.0000000000
49822  -31.672  -22.434  50.526 0.0000000000
49827  -31.250  -23.194  50.293 0.0000000000
135923  -30.423  -24.044  49.720 0.0000000000
47834  -29.461  -24.756  48.777 0.0000000000
68599  -52.581  -2.600  27.520 0.0000000000
68600  -53.220  -2.244  28.042 0.0000000000
68587  -52.684  -2.683  28.402 0.0000000000
65990  -46.012  -5.557  26.287 0.0000000000
126293  -45.349  -5.586  23.987 0.0000000000
66890  -48.568  -4.530  24.256 0.0000000000
120533  -49.148  -4.372  25.019 0.0000000000
66869  -49.188  -4.147  26.415 0.0000000000
66881  -49.591  -4.144  25.616 0.0000000000
124459  -50.712  -3.552  26.182 0.0000000000
56600  -44.335  -15.412  32.456 0.0000000000
57497  -45.303  -15.040  33.243 0.0000000000
56594  -36.752  -15.692  32.542 0.0000000000
56593  -36.127  -15.810  31.855 0.0000000000
56645  -37.139  -15.509  29.809 0.0000000000
116740  -38.110  -15.535  30.161 0.0000000000
137104  -39.038  -15.749  30.017 0.0000000000
56626  -40.502  -16.072  30.924 0.0000000000
135178  -42.542  -16.514  30.616 0.0000000000
124665  -8.725  -18.492  40.929 0.0000000000
115626  -13.478  -29.714  41.948 0.0000000000
41710  -13.513  -29.911  41.110 0.0000000000
41719  -13.099  -30.656  40.849 0.0000000000
129823  -11.964  -31.583  39.741 0.0000000000
39557  -11.149  -32.300  39.513 0.0000000000
40692  -11.774  -31.774  38.926 0.0000000000
39574  -11.260  -32.392  38.570 0.0000000000
38555  -10.921  -33.960  37.592 0.0000000000
36522  -10.123  -35.636  38.411 0.0000000000
120842  -9.929  -34.772  38.726 0.0000000000
35538  -10.328  -36.542  38.038 0.0000000000
36410  -15.038  -35.555  51.399 0.0000000000
122476  -14.690  -36.067  51.950 0.0000000000
34514  -13.355  -37.245  51.527 0.0000000000
34517  -12.771  -37.711  50.978 0.0000000000
120098  -12.675  -37.465  50.017 0.0000000000
34516  -12.188  -38.090  50.457 0.0000000000
33584  -11.729  -38.572  50.900 0.0000000000
54878  -38.397  -17.603  38.410 0.0000000000
115547  -39.311  -16.768  39.291 0.0000000000
55675  -38.685  -16.593  39.582 0.0000000000
53941  -32.297  -18.594  41.506 0.0000000000
53051  -31.552  -19.376  40.602 0.0000000000
53940  -31.943  -18.879  40.847 0.0000000000
53953  -32.326  -18.370  40.585 0.0000000000
53967  -32.316  -18.301  39.680 0.0000000000
54854  -33.281  -17.337  40.881 0.0000000000
53968  -32.872  -17.880  39.080 0.0000000000
53981  -33.036  -18.111  38.238 0.0000000000
53993  -33.426  -18.417  37.460 0.0000000000
54004  -33.940  -18.836  36.741 0.0000000000
53994  -34.464  -18.463  37.230 0.0000000000
53995  -35.665  -18.902  37.264 0.0000000000
54881  -35.866  -18.184  37.823 0.0000000000
55688  -35.813  -16.588  38.946 0.0000000000
54877  -36.820  -18.253  38.084 0.0000000000
138404  -37.316  -17.896  38.355 0.0000000000
41630  -26.963  -30.342  50.254 0.0000000000
40610  -27.981  -31.307  49.453 0.0000000000
41662  -30.222  -30.297  46.355 0.0000000000
41672  -30.390  -30.839  46.079 0.0000000000
40666  -30.633  -31.892  43.092 0.0000000000
39530  -30.585  -32.261  42.301 0.0000000000
39538  -30.233  -31.783  41.132 0.0000000000
119051  -29.602  -32.579  41.318 0.0000000000
39551  -27.400  -32.897  40.311 0.0000000000
69445  -50.638  -1.294  19.985 0.0000000000
122499  -51.621  -0.276  21.652 0.0000000000
139295  -50.447  -1.288  19.356 0.0000000000
70190  -50.747  -0.658  19.562 0.0000000000
126442  -50.643  -0.282  18.821 0.0000000000
70958  -50.881  0.345  19.266 0.0000000000
125620  -51.161  1.151  19.246 0.0000000000
71745  -51.483  1.681  19.636 0.0000000000
72535  -52.627  2.305  21.731 0.0000000000
43788  -6.024  -29.132  46.406 0.0000000000
43789  -6.907  -29.035  46.305 0.0000000000
121811  -8.318  -28.540  46.144 0.0000000000
43777  -9.058  -28.770  47.752 0.0000000000
43778  -10.432  -28.710  47.232 0.0000000000
43779  -11.240  -28.856  47.065 0.0000000000
42739  -11.539  -29.497  47.509 0.0000000000
41651  -12.375  -30.628  47.224 0.0000000000
40623  -12.497  -31.479  47.235 0.0000000000
121234  -48.465  -9.511  28.581 0.0000000000
57542  -44.128  -15.034  25.811 0.0000000000
60508  -44.660  -11.983  25.548 0.0000000000
124218  -45.463  -10.915  26.847 0.0000000000
39473  -18.896  -32.809  49.857 0.0000000000
37415  -19.089  -33.819  49.839 0.0000000000
37430  -16.654  -34.596  47.865 0.0000000000
38505  -17.999  -33.581  41.200 0.0000000000
38488  -18.403  -33.924  41.946 0.0000000000
37509  -17.798  -34.092  42.516 0.0000000000
136027  -17.548  -34.220  43.047 0.0000000000
37490  -17.321  -34.312  43.612 0.0000000000
51990  -6.180  -19.970  42.339 0.0000000000
51998  -6.137  -20.146  41.511 0.0000000000
50939  -6.500  -21.137  41.253 0.0000000000
49925  -5.607  -22.486  39.547 0.0000000000
47922  -5.775  -24.309  39.778 0.0000000000
48922  -5.801  -23.296  39.673 0.0000000000
123543  -5.256  -23.018  39.092 0.0000000000
48932  -5.049  -24.272  37.953 0.0000000000
124452  -5.214  -25.217  37.194 0.0000000000
43923  -11.897  -28.467  35.735 0.0000000000
118765  -11.525  -27.325  35.644 0.0000000000
120247  -11.562  -28.034  35.380 0.0000000000
43936  -11.164  -28.440  34.739 0.0000000000
44957  -10.639  -28.278  33.947 0.0000000000
42891  -9.515  -29.662  34.442 0.0000000000
43949  -9.829  -28.895  33.819 0.0000000000
124629  -9.909  -28.091  33.609 0.0000000000
44962  -9.314  -27.423  33.305 0.0000000000
132359  -7.596  -27.377  32.470 0.0000000000
43728  -11.875  -28.674  53.141 0.0000000000
44767  -11.273  -28.169  52.903 0.0000000000
124047  -11.458  -28.724  53.811 0.0000000000
43723  -11.509  -29.163  54.212 0.0000000000
36384  -11.912  -36.009  56.263 0.0000000000
36390  -12.300  -35.220  56.188 0.0000000000
36388  -10.689  -35.960  55.662 0.0000000000
36395  -11.240  -35.396  55.198 0.0000000000
36394  -10.465  -35.743  54.706 0.0000000000
35446  -8.855  -36.447  53.888 0.0000000000
36399  -10.428  -35.574  53.525 0.0000000000
36403  -10.342  -35.428  52.514 0.0000000000
36409  -10.892  -35.003  51.820 0.0000000000
37401  -11.009  -34.790  51.068 0.0000000000
37406  -10.862  -34.887  50.417 0.0000000000
36408  -10.495  -35.163  51.098 0.0000000000
36414  -9.416  -35.479  50.554 0.0000000000
126487  -8.902  -35.522  50.115 0.0000000000
36413  -7.890  -35.742  50.312 0.0000000000
36421  -8.374  -35.526  49.463 0.0000000000
36429  -7.198  -35.518  48.581 0.0000000000
36438  -6.151  -35.342  47.471 0.0000000000
52006  -30.526  -20.402  41.184 0.0000000000
118740  -31.461  -19.813  41.906 0.0000000000
50904  -30.674  -21.512  44.208 0.0000000000
120068  -31.523  -20.359  43.939 0.0000000000
127633  -32.508  -19.333  44.594 0.0000000000
53026  -31.838  -19.790  43.554 0.0000000000
51989  -31.321  -20.378  43.246 0.0000000000
53034  -31.630  -19.796  42.732 0.0000000000
53044  -32.020  -19.196  42.166 0.0000000000
54839  -33.218  -17.708  42.568 0.0000000000
55638  -34.762  -16.722  43.457 0.0000000000
55644  -34.351  -16.581  42.526 0.0000000000
44782  -29.307  -27.374  51.352 0.0000000000
43759  -30.338  -28.611  49.622 0.0000000000
42736  -30.299  -29.263  48.463 0.0000000000
46801  -29.821  -25.876  50.888 0.0000000000
46807  -29.498  -25.871  49.840 0.0000000000
45762  -29.481  -26.626  49.710 0.0000000000
117552  -29.698  -26.517  50.538 0.0000000000
44806  -29.852  -28.030  49.173 0.0000000000
43786  -29.820  -28.963  48.037 0.0000000000
136574  -30.074  -29.725  47.245 0.0000000000
41683  -30.019  -30.483  44.412 0.0000000000
128940  -30.006  -30.489  43.697 0.0000000000
42781  -29.595  -30.045  44.102 0.0000000000
42797  -29.590  -30.180  43.267 0.0000000000
67791  -49.740  -3.777  23.841 0.0000000000
67802  -49.324  -3.813  23.017 0.0000000000
67810  -48.612  -3.972  21.622 0.0000000000
69418  -50.670  -1.564  22.065 0.0000000000
69419  -51.250  -1.371  22.711 0.0000000000
126665  -52.259  -0.741  23.655 0.0000000000
70157  -52.817  -0.059  23.728 0.0000000000
70912  -53.703  0.482  24.745 0.0000000000
57538  -46.384  -14.166  27.712 0.0000000000
58508  -47.220  -13.951  28.084 0.0000000000
57529  -47.572  -14.247  28.952 0.0000000000
120845  -46.623  -14.988  32.006 0.0000000000
56673  -43.567  -15.897  27.471 0.0000000000
56674  -44.291  -15.466  27.261 0.0000000000
57537  -45.643  -14.500  27.420 0.0000000000
135097  -23.648  -34.335  42.321 0.0000000000
38509  -21.636  -33.569  41.681 0.0000000000
38524  -19.323  -33.214  40.666 0.0000000000
38523  -18.476  -33.309  40.556 0.0000000000
53070  -7.891  -19.124  37.445 0.0000000000
52064  -6.956  -20.321  35.763 0.0000000000
52079  -4.858  -20.110  34.219 0.0000000000
44900  -7.691  -27.678  40.503 0.0000000000
45844  -7.336  -27.466  39.721 0.0000000000
45845  -8.612  -27.093  40.003 0.0000000000
45864  -9.617  -26.457  39.912 0.0000000000
45847  -11.504  -26.769  40.535 0.0000000000
45866  -11.207  -26.440  39.650 0.0000000000
119340  -11.700  -26.368  38.985 0.0000000000
45896  -12.383  -26.787  37.791 0.0000000000
43900  -12.689  -27.980  36.904 0.0000000000
117894  -13.592  -29.346  40.617 0.0000000000
42826  -13.643  -29.244  39.914 0.0000000000
42833  -13.630  -29.231  39.059 0.0000000000
41746  -13.082  -30.670  38.053 0.0000000000
41735  -13.437  -29.985  38.572 0.0000000000
43891  -13.583  -28.500  38.618 0.0000000000
43901  -13.454  -28.647  37.820 0.0000000000
43911  -13.192  -28.815  36.982 0.0000000000
43910  -12.453  -28.561  36.250 0.0000000000
127003  -12.131  -29.147  35.629 0.0000000000
122452  -11.113  -30.269  34.767 0.0000000000
40739  -12.126  -31.584  35.182 0.0000000000
40738  -11.381  -31.445  34.710 0.0000000000
41774  -10.271  -30.844  34.620 0.0000000000
39638  -9.473  -32.300  34.356 0.0000000000
40590  -15.681  -31.949  53.779 0.0000000000
127030  -16.522  -33.658  54.539 0.0000000000
37391  -16.115  -33.669  55.039 0.0000000000
39455  -15.348  -33.339  55.682 0.0000000000
38409  -15.313  -33.900  55.765 0.0000000000
36387  -13.921  -35.700  56.076 0.0000000000
36386  -13.288  -35.547  56.236 0.0000000000
35455  -14.731  -36.205  52.852 0.0000000000
35454  -14.081  -36.727  53.255 0.0000000000
35447  -14.022  -36.678  54.354 0.0000000000
34509  -12.724  -37.702  53.039 0.0000000000
34500  -13.324  -37.175  54.719 0.0000000000
34495  -13.225  -37.059  55.434 0.0000000000
35437  -13.109  -36.879  55.897 0.0000000000
34490  -12.233  -36.879  56.058 0.0000000000
34492  -10.835  -37.499  55.808 0.0000000000
34491  -10.001  -37.503  55.599 0.0000000000
33565  -9.026  -38.450  54.972 0.0000000000
32589  -9.687  -39.277  54.201 0.0000000000
32588  -9.079  -39.121  54.435 0.0000000000
33569  -7.530  -38.601  53.626 0.0000000000
33568  -6.838  -38.412  52.990 0.0000000000
55725  -41.156  -16.361  35.073 0.0000000000
116636  -41.413  -16.496  35.788 0.0000000000
118112  -30.809  -19.662  39.173 0.0000000000
116390  -31.033  -19.130  37.971 0.0000000000
54894  -36.078  -18.065  33.412 0.0000000000
55720  -36.740  -16.674  34.355 0.0000000000
55712  -37.072  -16.970  35.114 0.0000000000
55721  -37.448  -16.406  34.560 0.0000000000
136376  -39.129  -16.061  34.464 0.0000000000
40635  -26.886  -31.575  46.326 0.0000000000
39502  -26.646  -32.887  45.437 0.0000000000
38465  -26.003  -33.134  44.980 0.0000000000
136240  -25.184  -34.653  43.082 0.0000000000
43740  -27.761  -28.594  51.808 0.0000000000
42705  -29.104  -29.057  51.243 0.0000000000
42715  -28.307  -29.779  51.077 0.0000000000
42704  -27.459  -29.385  51.491 0.0000000000
41641  -28.348  -30.876  49.942 0.0000000000
39479  -28.792  -32.447  48.273 0.0000000000
40637  -30.536  -31.471  46.767 0.0000000000
39495  -30.394  -32.592  46.619 0.0000000000
38468  -30.311  -33.211  44.440 0.0000000000
38457  -30.223  -33.215  45.215 0.0000000000
39494  -29.839  -32.962  47.442 0.0000000000
38438  -29.188  -33.424  47.449 0.0000000000
38437  -28.598  -33.133  47.638 0.0000000000
38445  -28.186  -33.519  47.127 0.0000000000
37458  -28.031  -34.233  45.443 0.0000000000
37474  -27.642  -34.374  44.662 0.0000000000
37519  -27.396  -34.449  43.128 0.0000000000
122293  -26.996  -34.520  43.660 0.0000000000
115677  -27.036  -34.442  44.239 0.0000000000
37516  -24.832  -34.533  42.691 0.0000000000
120716  -22.974  -33.668  40.972 0.0000000000
38528  -23.707  -33.585  40.591 0.0000000000
124300  -22.937  -33.507  40.379 0.0000000000
124129  -50.919  0.843  17.951 0.0000000000
70970  -51.134  0.953  17.220 0.0000000000
71761  -52.039  1.939  17.481 0.0000000000
71766  -51.778  1.405  16.681 0.0000000000
71768  -54.026  2.199  16.230 0.0000000000
48903  -6.820  -23.568  42.106 0.0000000000
138162  -6.314  -24.708  41.320 0.0000000000
117270  -5.557  -26.772  40.740 0.0000000000
44886  -5.686  -27.698  40.761 0.0000000000
46848  -5.737  -25.600  43.251 0.0000000000
120018  -5.449  -27.312  43.727 0.0000000000
45805  -5.528  -26.668  43.062 0.0000000000
45821  -5.527  -27.155  42.298 0.0000000000
44870  -5.675  -28.009  41.789 0.0000000000
44887  -5.966  -28.140  40.992 0.0000000000
44888  -6.860  -28.117  41.076 0.0000000000
45822  -10.204  -26.986  42.014 0.0000000000
44873  -9.042  -27.488  42.899 0.0000000000
45824  -11.586  -26.785  42.320 0.0000000000
119270  -12.523  -27.568  42.865 0.0000000000
43850  -12.994  -28.015  42.624 0.0000000000
44828  -9.865  -27.750  45.234 0.0000000000
44842  -11.361  -27.725  44.662 0.0000000000
43824  -11.690  -28.241  45.211 0.0000000000
44843  -12.075  -27.888  44.262 0.0000000000
119398  -12.570  -28.481  43.993 0.0000000000
43838  -13.121  -28.806  43.293 0.0000000000
128477  -12.883  -31.157  42.327 0.0000000000
40671  -12.110  -31.757  42.072 0.0000000000
40659  -12.636  -31.659  43.737 0.0000000000
39527  -11.585  -32.278  42.663 0.0000000000
39525  -9.866  -32.796  42.095 0.0000000000
38485  -8.991  -32.906  41.897 0.0000000000
66820  -48.446  -4.614  29.862 0.0000000000
59467  -48.527  -13.040  28.277 0.0000000000
60499  -43.383  -11.172  25.614 0.0000000000
61381  -43.615  -10.777  25.820 0.0000000000
61388  -43.665  -10.253  25.199 0.0000000000
62253  -43.840  -9.648  25.094 0.0000000000
138235  -45.636  -6.571  27.012 0.0000000000
64079  -45.857  -7.255  27.384 0.0000000000
65044  -46.035  -6.414  27.559 0.0000000000
65970  -46.849  -5.545  28.203 0.0000000000
36411  -15.867  -35.132  51.767 0.0000000000
37409  -17.829  -33.503  51.090 0.0000000000
36418  -16.538  -34.725  51.177 0.0000000000
131223  -14.258  -35.758  49.021 0.0000000000
35470  -13.782  -36.153  49.157 0.0000000000
35473  -12.944  -36.747  48.205 0.0000000000
35476  -12.653  -36.736  47.557 0.0000000000
37515  -23.371  -34.810  42.919 0.0000000000
122048  -23.004  -35.353  43.527 0.0000000000
129971  -21.801  -34.505  43.057 0.0000000000
37495  -22.279  -35.115  43.418 0.0000000000
36491  -23.371  -35.916  44.425 0.0000000000
36469  -22.788  -36.469  46.141 0.0000000000
37492  -20.164  -34.872  43.667 0.0000000000
37493  -20.886  -35.249  44.144 0.0000000000
36468  -21.923  -36.242  45.625 0.0000000000
36460  -22.685  -36.255  47.096 0.0000000000
132303  -21.997  -36.086  47.489 0.0000000000
134224  -21.459  -34.625  48.892 0.0000000000
37451  -16.350  -34.571  45.585 0.0000000000
137413  -15.998  -34.585  46.002 0.0000000000
126524  -13.640  -35.602  46.331 0.0000000000
36455  -13.399  -35.898  46.905 0.0000000000
53934  -9.050  -18.570  41.843 0.0000000000
51997  -5.439  -19.182  40.928 0.0000000000
53036  -5.488  -18.443  41.208 0.0000000000
53045  -5.544  -18.481  40.444 0.0000000000
53942  -5.827  -17.985  40.560 0.0000000000
53955  -6.263  -18.174  39.900 0.0000000000
123780  -7.210  -18.439  39.275 0.0000000000
53983  -6.378  -18.480  38.248 0.0000000000
53084  -5.401  -19.166  36.929 0.0000000000
52040  -4.335  -20.597  36.559 0.0000000000
132414  -4.463  -19.925  35.862 0.0000000000
120566  -5.168  -19.507  36.100 0.0000000000
52062  -4.727  -20.009  35.189 0.0000000000
51018  -3.892  -20.287  32.973 0.0000000000
45862  -6.967  -27.150  39.201 0.0000000000
45882  -7.621  -26.510  38.891 0.0000000000
46916  -7.778  -25.820  38.496 0.0000000000
46917  -9.453  -25.276  38.553 0.0000000000
128176  -8.639  -25.295  38.379 0.0000000000
46915  -7.021  -25.738  38.206 0.0000000000
46929  -6.722  -25.389  37.718 0.0000000000
47940  -6.202  -25.180  37.106 0.0000000000
47953  -5.624  -24.963  36.498 0.0000000000
45921  -11.208  -26.561  35.562 0.0000000000
46954  -11.068  -25.834  35.896 0.0000000000
47957  -9.817  -24.703  36.237 0.0000000000
46952  -9.914  -24.900  35.217 0.0000000000
47955  -7.889  -24.341  36.510 0.0000000000
47969  -7.285  -24.088  35.857 0.0000000000
47968  -5.252  -24.583  35.889 0.0000000000
48959  -4.994  -23.833  35.278 0.0000000000
48969  -4.650  -22.913  34.537 0.0000000000
120099  -6.857  -23.590  33.657 0.0000000000
49965  -4.002  -22.044  33.811 0.0000000000
49983  -4.028  -21.820  32.740 0.0000000000
136222  -4.138  -20.659  32.482 0.0000000000
51032  -4.584  -21.183  31.921 0.0000000000
49021  -5.074  -22.350  30.882 0.0000000000
49022  -5.641  -22.740  30.221 0.0000000000
127394  -5.790  -23.811  29.706 0.0000000000
42708  -8.275  -29.636  51.299 0.0000000000
41615  -13.690  -30.594  54.187 0.0000000000
40587  -14.309  -31.689  54.874 0.0000000000
41614  -13.078  -30.255  54.161 0.0000000000
41613  -12.384  -29.938  54.350 0.0000000000
138330  -11.885  -29.821  54.493 0.0000000000
38411  -13.083  -33.580  54.872 0.0000000000
38415  -12.753  -33.160  53.865 0.0000000000
39456  -12.949  -32.043  54.555 0.0000000000
40588  -12.437  -31.082  54.228 0.0000000000
41612  -11.358  -30.132  54.419 0.0000000000
41611  -10.450  -30.204  54.012 0.0000000000
41616  -9.556  -30.240  52.294 0.0000000000
42699  -8.892  -29.907  51.687 0.0000000000
42709  -8.846  -29.828  50.550 0.0000000000
42722  -10.904  -30.095  49.080 0.0000000000
40614  -11.646  -31.171  49.431 0.0000000000
122516  -11.623  -30.671  48.731 0.0000000000
41643  -12.248  -31.096  47.994 0.0000000000
39481  -12.468  -32.332  47.174 0.0000000000
37411  -11.268  -34.470  49.799 0.0000000000
37416  -10.090  -35.012  48.057 0.0000000000
37417  -10.691  -34.686  48.110 0.0000000000
37418  -11.389  -34.175  48.167 0.0000000000
38432  -11.620  -33.803  47.367 0.0000000000
38441  -12.297  -32.774  46.574 0.0000000000
126153  -11.528  -33.310  45.476 0.0000000000
38461  -10.495  -33.641  44.530 0.0000000000
38449  -9.887  -34.026  44.845 0.0000000000
38460  -9.357  -33.818  44.163 0.0000000000
123215  -10.015  -33.745  44.128 0.0000000000
38475  -9.573  -33.495  43.423 0.0000000000
38474  -8.589  -33.363  42.695 0.0000000000
38484  -8.279  -33.273  41.714 0.0000000000
32600  -5.989  -39.399  51.868 0.0000000000
32594  -5.619  -38.748  51.943 0.0000000000
31657  -4.787  -39.958  49.181 0.0000000000
32610  -5.009  -39.681  49.802 0.0000000000
32606  -5.100  -39.220  50.387 0.0000000000
33577  -5.215  -38.640  51.076 0.0000000000
34515  -5.283  -37.779  50.716 0.0000000000
128717  -4.762  -37.387  50.022 0.0000000000
34527  -4.505  -37.775  48.141 0.0000000000
34524  -4.722  -37.042  48.683 0.0000000000
124288  -4.988  -36.511  48.947 0.0000000000
35471  -5.185  -36.329  48.103 0.0000000000
36437  -5.598  -35.703  47.299 0.0000000000
36449  -5.614  -35.774  46.359 0.0000000000
33606  -5.050  -38.483  44.970 0.0000000000
126477  -5.229  -37.188  45.577 0.0000000000
35481  -5.427  -36.627  45.139 0.0000000000
36461  -5.611  -35.917  45.446 0.0000000000
36462  -5.964  -35.249  45.665 0.0000000000
37461  -6.435  -34.836  45.067 0.0000000000
37483  -6.470  -34.968  44.095 0.0000000000
139148  -6.686  -34.845  43.428 0.0000000000
37504  -6.867  -34.824  42.769 0.0000000000
37523  -7.305  -34.392  42.064 0.0000000000
37524  -7.751  -33.939  41.444 0.0000000000
37532  -8.101  -34.536  40.635 0.0000000000
36513  -8.348  -35.454  40.283 0.0000000000
33560  -9.660  -38.143  55.316 0.0000000000
33561  -10.439  -38.152  55.452 0.0000000000
33563  -7.915  -38.313  54.240 0.0000000000
33564  -8.446  -38.705  54.449 0.0000000000
33581  -4.904  -38.707  49.778 0.0000000000
33596  -4.688  -38.077  46.322 0.0000000000
34494  -12.490  -37.377  55.633 0.0000000000
34497  -9.086  -37.497  55.224 0.0000000000
34498  -11.823  -37.929  55.328 0.0000000000
34502  -7.496  -37.869  53.859 0.0000000000
34506  -6.051  -38.116  52.513 0.0000000000
34536  -5.011  -37.857  45.636 0.0000000000
35431  -12.794  -36.199  56.192 0.0000000000
35432  -13.573  -36.256  56.032 0.0000000000
35436  -11.328  -36.810  56.063 0.0000000000
35438  -13.744  -36.527  55.592 0.0000000000
35443  -13.890  -36.582  55.189 0.0000000000
35452  -7.880  -36.242  52.002 0.0000000000
36389  -11.500  -35.613  56.023 0.0000000000
36392  -15.153  -34.668  55.637 0.0000000000
36423  -10.039  -35.278  49.629 0.0000000000
36428  -6.268  -35.521  48.295 0.0000000000
36430  -7.952  -35.495  48.866 0.0000000000
36436  -21.078  -35.077  48.868 0.0000000000
36447  -22.424  -35.612  47.871 0.0000000000
36451  -6.883  -34.821  46.267 0.0000000000
36474  -5.636  -36.055  44.701 0.0000000000
36507  -7.278  -35.597  41.297 0.0000000000
37385  -13.841  -34.976  56.197 0.0000000000
37389  -14.605  -34.401  56.027 0.0000000000
37394  -16.107  -34.115  54.878 0.0000000000
37396  -16.598  -34.189  54.045 0.0000000000
37400  -17.488  -33.354  52.991 0.0000000000
38410  -15.708  -33.644  55.421 0.0000000000
38413  -15.940  -33.350  55.219 0.0000000000
38414  -16.499  -33.342  54.570 0.0000000000
38446  -28.715  -33.838  47.053 0.0000000000
38448  -30.145  -33.232  46.034 0.0000000000
38451  -12.082  -32.952  45.927 0.0000000000
38479  -29.868  -33.556  43.975 0.0000000000
38532  -27.094  -33.331  41.042 0.0000000000
39478  -28.238  -32.527  48.028 0.0000000000
39486  -29.272  -32.813  47.880 0.0000000000
39487  -30.324  -32.133  47.486 0.0000000000
39503  -27.452  -33.230  45.976 0.0000000000
39507  -12.368  -32.164  44.425 0.0000000000
39512  -30.526  -32.697  44.531 0.0000000000
39520  -30.619  -32.390  42.906 0.0000000000
39529  -30.362  -32.518  41.952 0.0000000000
39537  -28.807  -32.643  40.910 0.0000000000
40621  -29.628  -31.678  48.691 0.0000000000
40672  -13.065  -31.111  43.169 0.0000000000
40680  -30.272  -31.269  40.988 0.0000000000
40681  -30.520  -31.742  41.693 0.0000000000
41631  -27.840  -30.411  50.473 0.0000000000
41656  -30.479  -30.470  47.833 0.0000000000
41671  -30.129  -30.476  45.363 0.0000000000
41693  -30.229  -30.723  42.868 0.0000000000
41776  -12.449  -31.248  35.560 0.0000000000
42696  -14.156  -29.840  52.411 0.0000000000
42716  -29.432  -29.674  50.791 0.0000000000
42717  -30.155  -29.388  50.377 0.0000000000
42740  -12.149  -29.803  47.090 0.0000000000
42746  -30.206  -29.532  47.783 0.0000000000
42786  -12.853  -29.164  44.160 0.0000000000
42816  -13.568  -29.069  41.275 0.0000000000
42845  -13.518  -29.301  38.235 0.0000000000
42866  -12.856  -29.904  35.898 0.0000000000
42878  -11.357  -29.388  34.990 0.0000000000
43733  -27.211  -28.101  52.189 0.0000000000
43760  -30.422  -29.282  49.189 0.0000000000
43809  -12.251  -28.887  45.510 0.0000000000
43835  -5.814  -28.276  42.605 0.0000000000
43837  -6.585  -28.477  43.394 0.0000000000
44859  -12.093  -27.454  43.416 0.0000000000
44898  -5.933  -27.644  40.012 0.0000000000
44910  -12.754  -27.368  39.852 0.0000000000
45756  -29.662  -26.974  50.962 0.0000000000
45763  -29.871  -27.199  50.274 0.0000000000
45769  -28.960  -26.761  48.957 0.0000000000
45776  -28.263  -26.109  47.513 0.0000000000
45807  -12.179  -27.098  42.637 0.0000000000
45838  -12.304  -26.869  41.847 0.0000000000
45863  -8.033  -26.844  39.318 0.0000000000
45930  -10.661  -26.566  34.791 0.0000000000
46794  -29.698  -25.891  51.810 0.0000000000
46867  -5.655  -26.135  41.444 0.0000000000
46882  -5.784  -25.585  40.832 0.0000000000
46933  -11.225  -25.702  37.416 0.0000000000
46943  -11.392  -26.174  36.273 0.0000000000
46953  -10.532  -25.314  35.828 0.0000000000
47825  -29.974  -24.610  49.623 0.0000000000
47833  -29.015  -24.940  48.137 0.0000000000
47938  -4.230  -24.474  36.621 0.0000000000
48803  -30.804  -23.760  50.206 0.0000000000
48940  -4.540  -23.935  37.557 0.0000000000
49836  -30.856  -22.784  48.574 0.0000000000
49964  -3.737  -21.058  33.240 0.0000000000
49982  -3.987  -20.989  32.412 0.0000000000
50009  -4.776  -21.794  31.237 0.0000000000
52096  -3.901  -19.957  33.465 0.0000000000
52097  -4.156  -20.033  33.422 0.0000000000
52098  -4.865  -20.182  33.373 0.0000000000
52958  -33.402  -19.429  50.296 0.0000000000
53005  -33.061  -19.677  47.098 0.0000000000
53012  -33.299  -18.849  45.966 0.0000000000
53037  -5.555  -19.031  41.688 0.0000000000
53042  -31.231  -19.912  41.118 0.0000000000
53914  -32.658  -18.644  43.470 0.0000000000
53917  -6.151  -17.597  41.954 0.0000000000
53919  -8.307  -18.360  42.395 0.0000000000
53943  -6.340  -17.955  40.624 0.0000000000
53986  -9.423  -18.660  37.681 0.0000000000
55659  -33.811  -16.746  40.790 0.0000000000
60506  -43.239  -11.535  24.867 0.0000000000
63131  -43.895  -8.770  25.071 0.0000000000
66867  -47.553  -4.593  25.838 0.0000000000
68642  -50.194  -2.323  22.214 0.0000000000
69444  -50.130  -1.734  19.630 0.0000000000
70155  -51.844  -0.806  22.907 0.0000000000
70173  -51.127  -0.708  21.180 0.0000000000
71718  -51.809  1.061  21.349 0.0000000000
72570  -52.353  2.747  19.570 0.0000000000
72596  -52.935  2.467  17.373 0.0000000000
120967  -51.393  1.467  17.956 0.0000000000
123473  -6.697  -35.076  46.949 0.0000000000
124006  -34.730  -17.556  45.178 0.0000000000
125845  -13.432  -27.924  40.227 0.0000000000
126746  -7.310  -18.382  40.016 0.0000000000
127981  -6.258  -24.474  35.941 0.0000000000
128525  -30.363  -30.998  45.318 0.0000000000
128837  -52.038  -3.059  27.069 0.0000000000
128982  -6.310  -18.405  39.070 0.0000000000
128983  -7.991  -39.508  53.011 0.0000000000
129027  -38.314  -16.171  34.571 0.0000000000
129103  -30.439  -31.447  43.796 0.0000000000
129230  -32.811  -19.478  46.090 0.0000000000
129475  -12.374  -32.738  47.988 0.0000000000
130031  -30.113  -33.334  43.235 0.0000000000
131252  -35.170  -17.543  38.120 0.0000000000
132075  -12.768  -31.559  36.885 0.0000000000
134579  -29.958  -29.823  46.689 0.0000000000
135183  -7.318  -34.151  42.784 0.0000000000
135678  -29.821  -32.408  47.906 0.0000000000
135750  -30.074  -30.543  49.469 0.0000000000
136302  -10.102  -26.870  40.826 0.0000000000
136320  -49.616  -3.620  28.855 0.0000000000
136414  -42.003  -16.627  29.813 0.0000000000
136598  -12.466  -32.307  46.581 0.0000000000
136817  -34.917  -16.141  42.815 0.0000000000
137200  -5.305  -24.791  38.422 0.0000000000
137247  -14.281  -30.778  54.042 0.0000000000
137305  -11.630  -33.016  44.921 0.0000000000
138180  -5.278  -36.129  48.535 0.0000000000
138731  -13.234  -28.132  37.486 0.0000000000
139145  -11.144  -36.207  56.055 0.0000000000
