#!ascii label  , from subject sub-v1s3x0050772_ses-1 vox2ras=TkReg
1025
133251  -33.280  -17.192  38.057 0.0000000000
49305  -18.689  -22.389  39.895 0.0000000000
51282  -24.558  -20.623  38.387 0.0000000000
79492  -43.510  5.377  19.777 0.0000000000
79525  -51.376  5.986  15.516 0.0000000000
45823  -12.093  -25.312  41.837 0.0000000000
76287  -39.753  1.994  22.464 0.0000000000
133992  -34.636  -13.990  36.110 0.0000000000
52345  -29.089  -19.477  37.324 0.0000000000
48211  -15.219  -23.522  40.554 0.0000000000
141062  -15.909  -27.922  44.857 0.0000000000
54525  -29.479  -17.393  33.787 0.0000000000
57900  -30.060  -14.581  33.250 0.0000000000
52305  -21.394  -19.664  39.448 0.0000000000
55606  -25.422  -16.495  35.083 0.0000000000
64695  -37.720  -8.663  24.759 0.0000000000
143227  -40.055  -4.148  22.951 0.0000000000
73264  -43.768  -0.612  20.884 0.0000000000
39945  -9.058  -31.727  44.176 0.0000000000
38241  -5.894  -33.571  44.870 0.0000000000
129004  -28.813  -12.026  32.100 0.0000000000
61103  -31.032  -11.098  29.802 0.0000000000
138654  -34.461  -11.624  27.132 0.0000000000
40766  -12.275  -29.918  44.813 0.0000000000
47011  -18.953  -24.298  42.154 0.0000000000
139045  -20.696  -22.492  42.010 0.0000000000
52346  -31.020  -18.680  37.712 0.0000000000
52282  -16.011  -19.651  40.311 0.0000000000
48213  -17.257  -23.446  40.301 0.0000000000
45829  -17.359  -25.337  42.097 0.0000000000
56751  -29.326  -15.876  36.165 0.0000000000
56788  -27.018  -16.294  34.631 0.0000000000
68054  -35.230  -5.399  24.344 0.0000000000
66972  -38.826  -6.301  24.136 0.0000000000
140546  -37.237  -3.017  23.355 0.0000000000
141214  -41.016  0.711  20.317 0.0000000000
75423  -43.363  1.916  19.292 0.0000000000
74431  -45.596  0.591  20.491 0.0000000000
133697  -45.354  3.255  18.358 0.0000000000
147826  -47.975  3.511  17.540 0.0000000000
59971  -27.391  -12.756  34.220 0.0000000000
60014  -29.197  -12.681  32.530 0.0000000000
61059  -26.645  -11.117  32.646 0.0000000000
64617  -28.425  -9.032  29.355 0.0000000000
63453  -30.597  -9.120  27.905 0.0000000000
61139  -32.732  -11.638  28.171 0.0000000000
64644  -32.422  -9.098  27.444 0.0000000000
64661  -34.219  -8.951  26.360 0.0000000000
52307  -22.916  -19.921  39.206 0.0000000000
42589  -10.392  -28.147  42.762 0.0000000000
42591  -12.012  -27.964  42.654 0.0000000000
141264  -6.393  -36.939  47.058 0.0000000000
34390  -4.513  -37.685  47.021 0.0000000000
74379  -37.724  0.307  24.124 0.0000000000
60996  -33.944  -11.441  36.380 0.0000000000
51285  -27.011  -20.446  38.062 0.0000000000
142779  -13.515  -24.920  41.072 0.0000000000
138749  -13.791  -27.191  42.055 0.0000000000
44774  -15.166  -26.362  41.671 0.0000000000
79538  -53.518  5.793  14.616 0.0000000000
53426  -30.909  -18.046  34.188 0.0000000000
55625  -32.723  -16.275  33.786 0.0000000000
55624  -30.683  -16.118  33.739 0.0000000000
134844  -18.242  -19.928  38.832 0.0000000000
51246  -20.218  -21.060  39.733 0.0000000000
52323  -19.626  -18.955  38.656 0.0000000000
53363  -21.359  -18.381  38.472 0.0000000000
53373  -22.535  -18.222  37.315 0.0000000000
55586  -23.433  -16.552  36.274 0.0000000000
52361  -24.614  -19.420  36.214 0.0000000000
52382  -26.662  -19.295  35.391 0.0000000000
52396  -28.888  -19.068  34.788 0.0000000000
62284  -38.668  -11.148  26.905 0.0000000000
72248  -38.686  -1.526  22.108 0.0000000000
71252  -41.854  -2.848  21.883 0.0000000000
77325  -50.040  3.312  17.213 0.0000000000
38243  -7.513  -33.135  44.521 0.0000000000
36395  -8.008  -35.354  47.307 0.0000000000
57902  -32.554  -14.707  33.052 0.0000000000
59995  -31.953  -12.599  33.056 0.0000000000
61024  -31.704  -10.659  34.080 0.0000000000
63393  -26.976  -9.443  30.925 0.0000000000
62212  -30.510  -10.675  31.136 0.0000000000
62214  -32.481  -10.480  32.149 0.0000000000
61086  -34.254  -12.140  31.668 0.0000000000
59008  -35.596  -13.470  30.108 0.0000000000
60095  -37.383  -12.893  28.336 0.0000000000
62319  -36.329  -10.672  25.612 0.0000000000
65839  -34.810  -7.023  24.948 0.0000000000
51222  -21.742  -21.577  41.689 0.0000000000
132127  -8.985  -28.719  43.229 0.0000000000
134880  -10.738  -30.523  44.292 0.0000000000
42573  -14.350  -28.738  44.524 0.0000000000
34387  -2.522  -37.757  46.633 0.0000000000
48215  -18.769  -23.740  41.085 0.0000000000
137648  -20.037  -23.170  41.972 0.0000000000
49295  -19.500  -22.472  40.462 0.0000000000
137822  -32.131  -17.934  37.900 0.0000000000
49303  -17.136  -21.749  39.537 0.0000000000
136178  -16.399  -21.594  39.776 0.0000000000
49293  -17.934  -22.934  40.011 0.0000000000
48214  -18.084  -23.677  40.587 0.0000000000
71228  -34.710  -2.998  25.055 0.0000000000
70189  -35.922  -3.676  23.907 0.0000000000
71230  -35.826  -1.855  24.290 0.0000000000
78364  -42.458  4.522  20.229 0.0000000000
77306  -42.231  3.363  19.594 0.0000000000
143544  -42.897  3.766  19.213 0.0000000000
76345  -44.628  2.700  18.747 0.0000000000
77316  -44.562  3.702  18.478 0.0000000000
78383  -45.515  4.657  17.989 0.0000000000
61045  -26.918  -12.326  33.549 0.0000000000
65768  -29.714  -7.847  28.574 0.0000000000
64643  -31.490  -8.865  27.615 0.0000000000
65792  -32.331  -8.238  27.638 0.0000000000
143952  -33.240  -8.117  27.701 0.0000000000
51281  -23.754  -20.317  38.764 0.0000000000
51251  -23.939  -21.041  40.271 0.0000000000
50279  -24.823  -21.385  39.864 0.0000000000
140554  -11.281  -26.830  42.395 0.0000000000
44770  -11.816  -26.178  42.044 0.0000000000
146108  -51.829  4.321  16.046 0.0000000000
34391  -5.545  -37.393  46.907 0.0000000000
57849  -35.298  -14.034  37.913 0.0000000000
59956  -34.178  -12.373  35.706 0.0000000000
51299  -27.718  -19.946  37.796 0.0000000000
51287  -28.937  -19.853  38.825 0.0000000000
49290  -14.896  -22.675  40.656 0.0000000000
49276  -14.160  -22.621  41.174 0.0000000000
49275  -13.514  -22.594  41.878 0.0000000000
47007  -13.918  -24.265  40.856 0.0000000000
45826  -14.795  -25.779  41.185 0.0000000000
45839  -15.271  -25.013  40.756 0.0000000000
45815  -17.875  -25.183  42.724 0.0000000000
45814  -17.306  -25.690  42.738 0.0000000000
144583  -30.164  -17.944  33.598 0.0000000000
54527  -31.035  -17.144  33.501 0.0000000000
55631  -30.304  -16.922  33.682 0.0000000000
53349  -17.687  -18.370  39.370 0.0000000000
52302  -18.345  -19.124  38.808 0.0000000000
54446  -18.364  -17.456  39.265 0.0000000000
54455  -20.490  -17.359  38.499 0.0000000000
55557  -21.091  -16.597  38.176 0.0000000000
53372  -21.838  -17.836  37.821 0.0000000000
54465  -22.356  -17.362  37.108 0.0000000000
128811  -24.839  -15.709  36.778 0.0000000000
56748  -24.055  -16.199  36.054 0.0000000000
53403  -24.045  -17.788  35.637 0.0000000000
53404  -24.769  -18.189  35.287 0.0000000000
52381  -25.818  -19.226  35.409 0.0000000000
54492  -25.411  -17.432  34.896 0.0000000000
54510  -28.444  -17.445  34.000 0.0000000000
147096  -28.237  -18.062  33.993 0.0000000000
53436  -28.922  -18.022  33.752 0.0000000000
145112  -30.484  -18.472  34.614 0.0000000000
62321  -37.940  -10.325  25.646 0.0000000000
63474  -39.335  -9.744  26.365 0.0000000000
64680  -38.409  -9.023  25.210 0.0000000000
131684  -38.961  -4.911  23.581 0.0000000000
68057  -39.669  -5.952  24.301 0.0000000000
74389  -38.836  1.053  22.885 0.0000000000
73231  -38.110  -0.341  22.438 0.0000000000
74415  -39.095  0.498  21.599 0.0000000000
73263  -42.046  -0.270  20.551 0.0000000000
72272  -41.548  -0.845  20.894 0.0000000000
72261  -42.798  -1.500  21.278 0.0000000000
137734  -43.655  -2.559  22.327 0.0000000000
130381  -49.278  3.088  17.410 0.0000000000
78394  -48.771  4.518  17.128 0.0000000000
78395  -49.462  4.650  16.870 0.0000000000
134487  -8.292  -30.923  43.656 0.0000000000
39951  -7.756  -31.536  43.846 0.0000000000
39100  -8.666  -32.290  44.386 0.0000000000
38209  -8.979  -34.249  47.264 0.0000000000
36365  -7.800  -35.884  48.736 0.0000000000
56800  -31.786  -15.772  33.112 0.0000000000
146139  -33.094  -15.713  33.758 0.0000000000
57914  -31.358  -14.355  32.586 0.0000000000
60016  -31.011  -12.600  32.658 0.0000000000
151266  -30.303  -11.680  32.449 0.0000000000
61046  -31.733  -11.444  33.818 0.0000000000
61063  -30.519  -11.112  32.394 0.0000000000
65744  -27.303  -7.553  31.220 0.0000000000
62253  -29.535  -10.069  29.200 0.0000000000
62252  -29.139  -10.263  29.770 0.0000000000
62235  -30.390  -10.837  30.119 0.0000000000
62213  -31.190  -10.464  31.785 0.0000000000
61085  -31.826  -10.641  31.349 0.0000000000
61065  -33.503  -11.169  32.020 0.0000000000
61104  -32.217  -11.619  30.293 0.0000000000
60109  -34.132  -12.256  27.784 0.0000000000
59044  -34.233  -13.188  28.903 0.0000000000
59045  -35.059  -13.322  28.730 0.0000000000
59029  -37.012  -13.556  29.739 0.0000000000
60111  -36.085  -12.632  27.338 0.0000000000
60127  -36.603  -12.183  26.737 0.0000000000
61173  -35.321  -11.596  26.630 0.0000000000
149395  -34.257  -7.502  26.779 0.0000000000
65806  -34.336  -8.062  26.099 0.0000000000
66934  -34.422  -6.264  26.343 0.0000000000
51265  -20.564  -20.187  39.507 0.0000000000
51221  -21.323  -21.410  41.291 0.0000000000
51231  -21.594  -21.273  41.152 0.0000000000
41600  -11.591  -29.260  43.550 0.0000000000
41599  -10.828  -29.383  43.432 0.0000000000
40765  -11.502  -30.237  44.546 0.0000000000
43658  -15.027  -27.677  43.309 0.0000000000
42585  -14.199  -28.054  43.272 0.0000000000
42574  -15.108  -28.405  44.631 0.0000000000
46983  -18.910  -24.526  43.434 0.0000000000
46984  -19.503  -24.068  43.436 0.0000000000
49246  -20.567  -22.917  43.596 0.0000000000
49247  -21.029  -22.267  43.320 0.0000000000
127265  -29.899  -19.197  37.252 0.0000000000
52309  -30.482  -19.335  39.572 0.0000000000
51244  -15.463  -20.344  40.667 0.0000000000
140508  -15.949  -21.990  40.008 0.0000000000
139129  -15.946  -23.686  40.429 0.0000000000
47022  -16.013  -24.439  40.648 0.0000000000
47023  -17.409  -24.178  40.778 0.0000000000
47010  -18.191  -24.772  41.936 0.0000000000
56790  -29.424  -16.248  34.734 0.0000000000
56791  -30.210  -15.645  34.707 0.0000000000
127828  -26.427  -15.714  36.690 0.0000000000
55620  -26.181  -16.678  34.667 0.0000000000
56789  -28.065  -16.328  34.650 0.0000000000
145546  -36.206  -6.660  24.028 0.0000000000
65841  -37.415  -7.289  24.223 0.0000000000
68068  -36.845  -5.277  23.673 0.0000000000
69162  -38.065  -4.783  23.541 0.0000000000
70200  -38.667  -3.601  23.113 0.0000000000
75403  -39.858  1.492  20.820 0.0000000000
76315  -40.962  2.248  20.162 0.0000000000
75421  -42.020  1.756  19.681 0.0000000000
143228  -43.343  0.438  20.054 0.0000000000
74430  -44.941  0.391  20.345 0.0000000000
75425  -44.844  1.279  19.553 0.0000000000
75426  -45.657  1.339  19.580 0.0000000000
75444  -47.027  1.569  18.829 0.0000000000
76355  -46.847  2.700  18.174 0.0000000000
142774  -46.638  4.041  17.651 0.0000000000
39091  -10.189  -32.172  45.673 0.0000000000
38231  -9.275  -32.979  45.577 0.0000000000
39076  -9.919  -33.017  46.783 0.0000000000
58939  -27.974  -13.242  33.986 0.0000000000
58970  -29.703  -13.682  32.722 0.0000000000
59993  -27.599  -12.895  33.448 0.0000000000
60012  -27.347  -12.298  32.772 0.0000000000
61061  -27.905  -11.922  32.108 0.0000000000
65757  -28.185  -7.543  29.907 0.0000000000
65767  -28.851  -7.705  29.195 0.0000000000
64627  -29.822  -8.853  28.327 0.0000000000
62266  -31.079  -10.718  28.505 0.0000000000
61120  -32.186  -11.877  29.301 0.0000000000
62281  -31.661  -10.344  27.854 0.0000000000
61155  -32.581  -10.927  27.696 0.0000000000
62282  -33.339  -10.629  27.231 0.0000000000
151354  -34.507  -10.274  26.450 0.0000000000
63470  -33.851  -9.474  26.846 0.0000000000
52306  -22.076  -19.705  39.471 0.0000000000
51249  -22.247  -20.869  40.671 0.0000000000
51250  -23.055  -20.847  40.565 0.0000000000
42590  -11.229  -28.208  42.757 0.0000000000
41601  -12.379  -29.093  43.670 0.0000000000
35438  -6.376  -36.030  45.909 0.0000000000
38228  -5.158  -33.916  45.552 0.0000000000
35437  -5.430  -36.249  45.943 0.0000000000
35436  -4.549  -36.333  46.316 0.0000000000
35420  -3.632  -36.464  46.797 0.0000000000
130361  -33.293  -10.686  36.294 0.0000000000
51284  -26.133  -20.778  38.054 0.0000000000
50281  -26.370  -21.501  39.446 0.0000000000
48188  -12.941  -22.786  42.545 0.0000000000
45824  -12.835  -25.128  41.406 0.0000000000
141930  -12.674  -25.969  41.626 0.0000000000
45825  -13.575  -25.745  41.300 0.0000000000
43679  -14.701  -26.941  42.116 0.0000000000
43670  -15.722  -27.165  43.092 0.0000000000
45828  -16.568  -25.429  41.547 0.0000000000
44754  -16.230  -26.586  42.640 0.0000000000
44720  -16.651  -27.203  44.759 0.0000000000
79537  -52.872  5.940  14.838 0.0000000000
54481  -32.457  -17.534  36.253 0.0000000000
54495  -33.104  -16.908  35.719 0.0000000000
54513  -32.185  -17.000  33.935 0.0000000000
55632  -31.487  -16.509  33.387 0.0000000000
57890  -30.847  -15.308  33.323 0.0000000000
57876  -30.534  -15.015  35.219 0.0000000000
143463  -29.956  -14.277  34.870 0.0000000000
58941  -29.816  -14.544  33.985 0.0000000000
59972  -28.279  -13.023  34.703 0.0000000000
50277  -18.608  -21.625  39.387 0.0000000000
50278  -19.437  -21.802  39.807 0.0000000000
51263  -18.608  -20.711  38.933 0.0000000000
52303  -20.022  -19.592  38.868 0.0000000000
52304  -20.846  -19.548  39.271 0.0000000000
54447  -19.103  -16.931  39.001 0.0000000000
53362  -20.701  -18.191  38.553 0.0000000000
53351  -21.031  -18.968  38.923 0.0000000000
52325  -21.670  -19.093  38.936 0.0000000000
52327  -23.307  -19.673  38.221 0.0000000000
52343  -23.618  -19.408  37.287 0.0000000000
56726  -22.278  -15.839  37.497 0.0000000000
55585  -22.838  -16.909  36.557 0.0000000000
52360  -23.889  -19.125  36.462 0.0000000000
52344  -24.340  -19.704  36.996 0.0000000000
51310  -25.859  -19.906  36.769 0.0000000000
51311  -26.637  -19.818  36.802 0.0000000000
131643  -27.992  -19.494  36.206 0.0000000000
53421  -26.974  -18.210  34.446 0.0000000000
52395  -28.002  -19.065  34.735 0.0000000000
132013  -28.837  -19.344  35.807 0.0000000000
52366  -30.166  -19.036  36.361 0.0000000000
53392  -31.612  -18.154  36.247 0.0000000000
52300  -16.814  -19.732  39.619 0.0000000000
65824  -39.722  -7.769  25.316 0.0000000000
143461  -36.949  -0.865  23.556 0.0000000000
71248  -38.225  -2.102  22.646 0.0000000000
71249  -39.008  -2.351  22.341 0.0000000000
73248  -39.921  -0.548  21.126 0.0000000000
71263  -40.497  -1.977  21.607 0.0000000000
70213  -40.408  -3.440  22.426 0.0000000000
70204  -42.658  -3.656  23.344 0.0000000000
77327  -51.496  2.937  17.056 0.0000000000
78396  -50.891  4.281  16.541 0.0000000000
79524  -50.632  6.242  15.789 0.0000000000
138156  -6.371  -31.825  44.246 0.0000000000
38242  -6.681  -33.327  44.557 0.0000000000
38230  -8.704  -33.501  45.515 0.0000000000
37341  -8.153  -34.304  45.690 0.0000000000
37324  -7.612  -35.039  45.893 0.0000000000
36394  -7.429  -35.858  46.930 0.0000000000
55608  -33.478  -16.336  35.165 0.0000000000
56778  -33.831  -15.602  34.898 0.0000000000
58943  -34.064  -13.943  34.754 0.0000000000
58971  -30.678  -13.605  32.508 0.0000000000
58957  -32.564  -13.764  32.969 0.0000000000
58942  -33.575  -13.432  34.198 0.0000000000
59974  -33.286  -12.415  34.500 0.0000000000
61025  -32.002  -11.033  34.676 0.0000000000
62152  -32.179  -10.349  34.677 0.0000000000
62187  -26.925  -10.796  31.859 0.0000000000
61082  -27.618  -11.156  31.608 0.0000000000
64601  -27.890  -8.964  29.821 0.0000000000
62232  -27.993  -10.246  30.507 0.0000000000
62211  -29.061  -10.952  31.059 0.0000000000
129729  -31.125  -10.543  32.577 0.0000000000
62170  -31.597  -10.412  33.294 0.0000000000
60054  -33.564  -12.853  29.983 0.0000000000
60035  -34.761  -12.802  31.167 0.0000000000
61140  -38.572  -12.119  27.925 0.0000000000
62303  -37.527  -10.994  25.923 0.0000000000
63489  -36.597  -9.888  25.147 0.0000000000
63487  -34.816  -9.484  25.761 0.0000000000
63488  -35.327  -9.177  25.267 0.0000000000
149949  -35.971  -7.908  24.460 0.0000000000
66968  -34.973  -6.220  24.618 0.0000000000
70176  -34.524  -3.745  25.493 0.0000000000
50260  -20.213  -21.760  40.452 0.0000000000
49278  -20.931  -21.881  41.726 0.0000000000
51223  -22.529  -21.585  41.923 0.0000000000
40770  -8.821  -30.212  43.533 0.0000000000
140618  -9.795  -28.707  43.029 0.0000000000
149808  -9.616  -30.177  43.601 0.0000000000
39947  -10.355  -31.226  44.619 0.0000000000
39937  -10.592  -31.593  45.336 0.0000000000
43668  -13.147  -27.535  42.345 0.0000000000
42584  -13.419  -28.351  43.269 0.0000000000
41591  -13.580  -29.078  44.459 0.0000000000
33334  -3.492  -39.017  48.051 0.0000000000
34389  -3.271  -37.594  47.095 0.0000000000
35418  -2.826  -36.274  46.765 0.0000000000
54467  -33.405  -17.007  37.398 0.0000000000
49294  -18.771  -23.095  40.490 0.0000000000
48216  -19.486  -23.157  41.122 0.0000000000
54466  -32.739  -17.494  37.419 0.0000000000
49304  -17.834  -22.141  39.542 0.0000000000
71221  -34.960  -2.197  25.518 0.0000000000
71229  -35.228  -2.367  24.696 0.0000000000
72219  -35.510  -1.588  25.092 0.0000000000
78373  -43.019  4.638  19.498 0.0000000000
77307  -43.442  4.202  18.944 0.0000000000
77315  -44.000  4.203  18.671 0.0000000000
78374  -43.841  4.961  18.976 0.0000000000
78382  -44.682  4.665  18.442 0.0000000000
65781  -31.822  -7.469  27.983 0.0000000000
51268  -24.268  -20.901  39.306 0.0000000000
50292  -25.078  -21.181  38.979 0.0000000000
45812  -11.351  -25.324  42.333 0.0000000000
151620  -51.704  5.239  15.655 0.0000000000
78401  -52.728  4.345  15.486 0.0000000000
78400  -52.253  4.954  15.477 0.0000000000
129496  -34.910  -13.696  37.036 0.0000000000
58899  -34.863  -12.560  37.063 0.0000000000
58909  -34.672  -13.047  36.252 0.0000000000
51301  -28.608  -19.703  38.006 0.0000000000
51286  -28.133  -20.114  38.524 0.0000000000
50258  -14.559  -21.837  41.086 0.0000000000
48200  -14.425  -23.478  40.759 0.0000000000
47020  -14.755  -24.303  40.671 0.0000000000
47021  -15.445  -24.195  40.581 0.0000000000
54526  -30.302  -17.492  33.619 0.0000000000
55623  -29.969  -16.539  34.096 0.0000000000
53350  -18.639  -18.339  38.808 0.0000000000
56701  -20.763  -15.813  38.502 0.0000000000
56725  -21.514  -15.791  38.016 0.0000000000
54464  -21.718  -17.002  37.652 0.0000000000
55570  -21.774  -16.322  37.667 0.0000000000
133573  -24.740  -15.872  36.026 0.0000000000
56772  -24.685  -16.356  35.574 0.0000000000
54491  -24.667  -17.113  35.289 0.0000000000
55622  -28.821  -16.816  34.276 0.0000000000
53437  -29.724  -18.002  33.606 0.0000000000
63490  -37.573  -9.637  25.157 0.0000000000
63491  -38.313  -9.723  25.522 0.0000000000
133803  -39.802  -4.705  23.487 0.0000000000
68070  -39.732  -5.295  23.883 0.0000000000
139288  -40.614  -4.625  23.516 0.0000000000
139707  -39.437  1.607  22.873 0.0000000000
74401  -38.598  0.386  22.182 0.0000000000
75393  -38.985  0.981  22.033 0.0000000000
133314  -42.996  -0.284  20.570 0.0000000000
72273  -42.400  -0.907  20.911 0.0000000000
148742  -43.149  -0.940  20.990 0.0000000000
71267  -44.131  -1.892  21.948 0.0000000000
147162  -48.936  5.130  16.922 0.0000000000
39952  -8.484  -31.655  43.958 0.0000000000
57901  -31.327  -15.120  32.907 0.0000000000
57913  -30.619  -14.457  32.750 0.0000000000
144328  -29.743  -11.858  32.246 0.0000000000
61064  -30.751  -11.507  32.828 0.0000000000
61102  -30.661  -10.832  29.238 0.0000000000
138505  -29.897  -10.516  29.566 0.0000000000
61084  -31.070  -10.658  30.838 0.0000000000
147789  -31.512  -11.072  30.397 0.0000000000
145928  -31.639  -11.481  29.697 0.0000000000
60092  -34.617  -12.919  28.183 0.0000000000
60110  -35.140  -12.389  27.357 0.0000000000
60093  -35.528  -13.018  28.031 0.0000000000
60126  -35.869  -12.159  26.757 0.0000000000
52284  -21.285  -20.397  39.860 0.0000000000
51230  -21.326  -21.023  40.606 0.0000000000
51248  -21.685  -20.974  40.612 0.0000000000
41589  -11.951  -29.634  44.138 0.0000000000
40772  -11.148  -29.846  43.944 0.0000000000
40761  -11.815  -30.457  45.149 0.0000000000
43659  -15.429  -27.863  44.026 0.0000000000
39088  -5.385  -33.002  45.263 0.0000000000
57834  -35.181  -14.843  37.991 0.0000000000
46993  -18.573  -24.684  42.733 0.0000000000
46994  -19.254  -24.191  42.818 0.0000000000
48189  -19.958  -23.516  42.948 0.0000000000
49262  -20.655  -22.763  42.729 0.0000000000
53375  -30.615  -18.836  37.114 0.0000000000
132738  -30.436  -18.980  37.940 0.0000000000
52266  -15.630  -18.898  41.145 0.0000000000
49292  -16.835  -22.528  39.826 0.0000000000
49291  -15.801  -22.779  40.278 0.0000000000
48212  -16.506  -23.283  40.240 0.0000000000
134366  -16.653  -23.942  40.533 0.0000000000
48201  -18.681  -24.218  41.599 0.0000000000
47024  -18.137  -24.307  41.185 0.0000000000
56776  -29.781  -15.851  35.411 0.0000000000
127586  -26.308  -15.804  35.639 0.0000000000
144208  -28.229  -15.906  36.639 0.0000000000
56775  -28.726  -16.086  35.275 0.0000000000
66969  -35.681  -6.134  24.120 0.0000000000
66970  -36.482  -6.016  23.831 0.0000000000
68055  -35.992  -5.340  23.875 0.0000000000
137557  -36.996  -3.770  23.550 0.0000000000
69161  -37.283  -4.617  23.568 0.0000000000
142481  -37.743  -4.158  23.462 0.0000000000
134958  -38.426  -4.181  23.374 0.0000000000
70199  -37.896  -3.464  23.270 0.0000000000
152640  -40.510  2.685  20.865 0.0000000000
77292  -41.353  3.395  20.620 0.0000000000
75422  -42.619  2.043  19.441 0.0000000000
76331  -42.107  2.542  19.590 0.0000000000
74444  -42.777  1.199  19.639 0.0000000000
74445  -43.919  1.077  19.590 0.0000000000
75442  -45.196  1.884  19.150 0.0000000000
76346  -45.661  2.439  18.693 0.0000000000
76347  -46.521  2.229  18.574 0.0000000000
77318  -46.177  2.952  18.263 0.0000000000
78388  -46.260  4.620  17.706 0.0000000000
58955  -28.379  -13.362  33.395 0.0000000000
61044  -26.565  -11.387  33.574 0.0000000000
146239  -26.791  -11.825  32.902 0.0000000000
61060  -27.170  -11.559  32.274 0.0000000000
64628  -30.315  -8.348  28.124 0.0000000000
63438  -30.169  -9.575  28.347 0.0000000000
63439  -30.774  -9.988  28.128 0.0000000000
134497  -31.846  -9.608  27.589 0.0000000000
63455  -32.600  -10.006  27.391 0.0000000000
63456  -33.400  -9.909  27.076 0.0000000000
136420  -33.188  -9.309  27.218 0.0000000000
65793  -33.721  -8.116  27.500 0.0000000000
51266  -22.497  -20.431  39.970 0.0000000000
50263  -24.486  -21.579  40.729 0.0000000000
43666  -11.630  -27.472  42.483 0.0000000000
42583  -11.984  -28.584  43.100 0.0000000000
36419  -5.914  -35.557  45.564 0.0000000000
35422  -5.916  -36.737  46.313 0.0000000000
35421  -4.799  -36.953  46.499 0.0000000000
143235  -3.726  -37.115  46.924 0.0000000000
130555  -34.479  -11.537  37.073 0.0000000000
60995  -33.766  -10.595  37.036 0.0000000000
59955  -33.373  -11.360  35.741 0.0000000000
50294  -26.659  -21.099  38.725 0.0000000000
48199  -13.656  -23.396  41.181 0.0000000000
152550  -13.102  -23.290  41.732 0.0000000000
47006  -13.062  -24.146  41.333 0.0000000000
48198  -12.553  -23.570  42.121 0.0000000000
151813  -14.217  -25.804  41.205 0.0000000000
136570  -15.078  -27.253  42.678 0.0000000000
44753  -15.491  -26.768  42.327 0.0000000000
47008  -16.698  -24.663  40.930 0.0000000000
44737  -17.265  -26.170  43.917 0.0000000000
44755  -16.912  -26.265  43.165 0.0000000000
44736  -16.782  -26.743  43.950 0.0000000000
43671  -16.368  -26.854  43.326 0.0000000000
54480  -31.890  -17.799  35.465 0.0000000000
54494  -32.501  -17.215  35.033 0.0000000000
54493  -31.682  -17.652  34.549 0.0000000000
144909  -30.896  -16.735  33.492 0.0000000000
56799  -31.270  -15.906  33.302 0.0000000000
57889  -30.437  -15.402  34.051 0.0000000000
56777  -30.191  -15.283  35.796 0.0000000000
57860  -30.341  -14.870  36.225 0.0000000000
58907  -29.533  -13.499  36.223 0.0000000000
58923  -29.335  -13.553  35.235 0.0000000000
58940  -28.932  -13.684  34.119 0.0000000000
51262  -17.467  -20.385  39.208 0.0000000000
52322  -19.016  -18.927  38.626 0.0000000000
51280  -19.082  -19.699  38.674 0.0000000000
52324  -20.375  -18.882  38.723 0.0000000000
53364  -22.107  -18.626  38.196 0.0000000000
52342  -22.897  -18.989  37.733 0.0000000000
56747  -23.592  -15.985  36.633 0.0000000000
56703  -23.785  -15.329  38.201 0.0000000000
56727  -23.130  -15.650  37.289 0.0000000000
56702  -22.683  -15.291  38.020 0.0000000000
56746  -22.892  -16.199  36.824 0.0000000000
52379  -24.246  -18.768  35.784 0.0000000000
53390  -23.577  -18.315  36.160 0.0000000000
51309  -25.070  -19.902  36.814 0.0000000000
52362  -25.402  -19.555  36.105 0.0000000000
52363  -26.212  -19.574  36.083 0.0000000000
52364  -27.051  -19.555  36.128 0.0000000000
54508  -26.921  -17.092  34.364 0.0000000000
53423  -28.506  -18.571  34.216 0.0000000000
52384  -28.233  -19.288  35.315 0.0000000000
52365  -29.420  -19.313  36.498 0.0000000000
52385  -29.609  -19.120  35.560 0.0000000000
53408  -30.378  -18.770  35.440 0.0000000000
53409  -31.154  -18.296  35.226 0.0000000000
52301  -17.507  -19.404  39.243 0.0000000000
52283  -16.699  -18.872  39.985 0.0000000000
61159  -38.991  -11.480  27.650 0.0000000000
63475  -39.998  -9.326  26.777 0.0000000000
63458  -40.240  -9.556  27.587 0.0000000000
66971  -37.872  -6.498  24.000 0.0000000000
65842  -38.363  -7.157  24.387 0.0000000000
73212  -37.181  -0.054  24.636 0.0000000000
73211  -36.675  -0.626  24.221 0.0000000000
73221  -37.201  -0.240  23.781 0.0000000000
140050  -38.474  -0.882  22.006 0.0000000000
72247  -37.922  -1.281  22.554 0.0000000000
74426  -40.186  0.752  20.631 0.0000000000
73260  -39.884  0.141  20.885 0.0000000000
73261  -40.444  0.029  20.682 0.0000000000
71264  -41.416  -2.125  21.526 0.0000000000
137041  -41.045  -1.410  21.231 0.0000000000
71251  -40.893  -2.802  21.875 0.0000000000
70214  -41.375  -3.447  22.405 0.0000000000
70215  -42.294  -3.335  22.579 0.0000000000
71241  -43.976  -2.900  23.104 0.0000000000
129460  -48.461  2.777  17.658 0.0000000000
76358  -50.666  2.711  17.317 0.0000000000
77326  -50.780  3.504  16.926 0.0000000000
79517  -49.463  5.380  16.652 0.0000000000
138896  -50.166  4.878  16.553 0.0000000000
79518  -50.092  5.727  16.276 0.0000000000
79519  -50.954  5.235  16.079 0.0000000000
39099  -7.867  -32.331  44.166 0.0000000000
39950  -7.024  -31.388  43.924 0.0000000000
39098  -6.948  -32.571  44.238 0.0000000000
38221  -9.355  -33.332  46.190 0.0000000000
37325  -8.321  -34.778  46.616 0.0000000000
36408  -7.726  -35.357  46.542 0.0000000000
36407  -7.177  -35.701  46.166 0.0000000000
35390  -7.437  -36.453  49.270 0.0000000000
55607  -32.911  -16.620  34.490 0.0000000000
56802  -33.116  -15.072  33.545 0.0000000000
141386  -33.549  -15.323  34.160 0.0000000000
56792  -34.023  -14.832  34.740 0.0000000000
57891  -33.592  -14.435  34.007 0.0000000000
58972  -31.621  -13.575  32.582 0.0000000000
59996  -32.857  -12.864  33.633 0.0000000000
150521  -32.263  -12.172  33.636 0.0000000000
142878  -31.237  -10.989  33.497 0.0000000000
61008  -32.413  -10.703  35.140 0.0000000000
63392  -26.666  -9.163  31.581 0.0000000000
63381  -26.504  -9.386  32.316 0.0000000000
62208  -26.722  -9.962  31.603 0.0000000000
62209  -27.356  -10.344  31.058 0.0000000000
140139  -28.285  -8.320  29.427 0.0000000000
141058  -27.759  -8.243  29.914 0.0000000000
62234  -29.597  -10.712  30.455 0.0000000000
62233  -28.690  -10.502  30.418 0.0000000000
140874  -29.896  -10.852  31.274 0.0000000000
62188  -30.574  -10.746  31.901 0.0000000000
128615  -31.719  -10.256  32.408 0.0000000000
62189  -32.238  -10.015  33.054 0.0000000000
62171  -32.121  -9.942  33.897 0.0000000000
62172  -32.972  -9.900  33.612 0.0000000000
128369  -32.221  -11.714  28.696 0.0000000000
60053  -32.863  -12.381  29.656 0.0000000000
60070  -32.915  -12.257  28.802 0.0000000000
59026  -34.743  -13.361  29.529 0.0000000000
59006  -34.177  -13.190  30.000 0.0000000000
58989  -35.368  -13.282  30.812 0.0000000000
60072  -37.535  -13.292  29.268 0.0000000000
59030  -37.665  -13.493  29.976 0.0000000000
60073  -38.243  -13.171  29.736 0.0000000000
140727  -38.204  -12.835  28.904 0.0000000000
60097  -38.691  -12.374  28.587 0.0000000000
60096  -38.150  -12.560  28.229 0.0000000000
61174  -36.210  -11.519  26.165 0.0000000000
61175  -37.085  -11.626  26.245 0.0000000000
61190  -36.848  -11.106  25.801 0.0000000000
62320  -37.140  -10.482  25.474 0.0000000000
63471  -34.392  -9.767  26.377 0.0000000000
63472  -34.915  -10.230  26.048 0.0000000000
65823  -34.772  -7.825  25.299 0.0000000000
64678  -34.752  -8.665  25.561 0.0000000000
64679  -35.420  -8.462  24.909 0.0000000000
147561  -35.236  -7.660  24.761 0.0000000000
65840  -35.552  -7.018  24.376 0.0000000000
69136  -34.411  -4.509  25.968 0.0000000000
130579  -19.317  -21.168  39.305 0.0000000000
50229  -21.487  -21.857  42.048 0.0000000000
50217  -21.436  -22.017  42.907 0.0000000000
50230  -21.824  -21.832  42.405 0.0000000000
51233  -22.760  -21.190  41.266 0.0000000000
51232  -22.061  -21.252  41.382 0.0000000000
50265  -26.161  -21.857  40.198 0.0000000000
41597  -8.520  -29.408  43.459 0.0000000000
147705  -9.818  -28.043  42.816 0.0000000000
40771  -10.382  -30.036  43.721 0.0000000000
40764  -9.969  -30.761  44.005 0.0000000000
39938  -11.125  -30.928  45.051 0.0000000000
44772  -13.311  -26.561  41.688 0.0000000000
43678  -13.054  -27.127  42.004 0.0000000000
42572  -13.917  -28.567  43.874 0.0000000000
41602  -13.153  -28.861  43.815 0.0000000000
34388  -2.640  -38.116  47.104 0.0000000000
137104  -2.879  -37.146  46.867 0.0000000000
35419  -3.043  -36.582  46.971 0.0000000000
48202  -19.288  -23.792  41.682 0.0000000000
49277  -20.269  -22.373  41.240 0.0000000000
129109  -31.567  -18.346  37.832 0.0000000000
50275  -16.794  -21.024  39.550 0.0000000000
149740  -16.203  -21.088  39.854 0.0000000000
56731  -29.071  -15.752  37.115 0.0000000000
144995  -35.238  -3.992  24.342 0.0000000000
69152  -35.587  -4.597  24.097 0.0000000000
142034  -35.195  -3.226  24.428 0.0000000000
70198  -35.777  -2.689  24.062 0.0000000000
71238  -36.291  -2.219  23.775 0.0000000000
77293  -41.891  3.778  20.064 0.0000000000
139357  -42.412  4.071  19.651 0.0000000000
76332  -42.911  2.802  19.206 0.0000000000
76333  -43.759  2.531  19.002 0.0000000000
76344  -43.705  3.409  18.819 0.0000000000
146232  -45.174  4.023  18.149 0.0000000000
79503  -45.340  5.506  18.390 0.0000000000
61023  -26.844  -11.985  34.443 0.0000000000
61022  -26.608  -11.125  34.498 0.0000000000
62151  -26.484  -10.436  33.969 0.0000000000
64642  -30.877  -8.386  27.862 0.0000000000
63454  -31.224  -9.621  27.770 0.0000000000
65791  -31.425  -8.071  27.797 0.0000000000
131113  -33.145  -8.654  27.418 0.0000000000
65782  -32.889  -7.670  28.035 0.0000000000
51267  -23.384  -20.582  39.695 0.0000000000
50264  -25.384  -21.821  40.427 0.0000000000
146024  -11.940  -26.914  42.227 0.0000000000
77335  -52.737  3.610  16.045 0.0000000000
34374  -6.074  -37.602  47.678 0.0000000000
34373  -5.216  -38.079  47.482 0.0000000000
59947  -34.532  -12.195  36.438 0.0000000000
143078  -27.020  -19.998  37.421 0.0000000000
50295  -27.518  -20.722  38.849 0.0000000000
51269  -28.362  -20.386  39.313 0.0000000000
51270  -29.164  -20.028  39.665 0.0000000000
50243  -14.927  -20.998  40.991 0.0000000000
49261  -13.995  -21.806  42.004 0.0000000000
139047  -14.278  -25.168  40.903 0.0000000000
45827  -15.649  -25.697  41.314 0.0000000000
45801  -17.636  -25.634  43.450 0.0000000000
45790  -17.731  -25.764  44.309 0.0000000000
54512  -31.331  -17.400  33.810 0.0000000000
54511  -30.613  -17.735  33.690 0.0000000000
53360  -19.289  -18.426  38.651 0.0000000000
55555  -19.651  -16.557  38.899 0.0000000000
55556  -20.271  -16.564  38.617 0.0000000000
54456  -21.168  -17.539  38.225 0.0000000000
153051  -24.925  -15.625  37.380 0.0000000000
153406  -24.240  -15.870  36.499 0.0000000000
55605  -23.984  -16.826  35.738 0.0000000000
52380  -24.994  -19.095  35.512 0.0000000000
53405  -25.542  -18.531  35.000 0.0000000000
53406  -26.359  -18.804  34.840 0.0000000000
55621  -27.759  -16.789  34.304 0.0000000000
54509  -27.646  -17.655  34.175 0.0000000000
53424  -29.317  -18.465  34.018 0.0000000000
53407  -29.806  -18.751  34.640 0.0000000000
53425  -30.137  -18.245  33.879 0.0000000000
62304  -38.303  -10.757  26.235 0.0000000000
62305  -39.020  -10.438  26.624 0.0000000000
63473  -38.654  -10.085  25.995 0.0000000000
63492  -38.961  -9.416  25.717 0.0000000000
64681  -39.236  -8.615  25.449 0.0000000000
68056  -39.121  -5.627  23.883 0.0000000000
140087  -38.296  0.615  23.587 0.0000000000
74388  -37.729  0.092  23.252 0.0000000000
143506  -38.254  0.384  22.819 0.0000000000
73246  -38.755  -0.262  21.765 0.0000000000
138176  -41.710  0.312  20.299 0.0000000000
73262  -41.221  -0.159  20.559 0.0000000000
72260  -41.913  -1.512  21.219 0.0000000000
71265  -42.338  -2.149  21.578 0.0000000000
132115  -42.782  -2.744  22.070 0.0000000000
71266  -43.262  -2.063  21.718 0.0000000000
77324  -48.647  3.708  17.362 0.0000000000
78391  -49.400  3.901  17.153 0.0000000000
77333  -50.132  4.087  16.886 0.0000000000
40769  -7.402  -30.776  43.762 0.0000000000
38244  -8.242  -32.950  44.642 0.0000000000
36380  -8.239  -35.372  48.207 0.0000000000
56801  -32.498  -15.603  33.298 0.0000000000
56808  -31.944  -15.001  32.799 0.0000000000
60015  -30.102  -12.482  32.495 0.0000000000
59994  -31.219  -11.690  33.216 0.0000000000
144779  -31.058  -10.850  33.023 0.0000000000
64585  -26.908  -8.414  31.172 0.0000000000
63427  -28.952  -9.586  29.243 0.0000000000
136506  -32.804  -11.269  31.223 0.0000000000
60034  -33.652  -12.067  31.109 0.0000000000
60108  -33.396  -12.099  28.152 0.0000000000
60071  -33.520  -12.862  29.221 0.0000000000
60091  -33.777  -12.679  28.504 0.0000000000
59027  -35.504  -13.439  29.294 0.0000000000
59009  -36.517  -13.580  30.337 0.0000000000
59046  -35.910  -13.324  28.744 0.0000000000
60094  -36.425  -12.987  28.119 0.0000000000
60112  -36.965  -12.612  27.445 0.0000000000
62302  -35.515  -10.846  26.015 0.0000000000
64646  -33.918  -8.069  27.127 0.0000000000
132646  -34.463  -7.123  25.821 0.0000000000
66953  -34.607  -6.231  25.286 0.0000000000
51247  -20.966  -20.711  40.065 0.0000000000
50261  -20.869  -21.153  40.583 0.0000000000
42582  -11.235  -28.852  43.158 0.0000000000
42581  -10.580  -28.793  43.042 0.0000000000
43669  -14.415  -27.527  42.652 0.0000000000
42593  -13.630  -27.805  42.694 0.0000000000
42586  -14.692  -28.242  43.927 0.0000000000
145757  -34.987  -14.508  37.382 0.0000000000
133954  -18.637  -24.880  44.072 0.0000000000
46974  -19.310  -24.270  44.185 0.0000000000
48180  -19.941  -23.575  43.877 0.0000000000
140582  -19.564  -23.852  42.283 0.0000000000
52328  -29.582  -19.401  38.208 0.0000000000
51229  -14.944  -20.180  41.427 0.0000000000
50259  -15.707  -21.185  40.215 0.0000000000
139481  -15.268  -21.879  40.469 0.0000000000
47009  -17.412  -24.807  41.414 0.0000000000
45802  -18.259  -25.009  43.400 0.0000000000
56749  -25.526  -15.723  36.283 0.0000000000
56773  -25.442  -15.962  35.502 0.0000000000
56774  -26.249  -16.021  34.955 0.0000000000
137630  -27.281  -15.914  35.049 0.0000000000
127749  -36.948  -8.149  24.423 0.0000000000
139218  -37.832  -7.870  24.512 0.0000000000
130279  -36.964  -6.647  23.932 0.0000000000
66984  -37.348  -5.900  23.750 0.0000000000
69160  -36.424  -4.546  23.734 0.0000000000
152261  -37.585  -5.236  23.625 0.0000000000
68069  -38.281  -5.615  23.755 0.0000000000
70201  -39.218  -4.152  23.220 0.0000000000
76301  -39.717  2.001  21.700 0.0000000000
76313  -39.791  1.991  21.107 0.0000000000
76314  -40.296  2.234  20.672 0.0000000000
75404  -40.557  1.523  20.387 0.0000000000
77305  -41.464  2.965  19.938 0.0000000000
75405  -41.306  1.580  20.004 0.0000000000
74427  -41.855  0.972  19.934 0.0000000000
74428  -42.449  0.391  20.156 0.0000000000
148280  -43.774  -0.067  20.471 0.0000000000
73265  -44.515  -0.198  20.742 0.0000000000
74429  -44.191  0.378  20.151 0.0000000000
149696  -44.644  0.757  19.882 0.0000000000
74446  -45.276  0.852  19.968 0.0000000000
75424  -44.289  1.885  19.199 0.0000000000
76348  -47.306  2.127  18.313 0.0000000000
76356  -47.510  2.900  17.854 0.0000000000
77317  -45.950  3.838  17.907 0.0000000000
149186  -47.301  3.787  17.591 0.0000000000
78389  -47.032  4.603  17.520 0.0000000000
39936  -9.944  -31.836  44.979 0.0000000000
39101  -9.322  -32.120  44.657 0.0000000000
39090  -9.595  -32.467  45.277 0.0000000000
39083  -9.793  -32.740  45.987 0.0000000000
58956  -29.184  -13.917  33.319 0.0000000000
58969  -28.873  -13.289  32.930 0.0000000000
60013  -28.235  -12.723  32.693 0.0000000000
66890  -29.524  -6.985  29.269 0.0000000000
64618  -28.980  -8.669  28.831 0.0000000000
63437  -29.566  -9.530  28.733 0.0000000000
62265  -30.204  -10.239  28.774 0.0000000000
61119  -31.483  -11.366  29.003 0.0000000000
61138  -31.923  -11.168  28.280 0.0000000000
61156  -33.505  -11.482  27.564 0.0000000000
62283  -34.003  -10.990  27.030 0.0000000000
62301  -34.685  -10.849  26.572 0.0000000000
62300  -34.048  -10.242  26.816 0.0000000000
64645  -33.683  -8.812  27.054 0.0000000000
128819  -34.413  -7.470  27.925 0.0000000000
52285  -21.792  -20.398  39.967 0.0000000000
50262  -23.581  -21.278  41.052 0.0000000000
44752  -10.520  -26.811  42.621 0.0000000000
43665  -10.864  -27.518  42.585 0.0000000000
43632  -16.521  -27.673  45.688 0.0000000000
37339  -6.346  -34.842  45.276 0.0000000000
37350  -5.733  -34.376  45.269 0.0000000000
149100  -5.547  -35.059  45.490 0.0000000000
36418  -4.916  -35.659  45.836 0.0000000000
152095  -4.356  -35.413  46.288 0.0000000000
36417  -3.741  -35.770  46.747 0.0000000000
74367  -37.925  0.283  25.018 0.0000000000
74390  -39.002  1.024  24.013 0.0000000000
75363  -39.484  1.490  23.609 0.0000000000
76268  -39.896  1.953  23.217 0.0000000000
62138  -33.114  -10.220  36.068 0.0000000000
51283  -25.334  -20.783  38.169 0.0000000000
50293  -25.860  -21.257  38.785 0.0000000000
52308  -29.755  -19.591  39.177 0.0000000000
48187  -12.423  -23.084  43.032 0.0000000000
47005  -12.295  -24.440  41.855 0.0000000000
44773  -14.234  -26.401  41.534 0.0000000000
151084  -15.601  -27.529  43.575 0.0000000000
45840  -16.037  -25.098  40.944 0.0000000000
44775  -15.997  -26.195  41.920 0.0000000000
45813  -16.734  -25.951  42.323 0.0000000000
43660  -16.107  -27.360  43.916 0.0000000000
79526  -52.213  5.775  15.245 0.0000000000
54482  -33.249  -17.021  36.662 0.0000000000
54528  -31.638  -16.914  33.520 0.0000000000
55633  -32.075  -16.408  33.401 0.0000000000
59953  -27.590  -12.333  35.161 0.0000000000
59954  -28.562  -12.819  35.724 0.0000000000
51264  -19.648  -20.424  39.062 0.0000000000
55540  -18.621  -16.552  39.665 0.0000000000
54453  -19.177  -17.740  38.755 0.0000000000
54454  -19.773  -17.219  38.708 0.0000000000
53361  -19.930  -18.113  38.625 0.0000000000
52326  -22.479  -19.310  38.666 0.0000000000
51295  -24.060  -20.043  37.815 0.0000000000
57847  -21.934  -15.316  38.051 0.0000000000
55571  -22.320  -16.570  37.161 0.0000000000
53389  -22.946  -17.812  36.594 0.0000000000
54479  -23.419  -17.358  36.085 0.0000000000
53374  -23.226  -18.681  36.858 0.0000000000
51296  -24.812  -20.253  37.571 0.0000000000
51297  -25.577  -20.310  37.459 0.0000000000
51298  -26.365  -20.210  37.421 0.0000000000
51312  -27.432  -19.742  36.938 0.0000000000
51300  -28.253  -19.653  37.177 0.0000000000
53420  -26.184  -17.816  34.607 0.0000000000
52394  -27.188  -18.993  34.780 0.0000000000
53422  -27.750  -18.513  34.356 0.0000000000
52383  -27.497  -19.319  35.381 0.0000000000
140030  -28.728  -19.485  36.625 0.0000000000
53391  -30.885  -18.637  36.256 0.0000000000
53376  -31.276  -18.458  37.065 0.0000000000
53377  -31.959  -17.987  37.141 0.0000000000
151999  -16.044  -18.904  40.568 0.0000000000
51261  -16.605  -20.291  39.676 0.0000000000
50276  -17.760  -21.327  39.258 0.0000000000
62286  -39.965  -10.296  27.912 0.0000000000
64696  -38.693  -8.024  24.845 0.0000000000
64682  -39.937  -8.362  25.793 0.0000000000
65843  -39.463  -6.925  24.693 0.0000000000
72229  -36.115  -1.086  24.650 0.0000000000
72239  -36.506  -1.447  23.787 0.0000000000
71239  -37.022  -2.240  23.373 0.0000000000
73230  -37.446  -0.680  23.039 0.0000000000
71247  -37.631  -1.934  22.972 0.0000000000
71240  -37.746  -2.622  23.079 0.0000000000
70211  -38.474  -2.903  22.880 0.0000000000
70212  -39.367  -3.314  22.712 0.0000000000
75394  -39.454  1.338  21.487 0.0000000000
73247  -39.397  -0.085  21.300 0.0000000000
72259  -39.156  -0.863  21.580 0.0000000000
72271  -40.722  -0.707  20.939 0.0000000000
144922  -40.238  -1.232  21.322 0.0000000000
71262  -39.567  -1.671  21.736 0.0000000000
71250  -39.922  -2.597  22.083 0.0000000000
70203  -41.837  -3.948  23.087 0.0000000000
70216  -43.147  -3.155  22.794 0.0000000000
77334  -52.112  3.358  16.582 0.0000000000
133984  -51.423  3.684  16.626 0.0000000000
143822  -50.566  6.985  15.769 0.0000000000
39097  -6.069  -32.737  44.520 0.0000000000
37351  -6.533  -34.090  44.890 0.0000000000
39089  -8.906  -32.816  44.986 0.0000000000
150568  -8.449  -33.256  45.016 0.0000000000
38220  -8.826  -33.968  46.384 0.0000000000
38229  -7.951  -33.669  45.007 0.0000000000
37352  -7.214  -33.780  44.778 0.0000000000
37340  -7.277  -34.499  45.206 0.0000000000
36420  -6.837  -35.339  45.576 0.0000000000
35410  -7.073  -36.440  47.401 0.0000000000
36379  -7.644  -35.901  47.828 0.0000000000
35402  -7.227  -36.550  48.370 0.0000000000
35409  -6.699  -36.939  47.813 0.0000000000
55587  -33.711  -16.453  36.153 0.0000000000
55634  -33.329  -16.026  34.302 0.0000000000
57877  -34.362  -14.364  35.395 0.0000000000
57915  -32.055  -14.303  32.643 0.0000000000
58958  -33.202  -13.797  33.575 0.0000000000
58925  -34.389  -13.466  35.479 0.0000000000
59975  -33.953  -12.972  34.918 0.0000000000
133070  -33.594  -12.092  35.152 0.0000000000
59973  -32.484  -11.798  34.217 0.0000000000
61026  -32.740  -11.337  35.082 0.0000000000
61009  -32.817  -10.674  35.688 0.0000000000
62169  -26.470  -10.582  33.163 0.0000000000
64571  -26.475  -8.706  32.994 0.0000000000
62186  -26.544  -10.274  32.439 0.0000000000
61083  -28.489  -11.398  31.540 0.0000000000
64600  -27.371  -8.773  30.393 0.0000000000
63411  -27.621  -9.624  30.399 0.0000000000
63412  -28.351  -9.774  29.894 0.0000000000
62210  -28.147  -10.801  30.993 0.0000000000
61062  -29.634  -11.285  31.728 0.0000000000
63355  -32.676  -9.850  34.518 0.0000000000
63356  -33.115  -9.752  35.052 0.0000000000
62191  -33.803  -10.640  32.926 0.0000000000
61105  -33.090  -12.168  30.463 0.0000000000
150236  -33.602  -12.483  30.535 0.0000000000
60055  -34.105  -12.755  30.608 0.0000000000
61141  -39.221  -11.791  28.579 0.0000000000
61157  -37.443  -12.075  26.918 0.0000000000
61158  -38.266  -11.812  27.226 0.0000000000
63504  -36.853  -9.080  24.743 0.0000000000
62318  -35.644  -9.973  25.458 0.0000000000
63503  -36.018  -9.250  24.902 0.0000000000
151317  -36.254  -8.601  24.633 0.0000000000
68053  -34.707  -5.406  24.869 0.0000000000
69151  -34.917  -4.633  24.574 0.0000000000
70188  -34.761  -3.840  24.785 0.0000000000
151756  -20.744  -21.623  41.093 0.0000000000
49263  -21.034  -22.121  42.493 0.0000000000
150159  -22.084  -21.624  41.992 0.0000000000
50232  -23.068  -21.764  42.563 0.0000000000
50231  -22.333  -21.766  42.755 0.0000000000
50219  -22.285  -21.783  43.729 0.0000000000
50280  -25.620  -21.546  39.607 0.0000000000
137028  -7.962  -30.084  43.585 0.0000000000
39953  -9.139  -31.032  43.790 0.0000000000
143859  -10.084  -29.439  43.333 0.0000000000
41598  -9.321  -29.465  43.357 0.0000000000
39946  -9.631  -31.461  44.332 0.0000000000
145930  -11.118  -31.372  45.756 0.0000000000
44771  -12.530  -26.705  41.946 0.0000000000
43667  -12.445  -27.405  42.337 0.0000000000
42592  -12.773  -28.073  42.761 0.0000000000
143403  -12.739  -28.596  43.314 0.0000000000
41590  -12.772  -29.398  44.319 0.0000000000
42565  -15.387  -28.564  45.394 0.0000000000
41584  -14.701  -28.860  45.189 0.0000000000
41592  -14.016  -29.204  45.115 0.0000000000
41582  -13.151  -29.614  45.160 0.0000000000
79527  -52.921  5.180  14.986 0.0000000000
33335  -4.748  -38.652  48.096 0.0000000000
34372  -4.109  -38.316  47.488 0.0000000000
33333  -2.542  -38.740  47.592 0.0000000000
34371  -3.100  -38.331  47.446 0.0000000000
36406  -2.977  -35.727  46.966 0.0000000000
35435  -2.510  -36.512  46.309 0.0000000000
153049  -2.658  -36.998  46.592 0.0000000000
35423  -6.778  -36.316  46.577 0.0000000000
39944  -7.215  -31.955  44.000 0.0000000000
47004  -11.729  -24.680  42.288 0.0000000000
48171  -19.854  -23.684  44.700 0.0000000000
50242  -14.393  -21.204  41.768 0.0000000000
51245  -16.076  -20.587  39.989 0.0000000000
51253  -29.449  -20.255  40.439 0.0000000000
57903  -33.057  -14.382  33.381 0.0000000000
59007  -34.784  -13.218  30.363 0.0000000000
59025  -34.003  -13.170  29.514 0.0000000000
59028  -36.222  -13.493  29.505 0.0000000000
59047  -36.748  -13.335  28.939 0.0000000000
60074  -38.975  -12.462  29.330 0.0000000000
60113  -37.812  -12.394  27.635 0.0000000000
61176  -37.894  -11.451  26.531 0.0000000000
63457  -39.666  -10.029  27.086 0.0000000000
64662  -39.667  -9.053  26.043 0.0000000000
69150  -34.570  -4.570  25.145 0.0000000000
72240  -37.246  -1.413  23.209 0.0000000000
72262  -43.721  -1.279  21.400 0.0000000000
74416  -39.597  0.673  21.043 0.0000000000
75378  -39.330  1.501  22.215 0.0000000000
76302  -40.231  2.517  21.272 0.0000000000
77323  -46.735  3.362  17.881 0.0000000000
130267  -40.861  2.795  20.527 0.0000000000
134162  -36.522  -2.934  23.633 0.0000000000
148179  -33.026  -16.770  35.084 0.0000000000
149181  -36.504  -7.313  24.186 0.0000000000
149857  -39.709  -1.072  21.414 0.0000000000
151708  -27.607  -20.288  38.306 0.0000000000
151927  -41.543  2.234  19.820 0.0000000000
