#!ascii label  , from subject sub-v1s3x0050772_ses-1 vox2ras=TkReg
433
20515  45.837  -50.987  -2.519 0.0000000000
14785  29.657  -57.024  -3.818 0.0000000000
14068  44.362  -58.547  -6.627 0.0000000000
16423  38.075  -55.516  -3.245 0.0000000000
11195  34.558  -62.692  -5.606 0.0000000000
11933  39.380  -61.514  -5.926 0.0000000000
9713  36.858  -64.556  -7.803 0.0000000000
15580  33.661  -56.783  -2.278 0.0000000000
136510  36.040  -52.781  -2.226 0.0000000000
135663  46.218  -54.443  -5.686 0.0000000000
14799  41.149  -57.423  -4.684 0.0000000000
13306  37.074  -58.968  -3.760 0.0000000000
13333  31.744  -59.922  -4.385 0.0000000000
130119  30.518  -61.219  -7.311 0.0000000000
21309  48.908  -49.797  3.002 0.0000000000
18000  46.361  -54.091  -0.912 0.0000000000
130358  45.333  -57.449  -2.941 0.0000000000
20517  40.202  -50.896  -2.848 0.0000000000
10455  39.902  -64.050  -8.365 0.0000000000
14765  31.897  -57.334  -2.478 0.0000000000
17202  32.788  -54.545  -1.713 0.0000000000
15633  45.211  -56.936  -6.170 0.0000000000
14818  42.705  -57.956  -5.609 0.0000000000
11192  37.288  -62.464  -5.623 0.0000000000
12632  38.220  -60.188  -4.629 0.0000000000
141376  35.746  -60.867  -4.352 0.0000000000
12611  34.793  -60.120  -3.822 0.0000000000
11921  33.875  -61.220  -4.599 0.0000000000
13385  29.805  -59.334  -7.361 0.0000000000
154531  45.535  -55.457  0.185 0.0000000000
15570  45.883  -56.266  -2.582 0.0000000000
16378  44.808  -56.376  -1.031 0.0000000000
17213  40.766  -54.753  -3.414 0.0000000000
133393  39.690  -53.341  -2.686 0.0000000000
139295  35.149  -50.632  -1.970 0.0000000000
133559  36.941  -50.171  -2.403 0.0000000000
12675  42.717  -61.108  -7.369 0.0000000000
13372  41.583  -60.179  -6.427 0.0000000000
11207  40.438  -62.565  -7.634 0.0000000000
10438  38.220  -63.481  -7.206 0.0000000000
10441  35.882  -63.644  -6.471 0.0000000000
15578  35.829  -56.146  -2.693 0.0000000000
17197  37.236  -54.329  -2.694 0.0000000000
17200  35.317  -54.666  -2.341 0.0000000000
18852  34.064  -52.708  -1.688 0.0000000000
16469  29.788  -56.146  -5.777 0.0000000000
18862  46.575  -52.410  -4.890 0.0000000000
16420  42.387  -55.109  -3.772 0.0000000000
15596  39.929  -56.169  -3.833 0.0000000000
14053  40.274  -58.886  -5.058 0.0000000000
14035  38.849  -58.308  -4.295 0.0000000000
14780  37.525  -57.045  -3.478 0.0000000000
14017  35.550  -58.591  -3.301 0.0000000000
13997  33.151  -58.292  -2.770 0.0000000000
14022  30.853  -58.466  -3.594 0.0000000000
11197  32.343  -61.977  -5.982 0.0000000000
11941  31.313  -61.051  -5.693 0.0000000000
13356  29.775  -59.199  -5.520 0.0000000000
14821  29.576  -57.605  -5.421 0.0000000000
21319  49.833  -49.249  1.953 0.0000000000
20483  47.683  -51.122  0.617 0.0000000000
18819  47.166  -52.382  0.853 0.0000000000
18835  46.158  -52.396  -2.049 0.0000000000
134999  46.526  -54.020  -3.840 0.0000000000
15613  46.182  -56.507  -5.091 0.0000000000
14049  45.196  -58.281  -6.124 0.0000000000
13300  44.543  -59.312  -4.415 0.0000000000
12649  44.178  -59.927  -6.607 0.0000000000
138184  38.243  -52.277  -2.387 0.0000000000
130765  46.541  -50.250  -1.119 0.0000000000
21369  46.293  -49.680  -1.291 0.0000000000
20516  45.436  -50.463  -3.136 0.0000000000
14766  30.853  -57.104  -2.710 0.0000000000
15582  31.373  -56.499  -2.355 0.0000000000
14816  44.790  -57.739  -6.413 0.0000000000
14817  43.810  -57.854  -6.177 0.0000000000
14050  43.391  -58.539  -6.377 0.0000000000
11193  36.414  -62.713  -5.586 0.0000000000
11936  36.739  -61.945  -5.072 0.0000000000
11937  35.858  -62.106  -5.017 0.0000000000
145494  34.558  -61.210  -4.499 0.0000000000
143661  34.359  -61.853  -4.955 0.0000000000
14888  29.929  -57.849  -10.559 0.0000000000
16362  45.240  -55.851  -0.333 0.0000000000
129278  39.974  -54.972  -3.421 0.0000000000
18032  40.080  -54.181  -3.010 0.0000000000
17196  38.646  -54.184  -2.839 0.0000000000
148732  36.110  -49.288  -2.365 0.0000000000
11947  41.978  -61.457  -7.530 0.0000000000
11206  41.249  -62.541  -7.817 0.0000000000
9712  37.958  -64.637  -8.188 0.0000000000
11221  39.251  -63.455  -7.751 0.0000000000
10457  37.632  -64.072  -7.549 0.0000000000
10439  37.302  -63.493  -6.673 0.0000000000
10458  36.664  -63.905  -6.955 0.0000000000
14761  35.325  -57.094  -2.735 0.0000000000
16398  35.958  -55.205  -2.602 0.0000000000
146407  34.387  -55.543  -2.145 0.0000000000
130710  33.183  -53.818  -1.669 0.0000000000
18001  33.070  -52.995  -1.630 0.0000000000
19668  33.610  -51.241  -1.586 0.0000000000
131899  46.450  -53.474  -5.448 0.0000000000
17246  45.820  -53.379  -5.607 0.0000000000
129547  45.960  -54.288  -5.770 0.0000000000
148063  41.118  -56.014  -3.946 0.0000000000
15618  40.628  -56.962  -4.381 0.0000000000
12651  40.626  -60.393  -5.939 0.0000000000
13353  40.933  -59.540  -5.658 0.0000000000
12652  39.691  -60.614  -5.548 0.0000000000
13329  37.642  -59.577  -4.200 0.0000000000
13328  38.531  -59.299  -4.445 0.0000000000
140576  37.989  -58.699  -3.967 0.0000000000
14036  38.226  -57.972  -3.884 0.0000000000
14015  37.438  -57.978  -3.635 0.0000000000
14781  36.730  -57.407  -3.268 0.0000000000
13307  36.128  -59.232  -3.638 0.0000000000
13310  33.410  -60.004  -3.809 0.0000000000
145238  33.726  -59.641  -3.554 0.0000000000
143607  33.086  -59.523  -3.544 0.0000000000
14021  31.778  -58.677  -3.359 0.0000000000
13312  31.309  -59.157  -3.919 0.0000000000
12685  29.414  -60.153  -10.373 0.0000000000
12676  30.329  -60.911  -8.294 0.0000000000
11967  30.600  -61.492  -9.007 0.0000000000
11960  31.182  -61.890  -7.209 0.0000000000
11951  31.597  -61.683  -6.264 0.0000000000
131537  32.003  -61.465  -5.674 0.0000000000
11952  30.826  -61.258  -6.464 0.0000000000
14080  29.839  -58.609  -7.480 0.0000000000
13374  29.715  -59.332  -6.321 0.0000000000
14070  29.701  -58.627  -6.706 0.0000000000
14054  29.607  -58.515  -5.715 0.0000000000
14838  29.888  -57.996  -7.193 0.0000000000
21291  50.289  -48.886  3.519 0.0000000000
21308  49.650  -49.446  2.799 0.0000000000
21334  48.187  -50.561  0.911 0.0000000000
20453  48.284  -50.690  1.781 0.0000000000
17972  46.199  -54.236  0.583 0.0000000000
18799  46.553  -53.072  0.856 0.0000000000
17985  46.462  -53.826  0.246 0.0000000000
18820  46.673  -52.860  0.096 0.0000000000
18009  46.261  -53.257  -2.134 0.0000000000
154589  46.377  -53.407  -3.266 0.0000000000
150059  46.288  -54.227  -2.262 0.0000000000
15571  45.629  -56.867  -2.725 0.0000000000
15593  45.961  -56.312  -3.728 0.0000000000
15594  45.722  -57.089  -3.873 0.0000000000
14796  45.826  -57.092  -5.787 0.0000000000
134743  45.496  -58.096  -4.786 0.0000000000
13326  43.391  -60.350  -4.328 0.0000000000
13325  44.268  -60.004  -4.777 0.0000000000
13324  44.677  -59.472  -5.376 0.0000000000
136511  36.920  -53.056  -2.411 0.0000000000
148741  37.784  -52.992  -2.487 0.0000000000
19690  37.380  -52.209  -2.349 0.0000000000
21382  38.356  -49.829  -2.633 0.0000000000
15581  32.788  -57.092  -2.253 0.0000000000
136512  33.720  -55.947  -2.013 0.0000000000
131308  45.725  -56.121  -5.988 0.0000000000
16455  45.510  -55.239  -5.695 0.0000000000
16456  44.817  -56.126  -5.611 0.0000000000
14798  42.105  -57.358  -4.930 0.0000000000
11934  38.428  -61.577  -5.459 0.0000000000
12653  38.787  -60.812  -5.170 0.0000000000
12654  37.915  -61.000  -4.863 0.0000000000
12633  37.338  -60.407  -4.440 0.0000000000
13330  36.745  -59.858  -3.979 0.0000000000
13331  35.748  -60.148  -3.922 0.0000000000
12635  35.069  -60.747  -4.225 0.0000000000
12636  34.297  -60.669  -4.189 0.0000000000
12638  32.494  -60.706  -4.705 0.0000000000
12677  29.998  -60.122  -7.852 0.0000000000
13391  29.887  -59.474  -8.354 0.0000000000
14100  30.061  -58.026  -9.752 0.0000000000
16360  46.196  -55.398  0.018 0.0000000000
17181  46.274  -55.134  -0.946 0.0000000000
16377  46.032  -55.916  -0.718 0.0000000000
15539  45.627  -56.199  -0.831 0.0000000000
14753  45.369  -57.050  -2.169 0.0000000000
18848  41.032  -52.463  -2.722 0.0000000000
18849  40.144  -52.491  -2.585 0.0000000000
133305  35.713  -51.092  -2.138 0.0000000000
19692  36.250  -51.461  -2.245 0.0000000000
130859  36.209  -49.998  -2.317 0.0000000000
130850  36.814  -48.985  -2.501 0.0000000000
13370  43.720  -59.834  -7.064 0.0000000000
133653  43.146  -59.687  -7.002 0.0000000000
12664  42.276  -60.743  -7.226 0.0000000000
12665  41.310  -60.972  -6.829 0.0000000000
11949  40.114  -61.863  -6.783 0.0000000000
141504  39.605  -62.853  -7.458 0.0000000000
131755  38.816  -62.093  -6.055 0.0000000000
11209  37.774  -62.941  -6.298 0.0000000000
11210  37.066  -63.031  -6.040 0.0000000000
16424  37.286  -55.609  -3.055 0.0000000000
17216  37.614  -54.928  -2.939 0.0000000000
16397  36.777  -54.922  -2.747 0.0000000000
17199  36.063  -54.434  -2.528 0.0000000000
18016  35.552  -53.247  -2.183 0.0000000000
16400  33.720  -55.133  -1.849 0.0000000000
144213  34.671  -54.105  -2.017 0.0000000000
18850  35.285  -52.630  -2.015 0.0000000000
19694  34.332  -51.855  -1.720 0.0000000000
20496  34.573  -50.132  -1.784 0.0000000000
15621  29.539  -56.486  -4.430 0.0000000000
19704  46.302  -51.752  -4.435 0.0000000000
20536  46.126  -51.318  -4.817 0.0000000000
18882  46.230  -52.058  -5.602 0.0000000000
16422  40.438  -55.621  -3.683 0.0000000000
146503  38.686  -56.117  -3.546 0.0000000000
14820  40.931  -57.976  -4.892 0.0000000000
13355  39.116  -59.959  -4.897 0.0000000000
13327  39.419  -59.059  -4.728 0.0000000000
14800  40.302  -57.590  -4.540 0.0000000000
14801  39.403  -57.526  -4.269 0.0000000000
15620  39.059  -56.861  -3.879 0.0000000000
15597  37.783  -56.249  -3.374 0.0000000000
15598  36.861  -56.422  -3.083 0.0000000000
15599  36.156  -56.957  -2.921 0.0000000000
14762  34.369  -57.335  -2.601 0.0000000000
13308  35.208  -59.414  -3.544 0.0000000000
13996  34.068  -58.194  -2.811 0.0000000000
14763  33.467  -57.580  -2.515 0.0000000000
13998  32.253  -58.175  -2.808 0.0000000000
13999  31.298  -57.939  -2.989 0.0000000000
14784  30.297  -57.625  -3.437 0.0000000000
141386  35.153  -63.802  -6.734 0.0000000000
12679  30.275  -60.911  -9.503 0.0000000000
11212  32.762  -62.605  -6.428 0.0000000000
150465  33.808  -62.275  -5.475 0.0000000000
11196  33.103  -62.182  -5.695 0.0000000000
137287  32.033  -61.061  -5.267 0.0000000000
12655  31.566  -60.546  -5.035 0.0000000000
12668  29.904  -60.052  -6.889 0.0000000000
12656  30.751  -60.366  -5.425 0.0000000000
12639  31.004  -60.036  -4.849 0.0000000000
13334  30.013  -58.930  -4.737 0.0000000000
14038  29.631  -58.154  -4.794 0.0000000000
14805  29.559  -57.296  -4.578 0.0000000000
15644  29.780  -56.989  -6.030 0.0000000000
22189  51.556  -47.996  2.413 0.0000000000
22175  50.937  -48.521  3.062 0.0000000000
22191  50.108  -48.896  1.244 0.0000000000
21333  48.741  -49.909  1.164 0.0000000000
21353  47.698  -50.175  -0.011 0.0000000000
20494  46.327  -50.906  -1.323 0.0000000000
20465  46.270  -51.271  1.435 0.0000000000
20454  47.784  -51.056  1.856 0.0000000000
19652  47.328  -51.659  0.439 0.0000000000
19653  46.736  -51.801  -0.379 0.0000000000
19684  45.977  -51.687  -3.021 0.0000000000
18847  46.324  -52.527  -3.512 0.0000000000
18029  46.638  -53.147  -4.576 0.0000000000
17228  46.501  -54.721  -5.269 0.0000000000
17195  46.260  -54.877  -2.925 0.0000000000
16419  46.414  -55.586  -4.728 0.0000000000
16438  46.324  -55.624  -5.510 0.0000000000
15631  46.088  -56.242  -5.863 0.0000000000
14815  45.372  -57.621  -6.132 0.0000000000
14066  45.010  -58.145  -6.413 0.0000000000
14033  44.959  -59.000  -5.015 0.0000000000
13323  44.952  -58.882  -5.858 0.0000000000
13368  44.313  -59.272  -6.678 0.0000000000
18013  38.200  -53.614  -2.657 0.0000000000
149802  39.145  -52.537  -2.502 0.0000000000
20518  39.387  -50.863  -2.610 0.0000000000
137514  37.716  -50.381  -2.469 0.0000000000
20519  38.551  -50.668  -2.504 0.0000000000
10440  36.535  -63.356  -6.243 0.0000000000
10456  38.832  -64.247  -8.199 0.0000000000
11191  38.109  -62.295  -5.814 0.0000000000
11194  35.493  -62.727  -5.500 0.0000000000
11208  38.721  -62.760  -6.722 0.0000000000
11211  33.642  -62.869  -6.148 0.0000000000
11918  37.045  -61.183  -4.722 0.0000000000
11919  36.189  -61.381  -4.644 0.0000000000
11920  35.257  -61.504  -4.631 0.0000000000
11922  33.191  -61.156  -4.773 0.0000000000
11935  37.589  -61.742  -5.212 0.0000000000
11938  35.085  -62.208  -5.080 0.0000000000
11939  33.498  -61.687  -5.132 0.0000000000
11940  32.678  -61.462  -5.314 0.0000000000
11942  30.572  -60.711  -5.992 0.0000000000
11948  41.049  -61.820  -7.404 0.0000000000
11950  39.488  -62.266  -6.711 0.0000000000
11961  30.779  -61.669  -8.134 0.0000000000
12612  34.016  -60.124  -3.791 0.0000000000
12629  44.370  -60.043  -5.779 0.0000000000
12634  36.469  -60.630  -4.341 0.0000000000
12637  33.436  -60.579  -4.257 0.0000000000
12640  30.326  -59.688  -5.153 0.0000000000
12663  43.088  -60.364  -7.275 0.0000000000
12666  40.337  -61.199  -6.351 0.0000000000
12667  30.287  -60.659  -6.648 0.0000000000
12674  43.205  -60.793  -7.229 0.0000000000
12680  30.062  -60.186  -8.897 0.0000000000
13309  34.359  -59.523  -3.500 0.0000000000
13311  32.219  -59.401  -3.708 0.0000000000
13332  32.738  -60.049  -4.044 0.0000000000
13335  29.677  -58.692  -5.182 0.0000000000
13350  44.728  -58.706  -6.378 0.0000000000
13351  44.559  -59.363  -6.233 0.0000000000
13354  39.981  -59.723  -5.290 0.0000000000
13369  44.156  -59.263  -6.850 0.0000000000
13373  30.013  -60.049  -5.967 0.0000000000
14016  36.464  -58.330  -3.431 0.0000000000
14018  34.652  -58.788  -3.214 0.0000000000
14019  33.696  -58.995  -3.192 0.0000000000
14020  32.708  -58.869  -3.194 0.0000000000
14032  45.282  -58.500  -5.316 0.0000000000
14034  39.775  -58.256  -4.605 0.0000000000
14037  30.085  -58.309  -4.084 0.0000000000
14052  40.483  -58.261  -4.850 0.0000000000
14067  44.548  -58.652  -6.517 0.0000000000
14069  42.959  -59.074  -6.534 0.0000000000
14090  30.151  -58.178  -8.938 0.0000000000
14091  29.909  -58.808  -8.685 0.0000000000
14764  32.706  -57.711  -2.535 0.0000000000
14777  45.419  -57.835  -3.900 0.0000000000
14779  38.301  -56.857  -3.661 0.0000000000
14782  35.885  -57.749  -3.039 0.0000000000
14783  34.987  -57.979  -2.924 0.0000000000
14797  45.546  -57.855  -5.657 0.0000000000
14802  38.662  -57.479  -3.955 0.0000000000
14803  38.050  -57.450  -3.711 0.0000000000
14804  29.728  -57.678  -4.101 0.0000000000
14819  41.674  -57.979  -5.198 0.0000000000
14829  44.857  -58.149  -6.474 0.0000000000
14831  29.690  -57.841  -6.317 0.0000000000
14849  30.086  -58.217  -8.047 0.0000000000
15551  45.671  -56.452  -1.668 0.0000000000
15552  45.246  -56.744  -1.583 0.0000000000
15579  34.643  -56.326  -2.426 0.0000000000
15595  40.534  -56.383  -4.070 0.0000000000
15614  45.763  -57.438  -4.931 0.0000000000
15619  39.870  -56.814  -4.150 0.0000000000
15632  45.673  -56.913  -6.048 0.0000000000
15636  29.573  -56.753  -5.222 0.0000000000
15642  45.231  -57.523  -6.248 0.0000000000
16347  46.158  -54.964  0.417 0.0000000000
16348  46.019  -55.256  0.354 0.0000000000
16361  45.955  -55.736  -0.133 0.0000000000
16376  46.094  -55.746  -1.893 0.0000000000
16396  46.161  -55.592  -3.357 0.0000000000
16399  35.128  -55.449  -2.405 0.0000000000
16401  32.808  -55.487  -1.809 0.0000000000
16403  31.069  -55.662  -2.290 0.0000000000
16425  36.567  -55.657  -2.818 0.0000000000
16453  46.194  -55.179  -5.762 0.0000000000
16454  46.088  -55.234  -5.893 0.0000000000
17150  45.393  -54.897  0.527 0.0000000000
17162  46.382  -54.747  0.120 0.0000000000
17198  36.647  -54.243  -2.587 0.0000000000
17201  33.838  -54.348  -1.777 0.0000000000
17210  46.525  -54.759  -4.371 0.0000000000
17214  39.210  -54.744  -3.186 0.0000000000
17215  38.364  -54.841  -3.079 0.0000000000
17244  46.383  -54.126  -5.521 0.0000000000
17245  46.349  -53.535  -5.590 0.0000000000
18011  40.594  -53.280  -2.743 0.0000000000
18012  39.297  -54.012  -2.830 0.0000000000
18014  37.502  -53.695  -2.604 0.0000000000
18015  36.227  -53.645  -2.424 0.0000000000
18017  34.816  -53.241  -1.933 0.0000000000
18041  46.536  -52.940  -5.373 0.0000000000
18048  46.410  -52.659  -5.460 0.0000000000
18049  46.046  -52.697  -5.705 0.0000000000
18784  47.087  -52.308  1.193 0.0000000000
18785  46.570  -52.736  1.128 0.0000000000
18836  33.418  -52.101  -1.598 0.0000000000
18851  34.694  -52.498  -1.830 0.0000000000
18873  46.415  -52.442  -5.435 0.0000000000
19612  46.950  -52.044  1.438 0.0000000000
19613  46.257  -52.035  1.307 0.0000000000
19626  47.444  -51.843  1.176 0.0000000000
19667  46.109  -51.659  -1.756 0.0000000000
19685  45.909  -51.089  -3.887 0.0000000000
19688  39.737  -51.655  -2.525 0.0000000000
19689  38.829  -51.546  -2.393 0.0000000000
19691  36.928  -51.440  -2.332 0.0000000000
19693  35.042  -51.418  -1.915 0.0000000000
19716  46.523  -52.009  -5.078 0.0000000000
19727  46.311  -52.226  -5.509 0.0000000000
19728  46.153  -51.768  -5.471 0.0000000000
20448  48.277  -50.376  2.354 0.0000000000
20464  47.774  -51.288  1.449 0.0000000000
20484  47.115  -50.788  -0.393 0.0000000000
20495  45.894  -50.329  -1.874 0.0000000000
20520  37.165  -50.802  -2.385 0.0000000000
20521  36.415  -50.760  -2.310 0.0000000000
20522  35.762  -50.440  -2.195 0.0000000000
20523  34.428  -50.950  -1.739 0.0000000000
21307  50.270  -49.005  2.586 0.0000000000
21320  49.002  -49.952  2.125 0.0000000000
21332  49.448  -49.371  1.271 0.0000000000
21381  39.164  -50.114  -2.750 0.0000000000
21383  37.454  -49.541  -2.530 0.0000000000
21384  36.702  -49.596  -2.427 0.0000000000
22190  50.677  -48.608  1.808 0.0000000000
22253  37.485  -48.800  -2.620 0.0000000000
22254  36.104  -48.408  -2.467 0.0000000000
129194  35.353  -49.753  -2.087 0.0000000000
129233  46.640  -53.824  -5.174 0.0000000000
131410  43.810  -59.215  -6.939 0.0000000000
132991  30.116  -56.707  -3.183 0.0000000000
133563  30.187  -60.607  -7.381 0.0000000000
134774  41.023  -63.118  -8.098 0.0000000000
134970  45.997  -56.130  -6.020 0.0000000000
135127  33.961  -53.542  -1.725 0.0000000000
136284  42.461  -60.083  -6.895 0.0000000000
136466  35.446  -53.901  -2.270 0.0000000000
137124  39.472  -55.618  -3.552 0.0000000000
137262  35.686  -51.936  -2.078 0.0000000000
137263  36.539  -52.146  -2.268 0.0000000000
137264  34.541  -54.878  -2.081 0.0000000000
137335  30.799  -59.461  -4.493 0.0000000000
138270  36.913  -53.810  -2.545 0.0000000000
139023  38.897  -53.457  -2.668 0.0000000000
139683  34.997  -52.063  -1.890 0.0000000000
140642  37.835  -51.324  -2.369 0.0000000000
140688  37.927  -54.280  -2.797 0.0000000000
140904  29.866  -58.880  -7.996 0.0000000000
143513  46.318  -53.116  -0.957 0.0000000000
144671  39.401  -56.333  -3.770 0.0000000000
145565  38.751  -55.362  -3.345 0.0000000000
146033  29.560  -56.052  -5.073 0.0000000000
147715  38.451  -52.990  -2.539 0.0000000000
148127  46.300  -52.350  -1.019 0.0000000000
148480  30.596  -58.873  -4.140 0.0000000000
150249  45.631  -56.802  -6.076 0.0000000000
151874  34.667  -49.596  -1.866 0.0000000000
154435  46.474  -53.962  -5.442 0.0000000000
154594  46.216  -54.987  -1.977 0.0000000000
