#!ascii label  , from subject sub-v1s3x0050799_ses-1 vox2ras=TkReg
522
24986  -34.525  -48.587  -30.784 0.6999999881
26108  -34.753  -47.804  -32.801 0.6000000238
26109  -35.512  -47.470  -32.023 0.6000000238
27314  -37.482  -46.329  -32.887 0.4000000060
24923  -33.278  -48.789  -25.788 0.6999999881
126243  -34.208  -47.637  -26.102 0.6999999881
24935  -33.295  -48.699  -26.807 0.6999999881
26031  -33.834  -47.972  -26.951 0.6000000238
118404  -33.218  -48.541  -27.607 0.6999999881
26048  -33.508  -48.004  -28.026 0.6000000238
23899  -32.708  -49.216  -27.734 0.6000000238
24956  -32.507  -49.668  -29.223 0.6000000238
26061  -33.227  -47.975  -28.981 0.6000000238
26073  -33.044  -47.922  -29.760 0.5000000000
119883  -32.603  -48.447  -30.471 0.5000000000
27274  -33.276  -47.435  -30.365 0.5000000000
25004  -32.660  -48.437  -31.984 0.6000000238
119679  -33.411  -49.043  -31.648 0.6000000238
25005  -33.001  -48.502  -32.509 0.6000000238
26107  -33.976  -48.242  -33.123 0.6000000238
26117  -34.606  -47.562  -33.541 0.6000000238
26014  -33.846  -47.914  -25.373 0.6000000238
27228  -34.813  -46.982  -26.094 0.6000000238
27240  -34.887  -46.932  -26.987 0.6000000238
27250  -34.768  -46.895  -27.870 0.6000000238
127627  -35.309  -46.396  -28.317 0.6000000238
26062  -34.011  -47.407  -28.427 0.6000000238
26074  -33.701  -47.368  -29.352 0.6000000238
27275  -34.211  -46.777  -29.738 0.6000000238
27285  -34.067  -46.608  -30.604 0.6000000238
26087  -32.637  -47.907  -31.292 0.6000000238
27284  -33.234  -47.116  -31.350 0.6999999881
27296  -32.787  -47.528  -32.212 0.6000000238
26106  -32.854  -47.826  -32.931 0.6000000238
135723  -35.562  -47.126  -32.919 0.5000000000
27313  -36.502  -46.508  -33.283 0.5000000000
26000  -34.269  -47.293  -24.787 0.6000000238
27229  -35.386  -46.344  -25.746 0.6000000238
133354  -35.770  -45.944  -26.276 0.6000000238
28391  -35.867  -45.878  -26.994 0.6000000238
127628  -35.409  -46.422  -27.409 0.6000000238
28402  -35.921  -45.879  -27.874 0.6000000238
130592  -35.738  -45.821  -28.819 0.6000000238
28425  -35.467  -45.734  -29.768 0.6000000238
27276  -35.058  -46.337  -29.271 0.6000000238
27286  -34.779  -46.253  -30.052 0.6000000238
28433  -34.918  -45.735  -30.873 0.6999999881
26115  -33.326  -47.532  -33.515 0.6000000238
26116  -33.835  -47.652  -33.758 0.6000000238
27194  -34.661  -46.624  -24.372 0.6000000238
27209  -34.828  -46.777  -25.212 0.6000000238
28379  -35.834  -45.648  -25.638 0.6000000238
28403  -36.334  -45.203  -27.429 0.6000000238
29574  -36.486  -44.698  -28.035 0.5000000000
29582  -36.436  -44.626  -28.792 0.6000000238
28434  -35.886  -45.116  -30.262 0.6999999881
125043  -34.353  -45.456  -32.626 0.6000000238
137140  -33.989  -46.425  -31.380 0.6000000238
27297  -33.298  -46.716  -32.211 0.6000000238
27310  -32.931  -47.021  -33.044 0.6000000238
28446  -33.431  -46.454  -33.880 0.6000000238
27334  -34.589  -46.402  -35.003 0.6000000238
27326  -34.539  -47.056  -34.314 0.6000000238
27327  -36.453  -46.317  -34.422 0.4000000060
122466  -35.470  -46.446  -34.841 0.5000000000
28346  -34.322  -46.297  -23.553 0.5000000000
27195  -35.447  -45.432  -24.122 0.6000000238
27210  -35.351  -46.058  -24.822 0.6000000238
28380  -36.261  -44.934  -25.652 0.6000000238
28392  -36.205  -45.296  -26.473 0.5000000000
29557  -36.443  -44.418  -26.425 0.5000000000
29566  -36.493  -44.295  -27.361 0.5000000000
30685  -36.503  -43.961  -28.279 0.6000000238
30692  -36.391  -43.914  -29.193 0.6000000238
132350  -35.896  -44.387  -30.474 0.6999999881
30712  -34.549  -43.705  -32.163 0.6000000238
28442  -35.004  -45.249  -31.941 0.6999999881
29596  -35.066  -44.551  -31.989 0.6000000238
28448  -34.624  -44.951  -32.718 0.6000000238
28447  -33.799  -45.504  -33.590 0.6000000238
28467  -33.888  -46.002  -34.872 0.6000000238
27339  -35.470  -46.040  -35.667 0.5000000000
28479  -36.348  -45.541  -35.925 0.4000000060
28347  -34.875  -45.543  -23.498 0.6000000238
29534  -35.907  -44.628  -24.201 0.6000000238
133302  -36.236  -44.624  -24.997 0.5000000000
29546  -36.418  -44.187  -25.554 0.6000000238
31779  -36.497  -42.969  -26.769 0.5000000000
119344  -36.509  -43.698  -26.870 0.6000000238
123315  -36.393  -42.462  -27.283 0.5000000000
30679  -36.459  -43.223  -27.621 0.5000000000
31798  -36.271  -43.055  -28.728 0.5000000000
31797  -35.695  -42.556  -29.476 0.5000000000
30691  -36.005  -43.327  -29.718 0.6000000238
31796  -35.039  -42.080  -29.992 0.5000000000
31812  -35.390  -42.866  -30.296 0.5000000000
30699  -35.706  -43.666  -30.491 0.6000000238
31811  -34.552  -42.387  -30.842 0.4000000060
30713  -35.416  -44.074  -31.265 0.6999999881
117824  -33.509  -41.972  -31.420 0.4000000060
29595  -34.489  -44.368  -32.691 0.6000000238
30727  -33.761  -43.855  -33.269 0.5000000000
29601  -33.961  -44.668  -33.549 0.6000000238
30726  -32.689  -43.181  -33.747 0.5000000000
28459  -33.612  -45.155  -34.571 0.6000000238
122442  -36.288  -45.123  -36.143 0.5000000000
29600  -33.043  -44.046  -34.311 0.6000000238
29623  -33.647  -45.043  -35.205 0.6000000238
28468  -34.652  -45.846  -35.630 0.6000000238
29520  -35.594  -44.288  -23.457 0.5000000000
29535  -36.341  -44.010  -24.736 0.5000000000
31770  -36.520  -42.797  -25.976 0.5000000000
32882  -36.429  -42.076  -26.610 0.4000000060
32892  -35.859  -41.396  -27.731 0.4000000060
31787  -36.174  -42.256  -28.001 0.5000000000
31786  -35.848  -42.267  -28.795 0.5000000000
32901  -35.619  -41.613  -28.475 0.5000000000
32908  -33.537  -40.916  -30.261 0.4000000060
32909  -34.146  -41.522  -30.379 0.4000000060
32922  -33.020  -41.315  -31.026 0.4000000060
31826  -34.009  -42.734  -31.830 0.5000000000
31825  -32.787  -42.291  -32.385 0.5000000000
30711  -33.226  -43.036  -32.824 0.5000000000
31835  -32.400  -42.442  -33.225 0.5000000000
30753  -34.617  -43.998  -35.500 0.5000000000
29624  -35.365  -44.749  -36.062 0.5000000000
30751  -33.005  -43.941  -34.901 0.6000000238
30763  -34.238  -44.498  -35.684 0.5000000000
33987  -35.305  -40.879  -28.212 0.4000000060
32900  -35.008  -41.158  -28.939 0.5000000000
33985  -33.873  -40.117  -29.060 0.5000000000
31834  -32.189  -41.929  -32.762 0.5000000000
31855  -33.808  -43.354  -34.888 0.5000000000
30740  -35.068  -43.380  -34.777 0.3000000119
32930  -32.094  -41.312  -32.247 0.5000000000
31845  -32.539  -42.617  -33.623 0.5000000000
31854  -33.096  -43.561  -34.724 0.5000000000
33986  -34.631  -40.483  -28.655 0.4000000060
33993  -33.321  -40.387  -29.836 0.4000000060
35007  -33.520  -39.478  -28.683 0.4000000060
35013  -31.899  -39.516  -29.857 0.4000000060
34002  -31.769  -40.433  -30.987 0.4000000060
33991  -31.630  -39.764  -30.573 0.4000000060
34009  -31.916  -40.674  -31.653 0.5000000000
32947  -34.624  -41.784  -33.658 0.4000000060
31847  -34.385  -42.522  -34.305 0.4000000060
32944  -32.310  -42.128  -33.307 0.5000000000
32946  -33.572  -41.936  -33.841 0.5000000000
32938  -32.226  -41.710  -32.825 0.5000000000
32945  -32.652  -42.112  -33.643 0.5000000000
35012  -31.333  -39.149  -30.163 0.4000000060
35020  -31.483  -39.379  -30.731 0.4000000060
34028  -34.366  -41.220  -33.362 0.4000000060
34027  -33.270  -41.368  -33.400 0.5000000000
34008  -31.867  -40.312  -31.702 0.5000000000
35047  -32.793  -40.237  -32.439 0.5000000000
36125  -31.184  -38.691  -30.362 0.4000000060
34020  -34.147  -40.632  -33.002 0.4000000060
35049  -34.931  -40.016  -32.568 0.3000000119
35032  -31.660  -39.600  -31.290 0.5000000000
35033  -32.301  -39.709  -31.837 0.5000000000
34019  -33.085  -40.822  -32.923 0.5000000000
37278  -30.779  -37.488  -29.821 0.4000000060
35048  -33.860  -40.056  -32.574 0.3000000119
35035  -34.587  -39.398  -32.155 0.3000000119
123814  -31.650  -38.465  -30.774 0.4000000060
35034  -33.436  -39.474  -32.075 0.5000000000
37295  -31.975  -37.805  -30.583 0.4000000060
36140  -32.948  -38.865  -31.541 0.5000000000
39371  -30.768  -36.227  -29.238 0.4000000060
36128  -34.781  -38.263  -31.013 0.3000000119
36142  -35.235  -38.855  -31.630 0.3000000119
37294  -31.092  -37.996  -30.340 0.4000000060
36127  -33.650  -38.185  -30.962 0.4000000060
37279  -31.505  -37.292  -30.137 0.4000000060
37296  -33.040  -37.721  -30.562 0.4000000060
39359  -30.577  -35.632  -28.769 0.5000000000
37297  -34.346  -37.730  -30.469 0.3000000119
132748  -35.420  -37.296  -29.769 0.4000000060
37298  -35.377  -37.714  -30.339 0.4000000060
39372  -31.570  -36.223  -29.350 0.4000000060
38358  -33.300  -36.693  -29.514 0.5000000000
37281  -33.734  -37.299  -30.057 0.4000000060
38357  -32.187  -36.567  -29.636 0.5000000000
37280  -32.625  -37.197  -30.124 0.5000000000
38345  -32.952  -36.168  -28.984 0.5000000000
38359  -34.340  -36.771  -29.367 0.4000000060
38347  -34.960  -36.246  -28.687 0.4000000060
37283  -36.006  -37.279  -29.741 0.3000000119
39360  -31.580  -35.656  -28.860 0.5000000000
123765  -32.199  -36.037  -29.098 0.5000000000
39349  -34.058  -35.086  -27.715 0.4000000060
39350  -35.050  -34.988  -27.653 0.3000000119
41384  -30.182  -33.758  -27.421 0.5000000000
40368  -33.604  -34.460  -27.315 0.4000000060
38346  -33.923  -36.229  -28.827 0.4000000060
39362  -34.516  -35.654  -28.195 0.4000000060
39363  -35.592  -35.512  -28.163 0.4000000060
40365  -30.724  -34.419  -27.810 0.5000000000
125269  -32.582  -35.612  -28.598 0.5000000000
39361  -33.514  -35.658  -28.376 0.5000000000
40366  -31.717  -34.445  -27.656 0.5000000000
40369  -34.566  -34.379  -27.251 0.4000000060
42396  -29.681  -33.135  -26.936 0.5000000000
39351  -35.766  -34.796  -27.740 0.3000000119
41385  -31.261  -33.769  -27.201 0.5000000000
41386  -32.226  -33.839  -26.995 0.5000000000
39348  -33.064  -35.106  -27.934 0.5000000000
39347  -32.129  -35.063  -28.183 0.5000000000
41375  -33.739  -33.045  -26.590 0.4000000060
42384  -29.226  -32.458  -26.623 0.5000000000
42385  -31.239  -32.244  -26.514 0.5000000000
41376  -34.618  -32.981  -26.678 0.3000000119
128996  -35.014  -33.645  -26.939 0.3000000119
141526  -30.268  -32.503  -26.617 0.5000000000
41372  -30.781  -33.095  -26.763 0.5000000000
24996  -34.394  -48.362  -32.128 0.6000000238
27298  -36.556  -46.709  -32.056 0.5000000000
140273  -32.683  -48.497  -29.583 0.6000000238
28426  -36.158  -45.226  -29.284 0.6999999881
29589  -36.270  -44.560  -29.702 0.6999999881
29588  -35.509  -44.832  -31.166 0.6999999881
32910  -35.374  -41.814  -29.214 0.5000000000
33994  -34.230  -40.837  -29.520 0.5000000000
30698  -34.977  -43.248  -31.128 0.4000000060
31853  -32.814  -43.463  -34.290 0.5000000000
30752  -33.570  -43.969  -35.280 0.5000000000
33992  -32.311  -40.113  -30.217 0.4000000060
32921  -32.110  -41.019  -31.455 0.5000000000
35014  -32.987  -39.765  -29.460 0.4000000060
36141  -34.134  -38.806  -31.599 0.4000000060
37282  -34.767  -37.306  -29.846 0.4000000060
38360  -35.404  -36.826  -29.306 0.3000000119
41373  -31.788  -33.090  -26.627 0.5000000000
17115  -32.832  -55.732  -31.767 0.5000000000
17135  -34.264  -55.103  -31.887 0.5000000000
17134  -33.393  -55.381  -32.276 0.5000000000
19613  -36.355  -53.554  -31.696 0.5000000000
18346  -35.414  -54.191  -32.474 0.5000000000
18345  -34.704  -54.582  -32.602 0.4000000060
17097  -33.036  -55.978  -31.018 0.5000000000
18329  -34.760  -54.922  -31.038 0.6000000238
17117  -34.146  -55.348  -31.108 0.6000000238
18330  -35.682  -54.122  -31.575 0.5000000000
139171  -35.226  -54.536  -31.254 0.5000000000
20793  -38.267  -52.207  -30.314 0.4000000060
17049  -31.653  -56.122  -28.018 0.6999999881
15858  -31.979  -56.303  -28.852 0.6999999881
17076  -33.569  -55.633  -29.404 0.6999999881
18299  -35.245  -54.389  -29.747 0.5000000000
17077  -34.220  -55.274  -29.690 0.6999999881
19604  -36.911  -52.989  -30.545 0.5000000000
19603  -36.175  -53.668  -30.841 0.5000000000
127617  -35.745  -53.973  -30.109 0.5000000000
21860  -38.522  -51.490  -29.172 0.5000000000
20792  -37.617  -52.434  -30.214 0.5000000000
17010  -30.579  -55.599  -26.539 0.5000000000
17027  -30.367  -56.034  -27.201 0.6999999881
17012  -31.886  -55.269  -26.954 0.6999999881
15839  -30.831  -56.266  -27.828 0.6999999881
17029  -32.143  -55.570  -27.552 0.6999999881
17075  -32.816  -56.038  -29.141 0.6000000238
19572  -35.445  -53.522  -28.678 0.6999999881
18283  -35.088  -54.209  -28.947 0.6000000238
134202  -37.338  -52.196  -29.213 0.5000000000
19591  -36.830  -52.828  -29.637 0.6000000238
19573  -36.142  -53.226  -29.119 0.6000000238
20773  -38.068  -51.954  -29.670 0.5000000000
22915  -39.758  -50.035  -28.986 0.5000000000
16999  -30.776  -55.070  -25.918 0.5000000000
17011  -31.362  -55.250  -26.459 0.6999999881
17030  -32.950  -55.220  -27.834 0.6999999881
19551  -33.394  -53.732  -27.519 0.6999999881
19550  -32.635  -54.028  -26.843 0.6999999881
18282  -34.390  -54.501  -28.570 0.8000000119
19552  -34.217  -53.392  -27.889 0.6999999881
20722  -36.115  -52.052  -28.309 0.6000000238
20721  -35.325  -52.282  -28.011 0.6999999881
21845  -37.268  -51.291  -28.452 0.6999999881
21844  -36.863  -51.883  -28.601 0.6000000238
21847  -38.828  -50.837  -28.795 0.6000000238
21846  -38.056  -51.037  -28.612 0.6000000238
24962  -39.212  -48.835  -28.793 0.6000000238
18222  -29.879  -54.256  -24.816 0.5000000000
18223  -30.703  -54.077  -24.869 0.6000000238
18235  -30.300  -54.698  -25.402 0.5000000000
19523  -31.440  -53.992  -25.357 0.6000000238
18236  -32.041  -53.976  -25.995 0.6000000238
18251  -32.043  -54.662  -26.519 0.6999999881
19536  -32.797  -53.196  -27.025 0.6999999881
18266  -33.221  -54.465  -27.588 0.6999999881
20719  -33.449  -52.967  -27.568 0.6999999881
19553  -35.036  -53.072  -28.107 0.6999999881
23918  -37.624  -49.529  -28.243 0.6999999881
23919  -38.605  -49.367  -28.513 0.6999999881
122354  -38.036  -48.907  -28.462 0.6999999881
138317  -30.731  -53.549  -24.470 0.5000000000
20663  -31.771  -52.608  -24.878 0.6000000238
20681  -32.226  -52.573  -25.647 0.6000000238
19535  -32.390  -53.292  -26.179 0.6000000238
21824  -34.063  -51.815  -27.822 0.8000000119
22886  -33.651  -51.190  -28.064 0.5000000000
21822  -32.838  -51.716  -27.707 0.6000000238
23915  -34.432  -49.829  -28.378 0.6999999881
24959  -36.799  -48.327  -28.706 0.6999999881
24958  -35.824  -48.613  -28.695 0.6999999881
24975  -38.969  -48.178  -29.036 0.5000000000
26064  -38.263  -48.081  -28.963 0.6999999881
26090  -38.269  -47.119  -29.942 0.5000000000
19497  -29.911  -53.111  -23.838 0.5000000000
21774  -31.676  -51.918  -24.221 0.5000000000
21775  -32.070  -51.320  -24.673 0.6000000238
20662  -31.326  -52.671  -24.253 0.6000000238
127272  -32.287  -51.185  -25.414 0.6000000238
21793  -32.376  -51.838  -25.998 0.6000000238
23888  -32.787  -49.444  -26.728 0.6000000238
23887  -32.510  -50.293  -26.638 0.6000000238
22904  -33.229  -50.530  -28.813 0.6000000238
22903  -32.969  -50.972  -28.517 0.5000000000
23898  -32.496  -50.107  -27.842 0.5000000000
24973  -34.766  -49.113  -28.898 0.6000000238
119764  -33.563  -49.837  -29.416 0.6000000238
121755  -36.214  -48.053  -29.297 0.6000000238
24974  -35.206  -48.530  -29.568 0.6000000238
27287  -37.024  -46.820  -30.965 0.5000000000
21759  -31.247  -51.475  -23.350 0.5000000000
21760  -31.857  -51.002  -23.991 0.6000000238
23872  -32.709  -49.630  -25.750 0.6000000238
22914  -32.850  -50.393  -29.115 0.5000000000
24947  -32.527  -49.611  -28.539 0.5000000000
23931  -33.085  -49.784  -30.451 0.4000000060
23941  -32.844  -49.647  -30.539 0.5000000000
23929  -32.744  -50.031  -29.687 0.5000000000
26097  -35.469  -47.765  -31.121 0.6000000238
21743  -30.562  -51.413  -22.858 0.5000000000
22824  -31.519  -50.552  -23.283 0.6000000238
24905  -32.543  -49.256  -24.341 0.6000000238
23853  -32.492  -49.831  -24.874 0.6000000238
24995  -32.879  -49.043  -31.798 0.5000000000
24994  -32.659  -49.072  -31.459 0.4000000060
22813  -30.418  -50.696  -22.565 0.5000000000
21744  -31.019  -50.899  -22.843 0.5000000000
24906  -32.923  -49.087  -24.958 0.6000000238
22812  -29.546  -50.421  -22.495 0.5000000000
22814  -31.049  -50.164  -22.683 0.5000000000
24889  -32.308  -48.939  -23.670 0.6000000238
135832  -33.392  -48.445  -24.934 0.6000000238
23831  -29.404  -49.465  -22.415 0.5000000000
23833  -30.996  -49.152  -22.545 0.5000000000
24888  -31.729  -48.715  -22.987 0.5000000000
135216  -32.727  -48.173  -23.701 0.6000000238
24890  -32.982  -48.474  -24.280 0.6000000238
117986  -30.114  -48.919  -22.326 0.5000000000
135937  -31.708  -48.029  -22.863 0.5000000000
24871  -29.928  -48.001  -22.361 0.5000000000
25990  -34.028  -47.167  -24.011 0.5000000000
25977  -31.306  -47.514  -22.608 0.5000000000
25988  -32.685  -47.522  -23.335 0.5000000000
25975  -29.634  -47.111  -22.399 0.5000000000
124432  -30.630  -46.838  -22.463 0.5000000000
25978  -32.016  -47.478  -22.870 0.5000000000
128278  -29.929  -46.341  -22.463 0.5000000000
122832  -31.617  -46.808  -22.614 0.5000000000
27178  -32.907  -46.105  -22.758 0.4000000060
27193  -33.342  -46.817  -23.345 0.4000000060
27176  -31.299  -46.188  -22.531 0.4000000060
27177  -32.058  -46.120  -22.585 0.4000000060
123154  -34.234  -45.488  -22.902 0.4000000060
118479  -34.028  -49.304  -30.044 0.6000000238
26089  -36.407  -47.372  -30.519 0.5000000000
27288  -37.948  -46.707  -30.689 0.4000000060
23914  -32.572  -50.174  -28.923 0.6000000238
138446  -34.761  -45.015  -23.040 0.4000000060
18281  -33.683  -54.839  -28.200 0.6999999881
141403  -34.887  -51.808  -27.811 0.6999999881
23903  -36.771  -50.021  -27.959 0.6999999881
22888  -35.987  -50.598  -27.863 0.6999999881
21823  -33.184  -51.574  -28.032 0.6000000238
21805  -32.569  -51.770  -26.978 0.6000000238
26063  -37.577  -48.130  -28.854 0.6999999881
23900  -34.293  -50.598  -28.021 0.6999999881
23916  -35.504  -49.335  -28.199 0.6999999881
26075  -37.069  -47.745  -29.246 0.6000000238
123718  -37.315  -47.188  -29.996 0.6000000238
15838  -30.121  -56.219  -27.825 0.6999999881
17000  -31.481  -54.606  -25.915 0.6000000238
17026  -29.574  -55.884  -27.480 0.5000000000
17028  -31.273  -55.843  -27.176 0.6999999881
17050  -32.483  -55.833  -28.311 0.6999999881
17051  -33.288  -55.495  -28.601 0.6999999881
17052  -34.030  -55.163  -28.914 0.8000000119
17098  -33.678  -55.656  -30.692 0.5000000000
17099  -34.265  -55.317  -30.452 0.6000000238
17116  -33.577  -55.543  -31.458 0.6000000238
18234  -29.539  -54.702  -25.487 0.5000000000
18265  -32.511  -54.859  -27.187 0.6999999881
18267  -34.007  -54.135  -27.955 0.6999999881
18298  -34.640  -54.760  -29.327 0.6999999881
18313  -34.785  -54.888  -30.149 0.5000000000
18314  -35.392  -54.397  -30.659 0.5000000000
18370  -35.097  -54.222  -33.161 0.5000000000
19509  -30.707  -53.049  -24.053 0.5000000000
19510  -31.269  -53.357  -24.701 0.6000000238
19524  -31.894  -53.295  -25.432 0.6000000238
19571  -34.733  -53.811  -28.303 0.6999999881
19590  -35.651  -53.810  -29.411 0.6000000238
19614  -36.936  -53.063  -31.435 0.5000000000
20646  -31.054  -52.309  -23.662 0.5000000000
20699  -32.545  -52.527  -26.516 0.6000000238
20718  -32.844  -52.405  -27.293 0.6000000238
20720  -34.369  -52.535  -27.830 0.8000000119
20747  -35.809  -52.811  -28.466 0.6000000238
20748  -36.567  -52.551  -28.853 0.6000000238
20774  -38.920  -51.976  -29.917 0.4000000060
21742  -29.825  -51.296  -22.673 0.5000000000
21825  -35.612  -51.480  -27.919 0.6999999881
21826  -36.446  -51.325  -28.158 0.6000000238
21843  -32.861  -51.251  -28.193 0.5000000000
21859  -37.790  -51.657  -28.938 0.5000000000
22837  -32.259  -50.628  -24.731 0.6000000238
22851  -32.438  -50.431  -25.621 0.6000000238
22866  -32.414  -51.102  -26.393 0.6000000238
22885  -32.562  -51.042  -27.563 0.6000000238
22887  -34.891  -51.072  -27.777 0.6999999881
22889  -36.792  -50.722  -28.086 0.6000000238
22902  -32.740  -50.708  -28.497 0.6000000238
22905  -37.479  -50.482  -28.252 0.6999999881
22906  -38.303  -50.239  -28.434 0.6000000238
22907  -39.084  -50.103  -28.649 0.6000000238
23832  -30.286  -49.826  -22.390 0.5000000000
23840  -31.673  -49.617  -23.147 0.6000000238
23841  -32.139  -50.001  -23.958 0.6000000238
23901  -35.252  -50.147  -27.838 0.6999999881
23902  -36.071  -49.818  -27.891 0.6999999881
23917  -36.602  -49.118  -28.166 0.6999999881
23920  -39.346  -49.498  -28.756 0.6000000238
23930  -32.873  -50.087  -29.779 0.5000000000
23942  -32.924  -49.476  -31.155 0.5000000000
23954  -32.767  -49.320  -31.198 0.4000000060
24872  -30.575  -48.405  -22.444 0.5000000000
24873  -31.182  -48.255  -22.612 0.5000000000
24874  -32.216  -48.159  -23.254 0.5000000000
24957  -32.646  -48.825  -28.709 0.6000000238
24960  -37.966  -48.478  -28.672 0.6999999881
24961  -38.512  -48.612  -28.696 0.6999999881
24972  -32.500  -49.345  -29.962 0.6000000238
24984  -32.552  -49.229  -30.912 0.4000000060
24985  -33.483  -49.350  -30.876 0.4000000060
25006  -33.370  -48.155  -33.081 0.6000000238
25976  -30.629  -47.722  -22.465 0.5000000000
25989  -33.306  -47.697  -23.855 0.6000000238
25999  -33.649  -47.823  -24.517 0.6000000238
26015  -34.412  -47.324  -25.484 0.6000000238
26032  -34.442  -47.394  -26.691 0.6000000238
26049  -34.287  -47.430  -27.459 0.6000000238
26076  -37.864  -47.611  -29.352 0.6000000238
26077  -38.641  -47.639  -29.436 0.5000000000
26086  -32.539  -48.657  -31.255 0.4000000060
26088  -35.741  -47.912  -30.137 0.6000000238
26098  -36.220  -47.197  -31.301 0.5000000000
26121  -33.569  -47.312  -33.926 0.6000000238
27192  -32.435  -46.800  -22.876 0.5000000000
27241  -35.390  -46.438  -26.567 0.6000000238
27262  -34.496  -46.836  -28.828 0.6000000238
27311  -33.439  -46.186  -32.991 0.6000000238
27312  -35.520  -46.811  -33.869 0.5000000000
27324  -33.085  -47.174  -33.473 0.6000000238
27325  -33.837  -46.965  -34.345 0.6000000238
27333  -33.412  -46.993  -34.041 0.6000000238
27335  -36.384  -46.008  -35.397 0.4000000060
28362  -35.891  -45.244  -24.893 0.5000000000
28416  -36.295  -45.280  -28.360 0.6000000238
28441  -34.278  -45.936  -31.997 0.6000000238
28477  -34.288  -45.220  -35.714 0.5000000000
28478  -35.405  -45.469  -36.040 0.5000000000
29519  -35.305  -44.895  -23.489 0.4000000060
29609  -33.244  -44.293  -34.862 0.6000000238
29632  -33.586  -44.496  -35.308 0.6000000238
30675  -36.506  -43.592  -26.165 0.5000000000
30700  -36.195  -43.978  -29.955 0.6000000238
31810  -32.415  -41.670  -31.925 0.5000000000
31844  -32.275  -42.164  -33.230 0.5000000000
31846  -32.966  -42.789  -34.311 0.5000000000
34001  -31.597  -40.086  -31.141 0.4000000060
34003  -32.646  -40.703  -30.617 0.4000000060
34018  -31.979  -40.978  -32.237 0.5000000000
34026  -32.491  -41.589  -33.181 0.5000000000
36122  -30.973  -38.487  -29.836 0.4000000060
36124  -30.726  -38.070  -29.950 0.4000000060
36126  -32.492  -38.308  -31.004 0.4000000060
36138  -31.496  -39.020  -30.938 0.4000000060
36139  -31.936  -38.958  -31.337 0.5000000000
38356  -31.080  -36.759  -29.687 0.4000000060
40367  -32.662  -34.471  -27.471 0.5000000000
40370  -35.434  -34.264  -27.397 0.3000000119
40379  -31.162  -35.016  -28.351 0.5000000000
41388  -34.145  -33.737  -26.829 0.4000000060
116818  -37.446  -48.713  -28.465 0.6999999881
118439  -32.093  -51.892  -25.119 0.6000000238
120851  -35.015  -54.586  -31.798 0.5000000000
121162  -33.712  -48.193  -26.171 0.6999999881
123635  -35.013  -46.049  -24.018 0.5000000000
123861  -36.268  -53.465  -29.922 0.5000000000
125307  -33.368  -52.211  -27.691 0.6999999881
125386  -32.336  -41.026  -32.645 0.5000000000
127054  -33.668  -46.045  -22.988 0.4000000060
129254  -33.809  -55.630  -30.058 0.5000000000
130101  -30.227  -53.644  -24.365 0.5000000000
130314  -39.443  -50.615  -28.989 0.5000000000
131065  -33.380  -48.607  -32.445 0.6000000238
134062  -34.777  -41.482  -29.608 0.5000000000
135998  -32.149  -40.491  -32.186 0.5000000000
138165  -36.566  -47.597  -29.788 0.6000000238
138262  -36.412  -44.818  -26.921 0.5000000000
138637  -30.963  -54.542  -25.452 0.6000000238
138919  -33.704  -37.715  -30.515 0.4000000060
138995  -29.090  -49.999  -22.510 0.5000000000
139023  -32.928  -43.836  -34.631 0.6000000238
139795  -30.183  -47.403  -22.405 0.5000000000
140600  -30.660  -51.957  -23.209 0.5000000000
140659  -37.337  -51.776  -28.783 0.6999999881
141371  -38.067  -52.346  -30.860 0.4000000060
