#!ascii label  , from subject sub-v1s3x0050778_ses-1 vox2ras=TkReg
980
5476  -18.907  -70.129  -20.421 0.5000000000
4933  -18.017  -70.355  -20.974 0.6000000238
117324  -27.182  -66.379  -20.804 0.3000000119
4333  -17.927  -71.860  -20.795 0.5000000000
6660  -24.255  -67.240  -22.196 0.4000000060
7341  -25.107  -66.906  -21.873 0.4000000060
113312  -26.475  -66.661  -22.301 0.4000000060
113641  -27.353  -66.420  -21.798 0.3000000119
7342  -25.649  -67.064  -22.824 0.4000000060
6073  -17.633  -68.439  -23.404 0.5000000000
5509  -17.887  -68.969  -22.282 0.5000000000
5492  -18.350  -69.531  -21.213 0.5000000000
127764  -16.900  -68.408  -23.813 0.6000000238
5522  -16.976  -69.070  -22.932 0.5000000000
7330  -28.654  -66.239  -21.250 0.3000000119
4947  -17.180  -70.399  -21.615 0.5000000000
116834  -23.521  -67.398  -22.353 0.5000000000
6658  -22.841  -67.449  -21.608 0.5000000000
4946  -16.301  -70.305  -22.385 0.6000000238
4915  -17.593  -71.176  -21.025 0.5000000000
6670  -23.810  -67.506  -23.682 0.5000000000
121182  -26.246  -67.129  -23.567 0.4000000060
7344  -28.136  -66.490  -22.914 0.3000000119
121180  -28.166  -66.322  -21.750 0.3000000119
6683  -24.454  -67.558  -24.837 0.4000000060
6671  -24.783  -67.365  -23.313 0.4000000060
7356  -26.567  -67.383  -24.770 0.4000000060
7354  -17.995  -66.432  -24.175 0.6999999881
6686  -18.358  -66.941  -24.571 0.6999999881
6678  -18.688  -67.236  -24.537 0.6999999881
5493  -19.122  -69.212  -20.723 0.5000000000
7338  -17.369  -66.486  -23.576 0.6999999881
7353  -17.121  -66.723  -24.166 0.6999999881
6087  -17.059  -67.429  -24.319 0.8000000119
112349  -17.406  -67.902  -24.136 0.5000000000
6084  -16.531  -68.035  -24.189 0.6999999881
111800  -20.162  -68.278  -21.204 0.5000000000
6086  -16.108  -67.610  -24.098 0.6999999881
6656  -21.116  -67.700  -21.913 0.4000000060
6657  -21.876  -67.575  -21.684 0.5000000000
7331  -30.221  -66.046  -21.375 0.3000000119
5520  -15.098  -68.816  -23.881 0.6000000238
6669  -22.235  -67.529  -22.875 0.5000000000
118294  -22.940  -67.501  -23.260 0.5000000000
115696  -29.616  -66.078  -21.861 0.3000000119
5506  -15.366  -69.289  -23.674 0.5000000000
121619  -23.080  -67.484  -24.604 0.5000000000
6691  -23.799  -67.137  -25.900 0.4000000060
6682  -23.688  -67.453  -25.328 0.4000000060
6672  -25.495  -67.458  -24.504 0.4000000060
110121  -27.576  -67.219  -24.879 0.4000000060
7357  -28.256  -66.875  -24.354 0.4000000060
6697  -24.333  -67.214  -25.891 0.3000000119
6693  -24.890  -67.359  -25.712 0.4000000060
7307  -18.383  -66.665  -20.288 0.5000000000
7322  -17.795  -66.818  -21.334 0.6000000238
7324  -19.459  -66.241  -21.729 0.6000000238
7340  -19.110  -66.007  -23.368 0.6000000238
7296  -17.885  -66.431  -19.612 0.5000000000
7306  -17.230  -66.736  -20.196 0.5000000000
115280  -17.761  -66.503  -22.711 0.6000000238
6074  -18.309  -68.441  -22.911 0.6000000238
6661  -31.250  -67.750  -21.152 0.3000000119
7294  -15.716  -66.444  -19.020 0.6999999881
7305  -15.773  -66.624  -19.831 0.6000000238
7321  -16.469  -66.973  -21.009 0.6000000238
113135  -16.901  -66.829  -22.405 0.6999999881
7337  -16.269  -66.878  -23.401 0.6999999881
121381  -19.020  -67.559  -24.182 0.6000000238
6667  -19.751  -67.469  -24.085 0.6000000238
115891  -20.516  -67.884  -21.896 0.5000000000
7947  -16.290  -66.225  -18.535 0.6999999881
7293  -15.087  -66.858  -19.409 0.6000000238
7320  -15.029  -66.988  -20.639 0.6000000238
108566  -15.742  -67.051  -22.055 0.6999999881
7351  -15.595  -67.185  -23.380 0.6999999881
6668  -20.574  -67.633  -23.085 0.5000000000
7316  -29.282  -66.318  -20.812 0.3000000119
7286  -15.817  -66.758  -18.318 0.6999999881
6622  -15.409  -67.183  -18.572 0.6000000238
124950  -15.285  -66.826  -18.852 0.6999999881
112336  -14.583  -67.510  -21.064 0.6000000238
6082  -14.972  -68.311  -23.812 0.6999999881
6679  -20.668  -67.324  -24.564 0.5000000000
6680  -21.380  -67.265  -24.940 0.5000000000
6632  -14.936  -67.137  -19.120 0.6000000238
6643  -14.479  -67.743  -20.690 0.6000000238
6654  -14.160  -67.900  -22.520 0.6000000238
6081  -13.992  -68.704  -23.448 0.6000000238
5519  -14.270  -69.128  -23.692 0.6000000238
6689  -21.059  -66.967  -25.261 0.5000000000
7345  -28.969  -66.299  -22.513 0.3000000119
6019  -15.992  -67.690  -18.346 0.6999999881
6018  -15.270  -67.563  -18.902 0.6000000238
6034  -14.834  -67.620  -19.728 0.6000000238
6062  -14.205  -68.208  -21.517 0.5000000000
128794  -13.895  -68.857  -22.206 0.5000000000
5518  -13.163  -69.858  -23.327 0.5000000000
4961  -14.518  -69.514  -23.692 0.5000000000
6690  -21.885  -67.030  -25.513 0.5000000000
7999  -24.760  -66.700  -25.593 0.3000000119
7366  -25.194  -66.952  -25.867 0.3000000119
6698  -25.360  -67.189  -25.757 0.3000000119
6700  -27.229  -67.060  -25.485 0.4000000060
125310  -27.569  -67.078  -25.403 0.4000000060
4960  -13.647  -69.953  -23.609 0.5000000000
7365  -24.150  -67.176  -25.855 0.3000000119
6694  -25.927  -67.347  -25.533 0.4000000060
7955  -18.338  -66.026  -19.220 0.5000000000
123046  -19.210  -66.000  -19.351 0.5000000000
7298  -19.695  -66.144  -19.715 0.5000000000
8623  -17.223  -65.067  -18.689 0.5000000000
8624  -17.595  -64.785  -19.021 0.5000000000
7954  -17.220  -65.892  -19.033 0.5000000000
7297  -18.872  -66.362  -19.668 0.5000000000
7308  -19.260  -66.466  -20.425 0.5000000000
7975  -19.987  -65.653  -23.115 0.6000000238
7974  -19.627  -65.857  -24.276 0.6000000238
6687  -19.106  -66.923  -24.717 0.8000000119
6069  -32.602  -68.433  -22.276 0.3000000119
8615  -16.802  -65.492  -18.305 0.6000000238
7953  -16.621  -66.052  -18.770 0.6000000238
127054  -20.204  -65.985  -24.714 0.4000000060
6663  -33.122  -67.416  -22.332 0.3000000119
7934  -16.436  -66.162  -17.940 0.6999999881
7362  -20.723  -66.492  -25.061 0.5000000000
126449  -19.295  -67.120  -24.702 0.6000000238
7333  -31.607  -66.458  -21.412 0.3000000119
7332  -30.918  -66.123  -21.271 0.3000000119
7275  -16.472  -66.811  -17.643 0.6999999881
7996  -21.316  -66.188  -25.203 0.4000000060
7971  -30.970  -65.747  -21.955 0.3000000119
6623  -16.077  -67.271  -18.010 0.6000000238
7363  -21.584  -66.680  -25.456 0.4000000060
127333  -28.979  -66.555  -23.850 0.3000000119
6607  -16.882  -67.407  -17.490 0.6000000238
122508  -16.621  -67.732  -17.896 0.6999999881
6035  -15.551  -68.223  -19.483 0.6000000238
6051  -14.583  -68.211  -20.731 0.5000000000
5491  -14.487  -69.070  -21.593 0.5000000000
119774  -12.909  -69.926  -23.107 0.6000000238
7997  -21.917  -66.303  -25.458 0.4000000060
7364  -22.392  -66.809  -25.696 0.4000000060
7989  -24.752  -65.975  -24.579 0.3000000119
7990  -25.664  -65.802  -24.943 0.3000000119
8657  -26.280  -65.572  -25.072 0.3000000119
8001  -26.587  -66.036  -25.443 0.3000000119
7373  -26.838  -66.931  -25.599 0.4000000060
4914  -16.123  -69.648  -20.342 0.5000000000
5474  -15.299  -69.302  -20.961 0.5000000000
4929  -12.852  -70.416  -22.667 0.5000000000
4943  -12.667  -70.661  -23.123 0.6000000238
4370  -12.713  -71.047  -23.306 0.5000000000
7998  -23.729  -66.724  -25.675 0.3000000119
5475  -15.623  -68.707  -20.340 0.5000000000
4931  -14.609  -70.043  -21.362 0.5000000000
4346  -13.566  -70.710  -21.744 0.5000000000
4331  -13.560  -71.593  -21.446 0.5000000000
114422  -17.617  -63.531  -19.472 0.5000000000
114040  -18.408  -64.305  -19.231 0.5000000000
8626  -20.579  -64.804  -18.864 0.5000000000
114951  -21.096  -65.319  -19.247 0.5000000000
7957  -20.544  -65.842  -19.802 0.5000000000
8616  -17.294  -64.601  -18.676 0.5000000000
7968  -21.581  -65.555  -21.180 0.4000000060
8622  -16.883  -65.518  -18.545 0.5000000000
7967  -20.863  -65.560  -22.336 0.4000000060
6077  -32.414  -69.425  -22.545 0.3000000119
6079  -33.653  -68.469  -22.548 0.3000000119
8606  -17.203  -64.801  -18.095 0.6000000238
126830  -20.529  -65.505  -23.426 0.4000000060
8605  -16.970  -65.563  -17.726 0.6000000238
6662  -32.018  -67.361  -21.544 0.3000000119
7334  -32.535  -66.385  -22.040 0.3000000119
7262  -16.978  -66.277  -17.377 0.6000000238
7986  -21.496  -65.743  -24.803 0.4000000060
6592  -17.263  -66.976  -16.991 0.6000000238
7978  -23.170  -65.658  -23.474 0.4000000060
7987  -22.381  -65.851  -24.858 0.4000000060
7346  -30.414  -65.850  -22.332 0.3000000119
7988  -23.489  -66.034  -24.764 0.3000000119
8625  -19.591  -64.945  -18.881 0.5000000000
8627  -21.625  -64.606  -18.924 0.4000000060
111204  -17.370  -63.903  -19.125 0.5000000000
7958  -22.162  -65.105  -19.471 0.4000000060
7963  -21.427  -65.611  -20.012 0.4000000060
9312  -17.536  -62.958  -19.649 0.6000000238
7969  -22.429  -65.450  -21.261 0.4000000060
118970  -21.764  -65.468  -22.433 0.4000000060
7348  -34.003  -66.418  -22.943 0.3000000119
6673  -33.867  -67.616  -22.711 0.3000000119
7920  -17.449  -65.848  -17.199 0.6000000238
7977  -22.019  -65.524  -23.709 0.4000000060
122330  -25.085  -65.257  -23.144 0.3000000119
6593  -17.781  -67.616  -17.049 0.6000000238
9313  -18.226  -63.269  -19.800 0.5000000000
9314  -19.693  -63.912  -19.088 0.5000000000
9315  -21.065  -63.987  -18.769 0.4000000060
122823  -17.694  -62.873  -19.978 0.5000000000
10102  -18.170  -62.403  -20.376 0.5000000000
8628  -22.583  -64.371  -19.096 0.4000000060
9308  -17.361  -63.515  -19.125 0.6000000238
10101  -17.667  -62.336  -20.202 0.6000000238
9301  -17.429  -63.963  -18.470 0.6000000238
7965  -23.764  -64.749  -20.337 0.4000000060
7970  -23.410  -65.294  -21.159 0.4000000060
8588  -17.727  -65.156  -17.314 0.6000000238
113882  -22.770  -65.508  -22.322 0.4000000060
7966  -24.350  -64.877  -21.184 0.4000000060
118022  -23.906  -65.437  -22.128 0.4000000060
113585  -24.807  -65.069  -22.170 0.4000000060
7972  -31.830  -65.771  -21.967 0.3000000119
7983  -34.589  -65.435  -23.035 0.3000000119
7921  -18.066  -65.937  -16.718 0.6000000238
7992  -32.062  -64.549  -23.761 0.3000000119
7264  -17.945  -66.720  -16.583 0.6000000238
121566  -17.982  -67.269  -16.628 0.6000000238
7247  -19.033  -66.518  -15.908 0.6999999881
8573  -19.353  -65.190  -16.380 0.6999999881
6577  -18.517  -67.121  -16.131 0.6000000238
7907  -19.588  -65.857  -15.881 0.6999999881
6578  -19.174  -67.243  -15.562 0.6000000238
8590  -19.760  -64.440  -16.494 0.6999999881
8575  -20.587  -64.368  -16.198 0.6000000238
7248  -19.723  -66.565  -15.418 0.6999999881
8574  -20.171  -65.156  -16.000 0.6999999881
10091  -19.263  -62.781  -19.879 0.5000000000
10092  -20.524  -63.060  -19.414 0.5000000000
10103  -19.141  -62.101  -20.505 0.5000000000
10105  -21.418  -62.334  -19.950 0.5000000000
10093  -22.387  -63.078  -19.317 0.4000000060
9316  -22.073  -63.876  -18.812 0.4000000060
10084  -17.522  -62.762  -19.444 0.6000000238
10850  -17.744  -61.714  -20.326 0.6000000238
10851  -17.968  -61.802  -20.587 0.6000000238
10860  -19.003  -61.090  -21.054 0.6000000238
8629  -23.312  -64.164  -19.337 0.4000000060
9283  -17.759  -64.294  -17.730 0.6000000238
10847  -17.699  -61.445  -20.065 0.6000000238
10858  -17.994  -61.329  -20.591 0.6000000238
7959  -23.127  -64.634  -19.626 0.4000000060
9302  -17.960  -63.541  -17.991 0.6000000238
10824  -17.841  -62.408  -18.954 0.6000000238
11595  -18.001  -61.098  -19.804 0.6000000238
11602  -17.887  -60.629  -20.062 0.6000000238
8633  -24.515  -64.221  -20.533 0.4000000060
9341  -25.167  -63.340  -22.201 0.4000000060
9284  -18.533  -64.000  -17.366 0.6000000238
10071  -18.386  -62.758  -18.211 0.6000000238
124403  -18.539  -62.115  -18.615 0.6000000238
11596  -18.583  -60.804  -19.418 0.6000000238
12336  -18.073  -59.905  -19.874 0.6000000238
8636  -25.011  -64.362  -21.470 0.4000000060
8637  -25.389  -63.915  -22.214 0.4000000060
110655  -18.552  -65.201  -16.740 0.6000000238
10057  -18.818  -63.324  -17.543 0.5000000000
117305  -19.160  -62.754  -17.690 0.6000000238
10840  -18.930  -61.514  -18.776 0.6000000238
111966  -18.680  -59.721  -19.452 0.6000000238
12337  -18.242  -58.726  -19.713 0.6999999881
7246  -18.485  -66.441  -16.320 0.6999999881
8589  -18.982  -64.517  -16.831 0.6000000238
10825  -19.235  -62.181  -18.159 0.6000000238
13079  -18.568  -57.607  -19.491 0.6000000238
13887  -18.740  -56.905  -19.357 0.6000000238
120877  -19.631  -61.468  -18.525 0.6000000238
128098  -19.916  -60.808  -18.793 0.6000000238
12338  -19.674  -59.857  -19.086 0.6000000238
13080  -19.031  -57.584  -18.916 0.6000000238
111485  -20.056  -63.715  -16.672 0.6000000238
10072  -19.811  -62.581  -17.535 0.6000000238
10841  -20.367  -61.342  -18.389 0.5000000000
11598  -20.651  -60.461  -18.723 0.6000000238
128475  -19.925  -58.967  -19.024 0.6000000238
10073  -20.594  -62.477  -17.379 0.5000000000
7908  -20.397  -65.862  -15.440 0.6999999881
117658  -20.850  -63.626  -16.457 0.5000000000
10060  -21.106  -62.981  -16.801 0.6000000238
10827  -20.866  -61.840  -17.783 0.5000000000
10074  -21.561  -62.413  -17.226 0.6000000238
8482  -20.712  -64.511  -7.968 0.6000000238
7811  -21.163  -65.060  -8.710 0.6000000238
10104  -20.142  -62.182  -20.284 0.5000000000
10853  -19.730  -61.484  -20.856 0.5000000000
10854  -20.887  -61.570  -20.761 0.5000000000
10106  -22.661  -62.290  -20.128 0.5000000000
10094  -23.360  -63.078  -19.571 0.4000000060
12348  -18.081  -60.179  -20.346 0.5000000000
11609  -19.298  -60.444  -21.063 0.5000000000
12359  -20.315  -59.488  -20.895 0.5000000000
116861  -24.045  -63.220  -19.923 0.4000000060
10108  -24.444  -63.058  -20.598 0.4000000060
12357  -18.698  -59.927  -20.777 0.5000000000
13103  -19.735  -58.777  -20.697 0.5000000000
10113  -24.701  -62.838  -21.705 0.4000000060
122004  -24.984  -62.420  -22.957 0.4000000060
13093  -18.000  -58.798  -20.032 0.5000000000
13094  -18.968  -57.908  -20.384 0.5000000000
13102  -18.616  -58.895  -20.456 0.5000000000
9324  -24.914  -63.695  -21.090 0.4000000060
13087  -18.206  -58.213  -19.897 0.6000000238
127922  -19.283  -57.340  -20.262 0.6000000238
13886  -18.495  -57.543  -19.686 0.6000000238
13901  -18.723  -57.120  -20.011 0.5000000000
14623  -19.029  -56.253  -19.143 0.4000000060
14638  -19.771  -55.935  -19.517 0.4000000060
15536  -20.550  -55.728  -19.647 0.4000000060
12329  -20.964  -58.719  -18.827 0.6000000238
13081  -19.772  -58.068  -18.914 0.6000000238
14612  -19.395  -55.809  -19.109 0.5000000000
15520  -20.026  -55.401  -19.148 0.4000000060
15521  -20.962  -55.261  -19.463 0.4000000060
16400  -21.501  -54.665  -19.269 0.4000000060
6579  -19.831  -67.320  -14.968 0.6999999881
12339  -20.533  -59.565  -18.916 0.6000000238
13068  -19.579  -57.033  -18.803 0.5000000000
16399  -20.590  -54.874  -18.963 0.4000000060
9270  -21.385  -64.187  -15.862 0.6000000238
10828  -21.747  -61.679  -17.817 0.5000000000
11599  -21.515  -60.548  -18.589 0.5000000000
13069  -20.847  -57.673  -18.669 0.5000000000
14596  -20.295  -55.523  -18.671 0.5000000000
15506  -19.995  -55.407  -19.059 0.4000000060
16388  -22.048  -54.040  -19.039 0.4000000060
9286  -21.622  -63.489  -16.242 0.6000000238
12341  -22.369  -59.609  -18.642 0.5000000000
126762  -20.623  -63.025  -7.595 0.6999999881
9177  -21.170  -63.808  -7.984 0.6000000238
9940  -21.692  -62.656  -8.138 0.6999999881
8498  -21.454  -64.265  -8.539 0.6000000238
10698  -22.727  -61.960  -8.817 0.6000000238
8506  -21.740  -64.665  -9.263 0.6000000238
9186  -22.402  -63.342  -9.310 0.6000000238
9949  -22.704  -62.559  -9.262 0.6000000238
10706  -23.682  -61.425  -9.528 0.6000000238
10707  -24.235  -61.135  -9.785 0.6000000238
7829  -21.523  -65.447  -9.506 0.5000000000
8507  -22.265  -64.208  -9.712 0.6000000238
9204  -22.720  -63.644  -10.248 0.6000000238
9959  -22.955  -62.832  -9.950 0.6000000238
10718  -23.823  -61.712  -10.110 0.6000000238
7840  -21.878  -65.752  -10.278 0.5000000000
8515  -22.092  -65.002  -9.997 0.5000000000
115839  -23.704  -62.477  -11.073 0.5000000000
9961  -24.028  -61.966  -10.807 0.5000000000
124346  -19.794  -60.924  -21.156 0.4000000060
10861  -20.597  -61.055  -21.147 0.5000000000
10856  -23.065  -61.764  -20.957 0.5000000000
10107  -23.741  -62.563  -20.322 0.4000000060
7841  -22.336  -65.299  -10.808 0.5000000000
8516  -22.527  -64.495  -10.548 0.5000000000
9972  -23.678  -62.788  -11.677 0.5000000000
9973  -24.145  -62.198  -11.516 0.5000000000
12360  -21.077  -59.753  -20.960 0.5000000000
10112  -24.006  -62.141  -21.406 0.4000000060
11617  -24.951  -61.067  -22.630 0.4000000060
11618  -25.949  -60.655  -23.248 0.4000000060
7850  -22.165  -66.054  -11.028 0.5000000000
8523  -23.055  -64.158  -11.858 0.5000000000
9216  -23.330  -63.488  -11.750 0.6000000238
9990  -24.176  -62.461  -12.339 0.6000000238
108707  -24.412  -62.046  -22.357 0.4000000060
125427  -22.643  -65.273  -12.220 0.6000000238
8535  -23.243  -63.872  -12.533 0.6000000238
9226  -23.620  -63.129  -12.459 0.6999999881
13095  -20.119  -57.831  -20.541 0.4000000060
6549  -21.518  -67.561  -12.594 0.6000000238
13902  -19.664  -56.742  -20.093 0.5000000000
111301  -22.319  -56.206  -19.763 0.4000000060
6568  -21.280  -67.283  -13.613 0.6000000238
14639  -20.641  -56.324  -20.033 0.4000000060
7233  -21.222  -66.599  -14.345 0.6000000238
7889  -21.211  -65.903  -14.938 0.6000000238
15522  -21.958  -55.365  -19.633 0.4000000060
8576  -21.817  -64.618  -15.323 0.6000000238
7909  -21.114  -65.080  -15.552 0.6999999881
10061  -22.427  -62.645  -16.723 0.6000000238
10075  -22.473  -62.095  -17.372 0.5000000000
10843  -22.013  -61.028  -18.389 0.5000000000
110963  -21.314  -62.336  -7.790 0.6999999881
10689  -21.942  -61.785  -8.094 0.6999999881
118043  -22.721  -61.181  -8.444 0.6000000238
10699  -23.295  -61.388  -9.004 0.6000000238
11461  -23.393  -60.688  -8.626 0.6000000238
11475  -23.900  -60.885  -9.185 0.6000000238
11476  -24.723  -60.431  -9.433 0.6999999881
11493  -24.813  -60.880  -10.112 0.6000000238
10719  -24.438  -61.402  -10.457 0.6000000238
11612  -22.164  -60.749  -21.197 0.5000000000
10862  -21.559  -61.150  -21.106 0.5000000000
10855  -21.994  -61.621  -20.765 0.5000000000
10863  -22.538  -61.232  -21.198 0.5000000000
10736  -24.628  -61.600  -11.204 0.6000000238
115576  -25.736  -60.578  -11.038 0.5000000000
10864  -23.401  -61.408  -21.435 0.5000000000
10865  -24.167  -61.405  -21.990 0.4000000060
120139  -24.760  -62.049  -12.638 0.6000000238
10751  -24.724  -61.837  -11.983 0.6000000238
10737  -25.432  -61.166  -11.661 0.5000000000
7221  -21.925  -66.739  -13.016 0.6000000238
7212  -22.352  -66.003  -12.476 0.4000000060
9244  -23.449  -63.497  -13.291 0.6000000238
9989  -23.954  -62.810  -13.141 0.6000000238
10752  -25.345  -61.563  -12.540 0.6000000238
13096  -21.361  -58.197  -20.563 0.4000000060
13097  -22.396  -58.524  -20.504 0.4000000060
7222  -22.229  -65.947  -13.449 0.5000000000
7862  -22.630  -65.248  -13.024 0.5000000000
8548  -22.958  -64.369  -13.389 0.6000000238
10006  -23.795  -63.038  -13.982 0.6000000238
10007  -24.465  -62.477  -13.770 0.6000000238
10793  -25.144  -62.063  -14.361 0.6000000238
13903  -20.913  -57.182  -20.396 0.5000000000
116878  -21.734  -66.522  -13.739 0.6000000238
8562  -22.770  -64.355  -14.218 0.6000000238
9258  -23.224  -63.766  -14.080 0.6000000238
10024  -24.308  -62.562  -14.785 0.6000000238
10794  -25.704  -61.524  -14.856 0.6000000238
14640  -21.596  -56.728  -20.176 0.4000000060
7875  -21.851  -65.914  -14.269 0.5000000000
7876  -22.442  -65.121  -14.028 0.6000000238
9257  -22.826  -63.859  -14.783 0.6000000238
10043  -24.444  -62.343  -15.810 0.6000000238
112074  -25.142  -62.007  -15.324 0.6000000238
7890  -21.862  -65.236  -14.866 0.6000000238
8561  -22.360  -64.544  -14.798 0.6000000238
112089  -22.950  -63.329  -15.461 0.6000000238
10042  -23.670  -62.795  -15.511 0.6000000238
9287  -22.367  -63.221  -16.117 0.6000000238
10076  -23.174  -61.766  -17.521 0.5000000000
12342  -23.067  -60.048  -18.513 0.5000000000
10688  -20.986  -61.622  -7.648 0.6999999881
122118  -19.883  -60.682  -8.245 0.6999999881
11448  -21.025  -60.711  -7.736 0.6999999881
122438  -21.509  -61.032  -7.779 0.6999999881
10690  -22.129  -60.799  -7.957 0.6999999881
11460  -22.784  -60.382  -8.157 0.6000000238
11462  -24.091  -60.234  -8.750 0.6000000238
12217  -24.790  -59.708  -8.797 0.5000000000
12233  -25.554  -59.659  -9.428 0.5000000000
12248  -26.066  -59.687  -10.094 0.5000000000
11495  -26.252  -59.899  -10.876 0.5000000000
117868  -22.698  -60.330  -21.086 0.4000000060
11613  -23.188  -60.896  -21.453 0.5000000000
12363  -24.539  -59.937  -21.495 0.5000000000
11614  -24.264  -60.726  -21.821 0.5000000000
12366  -25.220  -60.281  -22.348 0.4000000060
12351  -21.734  -59.180  -20.747 0.4000000060
12362  -23.533  -60.208  -21.174 0.4000000060
11534  -26.012  -60.935  -12.462 0.6000000238
10772  -25.785  -61.513  -14.007 0.6000000238
10773  -26.269  -60.935  -13.769 0.6000000238
10809  -25.652  -61.374  -15.673 0.6000000238
10795  -26.212  -61.020  -14.516 0.6000000238
10063  -24.308  -62.062  -16.656 0.6000000238
10808  -25.116  -61.763  -16.251 0.6000000238
10810  -26.065  -61.013  -15.181 0.6000000238
9288  -23.100  -62.827  -16.156 0.6000000238
10818  -25.522  -60.999  -16.470 0.5000000000
10816  -23.963  -61.679  -17.370 0.6000000238
10831  -24.222  -61.121  -17.697 0.5000000000
11591  -23.879  -60.439  -18.089 0.5000000000
11458  -19.902  -59.907  -8.792 0.6999999881
11459  -20.503  -60.282  -8.037 0.6999999881
12202  -21.221  -59.888  -7.909 0.6999999881
11449  -21.637  -60.317  -7.798 0.6999999881
12203  -21.990  -59.438  -7.871 0.6000000238
11450  -22.220  -60.086  -7.824 0.6999999881
12216  -23.470  -59.932  -8.285 0.4000000060
12214  -20.707  -59.411  -8.391 0.6999999881
12215  -21.420  -58.986  -8.195 0.6000000238
109271  -24.133  -59.587  -8.397 0.5000000000
123629  -19.295  -59.601  -10.316 0.6999999881
12231  -19.730  -59.321  -9.759 0.6999999881
12218  -25.339  -59.179  -8.785 0.5000000000
12273  -19.015  -58.959  -11.076 0.6999999881
12986  -25.923  -58.897  -9.147 0.5000000000
13023  -18.761  -58.556  -11.369 0.6000000238
13827  -18.551  -57.985  -11.609 0.6000000238
13813  -18.197  -57.306  -11.592 0.6000000238
15410  -17.071  -56.305  -12.036 0.5000000000
15391  -17.168  -55.660  -11.237 0.5000000000
12354  -24.783  -59.302  -21.094 0.4000000060
12364  -25.524  -59.411  -21.994 0.4000000060
11585  -25.520  -60.083  -16.329 0.6000000238
107206  -22.683  -58.762  -7.834 0.5000000000
12970  -23.588  -59.042  -7.976 0.5000000000
12232  -20.315  -58.963  -9.141 0.6000000238
12968  -20.935  -58.473  -8.629 0.6000000238
12969  -21.426  -58.401  -8.285 0.6000000238
116020  -22.562  -58.076  -7.711 0.6000000238
12956  -24.142  -58.236  -7.727 0.5000000000
12971  -24.658  -58.931  -8.262 0.5000000000
12247  -19.433  -58.960  -10.538 0.6999999881
12984  -19.971  -58.483  -9.900 0.6000000238
12985  -20.498  -58.237  -9.298 0.6000000238
13768  -21.378  -57.899  -8.302 0.6000000238
12973  -26.132  -58.125  -8.911 0.5000000000
13003  -19.547  -58.326  -10.488 0.6999999881
14496  -20.024  -57.226  -9.312 0.6000000238
14481  -20.346  -56.813  -8.473 0.6000000238
13754  -21.109  -57.192  -8.041 0.6000000238
13800  -19.264  -57.912  -10.781 0.6000000238
13779  -19.693  -57.705  -10.096 0.6000000238
14495  -19.349  -56.861  -9.749 0.6000000238
13814  -18.773  -57.564  -11.124 0.6000000238
125807  -18.778  -56.582  -10.145 0.6000000238
15349  -18.795  -56.012  -9.443 0.6000000238
14480  -19.573  -56.418  -8.902 0.6000000238
14517  -18.402  -56.738  -10.848 0.5000000000
14516  -17.796  -56.073  -10.777 0.5000000000
14494  -18.247  -56.024  -10.195 0.5000000000
13915  -26.193  -58.156  -21.452 0.4000000060
16296  -16.504  -54.738  -11.606 0.5000000000
15370  -17.579  -55.368  -10.330 0.5000000000
15348  -18.130  -55.380  -9.654 0.6000000238
15332  -18.477  -55.267  -9.047 0.6000000238
16285  -16.698  -54.198  -10.731 0.5000000000
16297  -16.968  -54.926  -10.760 0.4000000060
15347  -17.674  -54.862  -9.744 0.5000000000
16270  -18.040  -54.724  -9.218 0.6000000238
12955  -23.263  -58.209  -7.628 0.6000000238
13758  -24.453  -57.471  -7.504 0.5000000000
12957  -24.989  -58.075  -7.888 0.5000000000
13756  -22.872  -57.540  -7.372 0.6000000238
13757  -23.684  -57.574  -7.382 0.5000000000
13769  -25.627  -57.736  -8.291 0.5000000000
14464  -21.586  -56.653  -7.328 0.6999999881
14465  -22.469  -56.838  -7.102 0.6999999881
14463  -20.720  -56.382  -7.630 0.6999999881
15334  -19.932  -55.992  -8.032 0.6000000238
15333  -19.097  -55.471  -8.472 0.6000000238
15320  -20.360  -55.578  -7.251 0.6999999881
15319  -19.619  -55.183  -7.590 0.6999999881
17148  -15.703  -53.023  -12.274 0.5000000000
17137  -16.546  -53.328  -10.631 0.5000000000
16286  -17.222  -54.561  -10.166 0.4000000060
16269  -17.557  -54.202  -9.535 0.6000000238
16254  -18.498  -54.649  -8.584 0.6000000238
17964  -16.037  -52.779  -11.315 0.5000000000
17138  -17.042  -53.761  -10.035 0.4000000060
17123  -17.517  -53.262  -9.400 0.5000000000
13759  -25.156  -57.268  -7.754 0.5000000000
108567  -24.001  -57.027  -7.122 0.5000000000
14466  -23.313  -56.949  -7.040 0.6000000238
14454  -22.979  -56.263  -6.673 0.5000000000
14456  -24.339  -55.773  -6.816 0.5000000000
14453  -22.068  -56.095  -6.736 0.6999999881
15321  -21.159  -55.891  -6.923 0.6999999881
15303  -20.778  -55.132  -6.575 0.6000000238
16255  -19.033  -54.581  -7.901 0.6999999881
16241  -20.059  -54.778  -6.924 0.6000000238
17124  -18.006  -53.964  -8.876 0.6000000238
110357  -18.595  -53.821  -8.212 0.6000000238
17952  -16.472  -52.470  -10.510 0.5000000000
17953  -16.929  -52.940  -9.950 0.4000000060
17107  -18.179  -53.070  -8.663 0.6000000238
112786  -16.431  -51.787  -10.371 0.4000000060
17944  -16.928  -52.120  -9.780 0.4000000060
17936  -17.655  -52.310  -9.141 0.5000000000
15306  -23.532  -55.642  -6.515 0.5000000000
15305  -22.616  -55.461  -6.352 0.6000000238
15304  -21.647  -55.315  -6.391 0.6000000238
111599  -21.289  -54.648  -6.205 0.6000000238
16224  -22.160  -54.553  -5.985 0.5000000000
16222  -20.604  -54.192  -6.426 0.6000000238
120503  -19.210  -53.773  -7.564 0.6999999881
17089  -19.813  -53.919  -6.945 0.5000000000
18793  -17.332  -51.335  -9.318 0.4000000060
21281  -14.934  -47.731  -7.405 0.4000000060
112530  -15.663  -47.268  -7.110 0.3000000119
16225  -23.304  -54.717  -6.166 0.5000000000
22138  -13.443  -45.857  -8.769 0.3000000119
22128  -14.831  -46.245  -7.660 0.4000000060
16223  -21.387  -53.962  -5.985 0.5000000000
17071  -22.849  -53.972  -5.832 0.5000000000
22146  -13.430  -45.507  -9.993 0.3000000119
22127  -14.304  -45.523  -8.329 0.4000000060
17069  -20.882  -53.478  -6.202 0.5000000000
21311  -13.998  -46.489  -10.340 0.3000000119
17922  -19.603  -52.982  -7.251 0.6000000238
17108  -18.862  -52.916  -7.898 0.6999999881
127743  -19.272  -52.515  -7.578 0.6000000238
18781  -17.960  -51.602  -8.748 0.5000000000
17937  -18.402  -52.202  -8.441 0.5000000000
18782  -18.568  -51.281  -8.224 0.4000000060
18766  -19.316  -51.311  -7.560 0.4000000060
21240  -17.353  -49.191  -5.572 0.3000000119
21263  -16.598  -48.323  -6.432 0.3000000119
21264  -17.490  -48.008  -6.056 0.3000000119
22108  -16.419  -46.763  -6.791 0.3000000119
22107  -15.558  -45.762  -7.514 0.4000000060
17058  -22.156  -53.626  -5.754 0.5000000000
23013  -13.985  -45.379  -9.157 0.4000000060
110996  -14.985  -45.223  -7.942 0.4000000060
17070  -21.461  -53.179  -5.912 0.5000000000
22147  -14.364  -45.871  -9.416 0.4000000060
22139  -14.970  -45.361  -8.544 0.4000000060
118914  -20.810  -52.750  -6.263 0.5000000000
21312  -15.021  -47.275  -9.717 0.4000000060
17923  -20.170  -52.394  -6.760 0.5000000000
18783  -19.019  -52.054  -7.850 0.5000000000
113096  -19.589  -52.104  -7.319 0.5000000000
19621  -17.240  -50.466  -9.141 0.3000000119
113479  -17.660  -50.030  -8.638 0.4000000060
18767  -20.087  -51.356  -6.845 0.4000000060
20397  -17.539  -49.523  -4.591 0.3000000119
22109  -17.283  -46.362  -6.502 0.4000000060
22979  -16.244  -45.254  -7.410 0.4000000060
17073  -24.565  -53.620  -6.457 0.4000000060
17905  -24.062  -53.043  -5.927 0.4000000060
22994  -15.013  -45.224  -8.246 0.4000000060
23823  -15.840  -44.922  -7.891 0.4000000060
17059  -23.011  -53.081  -5.633 0.4000000060
23007  -15.714  -44.938  -8.049 0.4000000060
22148  -15.428  -46.490  -9.032 0.4000000060
20436  -16.726  -48.677  -8.790 0.3000000119
17904  -20.769  -51.908  -6.287 0.5000000000
20438  -18.122  -49.580  -8.202 0.3000000119
21241  -18.041  -48.799  -5.061 0.3000000119
21242  -18.499  -48.273  -4.563 0.3000000119
22092  -18.264  -47.696  -5.563 0.3000000119
22965  -18.185  -46.142  -6.137 0.4000000060
22980  -17.130  -44.957  -6.919 0.3000000119
128064  -25.464  -52.808  -6.918 0.4000000060
17924  -26.179  -52.066  -7.398 0.4000000060
23808  -16.561  -44.936  -7.651 0.4000000060
17889  -23.677  -52.511  -5.629 0.4000000060
17888  -22.426  -52.341  -5.527 0.4000000060
22140  -15.932  -45.733  -8.497 0.3000000119
17887  -21.528  -52.336  -5.822 0.4000000060
21297  -16.372  -47.351  -8.719 0.3000000119
22141  -16.858  -46.564  -8.357 0.3000000119
21298  -17.211  -48.060  -8.383 0.3000000119
21218  -18.366  -48.341  -3.954 0.3000000119
22093  -18.974  -47.383  -5.134 0.4000000060
19611  -26.657  -50.945  -8.549 0.4000000060
17907  -25.658  -52.242  -6.781 0.4000000060
18750  -25.144  -52.113  -6.187 0.4000000060
23836  -16.124  -44.884  -7.836 0.4000000060
122515  -23.140  -52.296  -5.468 0.4000000060
18734  -24.782  -51.535  -5.673 0.4000000060
23008  -16.413  -45.105  -8.062 0.3000000119
18732  -22.831  -51.711  -5.332 0.4000000060
18749  -21.336  -51.585  -5.869 0.5000000000
21282  -17.735  -47.398  -8.005 0.3000000119
18748  -20.853  -51.045  -6.169 0.5000000000
123644  -18.635  -49.916  -7.939 0.3000000119
19610  -18.306  -50.364  -8.293 0.4000000060
22056  -18.766  -47.668  -3.782 0.3000000119
22981  -18.037  -44.653  -6.667 0.3000000119
112566  -26.584  -51.002  -7.792 0.4000000060
23809  -17.606  -44.435  -7.223 0.3000000119
18751  -25.582  -51.560  -6.294 0.4000000060
18752  -26.126  -51.492  -6.878 0.3000000119
22996  -16.971  -44.829  -7.538 0.3000000119
18733  -23.753  -51.808  -5.433 0.4000000060
22129  -17.360  -45.770  -8.049 0.3000000119
22130  -18.278  -46.744  -7.758 0.3000000119
19571  -21.601  -50.949  -5.638 0.4000000060
21299  -17.963  -48.654  -8.021 0.3000000119
108486  -19.200  -48.959  -7.350 0.3000000119
20426  -19.718  -49.570  -7.027 0.3000000119
19602  -20.357  -50.228  -6.556 0.3000000119
23810  -18.297  -43.884  -6.981 0.3000000119
123455  -17.723  -44.393  -7.259 0.3000000119
19590  -26.010  -51.000  -6.419 0.3000000119
19576  -25.977  -50.375  -6.110 0.4000000060
110956  -18.948  -46.228  -7.585 0.3000000119
19573  -23.325  -51.087  -5.096 0.4000000060
118344  -24.119  -51.123  -5.224 0.4000000060
21283  -18.586  -48.146  -7.597 0.3000000119
20414  -20.281  -49.232  -6.513 0.3000000119
22998  -19.223  -45.336  -7.518 0.3000000119
22131  -18.986  -47.440  -7.454 0.3000000119
19557  -23.950  -50.363  -4.835 0.3000000119
20399  -24.936  -49.964  -5.004 0.3000000119
21284  -19.243  -48.184  -7.247 0.3000000119
19556  -22.904  -50.332  -4.900 0.3000000119
125568  -21.131  -50.245  -5.864 0.3000000119
22982  -19.786  -46.340  -7.219 0.3000000119
22984  -20.930  -45.631  -6.716 0.3000000119
22110  -19.637  -47.542  -7.045 0.3000000119
120178  -20.416  -46.302  -6.823 0.3000000119
18765  -18.940  -50.549  -7.799 0.4000000060
120308  -17.454  -49.166  -8.477 0.3000000119
113237  -18.609  -49.211  -7.736 0.3000000119
6085  -18.324  -67.882  -23.871 0.6000000238
6075  -19.039  -68.095  -23.079 0.5000000000
6063  -18.640  -68.752  -21.826 0.5000000000
5508  -17.551  -69.678  -21.799 0.5000000000
6685  -17.460  -66.961  -24.419 0.6999999881
7994  -19.619  -66.475  -24.637 0.6999999881
7352  -16.185  -67.049  -24.005 0.6999999881
6083  -15.731  -68.271  -24.038 0.6999999881
6644  -20.816  -68.015  -20.950 0.4000000060
6676  -15.335  -67.557  -23.659 0.6999999881
6681  -22.206  -67.416  -24.550 0.5000000000
7347  -30.959  -65.616  -23.347 0.3000000119
107704  -22.921  -67.100  -25.681 0.5000000000
107572  -23.252  -66.986  -25.857 0.3000000119
7325  -20.255  -65.886  -21.688 0.6000000238
7323  -18.552  -66.413  -22.272 0.6000000238
7309  -20.047  -66.173  -20.596 0.5000000000
7295  -16.640  -66.363  -19.409 0.6000000238
6651  -31.092  -66.854  -20.887 0.3000000119
112206  -14.808  -67.311  -19.966 0.6000000238
7336  -15.370  -67.133  -22.796 0.6999999881
6688  -20.014  -66.937  -24.969 0.5000000000
6076  -19.903  -67.940  -22.484 0.5000000000
123049  -14.444  -67.586  -21.955 0.6000000238
6072  -13.830  -68.385  -23.007 0.6999999881
5490  -13.308  -69.382  -22.759 0.5000000000
7359  -30.665  -65.554  -24.527 0.3000000119
4930  -13.663  -69.665  -22.120 0.5000000000
8007  -26.325  -66.899  -25.638 0.3000000119
7370  -30.304  -65.755  -24.925 0.3000000119
116505  -22.119  -65.425  -20.365 0.4000000060
10070  -17.528  -63.133  -18.742 0.6000000238
7906  -18.862  -65.863  -16.319 0.6999999881
9285  -19.307  -63.842  -16.999 0.6000000238
10059  -20.326  -63.084  -17.001 0.6000000238
10838  -17.687  -61.965  -19.622 0.6000000238
11610  -20.297  -60.290  -21.098 0.5000000000
9323  -24.350  -63.694  -20.150 0.4000000060
124790  -17.970  -59.466  -20.070 0.5000000000
11597  -19.239  -60.733  -19.064 0.6000000238
14637  -19.061  -56.368  -19.344 0.4000000060
7232  -20.478  -66.592  -14.903 0.6000000238
9195  -21.979  -64.009  -9.023 0.6000000238
12350  -20.759  -58.889  -20.755 0.4000000060
14625  -21.447  -56.015  -19.858 0.4000000060
6567  -20.567  -67.336  -14.380 0.6000000238
9185  -21.760  -63.416  -8.466 0.6000000238
9205  -23.243  -63.063  -10.898 0.6000000238
8522  -22.708  -64.785  -11.506 0.5000000000
7851  -22.440  -65.618  -11.621 0.4000000060
9271  -22.192  -63.902  -15.499 0.5000000000
13905  -22.943  -57.920  -20.218 0.5000000000
10023  -23.468  -63.213  -14.753 0.6000000238
13036  -18.236  -58.538  -11.818 0.6000000238
13755  -21.993  -57.516  -7.657 0.5000000000
13780  -20.250  -57.855  -9.575 0.6000000238
13767  -20.679  -57.626  -8.837 0.6000000238
13799  -19.069  -57.249  -10.482 0.6000000238
17149  -16.203  -53.692  -11.488 0.5000000000
16240  -19.536  -54.457  -7.358 0.6000000238
21280  -14.078  -46.732  -7.975 0.3000000119
17072  -23.663  -53.811  -6.026 0.4000000060
19609  -17.843  -50.845  -8.735 0.4000000060
20437  -17.011  -49.660  -8.966 0.3000000119
17906  -24.997  -52.815  -6.432 0.4000000060
113506  -21.991  -51.663  -5.514 0.4000000060
19601  -19.614  -50.483  -7.246 0.3000000119
119993  -17.884  -45.163  -7.707 0.3000000119
19572  -22.430  -50.990  -5.274 0.4000000060
3209  -15.553  -73.625  -19.376 0.5000000000
3756  -15.021  -73.054  -19.934 0.5000000000
3763  -14.741  -72.263  -20.374 0.4000000060
3206  -16.203  -73.795  -18.529 0.5000000000
120608  -16.187  -73.174  -18.867 0.5000000000
3757  -15.822  -72.712  -19.383 0.5000000000
112359  -15.439  -72.275  -19.862 0.5000000000
4332  -14.498  -71.272  -20.918 0.4000000060
3752  -16.801  -73.123  -18.177 0.4000000060
4325  -16.118  -71.769  -19.591 0.5000000000
4913  -15.431  -70.456  -20.636 0.4000000060
3753  -17.287  -72.334  -18.236 0.5000000000
4319  -16.698  -72.269  -18.898 0.5000000000
4320  -17.495  -71.545  -18.549 0.5000000000
4326  -16.985  -71.007  -19.338 0.5000000000
124164  -16.735  -70.103  -19.819 0.5000000000
4315  -17.834  -71.927  -17.860 0.5000000000
4893  -17.808  -70.553  -18.791 0.5000000000
4901  -17.378  -69.877  -19.412 0.5000000000
5457  -16.639  -69.079  -19.819 0.5000000000
4307  -19.390  -71.097  -16.175 0.5000000000
4316  -18.458  -71.564  -17.299 0.5000000000
4321  -18.258  -71.070  -18.153 0.5000000000
110052  -18.768  -70.732  -17.664 0.5000000000
4894  -18.590  -70.064  -18.311 0.5000000000
125220  -17.956  -69.709  -18.898 0.5000000000
4881  -19.123  -70.889  -16.995 0.5000000000
4882  -19.531  -70.193  -16.568 0.5000000000
5436  -20.137  -69.443  -15.153 0.5000000000
4887  -19.176  -70.076  -17.469 0.5000000000
5435  -19.746  -69.427  -16.027 0.5000000000
5444  -18.836  -69.267  -17.854 0.5000000000
4888  -19.325  -69.317  -16.948 0.5000000000
5448  -18.191  -69.160  -18.551 0.5000000000
6021  -18.230  -68.629  -18.047 0.5000000000
5458  -17.470  -69.053  -19.183 0.5000000000
6036  -16.452  -68.395  -19.101 0.5000000000
5988  -20.437  -68.517  -14.127 0.5000000000
5987  -20.053  -67.963  -14.541 0.6000000238
113919  -19.779  -68.775  -15.503 0.5000000000
6000  -19.262  -68.472  -16.203 0.5000000000
5995  -19.440  -67.993  -15.253 0.5000000000
109785  -18.488  -67.772  -16.474 0.5000000000
6006  -17.531  -68.019  -17.626 0.5000000000
6020  -17.323  -68.412  -18.475 0.5000000000
6558  -21.101  -67.970  -13.232 0.5000000000
6557  -20.651  -67.954  -13.873 0.5000000000
7808  -18.528  -65.010  -7.823 0.5000000000
7793  -20.060  -64.971  -7.756 0.6000000238
8497  -18.107  -64.337  -8.081 0.5000000000
8480  -19.038  -64.132  -7.633 0.5000000000
115527  -20.499  -63.622  -7.629 0.6000000238
115412  -19.733  -63.626  -7.573 0.6000000238
9184  -18.419  -63.478  -8.168 0.5000000000
9175  -19.222  -63.180  -7.756 0.6000000238
9938  -18.690  -62.633  -8.375 0.5000000000
9176  -20.030  -62.879  -7.550 0.6000000238
10687  -20.180  -61.972  -7.626 0.6000000238
9939  -18.930  -61.769  -8.616 0.5000000000
10696  -19.593  -61.419  -8.097 0.6000000238
10697  -20.377  -61.125  -7.808 0.6000000238
10704  -18.700  -61.424  -9.557 0.5000000000
10705  -19.274  -60.816  -8.918 0.5000000000
11492  -18.914  -60.189  -10.464 0.5000000000
12246  -18.949  -59.515  -10.875 0.6000000238
13035  -17.599  -58.465  -12.263 0.6000000238
12294  -17.853  -59.141  -11.973 0.5000000000
11474  -19.352  -60.081  -9.708 0.6000000238
12272  -18.498  -59.243  -11.457 0.5000000000
14547  -17.527  -57.097  -12.117 0.6000000238
13826  -17.948  -57.851  -12.068 0.6000000238
14535  -17.705  -56.525  -11.436 0.6000000238
7369  -29.662  -66.196  -25.165 0.3000000119
8653  -30.169  -64.627  -24.503 0.3000000119
7375  -28.413  -66.558  -25.405 0.3000000119
8639  -28.927  -64.181  -22.156 0.3000000119
8009  -27.960  -66.208  -25.533 0.3000000119
7368  -28.743  -66.624  -25.253 0.3000000119
7358  -29.086  -66.706  -24.966 0.3000000119
6007  -18.594  -68.410  -17.195 0.5000000000
5994  -18.934  -67.721  -15.891 0.5000000000
7810  -20.478  -65.378  -8.261 0.5000000000
4324  -15.443  -71.501  -20.211 0.4000000060
4900  -16.181  -70.790  -19.978 0.5000000000
4306  -18.839  -71.575  -16.586 0.5000000000
4875  -19.895  -70.399  -15.524 0.5000000000
8011  -29.598  -65.810  -25.245 0.3000000119
107222  -28.226  -64.984  -24.858 0.3000000119
8652  -29.235  -64.916  -24.795 0.3000000119
8660  -29.140  -65.458  -25.181 0.3000000119
8644  -29.026  -64.512  -23.621 0.3000000119
123231  -25.439  -50.326  -5.548 0.3000000119
4359  -12.519  -71.420  -22.812 0.6000000238
4932  -16.683  -71.138  -21.617 0.5000000000
4959  -12.975  -70.436  -23.395 0.5000000000
5505  -12.891  -70.217  -23.237 0.5000000000
5521  -16.060  -68.726  -23.841 0.6999999881
6050  -14.236  -67.884  -21.619 0.5000000000
6061  -13.892  -68.511  -22.449 0.5000000000
6064  -19.415  -68.492  -21.550 0.5000000000
6071  -13.403  -69.161  -23.119 0.6000000238
6078  -33.217  -68.652  -22.567 0.3000000119
6655  -14.864  -67.265  -21.891 0.6999999881
6665  -14.390  -67.976  -23.277 0.6999999881
6666  -14.772  -67.412  -22.814 0.6999999881
6677  -17.917  -67.321  -24.433 0.8000000119
6684  -16.801  -67.061  -24.264 0.6999999881
6692  -23.929  -67.517  -25.641 0.4000000060
6695  -26.880  -67.244  -25.426 0.4000000060
6696  -27.983  -66.921  -25.379 0.3000000119
6699  -26.276  -67.152  -25.612 0.4000000060
7263  -17.536  -66.370  -16.945 0.6000000238
7315  -28.308  -66.466  -20.557 0.3000000119
7329  -27.844  -66.300  -20.969 0.3000000119
7339  -18.255  -66.253  -23.538 0.6000000238
7343  -27.199  -66.822  -23.494 0.4000000060
7355  -18.844  -66.217  -24.255 0.6000000238
7360  -17.899  -66.795  -24.417 0.6999999881
7361  -18.604  -66.687  -24.497 0.6999999881
7367  -28.102  -67.160  -25.193 0.3000000119
7371  -24.779  -67.172  -25.832 0.3000000119
7372  -25.443  -67.153  -25.728 0.3000000119
7374  -27.635  -66.825  -25.479 0.3000000119
7376  -29.103  -66.297  -25.358 0.3000000119
7792  -19.367  -64.958  -7.684 0.6000000238
7956  -19.987  -65.544  -19.214 0.5000000000
7962  -20.809  -65.785  -20.876 0.4000000060
7964  -22.871  -65.183  -20.284 0.4000000060
7976  -21.048  -65.448  -23.770 0.4000000060
7979  -24.332  -65.588  -23.306 0.3000000119
7985  -20.305  -65.585  -24.163 0.4000000060
7995  -20.799  -65.805  -24.773 0.4000000060
8000  -25.678  -66.581  -25.513 0.3000000119
8003  -28.179  -65.537  -25.302 0.3000000119
8004  -30.265  -65.544  -24.971 0.3000000119
8008  -27.135  -66.515  -25.546 0.4000000060
8010  -28.950  -65.814  -25.520 0.3000000119
8481  -19.903  -64.304  -7.589 0.6000000238
8534  -22.892  -64.629  -12.429 0.6000000238
8632  -23.910  -64.208  -19.779 0.4000000060
8661  -30.159  -65.131  -25.001 0.3000000119
9215  -22.951  -63.950  -11.122 0.5000000000
9317  -22.982  -63.774  -19.092 0.4000000060
9318  -23.732  -63.731  -19.539 0.4000000060
9927  -19.366  -62.280  -7.873 0.6000000238
9928  -20.724  -62.491  -7.611 0.6999999881
9929  -21.158  -63.074  -7.773 0.6999999881
9941  -22.232  -62.633  -8.655 0.6000000238
9950  -23.236  -62.040  -9.580 0.6000000238
9960  -23.490  -62.355  -10.412 0.5000000000
10058  -19.597  -63.206  -17.240 0.6000000238
10062  -23.349  -62.295  -16.896 0.6000000238
10720  -25.107  -61.010  -10.768 0.5000000000
10753  -25.857  -61.295  -13.204 0.6000000238
10771  -25.147  -61.942  -13.355 0.6000000238
10817  -24.843  -61.341  -17.134 0.5000000000
10826  -20.071  -62.009  -17.956 0.6000000238
10829  -22.602  -61.435  -17.932 0.5000000000
10830  -23.464  -61.160  -17.984 0.5000000000
10839  -18.276  -61.711  -19.212 0.6000000238
10842  -21.156  -61.189  -18.323 0.5000000000
10844  -22.791  -60.760  -18.359 0.5000000000
10852  -18.630  -61.656  -20.729 0.6000000238
10859  -18.302  -61.231  -20.789 0.6000000238
10868  -24.827  -61.728  -22.823 0.4000000060
11494  -25.527  -60.341  -10.215 0.5000000000
11567  -26.405  -60.492  -14.194 0.6000000238
11576  -25.868  -60.605  -15.717 0.6000000238
11577  -26.267  -60.310  -14.924 0.6000000238
11600  -22.222  -60.295  -18.601 0.5000000000
11605  -17.930  -60.894  -20.318 0.6000000238
11607  -18.156  -60.801  -20.658 0.6000000238
11608  -18.561  -60.650  -20.914 0.5000000000
11611  -21.280  -60.540  -21.136 0.5000000000
12204  -22.760  -59.578  -7.950 0.5000000000
12340  -21.500  -59.730  -18.774 0.5000000000
12344  -17.932  -59.979  -20.084 0.5000000000
12345  -17.949  -59.074  -19.990 0.5000000000
12349  -18.218  -59.581  -20.354 0.5000000000
12356  -18.316  -60.272  -20.632 0.5000000000
12358  -19.496  -59.641  -20.882 0.5000000000
12954  -21.952  -58.416  -7.964 0.6000000238
12972  -25.487  -58.513  -8.514 0.5000000000
13024  -19.190  -58.481  -10.938 0.6999999881
13864  -19.334  -56.145  -18.889 0.5000000000
13878  -18.823  -56.771  -19.127 0.4000000060
13900  -18.205  -58.125  -20.129 0.6000000238
14455  -23.817  -56.405  -6.821 0.5000000000
14624  -19.379  -55.815  -19.123 0.4000000060
16387  -21.241  -54.353  -18.693 0.4000000060
17090  -20.287  -53.276  -6.635 0.5000000000
17890  -24.419  -52.316  -5.845 0.4000000060
18768  -26.402  -51.390  -7.435 0.4000000060
19574  -24.787  -50.716  -5.326 0.4000000060
19575  -25.489  -50.927  -5.864 0.4000000060
20425  -19.156  -49.817  -7.541 0.3000000119
22995  -15.630  -45.010  -7.867 0.4000000060
23006  -13.767  -45.403  -9.064 0.4000000060
23811  -18.774  -43.772  -6.930 0.3000000119
23824  -15.980  -44.887  -7.840 0.4000000060
108847  -21.413  -67.530  -23.420 0.5000000000
110865  -13.640  -69.373  -23.475 0.6000000238
110904  -17.534  -62.232  -19.958 0.6000000238
112207  -30.014  -66.155  -24.018 0.3000000119
114657  -22.729  -66.574  -25.621 0.3000000119
115691  -16.825  -69.768  -22.350 0.6000000238
116329  -26.276  -60.745  -13.115 0.6000000238
116869  -22.107  -52.918  -5.667 0.4000000060
116995  -18.893  -58.554  -19.251 0.6000000238
117328  -13.914  -72.261  -21.034 0.5000000000
119676  -24.493  -62.377  -13.031 0.6000000238
120123  -18.746  -66.605  -21.127 0.6000000238
121841  -21.800  -62.939  -16.605 0.6000000238
121852  -18.322  -64.609  -17.191 0.6000000238
122268  -23.789  -62.504  -16.216 0.6000000238
122859  -23.310  -60.586  -18.287 0.5000000000
123697  -18.960  -58.101  -11.216 0.6000000238
123746  -18.875  -65.472  -19.043 0.5000000000
124376  -12.519  -71.419  -23.067 0.5000000000
127348  -21.498  -63.252  -19.178 0.4000000060
127426  -21.976  -56.481  -19.998 0.4000000060
127955  -17.262  -52.649  -9.570 0.4000000060
128240  -15.700  -66.591  -18.719 0.6999999881
128747  -17.925  -66.964  -24.514 0.6999999881
