#!ascii label  , from subject sub-v1s3x0050778_ses-1 vox2ras=TkReg
1566
35679  9.302  -29.201  51.132 0.0000000000
58200  39.795  -5.584  33.432 0.0000000000
43500  25.977  -21.063  43.577 0.0000000000
43422  35.724  -21.727  49.406 0.0000000000
43527  18.633  -21.281  41.648 0.0000000000
40163  15.688  -25.139  51.110 0.0000000000
64509  47.269  1.788  27.638 0.0000000000
61639  47.879  -2.030  36.548 0.0000000000
114861  32.935  -10.988  39.544 0.0000000000
66238  51.894  3.604  19.540 0.0000000000
45498  24.254  -19.606  48.450 0.0000000000
38119  11.071  -25.952  51.304 0.0000000000
63535  48.465  0.773  31.495 0.0000000000
61705  43.767  -1.342  30.499 0.0000000000
132094  40.572  -11.170  36.515 0.0000000000
55709  43.799  -8.941  37.965 0.0000000000
123571  36.475  -11.684  35.593 0.0000000000
46501  32.604  -18.856  41.218 0.0000000000
123947  31.167  -22.456  45.851 0.0000000000
124004  20.688  -19.499  47.893 0.0000000000
42375  18.301  -21.833  52.513 0.0000000000
42477  16.569  -22.980  47.045 0.0000000000
40234  12.844  -24.937  45.920 0.0000000000
46490  21.667  -18.170  43.078 0.0000000000
64508  54.118  1.427  27.994 0.0000000000
66149  53.092  3.593  32.828 0.0000000000
59807  43.037  -4.205  35.149 0.0000000000
55663  34.976  -7.720  41.577 0.0000000000
49337  35.734  -15.464  43.404 0.0000000000
63634  50.296  0.329  23.512 0.0000000000
62704  56.347  -0.209  23.168 0.0000000000
64603  58.187  1.825  19.521 0.0000000000
45469  23.337  -19.573  50.829 0.0000000000
36453  10.143  -27.929  50.483 0.0000000000
38071  10.847  -25.920  54.722 0.0000000000
36424  9.926  -27.621  54.297 0.0000000000
63556  44.030  0.595  28.844 0.0000000000
52145  40.707  -12.399  38.184 0.0000000000
52143  42.678  -12.705  38.853 0.0000000000
33899  5.025  -32.088  53.985 0.0000000000
53930  36.949  -10.177  33.696 0.0000000000
44589  27.391  -20.596  41.163 0.0000000000
44570  29.608  -20.729  42.214 0.0000000000
43464  28.296  -21.963  45.162 0.0000000000
44530  19.524  -20.319  44.921 0.0000000000
43437  18.308  -21.444  47.341 0.0000000000
43488  17.683  -21.872  44.886 0.0000000000
45587  20.289  -18.805  42.648 0.0000000000
46462  21.291  -18.313  45.116 0.0000000000
41332  17.336  -23.580  52.174 0.0000000000
63564  51.122  0.683  28.549 0.0000000000
65328  53.763  3.217  30.215 0.0000000000
65331  50.049  3.841  30.042 0.0000000000
62591  48.889  -1.216  34.210 0.0000000000
63506  51.133  0.313  35.096 0.0000000000
59856  39.309  -3.455  31.760 0.0000000000
60757  41.000  -3.049  32.089 0.0000000000
58981  41.121  -5.030  34.000 0.0000000000
55714  31.278  -8.667  38.063 0.0000000000
111265  33.647  -8.911  38.101 0.0000000000
54747  32.863  -8.518  41.194 0.0000000000
45542  34.097  -19.735  45.158 0.0000000000
47395  34.184  -17.510  42.380 0.0000000000
46449  36.012  -18.628  45.815 0.0000000000
63612  46.432  0.542  25.351 0.0000000000
63637  47.589  0.725  23.559 0.0000000000
128938  49.745  0.271  25.799 0.0000000000
62677  52.295  -0.191  26.128 0.0000000000
67047  55.517  3.823  17.808 0.0000000000
64606  54.176  2.378  19.701 0.0000000000
63679  56.959  0.538  20.814 0.0000000000
64568  53.238  1.287  20.941 0.0000000000
43451  24.793  -21.051  46.382 0.0000000000
42474  26.854  -22.051  46.878 0.0000000000
43398  26.427  -21.584  50.182 0.0000000000
117984  14.015  -25.650  51.043 0.0000000000
38085  15.454  -25.889  54.963 0.0000000000
123198  13.332  -25.847  54.051 0.0000000000
65359  45.406  2.410  27.817 0.0000000000
111166  47.815  3.409  29.931 0.0000000000
64477  45.310  1.988  29.338 0.0000000000
62622  46.428  -0.779  31.427 0.0000000000
61672  46.357  -1.745  32.940 0.0000000000
56542  39.782  -7.800  35.354 0.0000000000
56540  41.033  -7.095  36.100 0.0000000000
121687  42.312  -10.248  37.226 0.0000000000
52165  33.373  -12.488  38.393 0.0000000000
120251  36.944  -19.806  50.503 0.0000000000
34854  7.076  -30.275  51.270 0.0000000000
35657  9.278  -29.308  55.072 0.0000000000
34835  6.741  -30.415  54.080 0.0000000000
57398  38.098  -7.189  32.934 0.0000000000
55739  38.501  -8.743  34.554 0.0000000000
52212  38.227  -12.009  35.767 0.0000000000
52984  38.698  -11.359  38.449 0.0000000000
132191  30.458  -20.064  39.728 0.0000000000
44554  32.079  -20.349  43.709 0.0000000000
42447  33.539  -22.714  47.493 0.0000000000
42430  29.431  -22.911  49.015 0.0000000000
41347  31.830  -23.414  50.019 0.0000000000
45457  21.664  -19.426  51.053 0.0000000000
112471  19.617  -20.019  53.383 0.0000000000
44465  19.094  -20.433  50.629 0.0000000000
42416  18.008  -21.826  49.653 0.0000000000
40194  16.000  -24.121  49.027 0.0000000000
42502  15.847  -23.028  44.262 0.0000000000
41395  14.904  -23.956  46.157 0.0000000000
39151  14.034  -25.206  48.906 0.0000000000
39153  12.465  -25.677  48.289 0.0000000000
37285  10.546  -27.172  48.651 0.0000000000
131571  8.244  -28.566  47.728 0.0000000000
44609  24.301  -20.357  40.235 0.0000000000
45614  22.921  -19.112  40.293 0.0000000000
44558  23.798  -20.258  42.796 0.0000000000
133405  23.228  -19.094  45.431 0.0000000000
45515  22.567  -19.036  47.771 0.0000000000
64454  54.691  2.229  31.591 0.0000000000
64455  50.403  3.188  31.835 0.0000000000
61707  42.054  -1.810  30.055 0.0000000000
127971  43.997  -2.546  33.006 0.0000000000
59804  45.050  -3.288  36.013 0.0000000000
57352  43.342  -6.309  37.333 0.0000000000
58139  45.260  -5.193  38.069 0.0000000000
53035  34.259  -10.920  34.818 0.0000000000
53844  36.235  -9.648  38.015 0.0000000000
54743  38.405  -9.469  40.728 0.0000000000
50373  34.524  -14.630  39.301 0.0000000000
125508  35.510  -13.165  41.132 0.0000000000
47364  37.597  -17.503  47.391 0.0000000000
50284  36.613  -14.263  44.275 0.0000000000
52922  35.606  -11.376  42.395 0.0000000000
54709  34.949  -8.401  43.952 0.0000000000
55648  37.099  -7.687  44.088 0.0000000000
113625  51.244  1.453  21.556 0.0000000000
62708  52.576  -0.422  23.554 0.0000000000
125577  55.005  0.553  25.958 0.0000000000
44431  24.445  -20.384  53.005 0.0000000000
113692  9.817  -28.544  50.745 0.0000000000
36436  10.312  -27.604  52.220 0.0000000000
36437  9.889  -28.630  52.578 0.0000000000
52950  40.357  -11.020  39.881 0.0000000000
52949  41.368  -11.516  39.877 0.0000000000
32946  3.715  -31.995  53.537 0.0000000000
43515  26.409  -20.801  42.829 0.0000000000
129294  28.016  -20.926  42.770 0.0000000000
43483  27.088  -21.497  44.300 0.0000000000
43502  19.073  -20.743  43.653 0.0000000000
43487  18.474  -21.294  44.864 0.0000000000
43503  18.506  -21.263  43.429 0.0000000000
45617  19.783  -19.640  40.847 0.0000000000
44577  19.717  -19.998  42.424 0.0000000000
44544  19.675  -20.108  44.075 0.0000000000
40161  16.746  -24.290  51.791 0.0000000000
116541  16.565  -24.885  52.478 0.0000000000
123737  49.320  0.948  28.202 0.0000000000
64475  50.073  2.989  29.607 0.0000000000
64490  49.126  3.193  29.342 0.0000000000
61661  48.096  -1.686  34.811 0.0000000000
61649  49.053  -1.357  35.282 0.0000000000
58999  39.621  -4.455  32.563 0.0000000000
58998  40.308  -4.272  32.802 0.0000000000
58199  40.466  -5.293  33.717 0.0000000000
53863  31.833  -10.662  38.620 0.0000000000
53833  31.788  -9.514  39.443 0.0000000000
55688  31.810  -8.688  39.315 0.0000000000
53819  32.887  -9.496  40.799 0.0000000000
43446  35.019  -20.937  46.865 0.0000000000
45541  34.663  -19.428  45.333 0.0000000000
44494  35.814  -20.644  47.258 0.0000000000
63584  46.752  0.955  26.781 0.0000000000
63610  48.207  0.330  25.677 0.0000000000
63600  48.517  0.543  26.993 0.0000000000
63582  50.048  0.462  27.476 0.0000000000
66259  53.138  3.786  18.863 0.0000000000
126460  52.964  2.828  19.816 0.0000000000
113289  53.932  1.687  20.382 0.0000000000
65408  52.815  2.391  20.281 0.0000000000
43436  24.927  -20.512  47.234 0.0000000000
43435  25.556  -20.854  47.872 0.0000000000
44482  25.393  -20.585  49.740 0.0000000000
39095  12.564  -25.701  51.440 0.0000000000
39076  13.516  -25.875  52.367 0.0000000000
39078  12.082  -25.788  52.082 0.0000000000
38058  11.185  -25.809  55.766 0.0000000000
38070  11.912  -25.718  55.215 0.0000000000
64512  44.038  2.045  27.377 0.0000000000
65348  45.271  2.504  28.610 0.0000000000
65349  44.714  2.213  28.603 0.0000000000
62644  43.803  -0.396  29.169 0.0000000000
62642  45.356  -0.070  29.868 0.0000000000
61703  45.268  -0.902  30.904 0.0000000000
61681  46.377  -1.301  32.108 0.0000000000
132688  45.282  -1.517  31.904 0.0000000000
54799  39.763  -9.625  35.938 0.0000000000
55720  40.568  -8.602  36.399 0.0000000000
129519  41.509  -11.062  36.867 0.0000000000
64528  44.452  1.662  26.252 0.0000000000
34848  7.026  -30.285  52.203 0.0000000000
34842  6.472  -30.684  52.505 0.0000000000
57399  37.619  -6.887  32.137 0.0000000000
56559  37.998  -7.834  33.272 0.0000000000
55750  37.623  -8.503  33.332 0.0000000000
53914  36.644  -11.069  33.994 0.0000000000
53050  37.636  -11.277  34.845 0.0000000000
52213  37.775  -12.082  35.837 0.0000000000
52185  38.455  -12.291  37.011 0.0000000000
53016  37.216  -11.773  36.793 0.0000000000
123232  29.304  -20.328  38.997 0.0000000000
43479  30.349  -21.414  44.090 0.0000000000
44556  30.654  -20.658  42.869 0.0000000000
43478  31.496  -21.251  44.534 0.0000000000
43460  32.702  -21.595  45.696 0.0000000000
42448  32.331  -22.908  46.948 0.0000000000
114967  27.859  -22.350  49.215 0.0000000000
112853  28.199  -22.390  48.484 0.0000000000
42409  29.090  -22.969  49.769 0.0000000000
42365  31.173  -23.338  51.864 0.0000000000
42385  32.821  -22.714  51.642 0.0000000000
45489  20.803  -19.508  49.672 0.0000000000
44464  19.803  -19.811  50.687 0.0000000000
44484  19.444  -20.277  49.072 0.0000000000
43438  17.606  -22.078  47.356 0.0000000000
43413  17.915  -21.844  48.723 0.0000000000
42438  17.347  -22.397  48.142 0.0000000000
42418  16.877  -23.170  49.116 0.0000000000
118967  16.434  -23.379  48.167 0.0000000000
117920  16.338  -22.697  42.483 0.0000000000
124122  13.321  -24.290  44.686 0.0000000000
40274  13.948  -24.003  44.971 0.0000000000
127054  13.603  -24.631  46.096 0.0000000000
40213  14.410  -24.716  47.529 0.0000000000
40214  13.773  -24.983  47.300 0.0000000000
114588  13.113  -25.460  48.881 0.0000000000
39193  12.586  -25.382  46.763 0.0000000000
37286  9.795  -27.846  48.398 0.0000000000
44623  25.480  -20.513  39.176 0.0000000000
44625  23.805  -20.077  39.394 0.0000000000
46503  20.991  -17.691  42.123 0.0000000000
45598  22.264  -18.550  41.644 0.0000000000
45585  23.197  -19.662  41.941 0.0000000000
45586  22.387  -18.780  42.525 0.0000000000
45557  23.106  -19.345  44.168 0.0000000000
45558  22.332  -18.464  44.296 0.0000000000
45530  21.253  -18.752  46.344 0.0000000000
45529  22.078  -18.482  46.498 0.0000000000
45501  21.685  -19.185  48.094 0.0000000000
133310  22.080  -19.346  49.292 0.0000000000
43372  19.123  -20.561  53.809 0.0000000000
131118  8.863  -29.521  57.047 0.0000000000
36420  9.492  -28.231  56.744 0.0000000000
65344  55.303  3.012  28.976 0.0000000000
113883  53.033  3.785  31.461 0.0000000000
66167  54.527  3.471  31.082 0.0000000000
65300  54.166  3.167  32.589 0.0000000000
65294  53.455  2.635  34.174 0.0000000000
64464  47.916  2.937  30.427 0.0000000000
65309  48.791  3.048  30.991 0.0000000000
63534  49.097  1.498  31.679 0.0000000000
63505  51.951  1.284  36.081 0.0000000000
59830  42.477  -3.537  33.592 0.0000000000
60743  42.577  -2.951  32.889 0.0000000000
60732  43.822  -3.153  34.041 0.0000000000
60731  44.320  -3.124  34.496 0.0000000000
59805  44.377  -3.615  35.782 0.0000000000
56524  42.590  -7.561  37.378 0.0000000000
57359  42.259  -6.575  36.721 0.0000000000
56523  43.404  -7.215  37.738 0.0000000000
53915  33.103  -10.610  34.647 0.0000000000
55686  34.164  -8.314  39.590 0.0000000000
54786  34.996  -9.487  37.669 0.0000000000
119326  36.300  -9.020  39.373 0.0000000000
54755  37.107  -9.306  39.435 0.0000000000
54734  36.771  -8.707  40.959 0.0000000000
46543  31.861  -18.513  38.673 0.0000000000
47412  33.071  -17.751  40.010 0.0000000000
125428  34.944  -16.623  42.839 0.0000000000
49369  34.593  -15.973  41.166 0.0000000000
49368  35.051  -15.464  41.593 0.0000000000
50356  35.121  -14.359  40.553 0.0000000000
125465  35.691  -14.284  41.948 0.0000000000
45496  37.320  -19.058  49.293 0.0000000000
51181  37.296  -13.386  45.389 0.0000000000
52080  36.716  -12.525  43.330 0.0000000000
52909  36.596  -11.483  43.515 0.0000000000
53786  35.227  -10.315  42.988 0.0000000000
53767  37.214  -10.561  45.217 0.0000000000
63635  49.278  0.467  23.443 0.0000000000
63645  50.564  0.688  22.609 0.0000000000
63643  52.358  0.354  22.358 0.0000000000
62709  51.768  -0.138  23.733 0.0000000000
63579  53.496  0.573  27.492 0.0000000000
62676  53.292  -0.275  26.179 0.0000000000
63578  54.459  1.108  27.240 0.0000000000
64524  56.252  2.161  26.617 0.0000000000
65449  56.588  2.790  18.571 0.0000000000
62729  56.184  -0.296  21.755 0.0000000000
63632  57.345  0.859  23.196 0.0000000000
63620  56.777  0.727  23.854 0.0000000000
45468  23.976  -19.728  50.143 0.0000000000
44460  25.261  -20.626  50.693 0.0000000000
44446  24.653  -20.334  51.813 0.0000000000
38120  10.831  -26.440  51.097 0.0000000000
38100  11.134  -25.882  52.044 0.0000000000
37239  10.528  -26.671  52.556 0.0000000000
37225  10.096  -26.728  53.998 0.0000000000
37211  9.896  -26.634  55.597 0.0000000000
127168  42.710  0.599  28.179 0.0000000000
62645  42.968  -0.771  28.932 0.0000000000
52183  40.640  -12.387  37.528 0.0000000000
52181  41.943  -12.316  37.677 0.0000000000
52144  41.610  -12.426  38.673 0.0000000000
52128  42.807  -12.446  39.827 0.0000000000
33898  5.344  -31.741  53.057 0.0000000000
130740  4.281  -32.043  52.758 0.0000000000
32910  4.398  -32.239  54.959 0.0000000000
55763  36.698  -8.567  32.127 0.0000000000
53053  35.566  -11.499  34.314 0.0000000000
44604  28.768  -20.564  40.575 0.0000000000
44588  28.326  -20.633  41.363 0.0000000000
43497  29.103  -21.363  43.680 0.0000000000
42488  29.984  -22.392  45.706 0.0000000000
44513  19.779  -20.143  46.539 0.0000000000
44497  19.741  -20.161  47.611 0.0000000000
44514  19.173  -20.726  45.936 0.0000000000
43471  17.931  -21.707  45.659 0.0000000000
42492  17.220  -22.311  45.857 0.0000000000
110075  12.016  -25.483  46.027 0.0000000000
39225  10.984  -25.503  44.298 0.0000000000
45599  20.213  -18.395  41.174 0.0000000000
46492  20.765  -17.870  42.369 0.0000000000
46479  21.121  -18.012  43.673 0.0000000000
45574  20.443  -18.750  43.424 0.0000000000
45546  20.161  -19.513  44.989 0.0000000000
42353  17.857  -22.704  52.673 0.0000000000
63563  52.074  0.663  28.482 0.0000000000
64472  53.193  2.381  29.640 0.0000000000
64473  52.123  2.127  29.882 0.0000000000
65316  51.717  3.751  30.718 0.0000000000
66159  51.594  3.988  31.375 0.0000000000
62610  48.460  -0.538  32.446 0.0000000000
63517  50.010  0.037  33.104 0.0000000000
62590  49.692  -0.842  34.781 0.0000000000
62578  50.649  -0.347  36.682 0.0000000000
60781  40.419  -2.526  30.756 0.0000000000
59855  40.158  -3.326  31.961 0.0000000000
59832  40.974  -4.110  33.044 0.0000000000
58979  42.358  -4.509  34.769 0.0000000000
55695  45.353  -8.752  38.643 0.0000000000
54815  31.755  -9.296  36.013 0.0000000000
53881  32.898  -9.619  36.175 0.0000000000
54789  32.125  -8.682  37.713 0.0000000000
122843  33.078  -7.973  40.013 0.0000000000
55664  33.923  -7.719  41.499 0.0000000000
45582  33.012  -19.182  42.926 0.0000000000
47404  33.536  -17.782  41.369 0.0000000000
46476  34.168  -18.360  43.672 0.0000000000
47390  34.587  -17.786  43.611 0.0000000000
47378  35.688  -17.480  44.869 0.0000000000
64547  45.628  1.219  24.250 0.0000000000
65389  46.436  1.948  23.228 0.0000000000
63624  47.409  0.456  24.327 0.0000000000
63623  48.110  0.331  24.729 0.0000000000
63609  50.123  0.209  25.128 0.0000000000
62687  51.001  0.058  25.217 0.0000000000
63598  50.511  0.199  25.916 0.0000000000
63581  51.498  0.352  27.637 0.0000000000
67049  53.521  4.264  18.245 0.0000000000
65450  55.485  2.849  18.779 0.0000000000
65428  56.157  2.296  19.139 0.0000000000
64586  57.540  1.252  20.304 0.0000000000
114479  55.534  1.154  20.144 0.0000000000
63662  55.504  -0.013  21.128 0.0000000000
62730  55.146  -0.461  21.791 0.0000000000
43485  24.863  -21.202  44.647 0.0000000000
43466  26.329  -21.866  45.871 0.0000000000
43449  26.037  -21.755  46.648 0.0000000000
43423  26.765  -21.621  48.701 0.0000000000
42369  26.979  -22.453  50.726 0.0000000000
39092  14.949  -25.578  51.345 0.0000000000
129416  15.661  -25.706  52.894 0.0000000000
111744  14.308  -25.930  52.847 0.0000000000
39046  14.328  -25.919  54.060 0.0000000000
39048  12.642  -25.757  54.580 0.0000000000
39033  13.086  -25.563  55.924 0.0000000000
64510  46.300  2.215  27.634 0.0000000000
65347  47.437  3.133  29.120 0.0000000000
113263  46.614  2.970  29.123 0.0000000000
117696  46.487  2.826  29.590 0.0000000000
64466  46.528  1.976  30.077 0.0000000000
63555  44.706  1.255  29.124 0.0000000000
63546  45.859  0.304  30.068 0.0000000000
62621  47.229  -0.234  31.301 0.0000000000
62611  47.637  -0.740  32.127 0.0000000000
61671  47.249  -1.608  33.305 0.0000000000
60728  47.217  -2.133  35.043 0.0000000000
57377  39.798  -6.691  34.381 0.0000000000
57376  40.442  -6.348  34.716 0.0000000000
56541  40.406  -7.433  35.729 0.0000000000
55712  41.645  -8.368  37.036 0.0000000000
54782  43.670  -9.804  37.754 0.0000000000
52996  42.422  -11.756  37.452 0.0000000000
121552  43.937  -11.481  37.898 0.0000000000
53841  44.787  -10.476  38.221 0.0000000000
52986  32.674  -11.410  38.683 0.0000000000
43421  36.258  -21.061  49.262 0.0000000000
118724  45.009  1.626  24.530 0.0000000000
64535  45.016  1.242  25.426 0.0000000000
64526  45.747  1.528  26.853 0.0000000000
67873  50.344  5.951  18.514 0.0000000000
67051  50.602  5.069  18.977 0.0000000000
35688  7.854  -29.894  50.977 0.0000000000
35667  9.336  -29.288  53.055 0.0000000000
35681  7.818  -29.977  51.863 0.0000000000
128574  8.106  -29.783  54.034 0.0000000000
35655  8.300  -29.843  56.643 0.0000000000
34832  6.314  -30.726  54.849 0.0000000000
58213  38.518  -5.361  32.372 0.0000000000
58226  37.776  -5.100  31.805 0.0000000000
58201  39.075  -5.916  33.081 0.0000000000
56557  39.173  -7.070  34.016 0.0000000000
55731  38.979  -8.953  35.124 0.0000000000
54813  39.147  -9.629  35.457 0.0000000000
54828  37.483  -9.694  34.008 0.0000000000
53912  38.074  -10.511  34.848 0.0000000000
53014  39.505  -11.616  36.184 0.0000000000
52184  39.300  -12.352  37.257 0.0000000000
52163  39.292  -11.968  38.149 0.0000000000
53828  39.537  -10.655  39.763 0.0000000000
111896  31.560  -19.452  40.153 0.0000000000
114365  29.601  -20.477  40.612 0.0000000000
123328  31.154  -20.023  40.892 0.0000000000
45595  32.147  -19.533  41.811 0.0000000000
44553  32.816  -20.032  44.122 0.0000000000
44510  33.916  -20.811  45.948 0.0000000000
42426  34.590  -22.589  48.530 0.0000000000
42490  27.897  -22.165  45.897 0.0000000000
113064  29.156  -22.616  46.950 0.0000000000
42450  30.483  -22.980  47.574 0.0000000000
42387  29.874  -23.242  50.266 0.0000000000
120478  30.472  -23.258  49.220 0.0000000000
42428  31.005  -23.287  48.423 0.0000000000
41361  32.504  -23.545  48.991 0.0000000000
41345  33.869  -23.074  50.138 0.0000000000
42384  34.737  -21.610  51.249 0.0000000000
127546  21.732  -19.487  52.052 0.0000000000
45458  20.857  -19.529  51.815 0.0000000000
113992  19.519  -20.001  51.506 0.0000000000
43401  18.607  -21.055  51.102 0.0000000000
116172  18.888  -20.786  48.724 0.0000000000
119329  18.523  -21.156  50.118 0.0000000000
42396  18.149  -21.740  50.624 0.0000000000
41341  17.325  -23.096  50.684 0.0000000000
118882  16.726  -23.701  50.268 0.0000000000
40182  16.114  -24.261  49.884 0.0000000000
42509  16.985  -22.345  43.217 0.0000000000
117042  16.586  -22.553  44.168 0.0000000000
41416  15.904  -23.094  45.103 0.0000000000
41431  14.355  -23.637  43.478 0.0000000000
41407  15.397  -23.484  45.546 0.0000000000
125222  15.946  -23.474  46.921 0.0000000000
41381  15.609  -23.898  47.380 0.0000000000
40195  15.344  -24.493  48.633 0.0000000000
39132  14.975  -25.114  49.938 0.0000000000
39113  13.712  -25.500  50.229 0.0000000000
123385  12.781  -25.552  49.925 0.0000000000
39135  11.782  -25.739  50.146 0.0000000000
39194  11.759  -25.906  46.902 0.0000000000
38167  11.385  -26.362  48.231 0.0000000000
38154  10.811  -26.884  49.474 0.0000000000
37272  10.305  -27.494  49.279 0.0000000000
37273  9.773  -28.160  49.246 0.0000000000
36465  9.054  -28.864  49.297 0.0000000000
35695  7.590  -29.705  49.507 0.0000000000
35696  6.701  -29.991  49.159 0.0000000000
111837  26.337  -20.545  39.164 0.0000000000
44608  25.810  -20.532  40.618 0.0000000000
44575  25.012  -20.548  41.975 0.0000000000
44610  23.477  -19.832  40.223 0.0000000000
44576  24.116  -20.378  41.894 0.0000000000
44557  24.548  -20.663  43.296 0.0000000000
44542  24.117  -20.599  44.951 0.0000000000
44529  23.709  -19.838  45.577 0.0000000000
45526  23.818  -19.207  47.023 0.0000000000
46450  22.124  -18.244  45.782 0.0000000000
45528  22.589  -18.519  46.396 0.0000000000
45499  23.606  -19.309  48.219 0.0000000000
113218  23.254  -19.456  49.990 0.0000000000
45456  22.551  -19.496  51.462 0.0000000000
36425  9.699  -28.642  54.626 0.0000000000
37202  9.605  -27.302  56.094 0.0000000000
66179  55.115  3.347  30.219 0.0000000000
66172  48.848  3.909  29.964 0.0000000000
127774  50.306  3.952  31.164 0.0000000000
65302  51.544  3.265  32.448 0.0000000000
64437  51.357  1.331  33.432 0.0000000000
64436  52.164  1.892  34.223 0.0000000000
64435  53.171  2.776  34.211 0.0000000000
61736  42.117  -1.050  28.747 0.0000000000
61706  42.827  -1.667  30.466 0.0000000000
60768  41.153  -2.545  31.193 0.0000000000
60767  42.650  -2.111  31.412 0.0000000000
61694  44.115  -1.790  31.730 0.0000000000
60754  44.675  -2.315  32.959 0.0000000000
115577  45.907  -2.557  34.619 0.0000000000
60706  46.582  -2.739  36.571 0.0000000000
58170  41.075  -6.013  35.071 0.0000000000
58168  42.362  -5.382  35.759 0.0000000000
58959  42.990  -5.076  36.129 0.0000000000
56515  44.304  -7.188  38.250 0.0000000000
58141  43.949  -5.772  37.478 0.0000000000
58957  44.358  -4.400  36.879 0.0000000000
59784  45.140  -4.109  37.171 0.0000000000
59793  46.231  -3.262  37.090 0.0000000000
53066  34.392  -11.228  33.527 0.0000000000
127769  35.801  -11.373  35.560 0.0000000000
53880  33.835  -10.021  36.082 0.0000000000
53878  35.512  -10.370  36.697 0.0000000000
52999  36.279  -10.636  36.982 0.0000000000
53859  37.335  -10.613  37.898 0.0000000000
53817  38.378  -9.745  40.007 0.0000000000
54742  39.107  -9.604  41.084 0.0000000000
47420  33.546  -17.103  40.093 0.0000000000
51300  34.006  -13.782  38.131 0.0000000000
52146  33.991  -12.576  39.342 0.0000000000
52130  34.353  -12.228  40.239 0.0000000000
45511  36.825  -19.538  47.546 0.0000000000
46448  36.685  -18.155  46.255 0.0000000000
48306  36.618  -16.506  45.622 0.0000000000
48305  36.922  -15.671  45.775 0.0000000000
49336  36.193  -14.945  43.901 0.0000000000
51219  36.054  -13.499  42.229 0.0000000000
52098  35.805  -12.180  42.021 0.0000000000
52936  34.299  -10.733  41.481 0.0000000000
53794  34.221  -9.561  42.388 0.0000000000
54722  33.963  -8.351  42.886 0.0000000000
56488  34.776  -7.818  43.178 0.0000000000
54691  36.690  -8.521  45.706 0.0000000000
55638  35.841  -7.902  44.773 0.0000000000
55657  36.156  -7.831  42.606 0.0000000000
54720  37.755  -8.747  42.153 0.0000000000
131796  50.302  3.964  19.954 0.0000000000
65409  51.461  2.737  20.436 0.0000000000
117244  52.562  1.317  21.245 0.0000000000
63642  53.212  0.066  22.137 0.0000000000
62706  54.412  -0.922  23.296 0.0000000000
124323  52.293  -0.388  24.896 0.0000000000
118725  54.204  -0.788  24.731 0.0000000000
62682  55.312  -0.277  24.684 0.0000000000
63607  56.754  1.544  25.114 0.0000000000
45445  22.546  -19.594  52.754 0.0000000000
44433  22.903  -19.821  53.917 0.0000000000
36455  9.207  -29.082  50.251 0.0000000000
36444  9.909  -28.585  51.626 0.0000000000
53815  40.905  -10.551  40.600 0.0000000000
43499  26.816  -21.128  43.516 0.0000000000
127898  26.377  -21.335  44.111 0.0000000000
43516  18.938  -20.915  42.717 0.0000000000
43517  18.262  -21.503  42.580 0.0000000000
118167  19.234  -20.690  41.995 0.0000000000
132291  19.327  -20.511  42.578 0.0000000000
40162  16.221  -24.875  51.611 0.0000000000
63567  48.333  1.155  27.807 0.0000000000
63566  48.680  2.298  28.671 0.0000000000
61651  47.725  -1.940  35.646 0.0000000000
61650  48.415  -1.687  35.921 0.0000000000
58212  39.391  -5.144  32.813 0.0000000000
58990  40.104  -4.888  33.084 0.0000000000
52970  32.132  -10.363  39.232 0.0000000000
53845  31.290  -9.728  38.891 0.0000000000
53832  32.408  -9.799  39.996 0.0000000000
43432  35.478  -21.344  47.645 0.0000000000
44508  35.421  -20.232  46.512 0.0000000000
116645  35.843  -21.519  48.512 0.0000000000
111212  47.766  0.765  27.019 0.0000000000
66237  52.705  3.399  19.451 0.0000000000
66227  52.254  2.936  20.018 0.0000000000
44496  24.813  -19.987  48.101 0.0000000000
44483  24.753  -20.083  49.030 0.0000000000
39096  11.676  -25.758  51.365 0.0000000000
124477  44.079  2.059  28.177 0.0000000000
62633  44.234  -0.821  29.898 0.0000000000
62632  44.975  -0.578  30.194 0.0000000000
61704  44.535  -1.101  30.686 0.0000000000
61693  44.843  -1.408  31.458 0.0000000000
53877  40.113  -10.688  36.239 0.0000000000
53876  40.931  -10.487  36.599 0.0000000000
34849  6.286  -30.769  51.618 0.0000000000
57413  36.949  -6.463  31.271 0.0000000000
56585  37.046  -7.336  31.668 0.0000000000
56568  37.360  -7.905  32.485 0.0000000000
118339  36.781  -11.758  35.055 0.0000000000
53051  37.029  -11.499  34.633 0.0000000000
53033  37.212  -11.933  35.675 0.0000000000
52199  37.542  -12.086  36.233 0.0000000000
53017  36.841  -11.789  36.217 0.0000000000
43462  30.277  -21.904  44.913 0.0000000000
121486  30.861  -21.536  44.498 0.0000000000
43461  31.211  -21.902  45.141 0.0000000000
42486  31.929  -22.106  45.705 0.0000000000
42469  31.738  -22.663  46.384 0.0000000000
42410  28.160  -22.636  49.732 0.0000000000
42388  28.430  -22.947  50.209 0.0000000000
45502  20.781  -19.527  48.795 0.0000000000
45490  20.083  -19.791  49.347 0.0000000000
45503  19.977  -19.919  48.529 0.0000000000
42476  17.167  -22.437  46.741 0.0000000000
42457  17.080  -22.572  47.435 0.0000000000
42458  16.728  -22.942  47.830 0.0000000000
40255  12.670  -24.698  44.881 0.0000000000
40254  13.441  -24.454  45.422 0.0000000000
40233  13.356  -24.980  46.700 0.0000000000
123920  13.070  -25.343  47.546 0.0000000000
46515  21.288  -17.735  41.398 0.0000000000
46502  21.495  -17.959  42.268 0.0000000000
45573  22.560  -18.876  43.438 0.0000000000
46478  21.772  -18.198  43.797 0.0000000000
45517  20.558  -19.463  46.968 0.0000000000
45516  21.503  -18.985  47.176 0.0000000000
43386  18.688  -20.964  52.339 0.0000000000
35651  9.144  -28.991  57.591 0.0000000000
64485  54.700  2.430  28.411 0.0000000000
65358  55.598  2.684  28.177 0.0000000000
114745  53.444  3.764  32.171 0.0000000000
66148  53.708  3.474  32.831 0.0000000000
65301  53.687  3.079  33.359 0.0000000000
66143  53.400  3.159  33.509 0.0000000000
64457  48.222  1.823  31.082 0.0000000000
59818  42.758  -3.925  34.399 0.0000000000
59829  43.240  -3.421  34.022 0.0000000000
59817  43.589  -3.586  34.684 0.0000000000
59816  44.161  -3.472  35.125 0.0000000000
59806  43.724  -3.891  35.507 0.0000000000
55710  43.130  -8.286  37.720 0.0000000000
55697  43.954  -8.036  38.128 0.0000000000
53899  32.519  -10.061  35.296 0.0000000000
55685  34.733  -8.261  40.007 0.0000000000
54757  35.311  -8.789  39.236 0.0000000000
54746  35.597  -8.533  40.029 0.0000000000
54745  36.551  -8.855  40.112 0.0000000000
55672  35.790  -8.331  40.821 0.0000000000
127007  32.179  -18.699  39.859 0.0000000000
46527  32.611  -18.078  39.611 0.0000000000
46514  32.745  -18.322  40.397 0.0000000000
115605  35.425  -16.291  43.512 0.0000000000
48338  34.843  -16.172  42.046 0.0000000000
120973  35.259  -15.539  42.200 0.0000000000
110942  35.409  -15.036  41.939 0.0000000000
49354  35.626  -15.033  42.624 0.0000000000
51171  37.626  -13.203  46.240 0.0000000000
52079  37.118  -11.935  44.189 0.0000000000
118289  37.379  -11.952  44.900 0.0000000000
52899  36.786  -10.738  44.410 0.0000000000
52887  37.530  -11.393  45.400 0.0000000000
63647  48.928  0.931  22.652 0.0000000000
63646  49.726  0.647  22.859 0.0000000000
63633  51.188  0.227  23.198 0.0000000000
62710  51.071  0.045  23.863 0.0000000000
63562  53.095  0.895  28.294 0.0000000000
64507  55.039  2.060  27.639 0.0000000000
65427  57.295  2.299  18.973 0.0000000000
129117  58.167  2.423  18.747 0.0000000000
133153  58.674  1.561  19.985 0.0000000000
62713  55.837  -0.606  22.490 0.0000000000
127052  56.686  0.052  22.419 0.0000000000
44461  24.657  -20.239  50.873 0.0000000000
44462  24.089  -19.888  51.226 0.0000000000
37263  10.491  -27.151  50.661 0.0000000000
37252  10.540  -26.865  51.618 0.0000000000
126975  10.072  -27.493  53.583 0.0000000000
125002  10.187  -27.005  53.112 0.0000000000
127258  9.884  -26.804  54.782 0.0000000000
38072  10.286  -26.308  54.964 0.0000000000
63569  41.946  0.193  27.932 0.0000000000
62654  42.458  -0.302  28.393 0.0000000000
52162  41.403  -12.493  37.869 0.0000000000
33906  4.817  -31.828  52.305 0.0000000000
32929  3.824  -32.280  54.613 0.0000000000
44606  27.473  -20.566  40.137 0.0000000000
125341  28.047  -20.580  40.670 0.0000000000
123695  28.427  -21.409  43.832 0.0000000000
43513  28.555  -21.113  43.172 0.0000000000
43481  28.784  -21.692  44.408 0.0000000000
43480  29.615  -21.624  44.285 0.0000000000
43463  29.255  -22.077  45.188 0.0000000000
114287  19.738  -20.145  45.611 0.0000000000
132296  19.370  -20.498  45.378 0.0000000000
113717  18.064  -21.575  44.163 0.0000000000
127634  17.453  -22.095  45.355 0.0000000000
45600  19.972  -19.225  41.764 0.0000000000
115296  20.384  -18.184  41.937 0.0000000000
46480  20.766  -18.043  43.127 0.0000000000
45531  20.389  -19.454  46.029 0.0000000000
119892  17.481  -23.101  51.548 0.0000000000
41320  17.649  -23.381  53.518 0.0000000000
64488  51.634  1.277  29.271 0.0000000000
64487  52.637  1.404  29.114 0.0000000000
129868  50.655  3.455  30.009 0.0000000000
65317  50.768  3.861  30.448 0.0000000000
66170  51.304  3.984  30.897 0.0000000000
66160  50.681  4.012  30.854 0.0000000000
62601  48.706  -0.907  33.275 0.0000000000
127661  49.577  -0.589  33.687 0.0000000000
62579  49.879  -0.902  35.945 0.0000000000
59866  38.834  -2.971  31.129 0.0000000000
60770  39.792  -2.944  31.293 0.0000000000
59844  39.826  -3.878  32.294 0.0000000000
58989  40.733  -4.647  33.372 0.0000000000
58988  41.353  -4.442  33.683 0.0000000000
59819  42.041  -4.235  34.010 0.0000000000
58980  41.717  -4.776  34.372 0.0000000000
54802  31.024  -8.739  36.796 0.0000000000
111822  31.369  -8.693  37.408 0.0000000000
54801  32.007  -8.969  36.834 0.0000000000
55713  31.835  -8.587  38.563 0.0000000000
55687  32.236  -8.428  40.030 0.0000000000
55699  32.531  -8.390  39.337 0.0000000000
55674  33.821  -7.836  40.526 0.0000000000
55675  33.148  -7.820  40.954 0.0000000000
45570  33.261  -19.391  43.733 0.0000000000
46477  33.626  -18.739  43.316 0.0000000000
45569  33.927  -18.928  44.111 0.0000000000
45540  35.337  -19.065  45.553 0.0000000000
46460  34.931  -18.732  45.000 0.0000000000
46469  35.194  -18.113  44.715 0.0000000000
47385  35.118  -17.612  44.213 0.0000000000
46459  35.547  -18.309  45.232 0.0000000000
63625  46.082  0.754  24.568 0.0000000000
111211  46.762  0.501  24.660 0.0000000000
63622  49.093  0.271  25.138 0.0000000000
63565  50.218  0.804  28.469 0.0000000000
122628  50.738  0.453  27.773 0.0000000000
66236  53.558  3.078  19.409 0.0000000000
65429  54.506  2.952  19.064 0.0000000000
117959  55.100  2.353  19.387 0.0000000000
64605  55.815  1.665  19.645 0.0000000000
64588  54.843  1.677  19.927 0.0000000000
63682  53.962  0.913  20.891 0.0000000000
63681  54.861  0.814  20.578 0.0000000000
63663  54.470  0.211  21.260 0.0000000000
63664  53.600  0.506  21.465 0.0000000000
43468  24.741  -21.235  45.507 0.0000000000
43450  25.382  -21.610  46.079 0.0000000000
43411  26.143  -21.170  49.445 0.0000000000
110109  26.099  -21.115  48.488 0.0000000000
43410  26.818  -21.812  49.630 0.0000000000
42390  26.889  -22.138  50.251 0.0000000000
39075  15.040  -25.799  52.353 0.0000000000
39093  14.237  -25.809  51.898 0.0000000000
39063  13.456  -25.908  53.218 0.0000000000
38069  14.746  -25.803  55.394 0.0000000000
39047  13.818  -25.775  55.228 0.0000000000
116333  10.762  -26.178  52.928 0.0000000000
38086  11.382  -25.865  53.948 0.0000000000
64492  46.849  2.758  28.429 0.0000000000
64493  45.989  2.734  28.527 0.0000000000
65336  45.155  2.382  28.956 0.0000000000
65335  45.784  2.668  29.139 0.0000000000
64476  45.936  2.328  29.603 0.0000000000
63568  43.412  1.099  28.392 0.0000000000
64494  44.159  1.712  28.624 0.0000000000
62631  45.656  -0.373  30.426 0.0000000000
62630  46.398  -0.121  30.657 0.0000000000
63545  46.346  0.799  30.238 0.0000000000
62612  46.958  -0.918  31.894 0.0000000000
61662  46.682  -1.941  33.698 0.0000000000
115774  47.312  -1.843  34.147 0.0000000000
60729  46.584  -2.259  34.411 0.0000000000
56548  39.485  -7.430  34.670 0.0000000000
57368  40.083  -7.040  35.059 0.0000000000
55729  40.142  -8.175  35.974 0.0000000000
54785  41.173  -9.196  36.780 0.0000000000
55719  41.081  -8.280  36.683 0.0000000000
54784  42.091  -9.281  37.229 0.0000000000
121553  42.742  -8.959  37.502 0.0000000000
54783  42.911  -9.858  37.471 0.0000000000
52161  42.241  -12.550  38.117 0.0000000000
52180  42.719  -12.341  37.884 0.0000000000
52160  43.590  -12.324  38.227 0.0000000000
52982  44.467  -11.967  38.365 0.0000000000
127485  44.507  -11.189  38.127 0.0000000000
52981  45.073  -11.350  38.487 0.0000000000
53000  32.689  -12.049  37.943 0.0000000000
53001  32.014  -11.340  38.022 0.0000000000
65385  44.425  2.179  24.563 0.0000000000
64511  44.845  1.912  27.038 0.0000000000
64527  45.320  1.217  26.162 0.0000000000
34841  6.930  -30.319  53.080 0.0000000000
35669  7.587  -29.972  53.662 0.0000000000
35663  7.710  -29.930  54.599 0.0000000000
35659  7.559  -30.058  55.701 0.0000000000
133038  5.614  -31.523  53.583 0.0000000000
33891  5.828  -31.255  54.238 0.0000000000
59013  38.189  -4.346  31.945 0.0000000000
58214  37.752  -5.960  31.918 0.0000000000
58227  37.122  -5.423  31.364 0.0000000000
116428  38.314  -6.347  32.646 0.0000000000
57388  38.786  -6.713  33.368 0.0000000000
56558  38.541  -7.457  33.639 0.0000000000
55749  38.240  -8.188  33.869 0.0000000000
54814  38.541  -9.611  34.986 0.0000000000
54842  36.626  -9.765  33.032 0.0000000000
54841  37.276  -9.315  33.478 0.0000000000
53031  38.172  -11.393  35.268 0.0000000000
53030  38.813  -11.526  35.721 0.0000000000
53015  38.876  -12.116  36.219 0.0000000000
52197  39.626  -12.215  36.710 0.0000000000
110731  38.905  -12.300  36.671 0.0000000000
52164  38.593  -11.915  37.775 0.0000000000
52967  39.199  -11.146  39.002 0.0000000000
45642  30.391  -19.729  38.512 0.0000000000
45641  31.208  -19.167  38.563 0.0000000000
45628  30.904  -19.713  39.379 0.0000000000
44587  29.173  -20.638  41.417 0.0000000000
44586  29.991  -20.540  41.475 0.0000000000
44555  31.256  -20.613  43.337 0.0000000000
44585  30.751  -20.336  41.579 0.0000000000
44568  31.162  -20.347  42.408 0.0000000000
45596  31.468  -19.993  41.664 0.0000000000
44567  31.863  -20.111  42.936 0.0000000000
45571  32.577  -19.777  43.324 0.0000000000
110184  33.131  -22.488  46.816 0.0000000000
43459  33.312  -21.074  45.682 0.0000000000
43448  33.404  -21.647  46.252 0.0000000000
42467  33.900  -22.053  46.961 0.0000000000
42446  34.311  -22.367  47.726 0.0000000000
42491  27.192  -22.064  46.091 0.0000000000
42473  27.608  -22.234  46.580 0.0000000000
111570  28.870  -22.625  48.504 0.0000000000
42452  28.655  -22.528  47.679 0.0000000000
42451  29.533  -22.788  47.874 0.0000000000
42471  29.972  -22.685  46.669 0.0000000000
42429  30.133  -23.081  48.560 0.0000000000
111303  31.689  -23.236  51.604 0.0000000000
42386  30.794  -23.337  50.712 0.0000000000
117798  31.453  -23.354  50.715 0.0000000000
121701  31.076  -23.344  49.344 0.0000000000
41362  31.654  -23.462  48.917 0.0000000000
41375  32.110  -23.389  48.004 0.0000000000
41337  33.334  -22.937  50.949 0.0000000000
42405  34.646  -22.456  50.205 0.0000000000
132632  21.232  -19.504  52.420 0.0000000000
44473  19.558  -20.091  49.895 0.0000000000
44450  19.004  -20.509  51.573 0.0000000000
44485  18.923  -20.816  47.885 0.0000000000
43412  18.446  -21.272  49.177 0.0000000000
42376  17.841  -22.357  51.333 0.0000000000
42397  17.618  -22.448  50.179 0.0000000000
41353  16.540  -23.645  49.455 0.0000000000
41352  17.101  -23.111  49.786 0.0000000000
42510  16.131  -22.789  43.424 0.0000000000
42501  16.358  -22.741  44.803 0.0000000000
41408  14.693  -23.786  45.283 0.0000000000
130130  15.415  -23.816  46.751 0.0000000000
40196  14.592  -24.826  48.337 0.0000000000
40212  15.162  -24.393  47.830 0.0000000000
40184  14.796  -24.944  49.126 0.0000000000
40183  15.476  -24.626  49.455 0.0000000000
39133  14.267  -25.302  49.688 0.0000000000
39134  12.150  -25.727  49.279 0.0000000000
127811  11.078  -25.996  45.936 0.0000000000
38180  10.630  -26.841  47.192 0.0000000000
116535  10.897  -26.801  48.054 0.0000000000
38168  11.126  -26.588  48.826 0.0000000000
36474  8.946  -28.324  47.907 0.0000000000
36464  9.251  -28.424  48.641 0.0000000000
36475  8.535  -28.781  48.376 0.0000000000
35704  8.086  -29.258  48.905 0.0000000000
35705  7.209  -29.501  48.618 0.0000000000
35706  6.347  -29.653  48.361 0.0000000000
119750  25.213  -20.495  39.991 0.0000000000
126023  25.074  -20.498  40.664 0.0000000000
44591  25.471  -20.536  41.300 0.0000000000
44592  24.594  -20.452  41.174 0.0000000000
45629  23.198  -19.358  39.566 0.0000000000
113380  24.570  -20.541  42.555 0.0000000000
112972  24.375  -20.756  44.088 0.0000000000
126232  23.945  -20.427  43.603 0.0000000000
129229  23.465  -19.715  44.843 0.0000000000
44512  23.890  -19.747  46.268 0.0000000000
45527  23.273  -18.981  46.229 0.0000000000
46471  21.236  -18.229  44.504 0.0000000000
46461  21.679  -18.178  45.130 0.0000000000
127767  22.209  -18.841  47.216 0.0000000000
45514  22.711  -18.770  47.062 0.0000000000
45513  23.360  -19.011  47.425 0.0000000000
113271  23.057  -19.003  47.708 0.0000000000
45486  23.460  -19.453  49.197 0.0000000000
45500  22.989  -19.221  48.444 0.0000000000
45471  21.720  -19.416  49.963 0.0000000000
45470  22.546  -19.428  50.448 0.0000000000
44434  20.238  -19.763  53.803 0.0000000000
39062  15.928  -25.756  53.903 0.0000000000
39045  16.329  -25.785  55.169 0.0000000000
35661  9.317  -29.286  54.060 0.0000000000
37187  9.402  -27.736  57.925 0.0000000000
37195  9.554  -26.906  57.130 0.0000000000
38047  9.978  -26.314  57.565 0.0000000000
38038  9.798  -26.636  58.243 0.0000000000
65327  54.882  3.307  29.765 0.0000000000
66180  54.502  3.410  30.458 0.0000000000
66156  54.618  3.252  31.542 0.0000000000
122931  47.894  3.332  29.603 0.0000000000
65346  48.289  3.293  29.289 0.0000000000
65333  48.386  3.655  29.783 0.0000000000
64456  49.562  2.670  31.601 0.0000000000
65308  49.635  3.642  31.127 0.0000000000
66151  51.074  3.942  31.607 0.0000000000
129590  50.146  -0.202  33.660 0.0000000000
63524  50.506  0.897  32.810 0.0000000000
63516  50.744  0.341  33.765 0.0000000000
64426  52.634  1.948  35.506 0.0000000000
111613  52.862  2.624  34.444 0.0000000000
64425  53.033  2.316  35.291 0.0000000000
65289  53.103  2.413  35.120 0.0000000000
61720  41.663  -1.564  29.364 0.0000000000
61737  41.250  -1.236  28.593 0.0000000000
61719  42.524  -1.366  29.506 0.0000000000
60755  43.345  -2.540  32.627 0.0000000000
114108  42.577  -2.512  32.193 0.0000000000
60766  43.353  -2.112  31.936 0.0000000000
61684  44.073  -2.203  32.407 0.0000000000
60720  44.747  -3.164  35.178 0.0000000000
60730  45.131  -2.734  34.344 0.0000000000
60719  45.475  -2.846  35.316 0.0000000000
60718  46.374  -2.539  35.450 0.0000000000
60707  45.793  -2.966  36.259 0.0000000000
57367  40.718  -6.693  35.417 0.0000000000
57366  41.379  -6.370  35.768 0.0000000000
57358  42.729  -6.138  36.779 0.0000000000
58154  42.101  -6.056  36.172 0.0000000000
58153  42.683  -5.616  36.333 0.0000000000
58152  43.324  -5.525  36.841 0.0000000000
58130  45.346  -5.864  38.460 0.0000000000
58140  44.596  -5.856  37.992 0.0000000000
122553  44.503  -5.334  37.635 0.0000000000
58942  44.072  -5.081  37.148 0.0000000000
58941  44.809  -4.730  37.467 0.0000000000
58940  45.636  -4.461  37.797 0.0000000000
53055  33.783  -11.050  34.130 0.0000000000
53054  34.741  -11.343  34.221 0.0000000000
53034  35.156  -11.281  35.054 0.0000000000
54788  33.211  -9.040  37.563 0.0000000000
54800  33.625  -9.550  36.771 0.0000000000
54787  34.241  -9.428  37.407 0.0000000000
54770  35.388  -9.287  38.277 0.0000000000
53862  35.037  -9.816  37.125 0.0000000000
53861  35.767  -9.857  37.435 0.0000000000
53860  36.619  -10.213  37.622 0.0000000000
112092  36.935  -11.094  37.276 0.0000000000
53843  36.956  -9.776  38.290 0.0000000000
54744  37.562  -9.259  40.229 0.0000000000
53830  37.917  -9.796  39.301 0.0000000000
53816  39.122  -9.990  40.322 0.0000000000
47396  33.759  -17.917  42.099 0.0000000000
47411  33.309  -17.727  40.642 0.0000000000
47410  33.798  -17.192  40.996 0.0000000000
48378  34.440  -15.718  40.334 0.0000000000
48379  33.974  -16.249  39.790 0.0000000000
49402  34.330  -15.405  39.493 0.0000000000
49420  34.201  -14.944  38.616 0.0000000000
112958  34.394  -14.012  38.757 0.0000000000
51250  35.140  -13.525  40.492 0.0000000000
51267  34.395  -13.370  39.254 0.0000000000
51251  34.629  -13.067  39.938 0.0000000000
52129  34.994  -12.732  40.670 0.0000000000
44471  36.607  -20.335  50.024 0.0000000000
44481  36.671  -20.390  48.907 0.0000000000
45484  37.015  -19.779  49.600 0.0000000000
46440  37.519  -18.203  47.862 0.0000000000
46441  37.038  -18.793  47.085 0.0000000000
46447  37.282  -18.063  46.967 0.0000000000
47371  36.619  -17.320  45.881 0.0000000000
129021  36.999  -16.868  46.201 0.0000000000
50283  36.956  -14.354  45.165 0.0000000000
50267  37.174  -14.893  45.890 0.0000000000
50268  36.800  -15.172  45.316 0.0000000000
123002  36.510  -15.078  44.671 0.0000000000
50303  36.334  -14.178  43.493 0.0000000000
51207  36.417  -13.416  42.974 0.0000000000
52921  36.270  -11.928  42.705 0.0000000000
52935  35.154  -11.607  41.714 0.0000000000
129372  34.885  -10.780  42.189 0.0000000000
53779  35.335  -9.394  43.902 0.0000000000
54721  34.606  -8.978  43.317 0.0000000000
54710  34.526  -8.211  43.361 0.0000000000
55651  34.294  -7.901  43.048 0.0000000000
55650  34.844  -7.955  43.730 0.0000000000
129190  37.100  -9.556  45.816 0.0000000000
53759  37.640  -9.283  46.432 0.0000000000
55626  36.185  -7.995  45.323 0.0000000000
55649  36.156  -7.654  44.260 0.0000000000
56493  35.792  -7.688  43.514 0.0000000000
110124  36.627  -7.770  43.392 0.0000000000
133403  37.058  -8.214  42.602 0.0000000000
55655  37.603  -8.281  43.066 0.0000000000
129443  49.659  4.560  20.055 0.0000000000
64553  47.105  1.366  23.188 0.0000000000
65396  50.557  1.842  21.328 0.0000000000
65410  50.580  2.495  20.801 0.0000000000
65395  51.330  2.050  20.957 0.0000000000
64569  52.022  1.655  21.137 0.0000000000
62716  52.834  -0.273  22.833 0.0000000000
62715  53.760  -0.563  22.650 0.0000000000
62707  53.460  -0.712  23.385 0.0000000000
62686  51.842  -0.195  25.367 0.0000000000
62685  52.753  -0.433  25.494 0.0000000000
62675  54.236  -0.006  26.110 0.0000000000
62684  53.724  -0.511  25.508 0.0000000000
62683  54.704  -0.168  25.433 0.0000000000
63608  55.736  0.830  25.409 0.0000000000
124365  55.255  4.316  17.454 0.0000000000
44432  23.567  -19.884  52.964 0.0000000000
36443  10.267  -27.785  51.205 0.0000000000
36429  10.186  -27.915  52.998 0.0000000000
36430  9.852  -28.546  53.604 0.0000000000
115301  40.633  -11.837  39.078 0.0000000000
44573  26.895  -20.636  42.060 0.0000000000
44572  27.784  -20.694  42.082 0.0000000000
43514  27.285  -20.860  42.803 0.0000000000
43498  27.732  -21.231  43.534 0.0000000000
43482  27.931  -21.647  44.429 0.0000000000
43486  19.107  -20.728  44.450 0.0000000000
43469  19.055  -20.788  45.171 0.0000000000
130413  18.682  -21.110  44.104 0.0000000000
44594  19.554  -20.250  41.464 0.0000000000
45575  19.967  -19.577  43.312 0.0000000000
44559  19.440  -20.337  43.139 0.0000000000
41342  17.005  -23.723  51.144 0.0000000000
40150  17.183  -24.216  52.866 0.0000000000
40151  17.090  -24.861  53.866 0.0000000000
64489  50.638  1.464  29.217 0.0000000000
119701  49.645  1.861  28.990 0.0000000000
119369  49.464  3.691  29.791 0.0000000000
61637  49.281  -1.379  36.442 0.0000000000
59012  39.026  -4.044  32.096 0.0000000000
54773  30.916  -9.141  38.604 0.0000000000
55700  31.248  -8.812  38.730 0.0000000000
54759  31.852  -9.012  39.854 0.0000000000
54748  32.412  -8.890  40.463 0.0000000000
44525  34.327  -20.114  45.631 0.0000000000
45555  34.304  -19.138  44.785 0.0000000000
44524  35.046  -19.818  45.869 0.0000000000
45525  35.859  -19.440  46.214 0.0000000000
115570  46.788  0.520  25.994 0.0000000000
63611  47.292  0.368  25.279 0.0000000000
63601  47.502  0.478  26.226 0.0000000000
130693  48.219  0.442  26.445 0.0000000000
110788  49.000  0.341  26.266 0.0000000000
63599  49.913  0.325  26.562 0.0000000000
63583  49.199  0.510  27.235 0.0000000000
65407  53.432  2.393  20.006 0.0000000000
110085  53.232  1.949  20.469 0.0000000000
116277  25.480  -21.329  46.943 0.0000000000
44495  25.501  -20.588  48.766 0.0000000000
39094  13.424  -25.750  51.584 0.0000000000
129069  12.878  -25.812  52.043 0.0000000000
39077  12.692  -25.857  52.682 0.0000000000
39064  12.515  -25.835  53.528 0.0000000000
65360  44.665  2.343  28.058 0.0000000000
64478  44.793  2.041  28.949 0.0000000000
62643  44.700  0.002  29.429 0.0000000000
62623  45.896  -0.696  31.006 0.0000000000
61692  45.693  -1.206  31.583 0.0000000000
61682  45.685  -1.624  32.287 0.0000000000
55730  39.562  -8.720  35.592 0.0000000000
54798  40.415  -9.516  36.345 0.0000000000
126220  41.686  -10.199  36.954 0.0000000000
52142  43.638  -12.782  38.892 0.0000000000
34855  6.328  -30.608  50.613 0.0000000000
55740  37.836  -8.974  33.986 0.0000000000
53032  37.524  -11.809  35.316 0.0000000000
52198  38.253  -12.210  36.330 0.0000000000
52186  37.848  -12.122  36.746 0.0000000000
52998  37.730  -11.638  37.436 0.0000000000
44620  30.067  -20.122  39.281 0.0000000000
43511  30.046  -20.840  42.887 0.0000000000
43495  30.513  -20.975  43.444 0.0000000000
43494  30.998  -21.096  43.973 0.0000000000
44541  31.609  -20.786  44.025 0.0000000000
44540  32.290  -20.719  44.546 0.0000000000
43477  32.084  -21.429  45.145 0.0000000000
42468  32.562  -22.267  46.255 0.0000000000
129436  32.864  -23.038  47.404 0.0000000000
42432  27.476  -22.113  48.547 0.0000000000
42453  27.737  -22.275  47.508 0.0000000000
42431  28.599  -22.618  49.173 0.0000000000
42364  31.856  -22.637  52.641 0.0000000000
41338  32.585  -23.267  50.834 0.0000000000
45472  20.693  -19.515  50.663 0.0000000000
45473  20.162  -19.695  50.056 0.0000000000
43424  18.398  -21.333  48.296 0.0000000000
117590  17.906  -21.794  47.966 0.0000000000
42417  17.391  -22.547  49.148 0.0000000000
42439  16.864  -22.993  48.521 0.0000000000
124246  16.440  -23.547  48.733 0.0000000000
41430  15.544  -23.153  43.495 0.0000000000
41419  13.639  -23.956  43.982 0.0000000000
40253  14.142  -24.246  45.765 0.0000000000
40231  14.948  -24.261  47.015 0.0000000000
40232  14.178  -24.568  46.630 0.0000000000
39152  13.747  -25.167  48.089 0.0000000000
130722  13.104  -25.423  48.193 0.0000000000
39175  12.355  -25.670  47.488 0.0000000000
37296  10.179  -27.308  47.747 0.0000000000
37297  9.330  -27.822  47.363 0.0000000000
44624  24.582  -20.399  39.282 0.0000000000
45615  22.255  -18.372  40.793 0.0000000000
45597  22.988  -19.354  40.964 0.0000000000
112576  23.083  -19.548  42.833 0.0000000000
45572  23.394  -19.859  43.517 0.0000000000
45543  22.837  -18.759  44.899 0.0000000000
46451  21.621  -18.347  45.738 0.0000000000
110810  22.301  -19.252  48.659 0.0000000000
45488  21.569  -19.369  49.091 0.0000000000
35654  9.181  -29.334  56.287 0.0000000000
65315  52.766  3.601  30.849 0.0000000000
66168  53.767  3.613  30.952 0.0000000000
128495  53.839  3.706  31.590 0.0000000000
66157  54.115  3.582  32.027 0.0000000000
64433  53.946  2.657  33.488 0.0000000000
64445  54.117  1.964  33.546 0.0000000000
65320  48.448  3.659  30.187 0.0000000000
64448  50.020  1.778  32.170 0.0000000000
63496  51.431  0.481  36.677 0.0000000000
60780  41.189  -2.072  30.193 0.0000000000
59841  41.895  -3.362  33.032 0.0000000000
60756  41.809  -2.990  32.479 0.0000000000
60742  43.419  -2.953  33.408 0.0000000000
60741  44.381  -2.757  33.662 0.0000000000
56525  41.994  -7.764  37.122 0.0000000000
57360  41.699  -6.787  36.428 0.0000000000
56532  42.090  -7.147  36.959 0.0000000000
57353  42.723  -6.802  37.171 0.0000000000
58925  46.180  -4.847  38.423 0.0000000000
131091  33.667  -10.748  34.734 0.0000000000
54758  34.601  -8.787  38.823 0.0000000000
54771  34.433  -9.094  38.192 0.0000000000
54769  36.198  -9.319  38.667 0.0000000000
54756  36.817  -9.393  38.893 0.0000000000
54733  37.691  -8.989  41.237 0.0000000000
48339  34.482  -16.954  42.231 0.0000000000
48349  34.316  -16.705  41.470 0.0000000000
49384  34.866  -15.200  40.844 0.0000000000
50357  34.741  -14.887  40.016 0.0000000000
117600  35.504  -13.910  41.131 0.0000000000
45483  37.343  -19.328  50.240 0.0000000000
46434  37.556  -18.213  49.003 0.0000000000
47358  37.779  -17.463  48.539 0.0000000000
51193  36.969  -13.503  44.583 0.0000000000
51194  36.704  -13.458  43.786 0.0000000000
52064  36.977  -12.824  44.114 0.0000000000
52910  35.980  -11.179  43.063 0.0000000000
53785  35.989  -10.496  43.755 0.0000000000
53778  35.965  -9.568  44.570 0.0000000000
63636  48.405  0.609  23.390 0.0000000000
64552  48.020  1.087  22.828 0.0000000000
64558  50.497  1.260  21.907 0.0000000000
63667  51.142  0.974  22.101 0.0000000000
63666  51.946  1.005  21.825 0.0000000000
63644  51.515  0.533  22.529 0.0000000000
62717  51.999  0.008  23.015 0.0000000000
63596  52.880  -0.009  26.874 0.0000000000
63595  53.853  0.263  26.772 0.0000000000
63594  54.757  0.812  26.545 0.0000000000
63593  55.580  1.372  26.198 0.0000000000
64525  55.334  1.688  26.916 0.0000000000
66257  55.992  3.335  18.246 0.0000000000
66256  57.088  3.255  18.022 0.0000000000
65448  57.685  2.819  18.388 0.0000000000
63661  57.092  0.419  21.635 0.0000000000
126667  57.612  0.912  22.522 0.0000000000
63631  58.035  1.354  23.116 0.0000000000
45485  24.108  -19.682  49.142 0.0000000000
44472  24.692  -20.117  49.946 0.0000000000
38101  10.784  -26.218  51.939 0.0000000000
38087  10.515  -26.274  53.970 0.0000000000
123798  10.387  -26.597  53.311 0.0000000000
38059  10.491  -26.085  56.214 0.0000000000
62653  43.264  0.076  28.593 0.0000000000
61718  43.390  -1.118  29.684 0.0000000000
53013  40.213  -11.729  36.566 0.0000000000
53012  40.979  -11.646  36.815 0.0000000000
52182  41.188  -12.229  37.360 0.0000000000
52966  42.120  -12.293  39.478 0.0000000000
33910  5.371  -31.392  51.481 0.0000000000
33911  4.498  -31.592  51.425 0.0000000000
33900  4.529  -32.109  53.271 0.0000000000
32898  4.244  -32.259  55.926 0.0000000000
53931  36.263  -10.669  33.351 0.0000000000
53052  36.310  -11.508  34.444 0.0000000000
123021  36.042  -11.624  34.936 0.0000000000
44571  28.696  -20.816  42.282 0.0000000000
43512  29.318  -20.993  42.970 0.0000000000
43496  29.835  -21.231  43.542 0.0000000000
44498  19.053  -20.794  46.960 0.0000000000
43470  18.613  -21.195  45.620 0.0000000000
43452  18.469  -21.315  46.359 0.0000000000
43453  17.776  -21.876  46.553 0.0000000000
40275  12.804  -24.397  43.977 0.0000000000
128795  12.177  -25.125  45.336 0.0000000000
39211  11.507  -25.561  45.177 0.0000000000
122547  20.795  -17.725  41.536 0.0000000000
46491  21.000  -17.803  42.773 0.0000000000
113454  20.821  -18.297  43.914 0.0000000000
45559  20.796  -18.559  44.702 0.0000000000
45560  20.317  -19.159  44.075 0.0000000000
45545  20.903  -18.697  45.524 0.0000000000
64486  53.668  1.834  28.792 0.0000000000
65329  52.516  3.079  30.361 0.0000000000
64474  51.120  2.357  29.778 0.0000000000
65330  51.443  3.250  30.220 0.0000000000
66169  52.059  3.960  31.207 0.0000000000
66158  52.517  3.882  31.879 0.0000000000
63526  48.912  0.239  32.034 0.0000000000
62609  49.272  -0.279  32.762 0.0000000000
127883  50.310  -0.322  34.341 0.0000000000
62589  50.516  -0.357  35.531 0.0000000000
118155  39.532  -2.564  30.472 0.0000000000
60769  40.506  -2.876  31.482 0.0000000000
59843  40.569  -3.697  32.510 0.0000000000
59842  41.267  -3.513  32.768 0.0000000000
59831  41.622  -3.865  33.361 0.0000000000
54767  45.063  -9.629  38.399 0.0000000000
55696  44.539  -8.815  38.287 0.0000000000
110690  32.798  -9.203  37.006 0.0000000000
132253  32.167  -8.473  38.940 0.0000000000
54772  32.672  -8.581  38.481 0.0000000000
55698  33.564  -8.519  38.941 0.0000000000
55673  34.740  -7.898  40.743 0.0000000000
46489  32.777  -19.007  42.135 0.0000000000
46513  33.104  -18.207  41.050 0.0000000000
46488  33.422  -18.521  42.512 0.0000000000
46487  34.031  -18.001  42.939 0.0000000000
126808  34.609  -18.378  44.318 0.0000000000
127818  34.554  -17.328  42.922 0.0000000000
48327  35.050  -17.087  43.546 0.0000000000
48317  35.557  -16.817  44.215 0.0000000000
64554  46.212  1.193  23.767 0.0000000000
63638  46.786  0.729  23.953 0.0000000000
126874  48.016  0.414  23.993 0.0000000000
126721  48.747  0.346  24.130 0.0000000000
127219  49.691  0.272  24.286 0.0000000000
62697  50.622  0.114  24.413 0.0000000000
62678  51.373  0.044  26.027 0.0000000000
110507  50.844  0.252  26.848 0.0000000000
63597  51.859  0.077  26.829 0.0000000000
63580  52.491  0.347  27.593 0.0000000000
67048  54.519  4.111  17.925 0.0000000000
66235  53.994  3.584  18.648 0.0000000000
66258  54.963  3.447  18.429 0.0000000000
64604  56.908  1.655  19.560 0.0000000000
64587  56.479  1.060  20.130 0.0000000000
63680  55.973  0.464  20.599 0.0000000000
118657  56.367  0.095  21.157 0.0000000000
43484  25.680  -21.328  44.360 0.0000000000
114177  26.344  -21.621  44.844 0.0000000000
43467  25.493  -21.557  45.217 0.0000000000
43434  26.265  -21.580  47.603 0.0000000000
42433  27.019  -21.935  47.876 0.0000000000
127260  27.262  -22.043  49.222 0.0000000000
42411  27.416  -22.305  49.748 0.0000000000
43399  25.869  -21.141  50.448 0.0000000000
43383  26.325  -21.755  50.961 0.0000000000
39091  15.817  -25.414  52.072 0.0000000000
110586  15.105  -25.906  53.424 0.0000000000
39065  11.683  -25.865  52.869 0.0000000000
64491  47.746  2.587  28.484 0.0000000000
65334  47.267  3.109  29.603 0.0000000000
65321  47.103  2.975  30.049 0.0000000000
64465  47.402  1.900  30.557 0.0000000000
63536  47.776  0.763  31.104 0.0000000000
63554  45.297  0.785  29.617 0.0000000000
63553  45.857  1.401  29.838 0.0000000000
63544  46.974  0.775  30.627 0.0000000000
62620  48.141  -0.039  31.685 0.0000000000
61670  47.890  -1.146  32.896 0.0000000000
61680  47.094  -1.300  32.535 0.0000000000
111909  48.051  -1.453  33.740 0.0000000000
60717  47.163  -2.310  36.050 0.0000000000
57387  39.480  -6.331  33.730 0.0000000000
58186  40.142  -5.985  34.058 0.0000000000
56533  41.444  -7.583  36.693 0.0000000000
55711  42.343  -8.338  37.362 0.0000000000
118390  43.256  -9.150  37.675 0.0000000000
52997  41.703  -11.735  37.196 0.0000000000
53858  42.089  -11.012  37.132 0.0000000000
53857  42.764  -10.914  37.370 0.0000000000
52995  43.190  -11.701  37.658 0.0000000000
53856  43.473  -10.739  37.611 0.0000000000
53855  44.151  -10.561  37.894 0.0000000000
54768  44.337  -9.687  38.076 0.0000000000
53840  45.466  -10.471  38.604 0.0000000000
44459  36.185  -20.416  51.721 0.0000000000
64548  45.450  1.027  24.828 0.0000000000
63613  45.712  0.824  25.434 0.0000000000
63602  46.102  0.776  26.118 0.0000000000
67033  51.351  4.265  19.242 0.0000000000
35687  8.551  -29.526  50.666 0.0000000000
35673  9.342  -29.271  52.079 0.0000000000
35680  8.587  -29.629  51.522 0.0000000000
35674  8.567  -29.662  52.450 0.0000000000
35668  8.525  -29.666  53.494 0.0000000000
35675  7.731  -29.970  52.774 0.0000000000
35662  8.701  -29.634  54.453 0.0000000000
35658  8.564  -29.728  55.439 0.0000000000
33905  5.777  -31.263  52.338 0.0000000000
34836  6.151  -31.007  53.248 0.0000000000
34831  6.861  -30.315  55.119 0.0000000000
116476  7.226  -30.124  56.664 0.0000000000
118467  7.131  -29.949  57.650 0.0000000000
59857  38.389  -3.547  31.645 0.0000000000
59000  38.968  -4.657  32.343 0.0000000000
56549  38.857  -7.831  34.296 0.0000000000
55738  39.183  -8.236  34.950 0.0000000000
54855  36.996  -8.892  32.788 0.0000000000
54827  37.967  -9.634  34.462 0.0000000000
53913  37.396  -10.570  34.332 0.0000000000
53896  38.683  -10.541  35.336 0.0000000000
53895  39.364  -10.627  35.761 0.0000000000
52196  40.464  -12.265  36.983 0.0000000000
115710  40.046  -12.409  37.165 0.0000000000
111774  39.986  -12.348  37.771 0.0000000000
52983  39.941  -11.927  38.598 0.0000000000
127510  39.906  -11.299  39.308 0.0000000000
114034  39.995  -10.341  40.410 0.0000000000
45627  31.682  -19.018  39.303 0.0000000000
45611  32.212  -18.978  40.515 0.0000000000
126230  28.802  -20.499  39.682 0.0000000000
127231  29.522  -20.395  39.795 0.0000000000
44603  30.139  -20.277  40.062 0.0000000000
44569  30.366  -20.581  42.241 0.0000000000
44602  30.401  -20.321  40.799 0.0000000000
45613  30.770  -20.015  40.171 0.0000000000
45612  31.860  -19.534  41.042 0.0000000000
45583  32.364  -19.602  42.566 0.0000000000
45556  33.594  -19.690  44.609 0.0000000000
44527  32.862  -20.933  45.206 0.0000000000
44539  33.065  -20.354  44.780 0.0000000000
44526  33.604  -20.374  45.312 0.0000000000
43447  34.243  -21.251  46.563 0.0000000000
43433  34.674  -21.666  47.272 0.0000000000
42425  35.176  -22.049  48.290 0.0000000000
43465  27.294  -21.868  45.237 0.0000000000
42472  28.404  -22.416  46.614 0.0000000000
42489  28.609  -22.269  45.768 0.0000000000
123406  29.227  -22.457  46.114 0.0000000000
115877  30.885  -22.792  46.600 0.0000000000
42408  30.034  -23.184  49.726 0.0000000000
131244  29.976  -23.135  49.163 0.0000000000
42449  31.406  -23.086  47.312 0.0000000000
41374  33.076  -23.300  48.160 0.0000000000
41346  32.939  -23.454  50.045 0.0000000000
41360  33.460  -23.380  49.119 0.0000000000
42427  33.911  -22.964  48.301 0.0000000000
41344  34.341  -22.941  49.260 0.0000000000
42404  35.044  -22.352  49.355 0.0000000000
42383  35.307  -21.697  50.386 0.0000000000
45446  21.578  -19.527  53.094 0.0000000000
45447  20.801  -19.552  52.950 0.0000000000
44448  19.986  -19.720  52.439 0.0000000000
44463  20.116  -19.650  51.401 0.0000000000
44449  19.283  -20.255  52.464 0.0000000000
128852  19.370  -20.407  48.366 0.0000000000
44474  18.949  -20.650  49.598 0.0000000000
128459  18.316  -21.596  51.524 0.0000000000
40173  16.305  -24.446  50.841 0.0000000000
40174  15.605  -24.829  50.307 0.0000000000
43504  17.812  -21.776  43.356 0.0000000000
115199  17.335  -22.110  44.162 0.0000000000
42500  17.008  -22.360  44.971 0.0000000000
115548  16.509  -22.727  45.461 0.0000000000
42493  16.605  -22.782  46.247 0.0000000000
41443  14.991  -23.423  43.017 0.0000000000
120985  15.093  -23.384  43.936 0.0000000000
41418  14.502  -23.674  44.437 0.0000000000
41417  15.258  -23.428  44.769 0.0000000000
41406  16.037  -23.137  45.817 0.0000000000
41393  16.178  -23.185  46.462 0.0000000000
41380  16.212  -23.447  47.589 0.0000000000
41367  15.920  -23.944  48.175 0.0000000000
39111  15.159  -25.278  50.634 0.0000000000
39112  14.517  -25.434  50.481 0.0000000000
127920  13.574  -25.415  49.510 0.0000000000
121405  13.117  -25.593  50.807 0.0000000000
39114  12.197  -25.633  50.721 0.0000000000
39115  11.514  -25.792  50.803 0.0000000000
39176  11.819  -25.995  47.885 0.0000000000
38192  11.041  -26.365  46.748 0.0000000000
38179  11.275  -26.377  47.522 0.0000000000
39154  11.697  -26.067  48.723 0.0000000000
38153  11.315  -26.197  49.639 0.0000000000
38138  11.159  -26.043  50.568 0.0000000000
38139  10.837  -26.609  50.269 0.0000000000
113451  10.557  -27.156  49.952 0.0000000000
37264  10.205  -27.719  49.929 0.0000000000
36454  9.728  -28.411  49.971 0.0000000000
35694  8.413  -29.403  49.827 0.0000000000
111122  7.910  -29.740  50.263 0.0000000000
34861  7.120  -30.140  50.206 0.0000000000
34871  5.733  -30.130  48.816 0.0000000000
34862  6.099  -30.439  49.668 0.0000000000
128775  26.724  -20.548  39.804 0.0000000000
44607  26.662  -20.553  40.505 0.0000000000
117314  26.035  -20.527  39.899 0.0000000000
44590  26.393  -20.570  41.301 0.0000000000
44574  25.958  -20.612  42.076 0.0000000000
130134  25.400  -20.732  42.883 0.0000000000
44593  23.720  -20.148  41.039 0.0000000000
43501  25.140  -20.998  43.808 0.0000000000
44543  23.729  -20.213  44.198 0.0000000000
44528  24.247  -20.523  45.870 0.0000000000
44511  24.362  -20.125  46.715 0.0000000000
124675  24.386  -19.754  47.410 0.0000000000
45512  24.043  -19.357  47.779 0.0000000000
46470  21.622  -18.182  44.444 0.0000000000
45544  22.167  -18.211  45.080 0.0000000000
128717  22.652  -18.494  45.670 0.0000000000
111671  23.109  -18.784  46.869 0.0000000000
45487  22.658  -19.356  49.426 0.0000000000
39074  16.319  -25.397  53.168 0.0000000000
37212  9.749  -27.548  55.153 0.0000000000
36422  9.597  -28.567  55.636 0.0000000000
37194  9.903  -26.428  56.637 0.0000000000
65345  54.319  2.765  29.301 0.0000000000
65332  48.903  3.739  29.727 0.0000000000
66171  49.449  3.914  30.073 0.0000000000
65319  49.140  3.874  30.410 0.0000000000
66161  49.877  3.956  30.570 0.0000000000
65318  50.124  3.889  30.339 0.0000000000
66150  52.104  3.810  32.200 0.0000000000
63525  49.669  0.609  32.381 0.0000000000
64447  50.981  2.047  32.609 0.0000000000
63515  51.693  1.114  34.613 0.0000000000
64446  52.013  2.394  33.295 0.0000000000
65295  52.748  3.261  33.258 0.0000000000
130793  53.250  3.249  33.496 0.0000000000
62655  41.650  -0.596  28.202 0.0000000000
60779  41.950  -2.129  30.860 0.0000000000
110898  41.819  -2.556  31.751 0.0000000000
61695  43.462  -1.744  31.195 0.0000000000
117998  44.132  -1.471  31.118 0.0000000000
61683  44.876  -1.824  32.256 0.0000000000
60753  45.449  -2.034  32.952 0.0000000000
114050  45.140  -2.460  33.508 0.0000000000
60740  45.919  -2.302  33.744 0.0000000000
60705  47.348  -2.535  37.040 0.0000000000
58185  40.771  -5.651  34.396 0.0000000000
58184  41.412  -5.369  34.727 0.0000000000
58169  41.711  -5.693  35.437 0.0000000000
58973  42.047  -5.095  35.077 0.0000000000
58972  42.667  -4.777  35.470 0.0000000000
58971  43.310  -4.454  35.867 0.0000000000
57351  44.029  -6.473  37.867 0.0000000000
57344  44.775  -6.479  38.345 0.0000000000
58958  43.648  -4.748  36.527 0.0000000000
59796  43.994  -4.142  36.219 0.0000000000
59795  44.697  -3.829  36.515 0.0000000000
59794  45.443  -3.521  36.814 0.0000000000
59783  45.967  -3.832  37.474 0.0000000000
60697  46.889  -2.986  37.320 0.0000000000
53065  35.177  -11.369  33.661 0.0000000000
53897  34.446  -10.575  35.627 0.0000000000
53879  34.588  -10.046  36.501 0.0000000000
53019  35.274  -10.815  35.937 0.0000000000
53018  36.093  -11.198  36.260 0.0000000000
133185  36.652  -11.346  36.723 0.0000000000
52985  38.037  -11.055  38.208 0.0000000000
53831  37.324  -9.667  38.862 0.0000000000
53842  37.674  -10.202  38.551 0.0000000000
52968  38.374  -10.600  38.846 0.0000000000
53829  38.753  -10.300  39.553 0.0000000000
47421  33.050  -17.470  39.373 0.0000000000
48363  34.124  -16.511  40.641 0.0000000000
51281  33.989  -13.258  38.604 0.0000000000
50372  34.796  -13.960  39.706 0.0000000000
52969  33.678  -11.630  39.861 0.0000000000
43431  36.207  -20.956  48.186 0.0000000000
44493  36.563  -20.269  47.851 0.0000000000
45524  36.505  -19.352  46.783 0.0000000000
45510  37.282  -18.947  48.234 0.0000000000
116350  36.444  -18.894  46.377 0.0000000000
46458  36.128  -17.834  45.541 0.0000000000
48316  36.085  -16.594  44.887 0.0000000000
49324  35.982  -15.855  44.252 0.0000000000
114341  37.552  -16.858  46.854 0.0000000000
49300  37.524  -15.436  46.525 0.0000000000
48295  37.223  -16.230  46.307 0.0000000000
49312  36.476  -15.811  45.087 0.0000000000
50304  35.976  -14.769  43.249 0.0000000000
50322  36.031  -14.199  42.756 0.0000000000
130979  35.756  -13.543  41.635 0.0000000000
52097  36.261  -12.705  42.437 0.0000000000
52116  35.870  -12.896  41.749 0.0000000000
52117  35.389  -12.430  41.354 0.0000000000
52951  34.690  -11.887  41.025 0.0000000000
52952  33.992  -11.284  40.641 0.0000000000
52953  33.265  -10.621  40.297 0.0000000000
53818  33.573  -10.329  40.964 0.0000000000
53806  33.423  -9.326  41.570 0.0000000000
132635  33.233  -8.499  41.674 0.0000000000
54735  33.565  -8.479  42.134 0.0000000000
55665  33.320  -7.976  41.666 0.0000000000
55659  33.843  -7.887  42.326 0.0000000000
56495  34.532  -7.738  42.453 0.0000000000
53768  36.564  -9.578  45.211 0.0000000000
54698  35.992  -8.601  45.154 0.0000000000
55639  35.335  -8.036  44.424 0.0000000000
129651  35.200  -7.796  43.530 0.0000000000
56494  35.273  -7.691  42.950 0.0000000000
119874  36.011  -8.087  41.640 0.0000000000
55656  36.928  -8.484  41.840 0.0000000000
54719  38.629  -8.880  42.548 0.0000000000
54732  38.469  -9.207  41.582 0.0000000000
113849  50.458  4.453  19.557 0.0000000000
66239  51.064  3.782  19.723 0.0000000000
66229  50.639  3.306  20.292 0.0000000000
66228  51.519  3.274  20.006 0.0000000000
64590  52.143  2.290  20.597 0.0000000000
64589  52.694  1.825  20.747 0.0000000000
63665  52.813  0.764  21.657 0.0000000000
62731  54.123  -0.281  21.927 0.0000000000
62714  54.753  -0.751  22.520 0.0000000000
62705  55.438  -0.788  23.286 0.0000000000
62696  51.546  -0.143  24.530 0.0000000000
62695  52.392  -0.434  24.284 0.0000000000
62694  53.274  -0.749  24.129 0.0000000000
123398  53.102  -0.631  24.857 0.0000000000
129637  54.077  -0.944  23.931 0.0000000000
110995  54.983  -0.916  24.046 0.0000000000
62693  55.861  -0.305  23.905 0.0000000000
63621  56.277  0.679  24.569 0.0000000000
64534  56.469  1.795  25.875 0.0000000000
41394  15.629  -23.501  46.247 0.0000000000
42366  30.252  -23.386  51.054 0.0000000000
42389  27.590  -22.595  50.196 0.0000000000
42407  30.883  -23.291  49.957 0.0000000000
42470  30.534  -22.557  46.032 0.0000000000
42487  30.639  -22.281  45.512 0.0000000000
44507  36.205  -19.954  46.955 0.0000000000
44509  34.647  -20.524  46.211 0.0000000000
45497  37.001  -19.689  48.567 0.0000000000
45584  31.792  -19.937  42.272 0.0000000000
46500  33.227  -18.376  41.714 0.0000000000
46528  32.174  -18.427  39.246 0.0000000000
47370  37.141  -17.472  46.533 0.0000000000
47403  34.027  -17.349  41.749 0.0000000000
50340  35.293  -14.721  41.331 0.0000000000
52063  37.245  -12.674  44.776 0.0000000000
52147  33.379  -11.845  39.147 0.0000000000
52898  37.263  -11.344  44.772 0.0000000000
53898  33.537  -10.388  35.350 0.0000000000
54699  35.515  -8.585  44.545 0.0000000000
54760  31.430  -9.121  39.166 0.0000000000
55658  35.355  -7.706  42.270 0.0000000000
55676  32.685  -8.285  40.579 0.0000000000
55721  40.053  -8.873  36.102 0.0000000000
56482  35.462  -7.848  44.136 0.0000000000
56534  40.743  -7.834  36.309 0.0000000000
64434  53.796  2.245  34.218 0.0000000000
65307  54.572  2.779  31.858 0.0000000000
110290  35.304  -15.867  42.779 0.0000000000
117650  42.952  -12.550  38.342 0.0000000000
124504  35.725  -8.094  44.917 0.0000000000
128096  36.224  -17.138  45.337 0.0000000000
132046  29.182  -20.501  40.162 0.0000000000
132153  37.154  -8.893  46.071 0.0000000000
